0.000000000000000000e+00
8.529223568155321067e-02
8.523362415186828966e-02
8.493304172465392099e-02
8.518234469046535862e-02
8.485852350946859746e-02
8.443130490259274923e-02
8.426390969579911072e-02
8.446803472717101524e-02
8.455262583485018135e-02
8.288024721542436302e-02
8.296935215943633535e-02
8.214153566003441764e-02
8.226987912136356218e-02
8.226987912136356218e-02
8.445687865166963404e-02
8.527087973423147504e-02
8.481683172450880936e-02
8.401571914672696650e-02
8.422170777854880164e-02
8.577560941404967221e-02
8.657656272435486355e-02
8.622937530154654862e-02
8.640693044611057194e-02
8.598374391961520480e-02
8.496014661198929285e-02
8.496014661198929285e-02
8.530668692736996517e-02
8.460895439356468095e-02
8.433881412172285208e-02
8.435620915051006419e-02
8.435620915051006419e-02
8.464240400468603376e-02
8.459124510710362699e-02
8.423612907505199920e-02
8.423612907505199920e-02
8.423612907505199920e-02
8.436659118187446460e-02
8.440249670998345444e-02
8.450237477283044363e-02
8.448824332684239102e-02
8.483714774853089169e-02
8.483714774853089169e-02
8.490725448638312967e-02
8.525129950577527149e-02
8.525129950577527149e-02
8.535480173848279672e-02
8.548377644048993362e-02
8.548377644048993362e-02
8.548377644048993362e-02
8.548377644048993362e-02
8.548377644048993362e-02
8.548377644048993362e-02
8.492379237698426120e-02
8.525105087499586232e-02
8.525105087499586232e-02
8.503963981980840192e-02
8.503963981980840192e-02
8.503963981980840192e-02
8.503963981980840192e-02
8.503963981980840192e-02
8.503963981980840192e-02
8.510405510634205806e-02
8.510405510634205806e-02
8.510405510634205806e-02
8.510405510634205806e-02
8.510405510634205806e-02
8.510405510634205806e-02
8.447685960760469015e-02
8.447685960760469015e-02
8.455862544918134327e-02
8.455862544918134327e-02
8.455862544918134327e-02
8.455862544918134327e-02
8.455862544918134327e-02
8.455862544918134327e-02
8.455862544918134327e-02
8.455862544918134327e-02
8.455862544918134327e-02
8.455862544918134327e-02
8.455862544918134327e-02
8.455862544918134327e-02
8.455862544918134327e-02
8.455862544918134327e-02
8.455862544918134327e-02
8.455862544918134327e-02
8.455862544918134327e-02
8.455862544918134327e-02
8.420120902449072797e-02
8.420120902449072797e-02
8.420120902449072797e-02
8.420120902449072797e-02
8.420120902449072797e-02
8.420120902449072797e-02
8.420120902449072797e-02
8.420120902449072797e-02
8.420120902449072797e-02
8.420120902449072797e-02
8.420120902449072797e-02
8.420120902449072797e-02
8.420120902449072797e-02
8.408868759581249186e-02
8.408868759581249186e-02
8.408868759581249186e-02
8.408868759581249186e-02
8.408868759581249186e-02
8.408868759581249186e-02
8.408868759581249186e-02
8.408868759581249186e-02
8.408868759581249186e-02
8.408868759581249186e-02
8.408868759581249186e-02
8.408868759581249186e-02
8.408868759581249186e-02
8.408868759581249186e-02
8.408868759581249186e-02
8.408868759581249186e-02
8.408868759581249186e-02
8.408868759581249186e-02
8.408868759581249186e-02
8.408868759581249186e-02
8.408868759581249186e-02
8.408868759581249186e-02
8.408868759581249186e-02
8.408868759581249186e-02
8.408868759581249186e-02
8.408868759581249186e-02
8.408868759581249186e-02
8.408868759581249186e-02
8.408868759581249186e-02
8.408868759581249186e-02
8.408868759581249186e-02
8.408868759581249186e-02
8.408868759581249186e-02
8.408868759581249186e-02
8.408868759581249186e-02
8.408868759581249186e-02
8.408868759581249186e-02
8.408868759581249186e-02
8.408868759581249186e-02
8.408868759581249186e-02
8.408868759581249186e-02
8.408868759581249186e-02
8.408868759581249186e-02
8.408868759581249186e-02
8.408868759581249186e-02
8.408868759581249186e-02
8.408868759581249186e-02
8.408868759581249186e-02
8.408868759581249186e-02
8.408868759581249186e-02
8.408868759581249186e-02
8.408868759581249186e-02
8.408868759581249186e-02
8.408868759581249186e-02
8.408868759581249186e-02
8.408868759581249186e-02
8.408868759581249186e-02
8.408868759581249186e-02
8.408868759581249186e-02
8.408868759581249186e-02
8.408868759581249186e-02
8.408868759581249186e-02
8.408868759581249186e-02
8.408868759581249186e-02
8.408868759581249186e-02
8.408868759581249186e-02
8.408868759581249186e-02
8.408868759581249186e-02
8.408868759581249186e-02
8.408868759581249186e-02
8.408868759581249186e-02
8.408868759581249186e-02
8.408868759581249186e-02
8.408868759581249186e-02
8.408868759581249186e-02
8.408868759581249186e-02
8.408868759581249186e-02
8.408868759581249186e-02
8.408868759581249186e-02
8.408868759581249186e-02
8.408868759581249186e-02
8.408868759581249186e-02
8.408868759581249186e-02
8.408868759581249186e-02
8.408868759581249186e-02
8.408868759581249186e-02
8.408868759581249186e-02
8.408868759581249186e-02
8.408868759581249186e-02
8.408868759581249186e-02
8.408868759581249186e-02
8.408868759581249186e-02
8.408868759581249186e-02
8.408868759581249186e-02
8.408868759581249186e-02
8.408868759581249186e-02
8.408868759581249186e-02
8.408868759581249186e-02
8.408868759581249186e-02
8.408868759581249186e-02
8.408868759581249186e-02
8.408868759581249186e-02
8.408868759581249186e-02
8.408868759581249186e-02
8.408868759581249186e-02
8.408868759581249186e-02
8.408868759581249186e-02
8.408868759581249186e-02
8.408868759581249186e-02
8.408868759581249186e-02
8.408868759581249186e-02
8.408868759581249186e-02
8.408868759581249186e-02
8.408868759581249186e-02
8.408868759581249186e-02
8.408868759581249186e-02
8.408868759581249186e-02
8.408868759581249186e-02
8.408868759581249186e-02
8.408868759581249186e-02
8.408868759581249186e-02
8.408868759581249186e-02
8.408868759581249186e-02
8.408868759581249186e-02
8.408868759581249186e-02
8.408868759581249186e-02
8.408868759581249186e-02
8.408868759581249186e-02
8.408868759581249186e-02
8.408868759581249186e-02
8.408868759581249186e-02
8.408868759581249186e-02
8.408868759581249186e-02
8.408868759581249186e-02
8.408868759581249186e-02
8.408868759581249186e-02
8.408868759581249186e-02
8.408868759581249186e-02
8.408868759581249186e-02
8.408868759581249186e-02
8.408868759581249186e-02
8.408868759581249186e-02
8.408868759581249186e-02
8.408868759581249186e-02
8.408868759581249186e-02
8.408868759581249186e-02
8.408868759581249186e-02
8.408868759581249186e-02
8.408868759581249186e-02
8.408868759581249186e-02
8.408868759581249186e-02
8.408868759581249186e-02
8.408868759581249186e-02
8.408868759581249186e-02
8.408868759581249186e-02
8.408868759581249186e-02
8.408868759581249186e-02
8.408868759581249186e-02
8.408868759581249186e-02
8.408868759581249186e-02
8.408868759581249186e-02
8.408868759581249186e-02
8.408868759581249186e-02
8.408868759581249186e-02
8.408868759581249186e-02
8.408868759581249186e-02
8.408868759581249186e-02
8.408868759581249186e-02
8.408868759581249186e-02
8.408868759581249186e-02
8.408868759581249186e-02
8.408868759581249186e-02
8.408868759581249186e-02
8.408868759581249186e-02
8.408868759581249186e-02
8.408868759581249186e-02
8.408868759581249186e-02
8.408868759581249186e-02
8.408868759581249186e-02
8.408868759581249186e-02
8.408868759581249186e-02
8.408868759581249186e-02
8.408868759581249186e-02
8.408868759581249186e-02
8.408868759581249186e-02
8.408868759581249186e-02
8.408868759581249186e-02
8.408868759581249186e-02
8.408868759581249186e-02
8.408868759581249186e-02
8.408868759581249186e-02
8.408868759581249186e-02
8.408868759581249186e-02
8.408868759581249186e-02
8.408868759581249186e-02
8.408868759581249186e-02
8.408868759581249186e-02
8.408868759581249186e-02
8.408868759581249186e-02
8.408868759581249186e-02
8.408868759581249186e-02
8.408868759581249186e-02
8.408868759581249186e-02
8.408868759581249186e-02
8.408868759581249186e-02
8.408868759581249186e-02
8.408868759581249186e-02
8.408868759581249186e-02
8.408868759581249186e-02
8.408868759581249186e-02
8.408868759581249186e-02
8.408868759581249186e-02
8.408868759581249186e-02
8.408868759581249186e-02
8.408868759581249186e-02
8.408868759581249186e-02
8.408868759581249186e-02
8.408868759581249186e-02
8.408868759581249186e-02
8.408868759581249186e-02
8.408868759581249186e-02
8.408868759581249186e-02
8.408868759581249186e-02
8.408868759581249186e-02
8.408868759581249186e-02
8.408868759581249186e-02
8.408868759581249186e-02
8.408868759581249186e-02
8.408868759581249186e-02
8.408868759581249186e-02
8.408868759581249186e-02
8.408868759581249186e-02
8.408868759581249186e-02
8.408868759581249186e-02
8.408868759581249186e-02
8.408868759581249186e-02
8.408868759581249186e-02
8.408868759581249186e-02
8.408868759581249186e-02
8.408868759581249186e-02
8.408868759581249186e-02
8.408868759581249186e-02
8.408868759581249186e-02
8.408868759581249186e-02
8.408868759581249186e-02
8.408868759581249186e-02
8.408868759581249186e-02
8.408868759581249186e-02
8.408868759581249186e-02
8.408868759581249186e-02
8.408868759581249186e-02
8.408868759581249186e-02
8.408868759581249186e-02
8.408868759581249186e-02
8.408868759581249186e-02
8.408868759581249186e-02
8.408868759581249186e-02
8.408868759581249186e-02
8.408868759581249186e-02
8.408868759581249186e-02
8.408868759581249186e-02
8.408868759581249186e-02
8.408868759581249186e-02
8.408868759581249186e-02
8.408868759581249186e-02
8.408868759581249186e-02
8.408868759581249186e-02
8.408868759581249186e-02
8.408868759581249186e-02
8.408868759581249186e-02
8.408868759581249186e-02
8.408868759581249186e-02
8.408868759581249186e-02
8.408868759581249186e-02
8.408868759581249186e-02
8.408868759581249186e-02
8.408868759581249186e-02
8.408868759581249186e-02
8.408868759581249186e-02
8.408868759581249186e-02
8.408868759581249186e-02
8.408868759581249186e-02
8.408868759581249186e-02
8.408868759581249186e-02
8.408868759581249186e-02
8.408868759581249186e-02
8.408868759581249186e-02
8.408868759581249186e-02
8.408868759581249186e-02
8.408868759581249186e-02
8.408868759581249186e-02
8.408868759581249186e-02
8.408868759581249186e-02
8.408868759581249186e-02
8.408868759581249186e-02
8.408868759581249186e-02
8.408868759581249186e-02
8.408868759581249186e-02
8.408868759581249186e-02
8.408868759581249186e-02
8.408868759581249186e-02
8.408868759581249186e-02
8.408868759581249186e-02
8.408868759581249186e-02
8.408868759581249186e-02
8.408868759581249186e-02
8.408868759581249186e-02
8.408868759581249186e-02
8.408868759581249186e-02
8.408868759581249186e-02
8.408868759581249186e-02
8.408868759581249186e-02
8.408868759581249186e-02
8.408868759581249186e-02
8.408868759581249186e-02
8.408868759581249186e-02
8.408868759581249186e-02
8.408868759581249186e-02
8.408868759581249186e-02
8.408868759581249186e-02
8.408868759581249186e-02
8.408868759581249186e-02
8.408868759581249186e-02
8.408868759581249186e-02
8.408868759581249186e-02
8.408868759581249186e-02
8.408868759581249186e-02
8.408868759581249186e-02
8.408868759581249186e-02
8.408868759581249186e-02
8.408868759581249186e-02
8.408868759581249186e-02
8.408868759581249186e-02
8.408868759581249186e-02
8.408868759581249186e-02
8.408868759581249186e-02
8.408868759581249186e-02
8.408868759581249186e-02
8.408868759581249186e-02
8.408868759581249186e-02
8.408868759581249186e-02
8.408868759581249186e-02
8.408868759581249186e-02
8.408868759581249186e-02
8.408868759581249186e-02
8.408868759581249186e-02
8.408868759581249186e-02
8.408868759581249186e-02
8.408868759581249186e-02
8.408868759581249186e-02
8.408868759581249186e-02
8.408868759581249186e-02
8.408868759581249186e-02
8.408868759581249186e-02
8.408868759581249186e-02
8.408868759581249186e-02
8.408868759581249186e-02
8.408868759581249186e-02
8.408868759581249186e-02
8.408868759581249186e-02
8.408868759581249186e-02
8.408868759581249186e-02
8.408868759581249186e-02
8.408868759581249186e-02
8.408868759581249186e-02
8.408868759581249186e-02
8.408868759581249186e-02
8.408868759581249186e-02
8.408868759581249186e-02
8.408868759581249186e-02
8.408868759581249186e-02
8.408868759581249186e-02
8.408868759581249186e-02
8.408868759581249186e-02
8.408868759581249186e-02
8.408868759581249186e-02
8.408868759581249186e-02
8.408868759581249186e-02
8.408868759581249186e-02
8.408868759581249186e-02
8.408868759581249186e-02
8.408868759581249186e-02
8.408868759581249186e-02
8.408868759581249186e-02
8.408868759581249186e-02
8.408868759581249186e-02
8.408868759581249186e-02
8.408868759581249186e-02
8.408868759581249186e-02
8.408868759581249186e-02
8.408868759581249186e-02
8.408868759581249186e-02
8.408868759581249186e-02
8.408868759581249186e-02
8.408868759581249186e-02
8.408868759581249186e-02
8.408868759581249186e-02
8.408868759581249186e-02
8.408868759581249186e-02
8.408868759581249186e-02
8.408868759581249186e-02
8.408868759581249186e-02
8.408868759581249186e-02
8.408868759581249186e-02
8.408868759581249186e-02
8.408868759581249186e-02
8.408868759581249186e-02
8.408868759581249186e-02
8.408868759581249186e-02
8.408868759581249186e-02
8.408868759581249186e-02
8.408868759581249186e-02
8.408868759581249186e-02
8.408868759581249186e-02
8.408868759581249186e-02
8.408868759581249186e-02
8.408868759581249186e-02
8.408868759581249186e-02
8.408868759581249186e-02
8.408868759581249186e-02
8.408868759581249186e-02
8.408868759581249186e-02
8.408868759581249186e-02
8.408868759581249186e-02
8.408868759581249186e-02
8.408868759581249186e-02
8.408868759581249186e-02
8.408868759581249186e-02
8.408868759581249186e-02
8.408868759581249186e-02
8.408868759581249186e-02
8.408868759581249186e-02
8.408868759581249186e-02
8.408868759581249186e-02
8.408868759581249186e-02
8.408868759581249186e-02
8.408868759581249186e-02
8.408868759581249186e-02
8.408868759581249186e-02
8.408868759581249186e-02
8.408868759581249186e-02
8.408868759581249186e-02
8.408868759581249186e-02
8.408868759581249186e-02
8.408868759581249186e-02
8.408868759581249186e-02
8.408868759581249186e-02
8.408868759581249186e-02
8.408868759581249186e-02
8.408868759581249186e-02
8.408868759581249186e-02
8.408868759581249186e-02
8.408868759581249186e-02
8.408868759581249186e-02
8.408868759581249186e-02
8.408868759581249186e-02
8.408868759581249186e-02
8.408868759581249186e-02
8.408868759581249186e-02
8.408868759581249186e-02
8.408868759581249186e-02
8.408868759581249186e-02
8.408868759581249186e-02
8.408868759581249186e-02
8.408868759581249186e-02
8.408868759581249186e-02
8.408868759581249186e-02
8.408868759581249186e-02
8.408868759581249186e-02
8.408868759581249186e-02
8.408868759581249186e-02
8.408868759581249186e-02
8.408868759581249186e-02
8.408868759581249186e-02
8.408868759581249186e-02
8.408868759581249186e-02
8.408868759581249186e-02
8.408868759581249186e-02
8.408868759581249186e-02
8.408868759581249186e-02
8.408868759581249186e-02
8.408868759581249186e-02
8.408868759581249186e-02
8.408868759581249186e-02
8.408868759581249186e-02
8.408868759581249186e-02
8.408868759581249186e-02
8.408868759581249186e-02
8.408868759581249186e-02
8.408868759581249186e-02
8.408868759581249186e-02
8.408868759581249186e-02
8.408868759581249186e-02
8.408868759581249186e-02
8.408868759581249186e-02
8.408868759581249186e-02
8.408868759581249186e-02
8.408868759581249186e-02
8.408868759581249186e-02
8.408868759581249186e-02
8.408868759581249186e-02
8.408868759581249186e-02
8.408868759581249186e-02
8.408868759581249186e-02
8.408868759581249186e-02
8.408868759581249186e-02
8.408868759581249186e-02
8.408868759581249186e-02
8.408868759581249186e-02
8.408868759581249186e-02
8.408868759581249186e-02
8.408868759581249186e-02
8.408868759581249186e-02
8.408868759581249186e-02
8.408868759581249186e-02
8.408868759581249186e-02
8.408868759581249186e-02
8.408868759581249186e-02
8.408868759581249186e-02
8.408868759581249186e-02
8.408868759581249186e-02
8.408868759581249186e-02
8.408868759581249186e-02
8.408868759581249186e-02
8.408868759581249186e-02
8.408868759581249186e-02
8.408868759581249186e-02
8.408868759581249186e-02
8.408868759581249186e-02
8.408868759581249186e-02
8.408868759581249186e-02
8.408868759581249186e-02
8.408868759581249186e-02
8.408868759581249186e-02
8.408868759581249186e-02
8.408868759581249186e-02
8.408868759581249186e-02
8.408868759581249186e-02
8.408868759581249186e-02
8.408868759581249186e-02
8.408868759581249186e-02
8.408868759581249186e-02
8.408868759581249186e-02
8.408868759581249186e-02
8.408868759581249186e-02
8.408868759581249186e-02
8.408868759581249186e-02
8.408868759581249186e-02
8.408868759581249186e-02
8.408868759581249186e-02
8.408868759581249186e-02
8.408868759581249186e-02
8.408868759581249186e-02
8.408868759581249186e-02
8.408868759581249186e-02
8.408868759581249186e-02
8.408868759581249186e-02
8.408868759581249186e-02
8.408868759581249186e-02
8.408868759581249186e-02
8.408868759581249186e-02
8.408868759581249186e-02
8.408868759581249186e-02
8.408868759581249186e-02
8.408868759581249186e-02
8.408868759581249186e-02
8.408868759581249186e-02
8.408868759581249186e-02
8.408868759581249186e-02
8.408868759581249186e-02
8.408868759581249186e-02
8.408868759581249186e-02
8.408868759581249186e-02
8.408868759581249186e-02
8.408868759581249186e-02
8.408868759581249186e-02
8.408868759581249186e-02
8.408868759581249186e-02
8.408868759581249186e-02
8.408868759581249186e-02
8.408868759581249186e-02
8.408868759581249186e-02
8.408868759581249186e-02
8.408868759581249186e-02
8.408868759581249186e-02
8.408868759581249186e-02
8.408868759581249186e-02
8.408868759581249186e-02
8.408868759581249186e-02
8.408868759581249186e-02
8.408868759581249186e-02
8.408868759581249186e-02
8.408868759581249186e-02
8.408868759581249186e-02
8.408868759581249186e-02
8.408868759581249186e-02
8.408868759581249186e-02
8.408868759581249186e-02
8.408868759581249186e-02
8.408868759581249186e-02
8.408868759581249186e-02
8.408868759581249186e-02
8.408868759581249186e-02
8.408868759581249186e-02
8.408868759581249186e-02
8.408868759581249186e-02
8.408868759581249186e-02
8.408868759581249186e-02
8.408868759581249186e-02
8.408868759581249186e-02
8.408868759581249186e-02
8.408868759581249186e-02
8.408868759581249186e-02
8.408868759581249186e-02
8.408868759581249186e-02
8.408868759581249186e-02
8.408868759581249186e-02
8.408868759581249186e-02
8.408868759581249186e-02
8.408868759581249186e-02
8.408868759581249186e-02
8.408868759581249186e-02
8.408868759581249186e-02
8.408868759581249186e-02
8.408868759581249186e-02
8.408868759581249186e-02
8.408868759581249186e-02
8.408868759581249186e-02
8.408868759581249186e-02
8.408868759581249186e-02
8.408868759581249186e-02
8.408868759581249186e-02
8.408868759581249186e-02
8.408868759581249186e-02
8.408868759581249186e-02
8.408868759581249186e-02
8.408868759581249186e-02
8.408868759581249186e-02
8.408868759581249186e-02
8.408868759581249186e-02
8.408868759581249186e-02
8.408868759581249186e-02
8.408868759581249186e-02
8.408868759581249186e-02
8.408868759581249186e-02
8.408868759581249186e-02
8.408868759581249186e-02
8.408868759581249186e-02
8.408868759581249186e-02
8.408868759581249186e-02
8.408868759581249186e-02
8.408868759581249186e-02
8.408868759581249186e-02
8.408868759581249186e-02
8.408868759581249186e-02
8.408868759581249186e-02
8.408868759581249186e-02
8.408868759581249186e-02
8.408868759581249186e-02
8.408868759581249186e-02
8.408868759581249186e-02
8.408868759581249186e-02
8.408868759581249186e-02
8.408868759581249186e-02
8.408868759581249186e-02
8.408868759581249186e-02
8.408868759581249186e-02
8.408868759581249186e-02
8.408868759581249186e-02
8.408868759581249186e-02
8.408868759581249186e-02
8.408868759581249186e-02
8.408868759581249186e-02
8.408868759581249186e-02
8.408868759581249186e-02
8.408868759581249186e-02
8.408868759581249186e-02
8.408868759581249186e-02
8.408868759581249186e-02
8.408868759581249186e-02
8.408868759581249186e-02
8.408868759581249186e-02
8.408868759581249186e-02
8.408868759581249186e-02
8.408868759581249186e-02
8.408868759581249186e-02
8.408868759581249186e-02
8.408868759581249186e-02
8.408868759581249186e-02
8.408868759581249186e-02
8.408868759581249186e-02
8.408868759581249186e-02
8.408868759581249186e-02
8.408868759581249186e-02
8.408868759581249186e-02
8.408868759581249186e-02
8.408868759581249186e-02
8.408868759581249186e-02
8.408868759581249186e-02
8.408868759581249186e-02
8.408868759581249186e-02
8.408868759581249186e-02
8.408868759581249186e-02
8.408868759581249186e-02
8.408868759581249186e-02
8.408868759581249186e-02
8.408868759581249186e-02
8.408868759581249186e-02
8.408868759581249186e-02
8.408868759581249186e-02
8.408868759581249186e-02
8.408868759581249186e-02
8.408868759581249186e-02
8.408868759581249186e-02
8.408868759581249186e-02
8.408868759581249186e-02
8.408868759581249186e-02
8.408868759581249186e-02
8.408868759581249186e-02
8.408868759581249186e-02
8.408868759581249186e-02
8.408868759581249186e-02
8.408868759581249186e-02
8.408868759581249186e-02
8.408868759581249186e-02
8.408868759581249186e-02
8.408868759581249186e-02
8.408868759581249186e-02
8.408868759581249186e-02
8.408868759581249186e-02
8.408868759581249186e-02
8.408868759581249186e-02
8.408868759581249186e-02
8.408868759581249186e-02
8.408868759581249186e-02
8.408868759581249186e-02
8.408868759581249186e-02
8.408868759581249186e-02
8.408868759581249186e-02
8.408868759581249186e-02
8.408868759581249186e-02
8.408868759581249186e-02
8.408868759581249186e-02
8.408868759581249186e-02
8.408868759581249186e-02
8.408868759581249186e-02
8.408868759581249186e-02
8.408868759581249186e-02
8.408868759581249186e-02
8.408868759581249186e-02
8.408868759581249186e-02
8.408868759581249186e-02
8.408868759581249186e-02
8.408868759581249186e-02
8.408868759581249186e-02
8.408868759581249186e-02
8.408868759581249186e-02
8.408868759581249186e-02
8.408868759581249186e-02
8.408868759581249186e-02
8.408868759581249186e-02
8.408868759581249186e-02
8.408868759581249186e-02
8.408868759581249186e-02
8.408868759581249186e-02
8.408868759581249186e-02
8.408868759581249186e-02
8.408868759581249186e-02
8.408868759581249186e-02
8.408868759581249186e-02
8.408868759581249186e-02
8.408868759581249186e-02
8.408868759581249186e-02
8.408868759581249186e-02
8.408868759581249186e-02
8.408868759581249186e-02
8.408868759581249186e-02
8.408868759581249186e-02
8.408868759581249186e-02
8.408868759581249186e-02
8.408868759581249186e-02
8.408868759581249186e-02
8.408868759581249186e-02
8.408868759581249186e-02
8.408868759581249186e-02
8.408868759581249186e-02
8.408868759581249186e-02
8.408868759581249186e-02
8.408868759581249186e-02
8.408868759581249186e-02
8.408868759581249186e-02
8.408868759581249186e-02
8.408868759581249186e-02
8.408868759581249186e-02
8.408868759581249186e-02
8.408868759581249186e-02
8.408868759581249186e-02
8.408868759581249186e-02
8.408868759581249186e-02
8.408868759581249186e-02
8.408868759581249186e-02
8.408868759581249186e-02
8.408868759581249186e-02
8.408868759581249186e-02
8.408868759581249186e-02
8.408868759581249186e-02
8.408868759581249186e-02
8.408868759581249186e-02
8.408868759581249186e-02
8.408868759581249186e-02
8.408868759581249186e-02
8.408868759581249186e-02
8.408868759581249186e-02
8.408868759581249186e-02
8.408868759581249186e-02
8.408868759581249186e-02
8.408868759581249186e-02
8.408868759581249186e-02
8.408868759581249186e-02
8.408868759581249186e-02
8.408868759581249186e-02
8.408868759581249186e-02
8.408868759581249186e-02
8.408868759581249186e-02
8.408868759581249186e-02
8.408868759581249186e-02
8.408868759581249186e-02
8.408868759581249186e-02
8.408868759581249186e-02
8.408868759581249186e-02
8.408868759581249186e-02
8.408868759581249186e-02
8.408868759581249186e-02
8.408868759581249186e-02
8.408868759581249186e-02
8.408868759581249186e-02
8.408868759581249186e-02
8.408868759581249186e-02
8.408868759581249186e-02
8.408868759581249186e-02
8.408868759581249186e-02
8.408868759581249186e-02
8.408868759581249186e-02
8.408868759581249186e-02
8.408868759581249186e-02
8.408868759581249186e-02
8.408868759581249186e-02
8.408868759581249186e-02
8.408868759581249186e-02
8.408868759581249186e-02
8.408868759581249186e-02
8.408868759581249186e-02
8.408868759581249186e-02
8.408868759581249186e-02
8.408868759581249186e-02
8.408868759581249186e-02
8.408868759581249186e-02
8.408868759581249186e-02
8.408868759581249186e-02
8.408868759581249186e-02
8.408868759581249186e-02
8.408868759581249186e-02
8.408868759581249186e-02
8.408868759581249186e-02
8.408868759581249186e-02
8.408868759581249186e-02
8.408868759581249186e-02
8.408868759581249186e-02
8.408868759581249186e-02
8.408868759581249186e-02
8.408868759581249186e-02
8.408868759581249186e-02
8.408868759581249186e-02
8.408868759581249186e-02
8.408868759581249186e-02
8.408868759581249186e-02
8.408868759581249186e-02
8.408868759581249186e-02
8.408868759581249186e-02
8.408868759581249186e-02
8.408868759581249186e-02
8.408868759581249186e-02
8.408868759581249186e-02
8.408868759581249186e-02
8.408868759581249186e-02
8.408868759581249186e-02
8.408868759581249186e-02
8.408868759581249186e-02
8.408868759581249186e-02
8.408868759581249186e-02
8.408868759581249186e-02
8.408868759581249186e-02
8.408868759581249186e-02
8.408868759581249186e-02
8.408868759581249186e-02
8.408868759581249186e-02
8.408868759581249186e-02
8.408868759581249186e-02
8.408868759581249186e-02
8.408868759581249186e-02
8.408868759581249186e-02
8.408868759581249186e-02
8.408868759581249186e-02
8.408868759581249186e-02
8.408868759581249186e-02
8.408868759581249186e-02
8.408868759581249186e-02
8.408868759581249186e-02
8.408868759581249186e-02
8.408868759581249186e-02
8.408868759581249186e-02
8.408868759581249186e-02
8.408868759581249186e-02
8.408868759581249186e-02
8.408868759581249186e-02
8.408868759581249186e-02
8.408868759581249186e-02
8.408868759581249186e-02
8.408868759581249186e-02
8.408868759581249186e-02
8.408868759581249186e-02
8.408868759581249186e-02
8.408868759581249186e-02
8.408868759581249186e-02
8.408868759581249186e-02
8.408868759581249186e-02
8.408868759581249186e-02
8.408868759581249186e-02
8.408868759581249186e-02
8.408868759581249186e-02
8.408868759581249186e-02
8.408868759581249186e-02
8.408868759581249186e-02
8.408868759581249186e-02
8.408868759581249186e-02
8.408868759581249186e-02
8.408868759581249186e-02
8.408868759581249186e-02
8.408868759581249186e-02
8.408868759581249186e-02
8.408868759581249186e-02
8.408868759581249186e-02
8.408868759581249186e-02
8.408868759581249186e-02
8.408868759581249186e-02
8.408868759581249186e-02
8.408868759581249186e-02
8.408868759581249186e-02
8.408868759581249186e-02
8.408868759581249186e-02
8.408868759581249186e-02
8.408868759581249186e-02
8.408868759581249186e-02
8.408868759581249186e-02
8.408868759581249186e-02
8.408868759581249186e-02
8.408868759581249186e-02
8.408868759581249186e-02
8.408868759581249186e-02
8.408868759581249186e-02
8.408868759581249186e-02
8.408868759581249186e-02
8.408868759581249186e-02
8.408868759581249186e-02
8.408868759581249186e-02
8.408868759581249186e-02
8.408868759581249186e-02
8.408868759581249186e-02
8.408868759581249186e-02
8.408868759581249186e-02
8.408868759581249186e-02
8.408868759581249186e-02
8.408868759581249186e-02
8.408868759581249186e-02
8.408868759581249186e-02
8.408868759581249186e-02
8.408868759581249186e-02
8.408868759581249186e-02
8.408868759581249186e-02
8.408868759581249186e-02
8.408868759581249186e-02
8.408868759581249186e-02
8.408868759581249186e-02
8.408868759581249186e-02
8.408868759581249186e-02
8.408868759581249186e-02
8.408868759581249186e-02
8.408868759581249186e-02
8.408868759581249186e-02
8.408868759581249186e-02
8.408868759581249186e-02
8.408868759581249186e-02
8.408868759581249186e-02
8.408868759581249186e-02
8.408868759581249186e-02
8.408868759581249186e-02
8.408868759581249186e-02
8.408868759581249186e-02
8.408868759581249186e-02
8.408868759581249186e-02
8.408868759581249186e-02
8.408868759581249186e-02
8.408868759581249186e-02
8.408868759581249186e-02
8.408868759581249186e-02
8.408868759581249186e-02
8.408868759581249186e-02
8.408868759581249186e-02
8.408868759581249186e-02
8.408868759581249186e-02
8.408868759581249186e-02
8.408868759581249186e-02
8.408868759581249186e-02
8.408868759581249186e-02
8.408868759581249186e-02
8.408868759581249186e-02
8.408868759581249186e-02
8.408868759581249186e-02
8.408868759581249186e-02
8.408868759581249186e-02
8.408868759581249186e-02
8.408868759581249186e-02
8.408868759581249186e-02
8.408868759581249186e-02
8.408868759581249186e-02
8.408868759581249186e-02
8.408868759581249186e-02
8.408868759581249186e-02
8.408868759581249186e-02
8.408868759581249186e-02
8.408868759581249186e-02
8.408868759581249186e-02
8.408868759581249186e-02
8.408868759581249186e-02
8.408868759581249186e-02
8.408868759581249186e-02
8.408868759581249186e-02
8.408868759581249186e-02
8.408868759581249186e-02
8.408868759581249186e-02
8.408868759581249186e-02
8.408868759581249186e-02
8.408868759581249186e-02
8.408868759581249186e-02
8.408868759581249186e-02
8.408868759581249186e-02
8.408868759581249186e-02
8.408868759581249186e-02
8.408868759581249186e-02
8.408868759581249186e-02
8.408868759581249186e-02
8.408868759581249186e-02
8.408868759581249186e-02
8.408868759581249186e-02
8.408868759581249186e-02
8.408868759581249186e-02
8.408868759581249186e-02
8.408868759581249186e-02
8.408868759581249186e-02
8.408868759581249186e-02
8.408868759581249186e-02
8.408868759581249186e-02
8.408868759581249186e-02
8.408868759581249186e-02
8.408868759581249186e-02
8.408868759581249186e-02
8.408868759581249186e-02
8.408868759581249186e-02
8.408868759581249186e-02
8.408868759581249186e-02
8.408868759581249186e-02
8.408868759581249186e-02
8.408868759581249186e-02
8.408868759581249186e-02
8.408868759581249186e-02
8.408868759581249186e-02
8.408868759581249186e-02
8.408868759581249186e-02
8.408868759581249186e-02
8.408868759581249186e-02
8.408868759581249186e-02
8.408868759581249186e-02
8.408868759581249186e-02
8.408868759581249186e-02
8.408868759581249186e-02
8.408868759581249186e-02
8.408868759581249186e-02
8.408868759581249186e-02
8.408868759581249186e-02
8.408868759581249186e-02
8.408868759581249186e-02
8.408868759581249186e-02
8.408868759581249186e-02
8.408868759581249186e-02
8.408868759581249186e-02
8.408868759581249186e-02
8.408868759581249186e-02
8.408868759581249186e-02
8.408868759581249186e-02
8.408868759581249186e-02
8.408868759581249186e-02
8.408868759581249186e-02
8.408868759581249186e-02
8.408868759581249186e-02
8.408868759581249186e-02
8.408868759581249186e-02
8.408868759581249186e-02
8.408868759581249186e-02
8.408868759581249186e-02
8.408868759581249186e-02
8.408868759581249186e-02
8.408868759581249186e-02
8.408868759581249186e-02
8.408868759581249186e-02
8.408868759581249186e-02
8.408868759581249186e-02
8.408868759581249186e-02
8.408868759581249186e-02
8.408868759581249186e-02
8.408868759581249186e-02
8.408868759581249186e-02
8.408868759581249186e-02
8.408868759581249186e-02
8.408868759581249186e-02
8.408868759581249186e-02
8.408868759581249186e-02
8.408868759581249186e-02
8.408868759581249186e-02
8.408868759581249186e-02
8.408868759581249186e-02
8.408868759581249186e-02
8.408868759581249186e-02
8.408868759581249186e-02
8.408868759581249186e-02
8.408868759581249186e-02
8.408868759581249186e-02
8.408868759581249186e-02
8.408868759581249186e-02
8.408868759581249186e-02
8.408868759581249186e-02
8.408868759581249186e-02
8.408868759581249186e-02
8.408868759581249186e-02
8.408868759581249186e-02
8.408868759581249186e-02
8.408868759581249186e-02
8.408868759581249186e-02
8.408868759581249186e-02
8.408868759581249186e-02
