1.000000000000000000e+00
1.000000000000000000e+00
1.000000000000000000e+00
1.000000000000000000e+00
1.000000000000000000e+00
1.000000000000000000e+00
1.000000000000000000e+00
1.000000000000000000e+00
1.000000000000000000e+00
1.000000000000000000e+00
1.000000000000000000e+00
1.000000000000000000e+00
1.000000000000000000e+00
1.000000000000000000e+00
1.000000000000000000e+00
1.000000000000000000e+00
1.000000000000000000e+00
1.000000000000000000e+00
9.924307659507334289e-01
9.855499511154873771e-01
9.591035485180717801e-01
9.528086481789230788e-01
9.528086481789230788e-01
9.352299011853434374e-01
9.185793131274125889e-01
9.133089216536438570e-01
8.980272353783155248e-01
8.931409698229001437e-01
8.740046205578823058e-01
8.602695357428742362e-01
8.207892561089408234e-01
7.784386699432257473e-01
7.493555888201348658e-01
7.253081439469913905e-01
7.137151619531905133e-01
6.797852083152040592e-01
6.613870204601388636e-01
6.256803936171576597e-01
6.048675600530928342e-01
5.880246678246018321e-01
5.550857406938850547e-01
5.389712786422313773e-01
5.203632994982788640e-01
5.019331286592245700e-01
4.870024148945422682e-01
4.782944036662603038e-01
4.659943926252946844e-01
4.407061844237763482e-01
4.324465650508426684e-01
4.271042050855362038e-01
4.218491687699411075e-01
4.064483649712747892e-01
3.888090868523096377e-01
3.789445621376560935e-01
3.620092485432216400e-01
3.452418352964853887e-01
3.358913218136028167e-01
3.289955956322107578e-01
3.199420244342270903e-01
3.088701492457701647e-01
3.003218558562561480e-01
2.831510996523101120e-01
2.726196853715912582e-01
2.601549690225768985e-01
2.479156145330084771e-01
2.392831190769085792e-01
2.254077045515089084e-01
2.175704227951189285e-01
2.137256673721340816e-01
2.060979352929523112e-01
1.965414907397031452e-01
1.890517511905149828e-01
1.816746665098733782e-01
1.756156531668242315e-01
1.594090031988949774e-01
1.541317098261974772e-01
1.489882233384602628e-01
1.402390642415968225e-01
1.418265622703747120e-01
1.384357204689941057e-01
1.377513602797813264e-01
1.249766927352131130e-01
1.212416782197886095e-01
1.178627994799384265e-01
1.178402699851296281e-01
1.101716904174775136e-01
1.072286553143957238e-01
1.087929360536775414e-01
1.022942730521027577e-01
9.789656932260694389e-02
9.790813600038163200e-02
9.939761162672948458e-02
8.816392450308013773e-02
9.084843237328853183e-02
9.228832551734077183e-02
8.954734950764388357e-02
8.861283872674952100e-02
7.856082723981930305e-02
7.720724769524726916e-02
8.104460384963207975e-02
7.365134101059177263e-02
7.006062769980614391e-02
6.239506678954374885e-02
6.362714742955349889e-02
6.570374906865773801e-02
6.938887591202884397e-02
6.324142405982097204e-02
6.441350031311297852e-02
5.752488711906499769e-02
6.547939179237544094e-02
6.304133281492288465e-02
6.417779405565418593e-02
6.596529629652470028e-02
6.935025057055517472e-02
6.945910099596921961e-02
6.982647580827863742e-02
7.264429199263988668e-02
7.278863546044443689e-02
7.388147318727281143e-02
8.483310077015859818e-02
8.647025888741204092e-02
8.884033030327981306e-02
7.539261952267860278e-02
8.240365924666000208e-02
8.135283670220691543e-02
8.582309170824169164e-02
7.136995991512469495e-02
6.684457505433087643e-02
7.147783309607054492e-02
6.844695730587359306e-02
7.066688965435269365e-02
6.263332962953704897e-02
6.115963223492964368e-02
6.041997796434581819e-02
5.652659448249302415e-02
5.852599641525939311e-02
5.580494449953685154e-02
5.093192235348413532e-02
4.862224895216059328e-02
5.048112776258153328e-02
5.897253219798555268e-02
6.043399216585490508e-02
6.135139674371280216e-02
6.220780250382912380e-02
6.227354948864725209e-02
6.685979590143757700e-02
6.790670026364170608e-02
6.758955596814958389e-02
6.758955596814958389e-02
6.207903478801398561e-02
5.550228224305841368e-02
5.784191234563666045e-02
5.877616645799272482e-02
5.280500410510814008e-02
5.824070499750308438e-02
5.578294487323139095e-02
4.985968470508579664e-02
5.262261530216577610e-02
5.340429696220672789e-02
5.423359378476046849e-02
5.595480542538339153e-02
5.351966763780301173e-02
5.351966763780301173e-02
5.141490562113035234e-02
5.220185564287032481e-02
5.301955409034184163e-02
5.309047908931484316e-02
5.664674727717303876e-02
4.963438717202735273e-02
4.263788561150550632e-02
4.671728504746662514e-02
4.654672269585616307e-02
4.218318633623670960e-02
3.901558876432055512e-02
4.148490080326912299e-02
4.243970632549812910e-02
4.761075604803795269e-02
4.304936512132659376e-02
4.169211852970215043e-02
4.169211852970215043e-02
4.184886281332075852e-02
3.856971826719410301e-02
3.177207535627109974e-02
3.353118249785326521e-02
3.564931473414174878e-02
3.454073845185330616e-02
3.842832947564803897e-02
3.705317986424312010e-02
3.290681221437569137e-02
3.045106094103289598e-02
3.726395890555361801e-02
3.446657172919868894e-02
3.948522276800462555e-02
4.213199545728495837e-02
3.027851402850574927e-02
2.961001198086747957e-02
3.142000378921777637e-02
2.583317017336451277e-02
2.300403998343567014e-02
2.746249795620710546e-02
2.976738018960153193e-02
2.513194757853886088e-02
2.644183091539166128e-02
2.950511003846645330e-02
3.069987712571198984e-02
3.386660201225957095e-02
3.217926438106792630e-02
3.532278954881159366e-02
2.889106039800227316e-02
2.889612732888861141e-02
2.622210270852243577e-02
2.466130319051443309e-02
2.937528452725825939e-02
2.290172197722088743e-02
1.524830023922931627e-02
1.802240597403927461e-02
1.865814729268294378e-02
1.993310564941477153e-02
2.103627035086433339e-02
1.583586128675907798e-02
7.516797227407430969e-03
3.064683572689611349e-03
-6.001746392893626998e-03
-4.718613089786501992e-03
-3.262756450530310444e-03
-3.533100789315164834e-03
-2.381287292814716211e-03
-3.542035634386938615e-03
-7.508208393065422597e-04
4.455631041312140168e-03
3.935426566472356442e-04
-3.609398626170457272e-03
-1.936844315801037079e-03
6.784449315422089177e-03
3.833202665799782891e-03
7.816665530858915188e-04
-3.370983940065777531e-03
-7.840908227258979596e-03
-1.211845752658739783e-02
-2.094449234116028610e-02
-2.148241096732380825e-02
-2.057025626237881516e-02
-2.376729903702678309e-02
-2.426084602374920657e-02
-2.493996479360575946e-02
-2.330878480499923994e-02
-2.320057592181872311e-02
-1.774750438908654498e-02
-1.264460808375898401e-02
-1.458318100224853531e-02
