0.000000000000000000e+00
6.517118847232551693e-02
6.518076928387840641e-02
6.513367185749750765e-02
6.511094954933684120e-02
6.511040975233094164e-02
6.502673902274171136e-02
6.488092432065106774e-02
6.490538069674346711e-02
6.491524130847650675e-02
6.495872605823671542e-02
6.478255273150808347e-02
6.480733857099592321e-02
6.495444129948484135e-02
6.439096004413655261e-02
6.446378458675966483e-02
6.429114379619176034e-02
6.488100235260602089e-02
6.479559102973980744e-02
6.502038307207121115e-02
6.490938214359016911e-02
6.478133408469526067e-02
6.648082485339552872e-02
6.517199694594301429e-02
6.513401398325545377e-02
6.428415030720893708e-02
6.431338139184716862e-02
6.448396040407021468e-02
6.408941995223305099e-02
6.321657194545420022e-02
6.244193517956725392e-02
6.274346391805669942e-02
6.345234326853492479e-02
6.330026035449085042e-02
6.400547540878515074e-02
6.411985806642085672e-02
6.367172994070455228e-02
6.302148135755582248e-02
6.368566765894419224e-02
6.307225005352572189e-02
6.372227788515522073e-02
6.333033842942244196e-02
6.286558896860988677e-02
6.266430346537768536e-02
6.219394395108018142e-02
6.310258013879709027e-02
6.203739319475374409e-02
6.052148267165213813e-02
6.109659152698775769e-02
6.185667691869164986e-02
6.238736247458700340e-02
6.190148898105377745e-02
6.234693385084008610e-02
6.284874555587155465e-02
6.284874555587155465e-02
6.191447866087601559e-02
6.294982518108122038e-02
6.256957603030674497e-02
6.166593880504841335e-02
6.056598810368134939e-02
5.966247296399451033e-02
6.016138276055233575e-02
6.005247437293551732e-02
5.889615396164334798e-02
5.932694123172715939e-02
5.905404660840896797e-02
5.967882806359296050e-02
6.276536685144303018e-02
6.123641260825190419e-02
6.248656991309112924e-02
6.224468565225636102e-02
6.224642278310655447e-02
6.199664825904954712e-02
6.087899847131187508e-02
6.116477512274105105e-02
5.947366822954799903e-02
5.874323824917237341e-02
5.930095780247781473e-02
5.782893179457091609e-02
5.713060354466024254e-02
5.784492719537254191e-02
5.733190245036903082e-02
5.714393811173517496e-02
5.741486101469907982e-02
5.740561134324531634e-02
5.816404559926589141e-02
5.774742196880686129e-02
5.738319280940552131e-02
5.738319280940552131e-02
6.069532594904666206e-02
5.979372227495328290e-02
6.298360432833727263e-02
6.291974592363065721e-02
6.157919846732765046e-02
6.108579966724214660e-02
6.044252734196121218e-02
5.940901676654694596e-02
5.873114099993036880e-02
5.880225494611204112e-02
5.937367176819238757e-02
5.665967364486110269e-02
5.775105307323877973e-02
5.717463225946659011e-02
5.706990033400813345e-02
5.793083009251862037e-02
5.816964393777056958e-02
5.816964393777056958e-02
5.900167755234137640e-02
5.823585737406125618e-02
5.900467583618421163e-02
5.776272791725080985e-02
5.728550432412345822e-02
5.653612049555079011e-02
5.844674558122071178e-02
5.685847253996016010e-02
5.658713632669395976e-02
5.442320580145940112e-02
5.306141910372643572e-02
5.206204151031720156e-02
5.154496759513240572e-02
5.176274812330255298e-02
4.899217882382479045e-02
5.080550075187650894e-02
5.379284314132915662e-02
5.411491098031504660e-02
5.336706870564570521e-02
5.263231612490516104e-02
5.333796660834527054e-02
5.333796660834527054e-02
5.321686432942607237e-02
5.326211731935229926e-02
5.071256306780486112e-02
5.359547570866346478e-02
5.441788619023432000e-02
5.485549460327979882e-02
5.358951316166615103e-02
5.358951316166615103e-02
5.414559426916770030e-02
5.309800793875769226e-02
5.405689259045343836e-02
5.405689259045343836e-02
5.601883399829388904e-02
5.601883399829388904e-02
5.601883399829388904e-02
5.598392707147115122e-02
5.629924456535567723e-02
5.629924456535567723e-02
5.686496867555656393e-02
5.866123457124675783e-02
5.980301702038561679e-02
6.183248215937444531e-02
6.183248215937444531e-02
6.071546042341890992e-02
6.071546042341890992e-02
6.071546042341890992e-02
6.160925315440671235e-02
6.251226939335621791e-02
6.251226939335621791e-02
6.251226939335621791e-02
6.168865860718667632e-02
6.245398541857542091e-02
6.725440928433992771e-02
6.725440928433992771e-02
6.840373128855860296e-02
6.840373128855860296e-02
6.840373128855860296e-02
6.561667238475811514e-02
6.708256361108638766e-02
6.891213656119980768e-02
6.724219253186421164e-02
6.724219253186421164e-02
6.724219253186421164e-02
6.783527431815271347e-02
7.027028729766947313e-02
7.027028729766947313e-02
6.741837505262830710e-02
6.826159764591333001e-02
6.688112349440840376e-02
6.725094325310018717e-02
6.521271881330110987e-02
6.521271881330110987e-02
6.332576962858166292e-02
6.332576962858166292e-02
6.332576962858166292e-02
6.332576962858166292e-02
6.196551410732454440e-02
6.196551410732454440e-02
5.798147594683663447e-02
5.798147594683663447e-02
5.588392195734311757e-02
5.654843599320163311e-02
5.654843599320163311e-02
5.475838573864524883e-02
5.475838573864524883e-02
5.570174994831812026e-02
5.570174994831812026e-02
5.554119674332467366e-02
5.554119674332467366e-02
5.310169317910058001e-02
5.310169317910058001e-02
5.326041139787726642e-02
5.445683032483935454e-02
5.321163671797735084e-02
5.321163671797735084e-02
5.321163671797735084e-02
5.321163671797735084e-02
5.321163671797735084e-02
5.321163671797735084e-02
5.321163671797735084e-02
5.103553416572279705e-02
5.103553416572279705e-02
5.103553416572279705e-02
5.103553416572279705e-02
5.103553416572279705e-02
5.103553416572279705e-02
5.196913102428644265e-02
5.196913102428644265e-02
5.196913102428644265e-02
5.196913102428644265e-02
5.196913102428644265e-02
5.509579495839369429e-02
5.509579495839369429e-02
5.500155774485346316e-02
5.500155774485346316e-02
5.500155774485346316e-02
5.500155774485346316e-02
5.500155774485346316e-02
5.500155774485346316e-02
5.751995127724354034e-02
5.751995127724354034e-02
5.751995127724354034e-02
5.751995127724354034e-02
5.751995127724354034e-02
5.751995127724354034e-02
5.751995127724354034e-02
5.751995127724354034e-02
5.751995127724354034e-02
5.850679177012484827e-02
5.850679177012484827e-02
5.850679177012484827e-02
5.850679177012484827e-02
5.850679177012484827e-02
5.850679177012484827e-02
5.850679177012484827e-02
5.548675267163243746e-02
5.548675267163243746e-02
5.548675267163243746e-02
5.548675267163243746e-02
5.795843596595127295e-02
5.795843596595127295e-02
5.606757170118010364e-02
5.606757170118010364e-02
5.606757170118010364e-02
5.606757170118010364e-02
5.592511105913939434e-02
5.592511105913939434e-02
5.592511105913939434e-02
5.592511105913939434e-02
5.592511105913939434e-02
5.592511105913939434e-02
5.592511105913939434e-02
5.817113613676092726e-02
5.817113613676092726e-02
5.817113613676092726e-02
5.855468456444878900e-02
5.855468456444878900e-02
5.764620697987506842e-02
5.880574238917949531e-02
5.880574238917949531e-02
5.880574238917949531e-02
5.880574238917949531e-02
5.880574238917949531e-02
5.880574238917949531e-02
5.880574238917949531e-02
5.880574238917949531e-02
5.880574238917949531e-02
5.880574238917949531e-02
5.880574238917949531e-02
5.880574238917949531e-02
5.880574238917949531e-02
5.880574238917949531e-02
5.880574238917949531e-02
5.529613009944760876e-02
5.529613009944760876e-02
5.529613009944760876e-02
5.529613009944760876e-02
5.529613009944760876e-02
5.529613009944760876e-02
5.529613009944760876e-02
5.529613009944760876e-02
5.529613009944760876e-02
5.529613009944760876e-02
5.529613009944760876e-02
5.529613009944760876e-02
5.529613009944760876e-02
5.529613009944760876e-02
5.529613009944760876e-02
5.529613009944760876e-02
5.529613009944760876e-02
5.529613009944760876e-02
5.529613009944760876e-02
5.529613009944760876e-02
5.529613009944760876e-02
5.529613009944760876e-02
5.529613009944760876e-02
5.529613009944760876e-02
5.529613009944760876e-02
5.529613009944760876e-02
5.314914163602598579e-02
5.314914163602598579e-02
5.314914163602598579e-02
5.314914163602598579e-02
5.314914163602598579e-02
5.314914163602598579e-02
5.314914163602598579e-02
5.314914163602598579e-02
5.314914163602598579e-02
5.314914163602598579e-02
5.314914163602598579e-02
5.314914163602598579e-02
5.314914163602598579e-02
5.314914163602598579e-02
5.314914163602598579e-02
5.314914163602598579e-02
5.314914163602598579e-02
5.314914163602598579e-02
5.314914163602598579e-02
5.314914163602598579e-02
5.314914163602598579e-02
5.314914163602598579e-02
5.314914163602598579e-02
5.314914163602598579e-02
5.314914163602598579e-02
5.314914163602598579e-02
5.314914163602598579e-02
5.314914163602598579e-02
5.314914163602598579e-02
5.314914163602598579e-02
5.314914163602598579e-02
5.314914163602598579e-02
5.314914163602598579e-02
5.314914163602598579e-02
5.314914163602598579e-02
5.314914163602598579e-02
5.314914163602598579e-02
5.314914163602598579e-02
5.314914163602598579e-02
5.314914163602598579e-02
5.314914163602598579e-02
5.314914163602598579e-02
5.314914163602598579e-02
5.314914163602598579e-02
5.314914163602598579e-02
5.314914163602598579e-02
5.314914163602598579e-02
5.314914163602598579e-02
5.314914163602598579e-02
5.314914163602598579e-02
5.314914163602598579e-02
5.091783584591427075e-02
5.091783584591427075e-02
5.091783584591427075e-02
5.091783584591427075e-02
5.091783584591427075e-02
5.091783584591427075e-02
5.091783584591427075e-02
5.091783584591427075e-02
5.091783584591427075e-02
5.091783584591427075e-02
5.091783584591427075e-02
5.091783584591427075e-02
5.091783584591427075e-02
5.091783584591427075e-02
5.091783584591427075e-02
5.091783584591427075e-02
5.091783584591427075e-02
5.091783584591427075e-02
5.091783584591427075e-02
5.091783584591427075e-02
5.091783584591427075e-02
5.091783584591427075e-02
5.091783584591427075e-02
5.091783584591427075e-02
5.091783584591427075e-02
5.091783584591427075e-02
5.091783584591427075e-02
5.091783584591427075e-02
5.091783584591427075e-02
5.091783584591427075e-02
5.091783584591427075e-02
5.091783584591427075e-02
5.091783584591427075e-02
5.091783584591427075e-02
5.091783584591427075e-02
5.091783584591427075e-02
5.091783584591427075e-02
5.091783584591427075e-02
5.091783584591427075e-02
5.091783584591427075e-02
5.091783584591427075e-02
5.091783584591427075e-02
5.091783584591427075e-02
5.091783584591427075e-02
5.091783584591427075e-02
5.091783584591427075e-02
5.091783584591427075e-02
5.091783584591427075e-02
5.091783584591427075e-02
5.091783584591427075e-02
5.091783584591427075e-02
5.091783584591427075e-02
5.091783584591427075e-02
5.091783584591427075e-02
5.091783584591427075e-02
5.091783584591427075e-02
5.091783584591427075e-02
5.091783584591427075e-02
5.091783584591427075e-02
5.091783584591427075e-02
5.091783584591427075e-02
5.091783584591427075e-02
5.091783584591427075e-02
5.091783584591427075e-02
5.091783584591427075e-02
5.091783584591427075e-02
5.091783584591427075e-02
5.091783584591427075e-02
5.091783584591427075e-02
5.091783584591427075e-02
5.091783584591427075e-02
5.091783584591427075e-02
5.091783584591427075e-02
5.091783584591427075e-02
5.091783584591427075e-02
5.091783584591427075e-02
5.091783584591427075e-02
5.091783584591427075e-02
5.091783584591427075e-02
5.091783584591427075e-02
5.091783584591427075e-02
5.091783584591427075e-02
5.091783584591427075e-02
5.091783584591427075e-02
5.091783584591427075e-02
5.091783584591427075e-02
5.091783584591427075e-02
5.091783584591427075e-02
5.091783584591427075e-02
5.091783584591427075e-02
5.091783584591427075e-02
5.091783584591427075e-02
5.091783584591427075e-02
5.091783584591427075e-02
5.091783584591427075e-02
5.091783584591427075e-02
5.091783584591427075e-02
5.091783584591427075e-02
5.091783584591427075e-02
5.091783584591427075e-02
5.091783584591427075e-02
5.091783584591427075e-02
5.091783584591427075e-02
5.091783584591427075e-02
5.091783584591427075e-02
5.091783584591427075e-02
5.091783584591427075e-02
5.091783584591427075e-02
5.091783584591427075e-02
5.091783584591427075e-02
5.091783584591427075e-02
5.091783584591427075e-02
5.091783584591427075e-02
5.091783584591427075e-02
5.091783584591427075e-02
5.091783584591427075e-02
5.091783584591427075e-02
5.091783584591427075e-02
5.091783584591427075e-02
5.091783584591427075e-02
5.091783584591427075e-02
5.091783584591427075e-02
5.091783584591427075e-02
5.091783584591427075e-02
5.091783584591427075e-02
5.091783584591427075e-02
5.091783584591427075e-02
5.091783584591427075e-02
5.091783584591427075e-02
5.091783584591427075e-02
5.091783584591427075e-02
5.091783584591427075e-02
5.091783584591427075e-02
5.091783584591427075e-02
5.091783584591427075e-02
5.091783584591427075e-02
5.091783584591427075e-02
5.091783584591427075e-02
5.091783584591427075e-02
5.091783584591427075e-02
5.091783584591427075e-02
5.091783584591427075e-02
5.091783584591427075e-02
5.091783584591427075e-02
5.091783584591427075e-02
5.091783584591427075e-02
5.091783584591427075e-02
5.091783584591427075e-02
5.091783584591427075e-02
5.091783584591427075e-02
5.091783584591427075e-02
5.091783584591427075e-02
5.091783584591427075e-02
5.091783584591427075e-02
5.091783584591427075e-02
5.091783584591427075e-02
5.091783584591427075e-02
5.091783584591427075e-02
5.091783584591427075e-02
5.091783584591427075e-02
5.091783584591427075e-02
5.091783584591427075e-02
5.091783584591427075e-02
5.091783584591427075e-02
5.091783584591427075e-02
5.091783584591427075e-02
5.091783584591427075e-02
5.091783584591427075e-02
5.091783584591427075e-02
5.091783584591427075e-02
5.091783584591427075e-02
5.091783584591427075e-02
5.091783584591427075e-02
5.091783584591427075e-02
5.091783584591427075e-02
5.091783584591427075e-02
5.091783584591427075e-02
5.091783584591427075e-02
5.091783584591427075e-02
5.091783584591427075e-02
5.091783584591427075e-02
5.091783584591427075e-02
5.091783584591427075e-02
5.091783584591427075e-02
5.091783584591427075e-02
5.091783584591427075e-02
5.091783584591427075e-02
5.091783584591427075e-02
5.091783584591427075e-02
5.091783584591427075e-02
5.091783584591427075e-02
5.091783584591427075e-02
5.091783584591427075e-02
5.091783584591427075e-02
5.091783584591427075e-02
5.091783584591427075e-02
5.091783584591427075e-02
5.091783584591427075e-02
5.091783584591427075e-02
5.091783584591427075e-02
5.091783584591427075e-02
5.091783584591427075e-02
5.091783584591427075e-02
5.091783584591427075e-02
5.091783584591427075e-02
5.091783584591427075e-02
5.091783584591427075e-02
5.091783584591427075e-02
5.091783584591427075e-02
5.091783584591427075e-02
5.091783584591427075e-02
5.091783584591427075e-02
5.091783584591427075e-02
5.091783584591427075e-02
5.091783584591427075e-02
5.091783584591427075e-02
5.091783584591427075e-02
5.091783584591427075e-02
5.091783584591427075e-02
5.091783584591427075e-02
5.091783584591427075e-02
5.091783584591427075e-02
5.091783584591427075e-02
5.091783584591427075e-02
5.091783584591427075e-02
5.091783584591427075e-02
5.091783584591427075e-02
5.091783584591427075e-02
5.091783584591427075e-02
5.091783584591427075e-02
5.091783584591427075e-02
5.091783584591427075e-02
5.091783584591427075e-02
5.091783584591427075e-02
5.091783584591427075e-02
5.091783584591427075e-02
5.091783584591427075e-02
5.091783584591427075e-02
5.091783584591427075e-02
5.091783584591427075e-02
5.091783584591427075e-02
5.091783584591427075e-02
5.091783584591427075e-02
5.091783584591427075e-02
5.091783584591427075e-02
5.091783584591427075e-02
5.091783584591427075e-02
5.091783584591427075e-02
5.091783584591427075e-02
5.091783584591427075e-02
5.091783584591427075e-02
5.091783584591427075e-02
5.091783584591427075e-02
5.091783584591427075e-02
5.091783584591427075e-02
5.091783584591427075e-02
5.091783584591427075e-02
5.091783584591427075e-02
5.091783584591427075e-02
5.091783584591427075e-02
5.091783584591427075e-02
5.091783584591427075e-02
5.091783584591427075e-02
5.091783584591427075e-02
5.091783584591427075e-02
5.091783584591427075e-02
5.091783584591427075e-02
5.091783584591427075e-02
5.091783584591427075e-02
5.091783584591427075e-02
5.091783584591427075e-02
5.091783584591427075e-02
5.091783584591427075e-02
5.091783584591427075e-02
5.091783584591427075e-02
5.091783584591427075e-02
5.091783584591427075e-02
5.091783584591427075e-02
5.091783584591427075e-02
5.091783584591427075e-02
5.091783584591427075e-02
5.091783584591427075e-02
5.091783584591427075e-02
5.091783584591427075e-02
5.091783584591427075e-02
5.091783584591427075e-02
5.091783584591427075e-02
5.091783584591427075e-02
5.091783584591427075e-02
5.091783584591427075e-02
5.091783584591427075e-02
5.091783584591427075e-02
5.091783584591427075e-02
5.091783584591427075e-02
5.091783584591427075e-02
5.091783584591427075e-02
5.091783584591427075e-02
5.091783584591427075e-02
5.091783584591427075e-02
5.091783584591427075e-02
5.091783584591427075e-02
5.091783584591427075e-02
5.091783584591427075e-02
5.091783584591427075e-02
5.091783584591427075e-02
5.091783584591427075e-02
5.091783584591427075e-02
5.091783584591427075e-02
5.091783584591427075e-02
5.091783584591427075e-02
5.091783584591427075e-02
5.091783584591427075e-02
5.091783584591427075e-02
5.091783584591427075e-02
5.091783584591427075e-02
5.091783584591427075e-02
5.091783584591427075e-02
5.091783584591427075e-02
5.091783584591427075e-02
5.091783584591427075e-02
5.091783584591427075e-02
5.091783584591427075e-02
5.091783584591427075e-02
5.091783584591427075e-02
5.091783584591427075e-02
5.091783584591427075e-02
5.091783584591427075e-02
5.091783584591427075e-02
5.091783584591427075e-02
5.091783584591427075e-02
5.091783584591427075e-02
5.091783584591427075e-02
5.091783584591427075e-02
5.091783584591427075e-02
5.091783584591427075e-02
5.091783584591427075e-02
5.091783584591427075e-02
5.091783584591427075e-02
5.091783584591427075e-02
5.091783584591427075e-02
5.091783584591427075e-02
5.091783584591427075e-02
5.091783584591427075e-02
5.091783584591427075e-02
5.091783584591427075e-02
5.091783584591427075e-02
5.091783584591427075e-02
5.091783584591427075e-02
5.091783584591427075e-02
5.091783584591427075e-02
5.091783584591427075e-02
5.091783584591427075e-02
5.091783584591427075e-02
5.091783584591427075e-02
5.091783584591427075e-02
5.091783584591427075e-02
5.091783584591427075e-02
5.091783584591427075e-02
5.091783584591427075e-02
5.091783584591427075e-02
5.091783584591427075e-02
5.091783584591427075e-02
5.091783584591427075e-02
5.091783584591427075e-02
5.091783584591427075e-02
5.091783584591427075e-02
5.091783584591427075e-02
5.091783584591427075e-02
5.091783584591427075e-02
5.091783584591427075e-02
5.091783584591427075e-02
5.091783584591427075e-02
5.091783584591427075e-02
5.091783584591427075e-02
5.091783584591427075e-02
5.091783584591427075e-02
5.091783584591427075e-02
5.091783584591427075e-02
5.091783584591427075e-02
5.091783584591427075e-02
5.091783584591427075e-02
5.091783584591427075e-02
5.091783584591427075e-02
5.091783584591427075e-02
5.091783584591427075e-02
5.091783584591427075e-02
5.091783584591427075e-02
5.091783584591427075e-02
5.091783584591427075e-02
5.091783584591427075e-02
5.091783584591427075e-02
5.091783584591427075e-02
5.091783584591427075e-02
5.091783584591427075e-02
5.091783584591427075e-02
5.091783584591427075e-02
5.091783584591427075e-02
5.091783584591427075e-02
5.091783584591427075e-02
5.091783584591427075e-02
5.091783584591427075e-02
5.091783584591427075e-02
5.091783584591427075e-02
5.091783584591427075e-02
5.091783584591427075e-02
5.091783584591427075e-02
5.091783584591427075e-02
5.091783584591427075e-02
5.091783584591427075e-02
5.091783584591427075e-02
5.091783584591427075e-02
5.091783584591427075e-02
5.091783584591427075e-02
5.091783584591427075e-02
5.091783584591427075e-02
5.091783584591427075e-02
5.091783584591427075e-02
5.091783584591427075e-02
5.091783584591427075e-02
5.091783584591427075e-02
5.091783584591427075e-02
5.091783584591427075e-02
5.091783584591427075e-02
5.091783584591427075e-02
5.091783584591427075e-02
5.091783584591427075e-02
5.091783584591427075e-02
5.091783584591427075e-02
5.091783584591427075e-02
5.091783584591427075e-02
5.091783584591427075e-02
5.091783584591427075e-02
5.091783584591427075e-02
5.091783584591427075e-02
5.091783584591427075e-02
5.091783584591427075e-02
5.091783584591427075e-02
5.091783584591427075e-02
5.091783584591427075e-02
5.091783584591427075e-02
5.091783584591427075e-02
5.091783584591427075e-02
5.091783584591427075e-02
5.091783584591427075e-02
5.091783584591427075e-02
5.091783584591427075e-02
5.091783584591427075e-02
5.091783584591427075e-02
5.091783584591427075e-02
5.091783584591427075e-02
5.091783584591427075e-02
5.091783584591427075e-02
5.091783584591427075e-02
5.091783584591427075e-02
5.091783584591427075e-02
5.091783584591427075e-02
5.091783584591427075e-02
5.091783584591427075e-02
5.091783584591427075e-02
5.091783584591427075e-02
5.091783584591427075e-02
5.091783584591427075e-02
5.091783584591427075e-02
5.091783584591427075e-02
5.091783584591427075e-02
5.091783584591427075e-02
5.091783584591427075e-02
5.091783584591427075e-02
5.091783584591427075e-02
5.091783584591427075e-02
5.091783584591427075e-02
5.091783584591427075e-02
5.091783584591427075e-02
5.091783584591427075e-02
5.091783584591427075e-02
5.091783584591427075e-02
5.091783584591427075e-02
5.091783584591427075e-02
5.091783584591427075e-02
5.091783584591427075e-02
5.091783584591427075e-02
5.091783584591427075e-02
5.091783584591427075e-02
5.091783584591427075e-02
5.091783584591427075e-02
5.091783584591427075e-02
5.091783584591427075e-02
5.091783584591427075e-02
5.091783584591427075e-02
5.091783584591427075e-02
5.091783584591427075e-02
5.091783584591427075e-02
5.091783584591427075e-02
5.091783584591427075e-02
5.091783584591427075e-02
5.091783584591427075e-02
5.091783584591427075e-02
5.091783584591427075e-02
5.091783584591427075e-02
5.091783584591427075e-02
5.091783584591427075e-02
5.091783584591427075e-02
5.091783584591427075e-02
5.091783584591427075e-02
5.091783584591427075e-02
5.091783584591427075e-02
5.091783584591427075e-02
5.091783584591427075e-02
5.091783584591427075e-02
5.091783584591427075e-02
5.091783584591427075e-02
5.091783584591427075e-02
5.091783584591427075e-02
5.091783584591427075e-02
5.091783584591427075e-02
5.091783584591427075e-02
5.091783584591427075e-02
5.091783584591427075e-02
5.091783584591427075e-02
5.091783584591427075e-02
5.091783584591427075e-02
5.091783584591427075e-02
5.091783584591427075e-02
5.091783584591427075e-02
5.091783584591427075e-02
5.091783584591427075e-02
5.091783584591427075e-02
5.091783584591427075e-02
5.091783584591427075e-02
5.091783584591427075e-02
5.091783584591427075e-02
5.091783584591427075e-02
5.091783584591427075e-02
5.091783584591427075e-02
5.091783584591427075e-02
5.091783584591427075e-02
5.091783584591427075e-02
5.091783584591427075e-02
5.091783584591427075e-02
5.091783584591427075e-02
5.091783584591427075e-02
5.091783584591427075e-02
5.091783584591427075e-02
5.091783584591427075e-02
5.091783584591427075e-02
5.091783584591427075e-02
5.091783584591427075e-02
5.091783584591427075e-02
5.091783584591427075e-02
5.091783584591427075e-02
5.091783584591427075e-02
5.091783584591427075e-02
5.091783584591427075e-02
5.091783584591427075e-02
5.091783584591427075e-02
5.091783584591427075e-02
5.091783584591427075e-02
5.091783584591427075e-02
5.091783584591427075e-02
5.091783584591427075e-02
5.091783584591427075e-02
5.091783584591427075e-02
5.091783584591427075e-02
5.091783584591427075e-02
5.091783584591427075e-02
5.091783584591427075e-02
5.091783584591427075e-02
5.091783584591427075e-02
5.091783584591427075e-02
5.091783584591427075e-02
5.091783584591427075e-02
5.091783584591427075e-02
5.091783584591427075e-02
5.091783584591427075e-02
5.091783584591427075e-02
5.091783584591427075e-02
5.091783584591427075e-02
5.091783584591427075e-02
5.091783584591427075e-02
5.091783584591427075e-02
5.091783584591427075e-02
5.091783584591427075e-02
5.091783584591427075e-02
5.091783584591427075e-02
5.091783584591427075e-02
5.091783584591427075e-02
5.091783584591427075e-02
5.091783584591427075e-02
5.091783584591427075e-02
5.091783584591427075e-02
5.091783584591427075e-02
5.091783584591427075e-02
5.091783584591427075e-02
5.091783584591427075e-02
5.091783584591427075e-02
5.091783584591427075e-02
5.091783584591427075e-02
5.091783584591427075e-02
5.091783584591427075e-02
5.091783584591427075e-02
5.091783584591427075e-02
5.091783584591427075e-02
5.091783584591427075e-02
5.091783584591427075e-02
5.091783584591427075e-02
5.091783584591427075e-02
5.091783584591427075e-02
5.091783584591427075e-02
5.091783584591427075e-02
5.091783584591427075e-02
5.091783584591427075e-02
5.091783584591427075e-02
5.091783584591427075e-02
5.091783584591427075e-02
5.091783584591427075e-02
5.091783584591427075e-02
5.091783584591427075e-02
5.091783584591427075e-02
5.091783584591427075e-02
5.091783584591427075e-02
5.091783584591427075e-02
5.091783584591427075e-02
5.091783584591427075e-02
5.091783584591427075e-02
5.091783584591427075e-02
5.091783584591427075e-02
5.091783584591427075e-02
5.091783584591427075e-02
5.091783584591427075e-02
5.091783584591427075e-02
5.091783584591427075e-02
5.091783584591427075e-02
5.091783584591427075e-02
5.091783584591427075e-02
5.091783584591427075e-02
5.091783584591427075e-02
5.091783584591427075e-02
5.091783584591427075e-02
5.091783584591427075e-02
5.091783584591427075e-02
5.091783584591427075e-02
5.091783584591427075e-02
5.091783584591427075e-02
5.091783584591427075e-02
5.091783584591427075e-02
5.091783584591427075e-02
5.091783584591427075e-02
5.091783584591427075e-02
5.091783584591427075e-02
5.091783584591427075e-02
5.091783584591427075e-02
5.091783584591427075e-02
5.091783584591427075e-02
5.091783584591427075e-02
5.091783584591427075e-02
5.091783584591427075e-02
5.091783584591427075e-02
5.091783584591427075e-02
5.091783584591427075e-02
5.091783584591427075e-02
5.091783584591427075e-02
5.091783584591427075e-02
5.091783584591427075e-02
5.091783584591427075e-02
5.091783584591427075e-02
5.091783584591427075e-02
5.091783584591427075e-02
5.091783584591427075e-02
5.091783584591427075e-02
5.091783584591427075e-02
5.091783584591427075e-02
5.091783584591427075e-02
5.091783584591427075e-02
5.091783584591427075e-02
5.091783584591427075e-02
5.091783584591427075e-02
5.091783584591427075e-02
5.091783584591427075e-02
5.091783584591427075e-02
5.091783584591427075e-02
5.091783584591427075e-02
5.091783584591427075e-02
5.091783584591427075e-02
5.091783584591427075e-02
5.091783584591427075e-02
5.091783584591427075e-02
5.091783584591427075e-02
5.091783584591427075e-02
5.091783584591427075e-02
5.091783584591427075e-02
5.091783584591427075e-02
5.091783584591427075e-02
5.091783584591427075e-02
5.091783584591427075e-02
5.091783584591427075e-02
5.091783584591427075e-02
5.091783584591427075e-02
5.091783584591427075e-02
5.091783584591427075e-02
5.091783584591427075e-02
5.091783584591427075e-02
5.091783584591427075e-02
5.091783584591427075e-02
5.091783584591427075e-02
5.091783584591427075e-02
5.091783584591427075e-02
5.091783584591427075e-02
5.091783584591427075e-02
5.091783584591427075e-02
5.091783584591427075e-02
5.091783584591427075e-02
5.091783584591427075e-02
5.091783584591427075e-02
5.091783584591427075e-02
5.091783584591427075e-02
5.091783584591427075e-02
5.091783584591427075e-02
5.091783584591427075e-02
5.091783584591427075e-02
5.091783584591427075e-02
5.091783584591427075e-02
5.091783584591427075e-02
5.091783584591427075e-02
5.091783584591427075e-02
5.091783584591427075e-02
5.091783584591427075e-02
5.091783584591427075e-02
5.091783584591427075e-02
5.091783584591427075e-02
5.091783584591427075e-02
5.091783584591427075e-02
5.091783584591427075e-02
5.091783584591427075e-02
5.091783584591427075e-02
5.091783584591427075e-02
5.091783584591427075e-02
5.091783584591427075e-02
5.091783584591427075e-02
5.091783584591427075e-02
5.091783584591427075e-02
5.091783584591427075e-02
5.091783584591427075e-02
5.091783584591427075e-02
5.091783584591427075e-02
5.091783584591427075e-02
5.091783584591427075e-02
5.091783584591427075e-02
5.091783584591427075e-02
5.091783584591427075e-02
5.091783584591427075e-02
5.091783584591427075e-02
5.091783584591427075e-02
5.091783584591427075e-02
5.091783584591427075e-02
5.091783584591427075e-02
5.091783584591427075e-02
5.091783584591427075e-02
5.091783584591427075e-02
5.091783584591427075e-02
5.091783584591427075e-02
5.091783584591427075e-02
5.091783584591427075e-02
5.091783584591427075e-02
5.091783584591427075e-02
5.091783584591427075e-02
5.091783584591427075e-02
5.091783584591427075e-02
5.091783584591427075e-02
5.091783584591427075e-02
5.091783584591427075e-02
5.091783584591427075e-02
5.091783584591427075e-02
5.091783584591427075e-02
5.091783584591427075e-02
5.091783584591427075e-02
5.091783584591427075e-02
5.091783584591427075e-02
5.091783584591427075e-02
5.091783584591427075e-02
5.091783584591427075e-02
5.091783584591427075e-02
5.091783584591427075e-02
5.091783584591427075e-02
5.091783584591427075e-02
5.091783584591427075e-02
5.091783584591427075e-02
5.091783584591427075e-02
5.091783584591427075e-02
5.091783584591427075e-02
5.091783584591427075e-02
5.091783584591427075e-02
5.091783584591427075e-02
5.091783584591427075e-02
5.091783584591427075e-02
5.091783584591427075e-02
5.091783584591427075e-02
5.091783584591427075e-02
5.091783584591427075e-02
5.091783584591427075e-02
5.091783584591427075e-02
5.091783584591427075e-02
5.091783584591427075e-02
5.091783584591427075e-02
5.091783584591427075e-02
5.091783584591427075e-02
5.091783584591427075e-02
5.091783584591427075e-02
5.091783584591427075e-02
5.091783584591427075e-02
5.091783584591427075e-02
5.091783584591427075e-02
5.091783584591427075e-02
5.091783584591427075e-02
5.091783584591427075e-02
5.091783584591427075e-02
5.091783584591427075e-02
5.091783584591427075e-02
5.091783584591427075e-02
5.091783584591427075e-02
5.091783584591427075e-02
5.091783584591427075e-02
5.091783584591427075e-02
5.091783584591427075e-02
5.091783584591427075e-02
5.091783584591427075e-02
5.091783584591427075e-02
5.091783584591427075e-02
5.091783584591427075e-02
5.091783584591427075e-02
5.091783584591427075e-02
5.091783584591427075e-02
5.091783584591427075e-02
5.091783584591427075e-02
5.091783584591427075e-02
5.091783584591427075e-02
5.091783584591427075e-02
5.091783584591427075e-02
5.091783584591427075e-02
5.091783584591427075e-02
5.091783584591427075e-02
5.091783584591427075e-02
5.091783584591427075e-02
5.091783584591427075e-02
5.091783584591427075e-02
5.091783584591427075e-02
5.091783584591427075e-02
5.091783584591427075e-02
5.091783584591427075e-02
5.091783584591427075e-02
5.091783584591427075e-02
5.091783584591427075e-02
5.091783584591427075e-02
5.091783584591427075e-02
5.091783584591427075e-02
5.091783584591427075e-02
5.091783584591427075e-02
5.091783584591427075e-02
5.091783584591427075e-02
5.091783584591427075e-02
5.091783584591427075e-02
5.091783584591427075e-02
5.091783584591427075e-02
5.091783584591427075e-02
5.091783584591427075e-02
5.091783584591427075e-02
5.091783584591427075e-02
5.091783584591427075e-02
5.091783584591427075e-02
5.091783584591427075e-02
5.091783584591427075e-02
5.091783584591427075e-02
5.091783584591427075e-02
5.091783584591427075e-02
5.091783584591427075e-02
5.091783584591427075e-02
5.091783584591427075e-02
5.091783584591427075e-02
5.091783584591427075e-02
5.091783584591427075e-02
5.091783584591427075e-02
5.091783584591427075e-02
5.091783584591427075e-02
5.091783584591427075e-02
5.091783584591427075e-02
5.091783584591427075e-02
5.091783584591427075e-02
5.091783584591427075e-02
5.091783584591427075e-02
5.091783584591427075e-02
5.091783584591427075e-02
5.091783584591427075e-02
