0.000000000000000000e+00
7.312052080216462080e-02
7.324801788700729954e-02
7.280938988541731105e-02
7.236669850068484788e-02
7.215305141544307854e-02
7.145946831365819485e-02
7.212506513214976545e-02
7.147827582212726294e-02
7.103262775090864178e-02
7.120764689782303758e-02
7.200625491261547495e-02
7.159554128724444910e-02
7.186213812446103077e-02
7.211621587256598909e-02
7.213154898531476400e-02
7.190293724975284351e-02
7.159519807858695517e-02
7.159519807858695517e-02
7.237104362633187127e-02
7.221641838849569839e-02
7.209803702074915610e-02
7.212049348139250304e-02
7.212049348139250304e-02
7.216138505661384706e-02
7.273504904340766242e-02
7.276621389312505628e-02
7.273314295319815992e-02
7.256268319929468080e-02
7.256268319929468080e-02
7.206804662130421313e-02
7.206804662130421313e-02
7.240437869547812488e-02
7.251989865646453481e-02
7.276987266906170815e-02
7.276987266906170815e-02
7.276987266906170815e-02
7.276987266906170815e-02
7.276987266906170815e-02
7.276987266906170815e-02
7.276987266906170815e-02
7.276987266906170815e-02
7.276987266906170815e-02
7.276987266906170815e-02
7.276987266906170815e-02
7.276987266906170815e-02
7.276987266906170815e-02
7.276987266906170815e-02
7.251989865646453481e-02
7.251989865646453481e-02
7.251989865646453481e-02
7.251989865646453481e-02
7.251989865646453481e-02
7.251989865646453481e-02
7.251989865646453481e-02
7.251989865646453481e-02
7.251989865646453481e-02
7.251989865646453481e-02
7.251989865646453481e-02
7.251989865646453481e-02
7.251989865646453481e-02
7.251989865646453481e-02
7.251989865646453481e-02
7.251989865646453481e-02
7.251989865646453481e-02
7.251989865646453481e-02
7.251989865646453481e-02
7.251989865646453481e-02
7.251989865646453481e-02
7.251989865646453481e-02
7.251989865646453481e-02
7.251989865646453481e-02
7.251989865646453481e-02
7.251989865646453481e-02
7.251989865646453481e-02
7.251989865646453481e-02
7.251989865646453481e-02
7.251989865646453481e-02
7.251989865646453481e-02
7.251989865646453481e-02
7.251989865646453481e-02
7.251989865646453481e-02
7.251989865646453481e-02
7.251989865646453481e-02
7.251989865646453481e-02
7.251989865646453481e-02
7.251989865646453481e-02
7.251989865646453481e-02
7.251989865646453481e-02
7.251989865646453481e-02
7.251989865646453481e-02
7.251989865646453481e-02
7.251989865646453481e-02
7.251989865646453481e-02
7.251989865646453481e-02
7.251989865646453481e-02
7.251989865646453481e-02
7.251989865646453481e-02
7.251989865646453481e-02
7.251989865646453481e-02
7.251989865646453481e-02
7.251989865646453481e-02
7.251989865646453481e-02
7.251989865646453481e-02
7.251989865646453481e-02
7.251989865646453481e-02
7.251989865646453481e-02
7.251989865646453481e-02
7.251989865646453481e-02
7.251989865646453481e-02
7.251989865646453481e-02
7.251989865646453481e-02
7.251989865646453481e-02
7.251989865646453481e-02
7.251989865646453481e-02
7.251989865646453481e-02
7.251989865646453481e-02
7.251989865646453481e-02
7.251989865646453481e-02
7.251989865646453481e-02
7.251989865646453481e-02
7.251989865646453481e-02
7.251989865646453481e-02
7.251989865646453481e-02
7.251989865646453481e-02
7.251989865646453481e-02
7.251989865646453481e-02
7.251989865646453481e-02
7.251989865646453481e-02
7.251989865646453481e-02
7.251989865646453481e-02
7.251989865646453481e-02
7.251989865646453481e-02
7.251989865646453481e-02
7.251989865646453481e-02
7.251989865646453481e-02
7.251989865646453481e-02
7.251989865646453481e-02
7.251989865646453481e-02
7.251989865646453481e-02
7.251989865646453481e-02
7.251989865646453481e-02
7.251989865646453481e-02
7.251989865646453481e-02
7.251989865646453481e-02
7.251989865646453481e-02
7.251989865646453481e-02
7.251989865646453481e-02
7.251989865646453481e-02
7.251989865646453481e-02
7.251989865646453481e-02
7.251989865646453481e-02
7.251989865646453481e-02
7.251989865646453481e-02
7.251989865646453481e-02
7.251989865646453481e-02
7.251989865646453481e-02
7.251989865646453481e-02
7.251989865646453481e-02
7.251989865646453481e-02
7.251989865646453481e-02
7.251989865646453481e-02
7.251989865646453481e-02
7.251989865646453481e-02
7.251989865646453481e-02
7.251989865646453481e-02
7.251989865646453481e-02
7.251989865646453481e-02
7.251989865646453481e-02
7.251989865646453481e-02
7.251989865646453481e-02
7.251989865646453481e-02
7.251989865646453481e-02
7.251989865646453481e-02
7.251989865646453481e-02
7.251989865646453481e-02
7.251989865646453481e-02
7.251989865646453481e-02
7.251989865646453481e-02
7.251989865646453481e-02
7.251989865646453481e-02
7.251989865646453481e-02
7.251989865646453481e-02
7.251989865646453481e-02
7.251989865646453481e-02
7.251989865646453481e-02
7.251989865646453481e-02
7.251989865646453481e-02
7.251989865646453481e-02
7.251989865646453481e-02
7.251989865646453481e-02
7.251989865646453481e-02
7.251989865646453481e-02
7.251989865646453481e-02
7.251989865646453481e-02
7.251989865646453481e-02
7.251989865646453481e-02
7.251989865646453481e-02
7.251989865646453481e-02
7.251989865646453481e-02
7.251989865646453481e-02
7.251989865646453481e-02
7.251989865646453481e-02
7.251989865646453481e-02
7.251989865646453481e-02
7.251989865646453481e-02
7.251989865646453481e-02
7.251989865646453481e-02
7.251989865646453481e-02
7.251989865646453481e-02
7.251989865646453481e-02
7.251989865646453481e-02
7.251989865646453481e-02
7.251989865646453481e-02
7.251989865646453481e-02
7.251989865646453481e-02
7.251989865646453481e-02
7.251989865646453481e-02
7.251989865646453481e-02
7.251989865646453481e-02
7.251989865646453481e-02
7.251989865646453481e-02
7.251989865646453481e-02
7.251989865646453481e-02
7.251989865646453481e-02
7.251989865646453481e-02
7.251989865646453481e-02
7.251989865646453481e-02
7.251989865646453481e-02
7.251989865646453481e-02
7.251989865646453481e-02
7.251989865646453481e-02
7.251989865646453481e-02
7.251989865646453481e-02
7.251989865646453481e-02
7.251989865646453481e-02
7.251989865646453481e-02
7.251989865646453481e-02
7.251989865646453481e-02
7.251989865646453481e-02
7.251989865646453481e-02
7.251989865646453481e-02
7.251989865646453481e-02
7.251989865646453481e-02
7.251989865646453481e-02
7.251989865646453481e-02
7.251989865646453481e-02
7.251989865646453481e-02
7.251989865646453481e-02
7.251989865646453481e-02
