-1.899999999999999911e+00 0.000000000000000000e+00
-1.896386430678465906e+00 0.000000000000000000e+00
-1.892772861356932124e+00 0.000000000000000000e+00
-1.889159292035398119e+00 0.000000000000000000e+00
-1.885545722713864114e+00 0.000000000000000000e+00
-1.881932153392330331e+00 0.000000000000000000e+00
-1.878318584070796327e+00 0.000000000000000000e+00
-1.874705014749262544e+00 0.000000000000000000e+00
-1.871091445427728539e+00 0.000000000000000000e+00
-1.867477876106194534e+00 0.000000000000000000e+00
-1.863864306784660752e+00 0.000000000000000000e+00
-1.860250737463126747e+00 0.000000000000000000e+00
-1.856637168141592742e+00 0.000000000000000000e+00
-1.853023598820058959e+00 0.000000000000000000e+00
-1.849410029498524954e+00 0.000000000000000000e+00
-1.845796460176990950e+00 0.000000000000000000e+00
-1.842182890855457167e+00 0.000000000000000000e+00
-1.838569321533923162e+00 0.000000000000000000e+00
-1.834955752212389379e+00 0.000000000000000000e+00
-1.831342182890855375e+00 0.000000000000000000e+00
-1.827728613569321370e+00 0.000000000000000000e+00
-1.824115044247787587e+00 0.000000000000000000e+00
-1.820501474926253582e+00 0.000000000000000000e+00
-1.816887905604719577e+00 0.000000000000000000e+00
-1.813274336283185795e+00 0.000000000000000000e+00
-1.809660766961651790e+00 0.000000000000000000e+00
-1.806047197640118007e+00 0.000000000000000000e+00
-1.802433628318584002e+00 0.000000000000000000e+00
-1.798820058997049998e+00 0.000000000000000000e+00
-1.795206489675516215e+00 0.000000000000000000e+00
-1.791592920353982210e+00 0.000000000000000000e+00
-1.787979351032448205e+00 0.000000000000000000e+00
-1.784365781710914423e+00 0.000000000000000000e+00
-1.780752212389380418e+00 0.000000000000000000e+00
-1.777138643067846413e+00 0.000000000000000000e+00
-1.773525073746312630e+00 0.000000000000000000e+00
-1.769911504424778625e+00 0.000000000000000000e+00
-1.766297935103244843e+00 0.000000000000000000e+00
-1.762684365781710838e+00 0.000000000000000000e+00
-1.759070796460176833e+00 0.000000000000000000e+00
-1.755457227138643050e+00 0.000000000000000000e+00
-1.751843657817109046e+00 0.000000000000000000e+00
-1.748230088495575041e+00 0.000000000000000000e+00
-1.744616519174041258e+00 0.000000000000000000e+00
-1.741002949852507253e+00 0.000000000000000000e+00
-1.737389380530973249e+00 0.000000000000000000e+00
-1.733775811209439466e+00 0.000000000000000000e+00
-1.730162241887905461e+00 0.000000000000000000e+00
-1.726548672566371678e+00 0.000000000000000000e+00
-1.722935103244837673e+00 0.000000000000000000e+00
-1.719321533923303669e+00 0.000000000000000000e+00
-1.715707964601769886e+00 0.000000000000000000e+00
-1.712094395280235881e+00 0.000000000000000000e+00
-1.708480825958701876e+00 0.000000000000000000e+00
-1.704867256637168094e+00 0.000000000000000000e+00
-1.701253687315634089e+00 0.000000000000000000e+00
-1.697640117994100084e+00 0.000000000000000000e+00
-1.694026548672566301e+00 0.000000000000000000e+00
-1.690412979351032297e+00 0.000000000000000000e+00
-1.686799410029498514e+00 0.000000000000000000e+00
-1.683185840707964509e+00 0.000000000000000000e+00
-1.679572271386430504e+00 0.000000000000000000e+00
-1.675958702064896721e+00 0.000000000000000000e+00
-1.672345132743362717e+00 0.000000000000000000e+00
-1.668731563421828712e+00 0.000000000000000000e+00
-1.665117994100294929e+00 0.000000000000000000e+00
-1.661504424778760924e+00 0.000000000000000000e+00
-1.657890855457226920e+00 0.000000000000000000e+00
-1.654277286135693137e+00 0.000000000000000000e+00
-1.650663716814159132e+00 0.000000000000000000e+00
-1.647050147492625349e+00 0.000000000000000000e+00
-1.643436578171091345e+00 0.000000000000000000e+00
-1.639823008849557340e+00 0.000000000000000000e+00
-1.636209439528023557e+00 0.000000000000000000e+00
-1.632595870206489552e+00 0.000000000000000000e+00
-1.628982300884955770e+00 0.000000000000000000e+00
-1.625368731563421765e+00 0.000000000000000000e+00
-1.621755162241887760e+00 0.000000000000000000e+00
-1.618141592920353755e+00 0.000000000000000000e+00
-1.614528023598819972e+00 0.000000000000000000e+00
-1.610914454277285968e+00 0.000000000000000000e+00
-1.607300884955752185e+00 0.000000000000000000e+00
-1.603687315634218180e+00 0.000000000000000000e+00
-1.600073746312684175e+00 0.000000000000000000e+00
-1.596460176991150393e+00 0.000000000000000000e+00
-1.592846607669616388e+00 0.000000000000000000e+00
-1.589233038348082605e+00 0.000000000000000000e+00
-1.585619469026548600e+00 0.000000000000000000e+00
-1.582005899705014595e+00 0.000000000000000000e+00
-1.578392330383480591e+00 0.000000000000000000e+00
-1.574778761061946808e+00 0.000000000000000000e+00
-1.571165191740412803e+00 0.000000000000000000e+00
-1.567551622418879020e+00 0.000000000000000000e+00
-1.563938053097345016e+00 0.000000000000000000e+00
-1.560324483775811011e+00 0.000000000000000000e+00
-1.556710914454277228e+00 0.000000000000000000e+00
-1.553097345132743223e+00 0.000000000000000000e+00
-1.549483775811209441e+00 0.000000000000000000e+00
-1.545870206489675436e+00 0.000000000000000000e+00
-1.542256637168141431e+00 0.000000000000000000e+00
-1.538643067846607426e+00 0.000000000000000000e+00
-1.535029498525073643e+00 0.000000000000000000e+00
-1.531415929203539639e+00 0.000000000000000000e+00
-1.527802359882005856e+00 0.000000000000000000e+00
-1.524188790560471851e+00 0.000000000000000000e+00
-1.520575221238937846e+00 0.000000000000000000e+00
-1.516961651917404064e+00 0.000000000000000000e+00
-1.513348082595870059e+00 0.000000000000000000e+00
-1.509734513274336276e+00 0.000000000000000000e+00
-1.506120943952802271e+00 0.000000000000000000e+00
-1.502507374631268267e+00 0.000000000000000000e+00
-1.498893805309734262e+00 0.000000000000000000e+00
-1.495280235988200479e+00 0.000000000000000000e+00
-1.491666666666666474e+00 0.000000000000000000e+00
-1.488053097345132691e+00 0.000000000000000000e+00
-1.484439528023598687e+00 0.000000000000000000e+00
-1.480825958702064682e+00 0.000000000000000000e+00
-1.477212389380530899e+00 0.000000000000000000e+00
-1.473598820058996894e+00 0.000000000000000000e+00
-1.469985250737463112e+00 0.000000000000000000e+00
-1.466371681415929107e+00 0.000000000000000000e+00
-1.462758112094395102e+00 0.000000000000000000e+00
-1.459144542772861097e+00 0.000000000000000000e+00
-1.455530973451327315e+00 0.000000000000000000e+00
-1.451917404129793310e+00 0.000000000000000000e+00
-1.448303834808259527e+00 0.000000000000000000e+00
-1.444690265486725522e+00 0.000000000000000000e+00
-1.441076696165191517e+00 0.000000000000000000e+00
-1.437463126843657735e+00 0.000000000000000000e+00
-1.433849557522123730e+00 0.000000000000000000e+00
-1.430235988200589947e+00 0.000000000000000000e+00
-1.426622418879055942e+00 0.000000000000000000e+00
-1.423008849557521938e+00 0.000000000000000000e+00
-1.419395280235987933e+00 0.000000000000000000e+00
-1.415781710914454150e+00 0.000000000000000000e+00
-1.412168141592920145e+00 0.000000000000000000e+00
-1.408554572271386363e+00 0.000000000000000000e+00
-1.404941002949852358e+00 0.000000000000000000e+00
-1.401327433628318353e+00 0.000000000000000000e+00
-1.397713864306784570e+00 0.000000000000000000e+00
-1.394100294985250565e+00 0.000000000000000000e+00
-1.390486725663716783e+00 0.000000000000000000e+00
-1.386873156342182778e+00 0.000000000000000000e+00
-1.383259587020648773e+00 0.000000000000000000e+00
-1.379646017699114768e+00 0.000000000000000000e+00
-1.376032448377580986e+00 0.000000000000000000e+00
-1.372418879056047203e+00 0.000000000000000000e+00
-1.368805309734513198e+00 0.000000000000000000e+00
-1.365191740412979193e+00 0.000000000000000000e+00
-1.361578171091445189e+00 0.000000000000000000e+00
-1.357964601769911406e+00 0.000000000000000000e+00
-1.354351032448377401e+00 0.000000000000000000e+00
-1.350737463126843618e+00 0.000000000000000000e+00
-1.347123893805309613e+00 0.000000000000000000e+00
-1.343510324483775609e+00 0.000000000000000000e+00
-1.339896755162241604e+00 0.000000000000000000e+00
-1.336283185840707821e+00 0.000000000000000000e+00
-1.332669616519174038e+00 0.000000000000000000e+00
-1.329056047197640034e+00 0.000000000000000000e+00
-1.325442477876106029e+00 0.000000000000000000e+00
-1.321828908554572024e+00 0.000000000000000000e+00
-1.318215339233038241e+00 0.000000000000000000e+00
-1.314601769911504237e+00 0.000000000000000000e+00
-1.310988200589970454e+00 0.000000000000000000e+00
-1.307374631268436449e+00 0.000000000000000000e+00
-1.303761061946902444e+00 0.000000000000000000e+00
-1.300147492625368439e+00 0.000000000000000000e+00
-1.296533923303834657e+00 0.000000000000000000e+00
-1.292920353982300874e+00 0.000000000000000000e+00
-1.289306784660766869e+00 0.000000000000000000e+00
-1.285693215339232864e+00 0.000000000000000000e+00
-1.282079646017698860e+00 0.000000000000000000e+00
-1.278466076696165077e+00 0.000000000000000000e+00
-1.274852507374631072e+00 0.000000000000000000e+00
-1.271238938053097289e+00 0.000000000000000000e+00
-1.267625368731563285e+00 0.000000000000000000e+00
-1.264011799410029280e+00 0.000000000000000000e+00
-1.260398230088495275e+00 0.000000000000000000e+00
-1.256784660766961492e+00 0.000000000000000000e+00
-1.253171091445427709e+00 0.000000000000000000e+00
-1.249557522123893705e+00 0.000000000000000000e+00
-1.245943952802359700e+00 0.000000000000000000e+00
-1.242330383480825695e+00 0.000000000000000000e+00
-1.238716814159291912e+00 0.000000000000000000e+00
-1.235103244837757908e+00 0.000000000000000000e+00
-1.231489675516224125e+00 0.000000000000000000e+00
-1.227876106194690120e+00 0.000000000000000000e+00
-1.224262536873156115e+00 0.000000000000000000e+00
-1.220648967551622111e+00 0.000000000000000000e+00
-1.217035398230088328e+00 0.000000000000000000e+00
-1.213421828908554545e+00 0.000000000000000000e+00
-1.209808259587020540e+00 0.000000000000000000e+00
-1.206194690265486535e+00 0.000000000000000000e+00
-1.202581120943952531e+00 0.000000000000000000e+00
-1.198967551622418748e+00 0.000000000000000000e+00
-1.195353982300884743e+00 0.000000000000000000e+00
-1.191740412979350960e+00 0.000000000000000000e+00
-1.188126843657816956e+00 0.000000000000000000e+00
-1.184513274336282951e+00 0.000000000000000000e+00
-1.180899705014748946e+00 0.000000000000000000e+00
-1.177286135693215163e+00 0.000000000000000000e+00
-1.173672566371681381e+00 0.000000000000000000e+00
-1.170058997050147376e+00 0.000000000000000000e+00
-1.166445427728613371e+00 0.000000000000000000e+00
-1.162831858407079366e+00 0.000000000000000000e+00
-1.159218289085545583e+00 0.000000000000000000e+00
-1.155604719764011579e+00 0.000000000000000000e+00
-1.151991150442477796e+00 0.000000000000000000e+00
-1.148377581120943791e+00 0.000000000000000000e+00
-1.144764011799409786e+00 0.000000000000000000e+00
-1.141150442477875782e+00 0.000000000000000000e+00
-1.137536873156341999e+00 0.000000000000000000e+00
-1.133923303834808216e+00 0.000000000000000000e+00
-1.130309734513274211e+00 0.000000000000000000e+00
-1.126696165191740207e+00 0.000000000000000000e+00
-1.123082595870206202e+00 0.000000000000000000e+00
-1.119469026548672419e+00 0.000000000000000000e+00
-1.115855457227138636e+00 0.000000000000000000e+00
-1.112241887905604631e+00 0.000000000000000000e+00
-1.108628318584070627e+00 0.000000000000000000e+00
-1.105014749262536622e+00 0.000000000000000000e+00
-1.101401179941002617e+00 0.000000000000000000e+00
-1.097787610619468834e+00 0.000000000000000000e+00
-1.094174041297935052e+00 0.000000000000000000e+00
-1.090560471976401047e+00 0.000000000000000000e+00
-1.086946902654867042e+00 0.000000000000000000e+00
-1.083333333333333037e+00 0.000000000000000000e+00
-1.079719764011799255e+00 0.000000000000000000e+00
-1.076106194690265472e+00 0.000000000000000000e+00
-1.072492625368731467e+00 0.000000000000000000e+00
-1.068879056047197462e+00 0.000000000000000000e+00
-1.065265486725663457e+00 0.000000000000000000e+00
-1.061651917404129453e+00 0.000000000000000000e+00
-1.058038348082595670e+00 0.000000000000000000e+00
-1.054424778761061887e+00 0.000000000000000000e+00
-1.050811209439527882e+00 0.000000000000000000e+00
-1.047197640117993878e+00 0.000000000000000000e+00
-1.043584070796459873e+00 0.000000000000000000e+00
-1.039970501474926090e+00 0.000000000000000000e+00
-1.036356932153392307e+00 0.000000000000000000e+00
-1.032743362831858303e+00 0.000000000000000000e+00
-1.029129793510324298e+00 0.000000000000000000e+00
-1.025516224188790293e+00 0.000000000000000000e+00
-1.021902654867256510e+00 0.000000000000000000e+00
-1.018289085545722505e+00 0.000000000000000000e+00
-1.014675516224188723e+00 0.000000000000000000e+00
-1.011061946902654718e+00 0.000000000000000000e+00
-1.007448377581120713e+00 0.000000000000000000e+00
-1.003834808259586708e+00 0.000000000000000000e+00
-1.000221238938052926e+00 0.000000000000000000e+00
-9.966076696165190318e-01 0.000000000000000000e+00
-9.929941002949850271e-01 0.000000000000000000e+00
-9.893805309734511333e-01 0.000000000000000000e+00
-9.857669616519172395e-01 0.000000000000000000e+00
-9.821533923303833458e-01 0.000000000000000000e+00
-9.785398230088493410e-01 0.000000000000000000e+00
-9.749262536873154472e-01 0.000000000000000000e+00
-9.713126843657815535e-01 0.000000000000000000e+00
-9.676991150442475487e-01 0.000000000000000000e+00
-9.640855457227136549e-01 0.000000000000000000e+00
-9.604719764011797611e-01 0.000000000000000000e+00
-9.568584070796458674e-01 0.000000000000000000e+00
-9.532448377581118626e-01 0.000000000000000000e+00
-9.496312684365779688e-01 0.000000000000000000e+00
-9.460176991150440751e-01 0.000000000000000000e+00
-9.424041297935101813e-01 0.000000000000000000e+00
-9.387905604719761765e-01 0.000000000000000000e+00
-9.351769911504422828e-01 0.000000000000000000e+00
-9.315634218289083890e-01 0.000000000000000000e+00
-9.279498525073743842e-01 0.000000000000000000e+00
-9.243362831858404904e-01 0.000000000000000000e+00
-9.207227138643065967e-01 0.000000000000000000e+00
-9.171091445427727029e-01 0.000000000000000000e+00
-9.134955752212386981e-01 0.000000000000000000e+00
-9.098820058997048044e-01 0.000000000000000000e+00
-9.062684365781709106e-01 0.000000000000000000e+00
-9.026548672566370168e-01 0.000000000000000000e+00
-8.990412979351030121e-01 0.000000000000000000e+00
-8.954277286135692293e-01 0.000000000000000000e+00
-8.918141592920352245e-01 0.000000000000000000e+00
-8.882005899705012197e-01 0.000000000000000000e+00
-8.845870206489674370e-01 0.000000000000000000e+00
-8.809734513274334322e-01 0.000000000000000000e+00
-8.773598820058994274e-01 0.000000000000000000e+00
-8.737463126843656447e-01 0.000000000000000000e+00
-8.701327433628316399e-01 0.000000000000000000e+00
-8.665191740412976351e-01 0.000000000000000000e+00
-8.629056047197638524e-01 0.000000000000000000e+00
-8.592920353982298476e-01 0.000000000000000000e+00
-8.556784660766960648e-01 0.000000000000000000e+00
-8.520648967551620601e-01 0.000000000000000000e+00
-8.484513274336280553e-01 0.000000000000000000e+00
-8.448377581120942725e-01 0.000000000000000000e+00
-8.412241887905602677e-01 0.000000000000000000e+00
-8.376106194690262630e-01 0.000000000000000000e+00
-8.339970501474924802e-01 0.000000000000000000e+00
-8.303834808259584754e-01 0.000000000000000000e+00
-8.267699115044244706e-01 0.000000000000000000e+00
-8.231563421828906879e-01 0.000000000000000000e+00
-8.195427728613566831e-01 0.000000000000000000e+00
-8.159292035398229004e-01 0.000000000000000000e+00
-8.123156342182888956e-01 0.000000000000000000e+00
-8.087020648967548908e-01 0.000000000000000000e+00
-8.050884955752211081e-01 0.000000000000000000e+00
-8.014749262536871033e-01 0.000000000000000000e+00
-7.978613569321530985e-01 0.000000000000000000e+00
-7.942477876106193158e-01 0.000000000000000000e+00
-7.906342182890853110e-01 0.000000000000000000e+00
-7.870206489675513062e-01 0.000000000000000000e+00
-7.834070796460175234e-01 0.000000000000000000e+00
-7.797935103244835187e-01 0.000000000000000000e+00
-7.761799410029497359e-01 0.000000000000000000e+00
-7.725663716814157311e-01 0.000000000000000000e+00
-7.689528023598817263e-01 0.000000000000000000e+00
-7.653392330383479436e-01 0.000000000000000000e+00
-7.617256637168139388e-01 0.000000000000000000e+00
-7.581120943952799340e-01 0.000000000000000000e+00
-7.544985250737461513e-01 0.000000000000000000e+00
-7.508849557522121465e-01 0.000000000000000000e+00
-7.472713864306783638e-01 0.000000000000000000e+00
-7.436578171091443590e-01 0.000000000000000000e+00
-7.400442477876103542e-01 0.000000000000000000e+00
-7.364306784660765715e-01 0.000000000000000000e+00
-7.328171091445425667e-01 0.000000000000000000e+00
-7.292035398230085619e-01 0.000000000000000000e+00
-7.255899705014747791e-01 0.000000000000000000e+00
-7.219764011799407744e-01 0.000000000000000000e+00
-7.183628318584067696e-01 0.000000000000000000e+00
-7.147492625368729868e-01 0.000000000000000000e+00
-7.111356932153389820e-01 0.000000000000000000e+00
-7.075221238938051993e-01 0.000000000000000000e+00
-7.039085545722711945e-01 0.000000000000000000e+00
-7.002949852507371897e-01 0.000000000000000000e+00
-6.966814159292034070e-01 0.000000000000000000e+00
-6.930678466076694022e-01 0.000000000000000000e+00
-6.894542772861353974e-01 0.000000000000000000e+00
-6.858407079646016147e-01 0.000000000000000000e+00
-6.822271386430676099e-01 0.000000000000000000e+00
-6.786135693215336051e-01 0.000000000000000000e+00
-6.749999999999998224e-01 0.000000000000000000e+00
-6.713864306784658176e-01 0.000000000000000000e+00
-6.677728613569320348e-01 0.000000000000000000e+00
-6.641592920353980301e-01 0.000000000000000000e+00
-6.605457227138640253e-01 0.000000000000000000e+00
-6.569321533923302425e-01 0.000000000000000000e+00
-6.533185840707962377e-01 0.000000000000000000e+00
-6.497050147492622330e-01 0.000000000000000000e+00
-6.460914454277284502e-01 0.000000000000000000e+00
-6.424778761061944454e-01 0.000000000000000000e+00
-6.388643067846604406e-01 0.000000000000000000e+00
-6.352507374631266579e-01 0.000000000000000000e+00
-6.316371681415926531e-01 0.000000000000000000e+00
-6.280235988200588704e-01 0.000000000000000000e+00
-6.244100294985248656e-01 0.000000000000000000e+00
-6.207964601769908608e-01 0.000000000000000000e+00
-6.171828908554570781e-01 0.000000000000000000e+00
-6.135693215339230733e-01 0.000000000000000000e+00
-6.099557522123890685e-01 0.000000000000000000e+00
-6.063421828908552857e-01 0.000000000000000000e+00
-6.027286135693212810e-01 0.000000000000000000e+00
-5.991150442477872762e-01 0.000000000000000000e+00
-5.955014749262534934e-01 0.000000000000000000e+00
-5.918879056047194887e-01 0.000000000000000000e+00
-5.882743362831857059e-01 0.000000000000000000e+00
-5.846607669616517011e-01 0.000000000000000000e+00
-5.810471976401176963e-01 0.000000000000000000e+00
-5.774336283185839136e-01 0.000000000000000000e+00
-5.738200589970499088e-01 0.000000000000000000e+00
-5.702064896755159040e-01 0.000000000000000000e+00
-5.665929203539821213e-01 0.000000000000000000e+00
-5.629793510324481165e-01 0.000000000000000000e+00
-5.593657817109143338e-01 0.000000000000000000e+00
-5.557522123893803290e-01 1.830210219273384105e-312
-5.521386430678463242e-01 1.531460629749049337e-294
-5.485250737463125414e-01 1.234173038875520689e-277
-5.449115044247785367e-01 1.093081317412186938e-261
-5.412979351032445319e-01 1.205169166841540878e-246
-5.376843657817107491e-01 1.860498108343849594e-232
-5.340707964601767443e-01 4.493530114614120916e-219
-5.304572271386427396e-01 1.885391186757920034e-206
-5.268436578171089568e-01 1.517008945874105104e-194
-5.232300884955749520e-01 2.569498805745906707e-183
-5.196165191740411693e-01 1.000465882208573054e-172
-5.160029498525071645e-01 9.730097806868596481e-163
-5.123893805309731597e-01 2.556402491584756605e-153
-5.087758112094393770e-01 1.953697106506943253e-144
-5.051622418879053722e-01 4.657048319720727270e-136
-5.015486725663713674e-01 3.698211417987925364e-128
-4.979351032448375847e-01 1.041095726478361525e-120
-4.943215339233035799e-01 1.101734942892716614e-113
-4.907079646017695751e-01 4.632179705592433102e-107
-4.870943952802357924e-01 8.152582628671203451e-101
-4.834808259587017876e-01 6.309688362530970649e-95
-4.798672566371680048e-01 2.249667929487498676e-89
-4.762536873156340000e-01 3.860851368199305870e-84
-4.726401179940999953e-01 3.324174051230193858e-79
-4.690265486725662125e-01 1.493097741208828793e-74
-4.654129793510322077e-01 3.630006099740840240e-70
-4.617994100294982029e-01 4.945939455064996809e-66
-4.581858407079644202e-01 3.902724978145321797e-62
-4.545722713864304154e-01 1.839568065443917035e-58
-4.509587020648964106e-01 5.333158874989063923e-55
-4.473451327433626279e-01 9.775738437771687183e-52
-4.437315634218286231e-01 1.162815056547656086e-48
-4.401179941002948404e-01 9.198762689626648055e-46
-4.365044247787608356e-01 4.952967874394344606e-43
-4.328908554572268308e-01 1.855284112116814159e-40
-4.292772861356930481e-01 4.935367529855499510e-38
-4.256637168141590433e-01 9.506969899174422383e-36
-4.220501474926250385e-01 1.350672972665803878e-33
-4.184365781710912557e-01 1.440008753650656651e-31
-4.148230088495572510e-01 1.171070559021061193e-29
-4.112094395280232462e-01 7.377325551100283027e-28
-4.075958702064894634e-01 3.652827086937993103e-26
-4.039823008849554586e-01 1.441227697273066793e-24
-4.003687315634216759e-01 4.590196672131674110e-23
-3.967551622418876711e-01 1.194617687933221430e-21
-3.931415929203536663e-01 2.569976038765515930e-20
-3.895280235988198836e-01 4.620106035412547987e-19
-3.859144542772858788e-01 7.012138514297571117e-18
-3.823008849557518740e-01 9.072467227001702734e-17
-3.786873156342180913e-01 1.009809390560026799e-15
-3.750737463126840865e-01 9.752828642168000990e-15
-3.714601769911500817e-01 8.239961480159432041e-14
-3.678466076696162990e-01 6.136905349484985851e-13
-3.642330383480822942e-01 4.058269799361186062e-12
-3.606194690265485114e-01 2.399160103892329013e-11
-3.570058997050145067e-01 1.276133122373179222e-10
-3.533923303834805019e-01 6.144468171746243926e-10
-3.497787610619467191e-01 2.693442991285146717e-09
-3.461651917404127143e-01 1.080709499513519127e-08
-3.425516224188787096e-01 3.989305104280029523e-08
-3.389380530973449268e-01 1.361308199431501384e-07
-3.353244837758109220e-01 4.313719713029477198e-07
-3.317109144542771393e-01 1.274785690648145407e-06
-3.280973451327431345e-01 3.527445390350446757e-06
-3.244837758112091297e-01 9.174234620402559170e-06
-3.208702064896753470e-01 2.250714947369324590e-05
-3.172566371681413422e-01 5.226107943311999359e-05
-3.136430678466073374e-01 1.152195165509029180e-04
-3.100294985250735547e-01 2.419174822224981470e-04
-3.064159292035395499e-01 4.851001054964925374e-04
-3.028023598820055451e-01 9.314887639665592406e-04
-2.991887905604717623e-01 1.717113714905426454e-03
-2.955752212389377576e-01 3.045974745025710299e-03
-2.919616519174039748e-01 5.211119985051017485e-03
-2.883480825958699700e-01 8.616473501453206577e-03
-2.847345132743359652e-01 1.379702725325094963e-02
-2.811209439528021825e-01 2.143449764621641052e-02
-2.775073746312681777e-01 3.236537412751771398e-02
-2.738938053097341729e-01 4.757855181185612764e-02
-2.702802359882003902e-01 6.820046190521983354e-02
-2.666666666666663854e-01 9.546672773809324053e-02
-2.630530973451323806e-01 1.306807403112844324e-01
-2.594395280235985979e-01 1.751609762532030379e-01
-2.558259587020645931e-01 2.301801710107692356e-01
-2.522123893805308104e-01 2.969004330304201855e-01
-2.485988200589968056e-01 3.763089163243643065e-01
-2.449852507374628008e-01 4.691587052636308486e-01
-2.413716814159290180e-01 5.759191254958504480e-01
-2.377581120943950133e-01 6.967388594775452137e-01
-2.341445427728610085e-01 8.314241378739597454e-01
-2.305309734513272257e-01 9.794330421207234627e-01
-2.269174041297932209e-01 1.139885728993604408e+00
-2.233038348082592162e-01 1.311589294549162510e+00
-2.196902654867254334e-01 1.493075119420439245e+00
-2.160766961651914286e-01 1.682645930231413178e+00
-2.124631268436576459e-01 1.878429486960824457e+00
-2.088495575221236411e-01 2.078435747153965618e+00
-2.052359882005896363e-01 2.280614526293383459e+00
-2.016224188790558536e-01 2.482911017217515059e+00
-1.980088495575218488e-01 2.683316992814345880e+00
-1.943952802359878440e-01 2.879916039536967176e+00
-1.907817109144540613e-01 3.070921705387243517e+00
-1.871681415929200565e-01 3.254707955270038866e+00
-1.835545722713860517e-01 3.429831780232130090e+00
-1.799410029498522690e-01 3.595048186936550483e+00
-1.763274336283182642e-01 3.749318091195999791e+00
-1.727138643067844814e-01 3.891809853745617165e+00
-1.691002949852504766e-01 4.021895332817115865e+00
-1.654867256637164719e-01 4.139141395606533713e+00
-1.618731563421826891e-01 4.243297840786344644e+00
-1.582595870206486843e-01 4.334282649032005885e+00
-1.546460176991146795e-01 4.412165410100388208e+00
-1.510324483775808968e-01 4.477149684314992939e+00
-1.474188790560468920e-01 4.529554952924104150e+00
-1.438053097345131093e-01 4.569798703571563259e+00
-1.401917404129791045e-01 4.598379090210935161e+00
-1.365781710914450997e-01 4.615858505729585559e+00
-1.329646017699113170e-01 4.622848313416359822e+00
-1.293510324483773122e-01 4.619994902050509111e+00
-1.257374631268433074e-01 4.607967159672091917e+00
-1.221238938053095247e-01 4.587445403095207652e+00
-1.185103244837755199e-01 4.559111753471504436e+00
-1.148967551622415151e-01 4.523641911839474616e+00
-1.112831858407077323e-01 4.481698261513051840e+00
-1.076696165191737276e-01 4.433924205157985021e+00
-1.040560471976399448e-01 4.380939632242167647e+00
-1.004424778761059400e-01 4.323337406027524921e+00
-9.682890855457193524e-02 4.261680757284258547e+00
-9.321533923303815250e-02 4.196501473445328756e+00
-8.960176991150414771e-02 4.128298776104452728e+00
-8.598820058997014293e-02 4.057538785835252959e+00
-8.237463126843636019e-02 3.984654480646834696e+00
-7.876106194690235540e-02 3.910046062476056683e+00
-7.514749262536835062e-02 3.834081654538449069e+00
-7.153392330383456788e-02 3.757098260802015588e+00
-6.792035398230056309e-02 3.679402927071439233e+00
-6.430678466076678035e-02 3.601274051002629317e+00
-6.069321533923277556e-02 3.522962795693931337e+00
-5.707964601769877078e-02 3.444694568246303046e+00
-5.346607669616498804e-02 3.366670530815566220e+00
-4.985250737463098325e-02 3.289069117184468816e+00
-4.623893805309697846e-02 3.212047532771915570e+00
-4.262536873156319572e-02 3.135743220296439926e+00
-3.901179941002919094e-02 3.060275277056985654e+00
-3.539823008849518615e-02 2.985745813027711471e+00
-3.178466076696140341e-02 2.912241241731609698e+00
-2.817109144542739863e-02 2.839833498206653761e+00
-2.455752212389361588e-02 2.768581180356387783e+00
-2.094395280235961110e-02 2.698530611629975873e+00
-1.733038348082560631e-02 2.629716824349375148e+00
-1.371681415929182357e-02 2.562164464135766817e+00
-1.010324483775781879e-02 2.495888616822775408e+00
-6.489675516223814000e-03 2.430895560019097790e+00
-2.876106194690031259e-03 2.367183442130810889e+00
7.374631268439735265e-04 2.304742843727077162e+00
4.351032448377978312e-03 2.243548032940683168e+00
7.964601769911761053e-03 2.183548660949207854e+00
1.157817109144576584e-02 2.124690616991079306e+00
1.519174041297954858e-02 2.066918864434957648e+00
1.880530973451355337e-02 2.010177282123929210e+00
2.241887905604755815e-02 1.954408518578002019e+00
2.603244837758134089e-02 1.899553863325104563e+00
2.964601769911534568e-02 1.845553140593482855e+00
3.325958702064935046e-02 1.792344631706095370e+00
3.687315634218313321e-02 1.739865033780560122e+00
4.048672566371713799e-02 1.688049463760291413e+00
4.410029498525114278e-02 1.636831518380710504e+00
4.771386430678492552e-02 1.586143402393641821e+00
5.132743362831893030e-02 1.535916139202422537e+00
5.494100294985271304e-02 1.486079879946709870e+00
5.855457227138671783e-02 1.436564328935095114e+00
6.216814159292072262e-02 1.387299305034965569e+00
6.578171091445450536e-02 1.338215460019850145e+00
6.939528023598851014e-02 1.289245175715848735e+00
7.300884955752251493e-02 1.240323661776979502e+00
7.662241887905629767e-02 1.191390274673204130e+00
8.023598820059030245e-02 1.142390075524324811e+00
8.384955752212408520e-02 1.093275639202503369e+00
8.746312684365808998e-02 1.044009119024648768e+00
9.107669616519209477e-02 9.945645596874197469e-01
9.469026548672587751e-02 9.449304351906312460e-01
9.830383480825988229e-02 8.951123677699355241e-01
1.019174041297938871e-01 8.451359579493985530e-01
1.055309734513278919e-01 7.950496247446082743e-01
1.091445427728614526e-01 7.449273194091337036e-01
1.127581120943954573e-01 6.948709373810642020e-01
1.163716814159294621e-01 6.450122138307518016e-01
1.199852507374634669e-01 5.955138523719740729e-01
1.235988200589974717e-01 5.465696095276201261e-01
1.272123893805314765e-01 4.984030463632845853e-01
1.308259587020650372e-01 4.512646713913764374e-01
1.344395280235990420e-01 4.054272438655780464e-01
1.380530973451330468e-01 3.611790915074847286e-01
1.416666666666670515e-01 3.188154264007423411e-01
1.452802359882010563e-01 2.786278171460411790e-01
1.488938053097346170e-01 2.408921869033164576e-01
1.525073746312686218e-01 2.058559387796126405e-01
1.561209439528026266e-01 1.737250350488936113e-01
1.597345132743366314e-01 1.446520387861181534e-01
1.633480825958706362e-01 1.187262245096432772e-01
1.669616519174046410e-01 9.596683923759109780e-02
1.705752212389382017e-01 7.632041942990663852e-02
1.741887905604722064e-01 5.966273688570949280e-02
1.778023598820062112e-01 4.580548203685915615e-02
1.814159292035402160e-01 3.450725308008247699e-02
1.850294985250742208e-01 2.548788785244309602e-02
1.886430678466077815e-01 1.844474828369300351e-02
1.922566371681417863e-01 1.306933109888468517e-02
1.958702064896757911e-01 9.062586863055921080e-03
1.994837758112097958e-01 6.147586073577154808e-03
2.030973451327438006e-01 4.078624823453507950e-03
2.067109144542778054e-01 2.646419247079287700e-03
2.103244837758113661e-01 1.679584417572823566e-03
2.139380530973453709e-01 1.043027811339501849e-03
2.175516224188793757e-01 6.341448526981324860e-04
2.211651917404133805e-01 3.777685172238988615e-04
2.247787610619473853e-01 2.207261785448155159e-04
2.283923303834809460e-01 1.266537066571600968e-04
2.320058997050149507e-01 7.147580276068793642e-05
2.356194690265489555e-01 3.973824289501749247e-05
2.392330383480829603e-01 2.180622384845741708e-05
2.428466076696169651e-01 1.183478111993713478e-05
2.464601769911509699e-01 6.366394798780331347e-06
2.500737463126845306e-01 3.402295934525571966e-06
2.536873156342185354e-01 1.810582645808251666e-06
2.573008849557525402e-01 9.617676174297993408e-07
2.609144542772865449e-01 5.111690623843399055e-07
2.645280235988205497e-01 2.724723319247761086e-07
2.681415929203541104e-01 1.459935074419985624e-07
2.717551622418881152e-01 7.880312112060566944e-08
2.753687315634221200e-01 4.293795351397913445e-08
2.789823008849561248e-01 2.366195559333092857e-08
2.825958702064901296e-01 1.321055038853532858e-08
2.862094395280241343e-01 7.483805453433622821e-09
2.898230088495576950e-01 4.307674634818830430e-09
2.934365781710916998e-01 2.522233512818227516e-09
2.970501474926257046e-01 1.503725663758631402e-09
3.006637168141597094e-01 9.135430591340804663e-10
3.042772861356937142e-01 5.658775356169763319e-10
3.078908554572272749e-01 3.575426119425746105e-10
3.115044247787612797e-01 2.304891991088395009e-10
3.151179941002952845e-01 1.516095829385894704e-10
3.187315634218292892e-01 1.017480765293590524e-10
3.223451327433632940e-01 6.965586472595615447e-11
3.259587020648972988e-01 4.862638343381746725e-11
3.295722713864308595e-01 3.459926514010538777e-11
3.331858407079648643e-01 2.507795908942895831e-11
3.367994100294988691e-01 1.850356177606447420e-11
3.404129793510328739e-01 1.388761603528740080e-11
3.440265486725668787e-01 1.059379560873116545e-11
3.476401179941004393e-01 8.206303300952467947e-12
3.512536873156344441e-01 6.449439052972110316e-12
3.548672566371684489e-01 5.137763698809408638e-12
3.584808259587024537e-01 4.144798719230730207e-12
3.620943952802364585e-01 3.383103488365608148e-12
3.657079646017700192e-01 2.791426971741162662e-12
3.693215339233040240e-01 2.326314709872748262e-12
3.729351032448380288e-01 1.956556987731092143e-12
3.765486725663720335e-01 1.659471246460975312e-12
3.801622418879060383e-01 1.418382967205056592e-12
3.837758112094400431e-01 1.220898849438243310e-12
3.873893805309736038e-01 1.057709775049370742e-12
3.910029498525076086e-01 9.217519778632952974e-13
3.946165191740416134e-01 8.076130310834147527e-13
3.982300884955756182e-01 7.111069150863022842e-13
4.018436578171096230e-01 6.289670469796112930e-13
4.054572271386431837e-01 5.586224193175014153e-13
4.090707964601771884e-01 4.980328503777362663e-13
4.126843657817111932e-01 4.455666672667104533e-13
4.162979351032451980e-01 3.999091166932459068e-13
4.199115044247792028e-01 3.599932230674714327e-13
4.235250737463132076e-01 3.249471779457141866e-13
4.271386430678467683e-01 2.940540032540742369e-13
4.307522123893807731e-01 2.667203974539811675e-13
4.343657817109147778e-01 2.424525036162365073e-13
4.379793510324487826e-01 2.208369327744110869e-13
4.415929203539827874e-01 2.015258050400750097e-13
4.452064896755163481e-01 1.842248830588836902e-13
4.488200589970503529e-01 1.686841010184515769e-13
4.524336283185843577e-01 1.546899610799763805e-13
4.560471976401183625e-01 1.420593943695614150e-13
4.596607669616523673e-01 1.306347773088826771e-13
4.632743362831863720e-01 1.202798645150695929e-13
4.668879056047199327e-01 1.108764528268741919e-13
4.705014749262539375e-01 1.023216316209613306e-13
4.741150442477879423e-01 9.452550568094787350e-14
4.777286135693219471e-01 8.740930083224738708e-14
4.813421828908559519e-01 8.090378110085405747e-14
4.849557522123895126e-01 7.494792058916144318e-14
4.885693215339235174e-01 6.948778455327866253e-14
4.921828908554575222e-01 6.447558305679496879e-14
4.957964601769915269e-01 5.986886755317796575e-14
4.994100294985255317e-01 5.562984637670125306e-14
5.030235988200595365e-01 5.172479949686816223e-14
5.066371681415930972e-01 4.812357648314114389e-14
5.102507374631271020e-01 4.479916446353148218e-14
5.138643067846611068e-01 4.172731519141225810e-14
5.174778761061951116e-01 3.888622216703398617e-14
5.210914454277291163e-01 3.625624032020597787e-14
5.247050147492626770e-01 3.381964198033366241e-14
5.283185840707966818e-01 3.156040388707050027e-14
5.319321533923306866e-01 2.946402083233264131e-14
5.355457227138646914e-01 2.751734221689879960e-14
5.391592920353986962e-01 2.570842837857991530e-14
5.427728613569327010e-01 2.402642402591126263e-14
5.463864306784662617e-01 2.246144650910343079e-14
5.500000000000002665e-01 2.100448699280443878e-14
5.536135693215342712e-01 1.964732287453344893e-14
5.572271386430682760e-01 1.838244002774566013e-14
5.608407079646022808e-01 1.720296364698551628e-14
5.644542772861358415e-01 1.610259664063960369e-14
5.680678466076698463e-01 1.507556465948071566e-14
5.716814159292038511e-01 1.411656697068444283e-14
5.752949852507378559e-01 1.322073249069523900e-14
5.789085545722718606e-01 1.238358037907668474e-14
5.825221238938058654e-01 1.160098467164066361e-14
5.861356932153394261e-01 1.086914249665675235e-14
5.897492625368734309e-01 1.018454547443056413e-14
5.933628318584074357e-01 9.543953949357421597e-15
5.969764011799414405e-01 8.944373745847170295e-15
6.005899705014754453e-01 8.383035176225629443e-15
6.042035398230090060e-01 7.857374060662950990e-15
6.078171091445430108e-01 7.365014547018567370e-15
6.114306784660770155e-01 6.903753542821548352e-15
6.150442477876110203e-01 6.471546592887185786e-15
6.186578171091450251e-01 6.066495054744589293e-15
6.222713864306790299e-01 5.686834440439853994e-15
6.258849557522125906e-01 5.330923807711630831e-15
6.294985250737465954e-01 4.997236096248721688e-15
6.331120943952806002e-01 4.684349315965861381e-15
6.367256637168146050e-01 4.390938504153590692e-15
6.403392330383486097e-01 4.115768377147003793e-15
6.439528023598821704e-01 3.857686609942564216e-15
6.475663716814161752e-01 3.615617684107133890e-15
6.511799410029501800e-01 3.388557250467606063e-15
6.547935103244841848e-01 3.175566958535379350e-15
6.584070796460181896e-01 2.975769709491745486e-15
6.620206489675521944e-01 2.788345293901578339e-15
6.656342182890857551e-01 2.612526379200862342e-15
6.692477876106197598e-01 2.447594815466173329e-15
6.728613569321537646e-01 2.292878231073176058e-15
6.764749262536877694e-01 2.147746892622565723e-15
6.800884955752217742e-01 2.011610805997208750e-15
6.837020648967553349e-01 1.883917037639909800e-15
6.873156342182893397e-01 1.764147237140246872e-15
6.909292035398233445e-01 1.651815344011809266e-15
6.945427728613573493e-01 1.546465463154075037e-15
6.981563421828913540e-01 1.447669894941169054e-15
7.017699115044253588e-01 1.355027307184765801e-15
7.053834808259589195e-01 1.268161037391212425e-15
7.089970501474929243e-01 1.186717514790682008e-15
7.126106194690269291e-01 1.110364792569567953e-15
7.162241887905609339e-01 1.038791181596306041e-15
7.198377581120949387e-01 9.717039777073038365e-16
7.234513274336284994e-01 9.088282753198242612e-16
7.270648967551625041e-01 8.499058607719195211e-16
7.306784660766965089e-01 7.946941793619631254e-16
7.342920353982305137e-01 7.429653705778982656e-16
7.379056047197645185e-01 6.945053664755585694e-16
7.415191740412985233e-01 6.491130485897145613e-16
7.451327433628320840e-01 6.065994591467978586e-16
7.487463126843660888e-01 5.667870626973497491e-16
7.523598820059000936e-01 5.295090546031987958e-16
7.559734513274340983e-01 4.946087131025616400e-16
7.595870206489681031e-01 4.619387919378744711e-16
7.632005899705016638e-01 4.313609507694575389e-16
7.668141592920356686e-01 4.027452208149566306e-16
7.704277286135696734e-01 3.759695033521836717e-16
7.740412979351036782e-01 3.509190989031448761e-16
7.776548672566376830e-01 3.274862650816714643e-16
7.812684365781712437e-01 3.055698012372785231e-16
7.848820058997052485e-01 2.850746581654833212e-16
7.884955752212392532e-01 2.659115712805011876e-16
7.921091445427732580e-01 2.479967157615786799e-16
7.957227138643072628e-01 2.312513822899529239e-16
7.993362831858412676e-01 2.156016720904577704e-16
8.029498525073748283e-01 2.009782100809706463e-16
8.065634218289088331e-01 1.873158750149225445e-16
8.101769911504428379e-01 1.745535455777330806e-16
8.137905604719768426e-01 1.626338614674611067e-16
8.174041297935108474e-01 1.515029985544408629e-16
8.210176991150444081e-01 1.411104572738399197e-16
8.246312684365784129e-01 1.314088634600736315e-16
8.282448377581124177e-01 1.223537808827439476e-16
8.318584070796464225e-01 1.139035347908618230e-16
8.354719764011804273e-01 1.060190458157733209e-16
8.390855457227144321e-01 9.866367362375246485e-17
8.426991150442479928e-01 9.180306974687880257e-17
8.463126843657819975e-01 8.540503905591257731e-17
8.499262536873160023e-01 7.943940937147928707e-17
8.535398230088500071e-01 7.387790874033876999e-17
8.571533923303840119e-01 6.869404993187493214e-17
8.607669616519175726e-01 6.386302173647934279e-17
8.643805309734515774e-01 5.936158667224487714e-17
8.679941002949855822e-01 5.516798472959444754e-17
8.716076696165195870e-01 5.126184280512747335e-17
8.752212389380535917e-01 4.762408949632130474e-17
8.788348082595875965e-01 4.423687494775288002e-17
8.824483775811211572e-01 4.108349545739941273e-17
8.860619469026551620e-01 3.814832256833565025e-17
8.896755162241891668e-01 3.541673638693178256e-17
8.932890855457231716e-01 3.287506288344250060e-17
8.969026548672571764e-01 3.051051494483305401e-17
9.005162241887907371e-01 2.831113696277910113e-17
9.041297935103247418e-01 2.626575275212078981e-17
9.077433628318587466e-01 2.436391660667822630e-17
9.113569321533927514e-01 2.259586731026480957e-17
9.149705014749267562e-01 2.095248493106967271e-17
9.185840707964607610e-01 1.942525023729832195e-17
9.221976401179943217e-01 1.800620658113589992e-17
9.258112094395283265e-01 1.668792410674697774e-17
9.294247787610623313e-01 1.546346614620174459e-17
9.330383480825963360e-01 1.432635767491127143e-17
9.366519174041303408e-01 1.327055570543973781e-17
9.402654867256639015e-01 1.229042150542536006e-17
9.438790560471979063e-01 1.138069453182614663e-17
9.474926253687319111e-01 1.053646797983686891e-17
9.511061946902659159e-01 9.753165850600734169e-18
9.547197640117999207e-01 9.026521447310933958e-18
9.583333333333339255e-01 8.352557214453711351e-18
9.619469026548674861e-01 7.727565839821799397e-18
9.655604719764014909e-01 7.148092543533316333e-18
9.691740412979354957e-01 6.610918482642970285e-18
9.727876106194695005e-01 6.113045204039537319e-18
9.764011799410035053e-01 5.651680082209556391e-18
9.800147492625370660e-01 5.224222682113471212e-18
9.836283185840710708e-01 4.828251990882684127e-18
9.872418879056050756e-01 4.461514465320446206e-18
9.908554572271390803e-01 4.121912845276764245e-18
9.944690265486730851e-01 3.807495685885538810e-18
9.980825958702070899e-01 3.516447564407753415e-18
1.001696165191740651e+00 3.247079920024190178e-18
1.005309734513274655e+00 2.997822487375233912e-18
1.008923303834808660e+00 2.767215286965086465e-18
1.012536873156342665e+00 2.553901137730794804e-18
1.016150442477876670e+00 2.356618659142677861e-18
1.019764011799410230e+00 2.174195732147333640e-18
1.023377581120944235e+00 2.005543390101173600e-18
1.026991150442478240e+00 1.849650112574195198e-18
1.030604719764012245e+00 1.705576496535898288e-18
1.034218289085546250e+00 1.572450280975124505e-18
1.037831858407080254e+00 1.449461702456483823e-18
1.041445427728613815e+00 1.335859160483419458e-18
1.045058997050147820e+00 1.230945172826517831e-18
1.048672566371681825e+00 1.134072602189710094e-18
1.052286135693215829e+00 1.044641136729847979e-18
1.055899705014749834e+00 9.620940080223655701e-19
1.059513274336283395e+00 8.859149310788409121e-19
1.063126843657817400e+00 8.156252519766764808e-19
1.066740412979351404e+00 7.507812895589862330e-19
1.070353982300885409e+00 6.909718585074803247e-19
1.073967551622419414e+00 6.358159618861412675e-19
1.077581120943953419e+00 5.849606420005166405e-19
1.081194690265486980e+00 5.380789791206272543e-19
1.084808259587020984e+00 4.948682282759026909e-19
1.088421828908554989e+00 4.550480849516179978e-19
1.092035398230088994e+00 4.183590710995678514e-19
1.095648967551622999e+00 3.845610334241420764e-19
1.099262536873156559e+00 3.534317464193891795e-19
1.102876106194690564e+00 3.247656131163091094e-19
1.106489675516224569e+00 2.983724569533928922e-19
1.110103244837758574e+00 2.740763986091589083e-19
1.113716814159292579e+00 2.517148120353349439e-19
1.117330383480826583e+00 2.311373543041899699e-19
1.120943952802360144e+00 2.122050642351091897e-19
1.124557522123894149e+00 1.947895250953918841e-19
1.128171091445428154e+00 1.787720869793380415e-19
1.131784660766962158e+00 1.640431447593802415e-19
1.135398230088496163e+00 1.505014677746392071e-19
1.139011799410029724e+00 1.380535776765121559e-19
1.142625368731563729e+00 1.266131710892436570e-19
1.146238938053097733e+00 1.161005839664058120e-19
1.149852507374631738e+00 1.064422947331091754e-19
1.153466076696165743e+00 9.757046349918702884e-20
1.157079646017699748e+00 8.942250481151570433e-20
1.160693215339233308e+00 8.194069158471271179e-20
1.164306784660767313e+00 7.507178800947624789e-20
1.167920353982301318e+00 6.876670938748468826e-20
1.171533923303835323e+00 6.298020698164423167e-20
1.175147492625369328e+00 5.767057610120123404e-20
1.178761061946902888e+00 5.279938576344004554e-20
1.182374631268436893e+00 4.833122838775921183e-20
1.185988200589970898e+00 4.423348808456491852e-20
1.189601769911504903e+00 4.047612620089492328e-20
1.193215339233038907e+00 3.703148287764026614e-20
1.196828908554572468e+00 3.387409345992958444e-20
1.200442477876106473e+00 3.098051868315708407e-20
1.204056047197640478e+00 2.832918763262747183e-20
1.207669616519174483e+00 2.590025254518815688e-20
1.211283185840708487e+00 2.367545458686295265e-20
1.214896755162242492e+00 2.163799980170586649e-20
1.218510324483776053e+00 1.977244448412257408e-20
1.222123893805310058e+00 1.806458928005635417e-20
1.225737463126844062e+00 1.650138137195335239e-20
1.229351032448378067e+00 1.507082414851894457e-20
1.232964601769912072e+00 1.376189380322956192e-20
1.236578171091445633e+00 1.256446234552878498e-20
1.240191740412979637e+00 1.146922654584260696e-20
1.243805309734513642e+00 1.046764237016630495e-20
1.247418879056047647e+00 9.551864492179734707e-21
1.251032448377581652e+00 8.714690500801332505e-21
1.254646017699115657e+00 7.949509448945892726e-21
1.258259587020649217e+00 7.250254415142424251e-21
1.261873156342183222e+00 6.611358773735209028e-21
1.265486725663717227e+00 6.027715891757318969e-21
1.269100294985251232e+00 5.494641991338058814e-21
1.272713864306785236e+00 5.007841935807635751e-21
1.276327433628318797e+00 4.563377715577626995e-21
1.279941002949852802e+00 4.157639426515487150e-21
1.283554572271386807e+00 3.787318548971454333e-21
1.287168141592920811e+00 3.449383349944044969e-21
1.290781710914454816e+00 3.141056244168044020e-21
1.294395280235988821e+00 2.859792962236705006e-21
1.298008849557522382e+00 2.603263385306687923e-21
1.301622418879056386e+00 2.369333916535826648e-21
1.305235988200590391e+00 2.156051269231587043e-21
1.308849557522124396e+00 1.961627560794366124e-21
1.312463126843658401e+00 1.784426609978561450e-21
1.316076696165191962e+00 1.622951342810197870e-21
1.319690265486725966e+00 1.475832219738291297e-21
1.323303834808259971e+00 1.341816603299958221e-21
1.326917404129793976e+00 1.219758991782075020e-21
1.330530973451327981e+00 1.108612050105992768e-21
1.334144542772861985e+00 1.007418374472821404e-21
1.337758112094395546e+00 9.153029322229151892e-22
1.341371681415929551e+00 8.314661229078533042e-22
1.344985250737463556e+00 7.551774107768694064e-22
1.348598820058997561e+00 6.857694827649809225e-22
1.352212389380531565e+00 6.226328896615588223e-22
1.355825958702065126e+00 5.652111314566663647e-22
1.359439528023599131e+00 5.129961509283659824e-22
1.363053097345133136e+00 4.655242023661795991e-22
1.366666666666667140e+00 4.223720649407033437e-22
1.370280235988201145e+00 3.831535726440442628e-22
1.373893805309735150e+00 3.475164349541697861e-22
1.377507374631268711e+00 3.151393244328717603e-22
1.381120943952802715e+00 2.857292093647458563e-22
1.384734513274336720e+00 2.590189112949034621e-22
1.388348082595870725e+00 2.347648689373831917e-22
1.391961651917404730e+00 2.127450914148191341e-22
1.395575221238938290e+00 1.927572851619705324e-22
1.399188790560472295e+00 1.746171400903552414e-22
1.402802359882006300e+00 1.581567617765905002e-22
1.406415929203540305e+00 1.432232375104584870e-22
1.410029498525074310e+00 1.296773250276184677e-22
1.413643067846608314e+00 1.173922536623021784e-22
1.417256637168141875e+00 1.062526284936915819e-22
1.420870206489675880e+00 9.615342883123255642e-23
1.424483775811209885e+00 8.699909309423140923e-23
1.428097345132743889e+00 7.870268279440432784e-23
1.431710914454277894e+00 7.118511893101941683e-23
1.435324483775811455e+00 6.437448466096666617e-23
1.438938053097345460e+00 5.820538861428601576e-23
1.442551622418879465e+00 5.261838369285411802e-23
1.446165191740413469e+00 4.755943661930442648e-23
1.449778761061947474e+00 4.297944389779873864e-23
1.453392330383481479e+00 3.883379021075568433e-23
1.457005899705015040e+00 3.508194560853915338e-23
1.460619469026549044e+00 3.168709815486994855e-23
1.464233038348083049e+00 2.861581897141597883e-23
1.467846607669617054e+00 2.583775688264918752e-23
1.471460176991151059e+00 2.332536009855611416e-23
1.475073746312684619e+00 2.105362258971370019e-23
1.478687315634218624e+00 1.899985300828445387e-23
1.482300884955752629e+00 1.714346419102005253e-23
1.485914454277286634e+00 1.546578144773232239e-23
1.489528023598820639e+00 1.394986799214207299e-23
1.493141592920354643e+00 1.258036601265676974e-23
1.496755162241888204e+00 1.134335200951140774e-23
1.500368731563422209e+00 1.022620514278576031e-23
1.503982300884956214e+00 9.217487443975926676e-24
1.507595870206490218e+00 8.306834842847158538e-24
1.511209439528024223e+00 7.484858051998402193e-24
1.514823008849557784e+00 6.743052434585366236e-24
1.518436578171091789e+00 6.073716056643004290e-24
1.522050147492625793e+00 5.469875194976963757e-24
1.525663716814159798e+00 4.925216635204535723e-24
1.529277286135693803e+00 4.434026152708642763e-24
1.532890855457227808e+00 3.991132622475957820e-24
1.536504424778761368e+00 3.591857252434849213e-24
1.540117994100295373e+00 3.231967479375878342e-24
1.543731563421829378e+00 2.907635107178309137e-24
1.547345132743363383e+00 2.615398304194382216e-24
1.550958702064897388e+00 2.352127110568846809e-24
1.554572271386430948e+00 2.114992137249639365e-24
1.558185840707964953e+00 1.901436166738515840e-24
1.561799410029498958e+00 1.709148391458990947e-24
1.565412979351032963e+00 1.536041049193677484e-24
1.569026548672566967e+00 1.380228236560053015e-24
1.572640117994100972e+00 1.240006701122706566e-24
1.576253687315634533e+00 1.113838430647998146e-24
1.579867256637168538e+00 1.000334874338967033e-24
1.583480825958702543e+00 8.982426457802080478e-25
1.587094395280236547e+00 8.064305708989768820e-25
1.590707964601770552e+00 7.238779566236445364e-25
1.594321533923304113e+00 6.496639671968690718e-25
1.597935103244838118e+00 5.829580053754827477e-25
1.601548672566372122e+00 5.230110051077762095e-25
1.605162241887906127e+00 4.691475508022768815e-25
1.608775811209440132e+00 4.207587460631295229e-25
1.612389380530973693e+00 3.772957618322820931e-25
1.616002949852507697e+00 3.382640003092553437e-25
1.619616519174041702e+00 3.032178168710682330e-25
1.623230088495575707e+00 2.717557475385844562e-25
1.626843657817109712e+00 2.435161943785228761e-25
1.630457227138643717e+00 2.181735256342423568e-25
1.634070796460177277e+00 1.954345513831306824e-25
1.637684365781711282e+00 1.750353391584615329e-25
1.641297935103245287e+00 1.567383372824983548e-25
1.644911504424779292e+00 1.403297766638535619e-25
1.648525073746313296e+00 1.256173245439129590e-25
1.652138643067846857e+00 1.124279661579539846e-25
1.655752212389380862e+00 1.006060925300094861e-25
1.659365781710914867e+00 9.001177466626484010e-26
1.662979351032448871e+00 8.051920626896239155e-26
1.666592920353982876e+00 7.201529877843183023e-26
1.670206489675516881e+00 6.439841408033134262e-26
1.673820058997050442e+00 5.757722160288696133e-26
1.677433628318584447e+00 5.146966778755645254e-26
1.681047197640118451e+00 4.600204705803092281e-26
1.684660766961652456e+00 4.110816444743352852e-26
1.688274336283186461e+00 3.672858098177241391e-26
1.691887905604720022e+00 3.280993376802233485e-26
1.695501474926254026e+00 2.930432350572820243e-26
1.699115044247788031e+00 2.616876283908503930e-26
1.702728613569322036e+00 2.336467959873523722e-26
1.706342182890856041e+00 2.085746955514537959e-26
1.709955752212390045e+00 1.861609382387759174e-26
1.713569321533923606e+00 1.661271653239941871e-26
1.717182890855457611e+00 1.482237878285425746e-26
1.720796460176991616e+00 1.322270532958579345e-26
1.724410029498525621e+00 1.179364073795498559e-26
1.728023598820059625e+00 1.051721210553155740e-26
1.731637168141593186e+00 9.377315711199958766e-27
1.735250737463127191e+00 8.359525214914932479e-27
1.738864306784661196e+00 7.450919263346162995e-27
1.742477876106195200e+00 6.639926566785812809e-27
1.746091445427729205e+00 5.916186702583976603e-27
1.749705014749263210e+00 5.270425071927616151e-27
1.753318584070796771e+00 4.694340591738140635e-27
1.756932153392330775e+00 4.180504843407322239e-27
1.760545722713864780e+00 3.722271526446348692e-27
1.764159292035398785e+00 3.313695179190207644e-27
1.767772861356932790e+00 2.949458231651375384e-27
1.771386430678466350e+00 2.624805548519165204e-27
1.775000000000000355e+00 2.335485704117097067e-27
1.778613569321534360e+00 2.077698306735735890e-27
1.782227138643068365e+00 1.848046757941297367e-27
1.785840707964602370e+00 1.643495893940880273e-27
1.789454277286136374e+00 1.461334011507421123e-27
1.793067846607669935e+00 1.299138830922009751e-27
1.796681415929203940e+00 1.154746993405576712e-27
1.800294985250737945e+00 1.026226731070721969e-27
1.803908554572271949e+00 9.118533839555404750e-28
1.807522123893805954e+00 8.100874716055402393e-28
1.811135693215339515e+00 7.195550562944691888e-28
1.814749262536873520e+00 6.390301616467893697e-28
1.818362831858407525e+00 5.674190344304169889e-28
1.821976401179941529e+00 5.037460588914647929e-28
1.825589970501475534e+00 4.471411524399771565e-28
1.829203539823009539e+00 3.968284889800833919e-28
1.832817109144543100e+00 3.521164119031784511e-28
1.836430678466077104e+00 3.123884129030580245e-28
1.840044247787611109e+00 2.770950654840308689e-28
1.843657817109145114e+00 2.457468134596196669e-28
1.847271386430679119e+00 2.179075250081499193e-28
1.850884955752212679e+00 1.931887320778294912e-28
1.854498525073746684e+00 1.712444832222655134e-28
1.858112094395280689e+00 1.517667453915092956e-28
1.861725663716814694e+00 1.344812968882503400e-28
1.865339233038348699e+00 1.191440597003726146e-28
1.868952802359882703e+00 1.055378248080251748e-28
1.872566371681416264e+00 9.346932889807989102e-29
1.876179941002950269e+00 8.276664525677580914e-29
1.879793510324484274e+00 7.327685550302055896e-29
1.883407079646018278e+00 6.486397231528600981e-29
1.887020648967552283e+00 5.740708643523561017e-29
1.890634218289085844e+00 5.079871403753814715e-29
1.894247787610619849e+00 4.494332307111497013e-29
1.897861356932153853e+00 3.975601943163120508e-29
1.901474926253687858e+00 3.516137584538889925e-29
1.905088495575221863e+00 3.109238815471610611e-29
1.908702064896755868e+00 2.748954531614757438e-29
1.912315634218289429e+00 2.430000087456354582e-29
1.915929203539823433e+00 2.147683497636498552e-29
1.919542772861357438e+00 1.897839714849520668e-29
1.923156342182891443e+00 1.676772111162306479e-29
1.926769911504425448e+00 1.481200382784682026e-29
1.930383480825959008e+00 1.308214181711040295e-29
1.933997050147493013e+00 1.155231852242278812e-29
1.937610619469027018e+00 1.019963717103518242e-29
1.941224188790561023e+00 9.003794175190862761e-30
1.944837758112095027e+00 7.946788649301571987e-30
1.948451327433629032e+00 7.012664097014474267e-30
1.952064896755162593e+00 6.187278747546569115e-30
1.955678466076696598e+00 5.458101401218861725e-30
1.959292035398230603e+00 4.814029984060508094e-30
1.962905604719764607e+00 4.245230314964095743e-30
1.966519174041298612e+00 3.742992859988473680e-30
1.970132743362832173e+00 3.299605490448549207e-30
1.973746312684366178e+00 2.908240477482147786e-30
1.977359882005900182e+00 2.562854148602987750e-30
1.980973451327434187e+00 2.258097803784895904e-30
1.984587020648968192e+00 1.989238642107496801e-30
1.988200589970502197e+00 1.752089586882240020e-30
1.991814159292035757e+00 1.542947019253990537e-30
1.995427728613569762e+00 1.358535539114301411e-30
1.999041297935103767e+00 1.195958969183850814e-30
2.002654867256637772e+00 1.052656904592919431e-30
2.006268436578171777e+00 9.263661873406411062e-31
2.009882005899705337e+00 8.150867536599125237e-31
2.013495575221239342e+00 7.170513634600107693e-31
2.017109144542773347e+00 6.306987754735233038e-31
2.020722713864307352e+00 5.546499802193079959e-31
2.024336283185841356e+00 4.876871460565773613e-31
2.027949852507374917e+00 4.287349720228872755e-31
2.031563421828908922e+00 3.768441753355620461e-31
2.035176991150442927e+00 3.311768718537736230e-31
2.038790560471976931e+00 2.909936348548231130e-31
2.042404129793510936e+00 2.556420415432519577e-31
2.046017699115044941e+00 2.245465381086602172e-31
2.049631268436578502e+00 1.971994731721054315e-31
2.053244837758112507e+00 1.731531663703837890e-31
2.056858407079646511e+00 1.520128938550216416e-31
2.060471976401180516e+00 1.334306858351048407e-31
2.064085545722714521e+00 1.170998431548839710e-31
2.067699115044248082e+00 1.027500904326791002e-31
2.071312684365782086e+00 9.014329264327921749e-32
2.074926253687316091e+00 7.906967033279518341e-32
2.078539823008850096e+00 6.934445602843297885e-32
2.082153392330384101e+00 6.080494095007487398e-32
2.085766961651918106e+00 5.330786693752154810e-32
2.089380530973451666e+00 4.672712365920314492e-32
2.092994100294985671e+00 4.095171573797623722e-32
2.096607669616519676e+00 3.588396848238424389e-32
2.100221238938053236e+00 3.143794450518827056e-32
2.103834808259587685e+00 2.753804669664040615e-32
2.107448377581121246e+00 2.411778584352933317e-32
2.111061946902655695e+00 2.111869368722065867e-32
2.114675516224189256e+00 1.848936443081704147e-32
2.118289085545722816e+00 1.618460966946284538e-32
2.121902654867257265e+00 1.416471345711767477e-32
2.125516224188790826e+00 1.239477576331404994e-32
2.129129793510325275e+00 1.084413393698927375e-32
2.132743362831858835e+00 9.485853001497640854e-33
2.136356932153393284e+00 8.296276673076265489e-33
2.139970501474926845e+00 7.254631940252623282e-33
2.143584070796460406e+00 6.342680877814554503e-33
2.147197640117994855e+00 5.544414108585751924e-33
2.150811209439528415e+00 4.845780980276339528e-33
2.154424778761062864e+00 4.234452102973108365e-33
2.158038348082596425e+00 3.699610404044718235e-33
2.161651917404129986e+00 3.231767309047219881e-33
2.165265486725664434e+00 2.822601056486173866e-33
2.168879056047197995e+00 2.464814507032924854e-33
2.172492625368732444e+00 2.152010119385912512e-33
2.176106194690266005e+00 1.878580040162168072e-33
2.179719764011799565e+00 1.639609498191300987e-33
2.183333333333334014e+00 1.430791908112797606e-33
2.186946902654867575e+00 1.248354277527277533e-33
2.190560471976402024e+00 1.088991679058827818e-33
2.194174041297935585e+00 9.498096961293430627e-34
2.197787610619469145e+00 8.282738813144536735e-34
2.201401179941003594e+00 7.221653808758865886e-34
2.205014749262537155e+00 6.295419802305878099e-34
2.208628318584071604e+00 5.487039143149737700e-34
2.212241887905605164e+00 4.781638654309029053e-34
2.215855457227138725e+00 4.166206404569401035e-34
2.219469026548673174e+00 3.629360803746869696e-34
2.223082595870206735e+00 3.161148088571136850e-34
2.226696165191741184e+00 2.752864740545592714e-34
2.230309734513274744e+00 2.396901794487296443e-34
2.233923303834809193e+00 2.086608363920408632e-34
2.237536873156342754e+00 1.816172033014008095e-34
2.241150442477876314e+00 1.580514049498715496e-34
2.244764011799410763e+00 1.375197503589223662e-34
2.248377581120944324e+00 1.196346898418323929e-34
2.251991150442478773e+00 1.040577711444169032e-34
2.255604719764012334e+00 9.049347168857245001e-35
2.259218289085545894e+00 7.868379892493613707e-35
2.262831858407080343e+00 6.840356399027804027e-35
2.266445427728613904e+00 5.945624545872262116e-35
2.270058997050148353e+00 5.167037016528153270e-35
2.273672566371681913e+00 4.489634703366513121e-35
2.277286135693215474e+00 3.900369770630321174e-35
2.280899705014749923e+00 3.387863468389514130e-35
2.284513274336283484e+00 2.942194374968522902e-35
2.288126843657817933e+00 2.554713278159981726e-35
2.291740412979351493e+00 2.217881373273635189e-35
2.295353982300885054e+00 1.925128866606656632e-35
2.298967551622419503e+00 1.670731433201376073e-35
2.302581120943953064e+00 1.449702293855762127e-35
2.306194690265487512e+00 1.257697953652243069e-35
2.309808259587021073e+00 1.090935887480483267e-35
2.313421828908555522e+00 9.461226712967437874e-36
2.317035398230089083e+00 8.203912448542776392e-36
2.320648967551622643e+00 7.112461555385892289e-36
2.324262536873157092e+00 6.165157765989830399e-36
2.327876106194690653e+00 5.343106189382965112e-36
2.331489675516225102e+00 4.629869659012017269e-36
2.335103244837758663e+00 4.011151570983556717e-36
2.338716814159292223e+00 3.474519318958014023e-36
2.342330383480826672e+00 3.009163172724980464e-36
2.345943952802360233e+00 2.605686095923550494e-36
2.349557522123894682e+00 2.255920565948972769e-36
2.353171091445428242e+00 1.952768955776696584e-36
2.356784660766961803e+00 1.690064472010664104e-36
2.360398230088496252e+00 1.462450023633017974e-36
2.364011799410029813e+00 1.265272728429835197e-36
2.367625368731564262e+00 1.094492054830083927e-36
2.371238938053097822e+00 9.465998511095133468e-37
2.374852507374631383e+00 8.185507361248850079e-37
2.378466076696165832e+00 7.077015199599693261e-37
2.382079646017699393e+00 6.117584925688239049e-37
2.385693215339233841e+00 5.287315667659581465e-37
2.389306784660767402e+00 4.568943914207675234e-37
2.392920353982301851e+00 3.947496638156668151e-37
2.396533923303835412e+00 3.409989688844151025e-37
2.400147492625368972e+00 2.945165592627187840e-37
2.403761061946903421e+00 2.543265653357904668e-37
2.407374631268436982e+00 2.195831901392120529e-37
2.410988200589971431e+00 1.895535012689491124e-37
2.414601769911504991e+00 1.636024819424569377e-37
2.418215339233038552e+00 1.411800469501660712e-37
2.421828908554573001e+00 1.218097672554765254e-37
2.425442477876106562e+00 1.050790801485640469e-37
2.429056047197641011e+00 9.063079075439260597e-38
2.432669616519174571e+00 7.815569587889944118e-38
2.436283185840708132e+00 6.738618312192875082e-38
2.439896755162242581e+00 5.809067730421280949e-38
2.443510324483776142e+00 5.006882290972597290e-38
2.447123893805310590e+00 4.314730574834124260e-38
2.450737463126844151e+00 3.717622967323472728e-38
2.454351032448377712e+00 3.202597518205722472e-38
2.457964601769912161e+00 2.758447630123359009e-38
2.461578171091445721e+00 2.375486048118426431e-38
2.465191740412980170e+00 2.045340347700429185e-38
2.468805309734513731e+00 1.760775749339946201e-38
2.472418879056048180e+00 1.515541635588639549e-38
2.476032448377581741e+00 1.304238623873290951e-38
2.479646017699115301e+00 1.122203462598249862e-38
2.483259587020649750e+00 9.654093786002530065e-39
2.486873156342183311e+00 8.303798172405325030e-39
2.490486725663717760e+00 7.141137886222416196e-39
2.494100294985251320e+00 6.140212699156407487e-39
2.497713864306784881e+00 5.278673192059000508e-39
2.501327433628319330e+00 4.537237346985507529e-39
2.504941002949852891e+00 3.899272480438025551e-39
2.508554572271387340e+00 3.350433750482713147e-39
2.512168141592920900e+00 2.878351637941138077e-39
2.515781710914454461e+00 2.472361815126047251e-39
2.519395280235988910e+00 2.123271694782684129e-39
2.523008849557522471e+00 1.823158714646204244e-39
2.526622418879056919e+00 1.565196074610487713e-39
2.530235988200590480e+00 1.343502217250480154e-39
2.533849557522124041e+00 1.153010839908273084e-39
2.537463126843658490e+00 9.893586578142756691e-40
2.541076696165192050e+00 8.487885115034987213e-40
2.544690265486726499e+00 7.280657357083306691e-40
2.548303834808260060e+00 6.244059875620898624e-40
2.551917404129794509e+00 5.354129750659988024e-40
2.555530973451328070e+00 4.590247373400951100e-40
2.559144542772861630e+00 3.934673105183281902e-40
2.562758112094396079e+00 3.372147710154320739e-40
2.566371681415929640e+00 2.889547845477946441e-40
2.569985250737464089e+00 2.475589075612187427e-40
2.573598820058997649e+00 2.120569900586422522e-40
2.577212389380531210e+00 1.816151173615224638e-40
2.580825958702065659e+00 1.555166049247161460e-40
2.584439528023599220e+00 1.331456265598836574e-40
2.588053097345133668e+00 1.139731136934407779e-40
2.591666666666667229e+00 9.754461279783717614e-41
2.595280235988200790e+00 8.346983093078964826e-41
2.598893805309735239e+00 7.141363630174525450e-41
2.602507374631268799e+00 6.108831274129529726e-41
2.606120943952803248e+00 5.224689455512815628e-41
2.609734513274336809e+00 4.467743208892880058e-41
2.613348082595870370e+00 3.819805892143345250e-41
2.616961651917404819e+00 3.265274938159331935e-41
2.620575221238938379e+00 2.790767043308548331e-41
2.624188790560472828e+00 2.384804521549568093e-41
2.627802359882006389e+00 2.037545696223985682e-41
2.631415929203539950e+00 1.740553187709377147e-41
2.635029498525074398e+00 1.486594805849749189e-41
2.638643067846607959e+00 1.269472489778845524e-41
2.642256637168142408e+00 1.083875370430977513e-41
2.645870206489675969e+00 9.252535764941408967e-42
2.649483775811210418e+00 7.897098747359113150e-42
2.653097345132743978e+00 6.739066408458706405e-42
2.656710914454277539e+00 5.749860061000989929e-42
2.660324483775811988e+00 4.905013259577949747e-42
2.663938053097345549e+00 4.183583758026682459e-42
2.667551622418879997e+00 3.567649021778342541e-42
2.671165191740413558e+00 3.041873499957104970e-42
2.674778761061947119e+00 2.593137516043034087e-42
2.678392330383481568e+00 2.210219059592029825e-42
2.682005899705015128e+00 1.883520986652576002e-42
2.685619469026549577e+00 1.604837190662671063e-42
2.689233038348083138e+00 1.367152212442086465e-42
2.692846607669616699e+00 1.164469537853540306e-42
2.696460176991151148e+00 9.916645024301444451e-43
2.700073746312684708e+00 8.443582989390475265e-43
2.703687315634219157e+00 7.188100795784355675e-43
2.707300884955752718e+00 6.118245705652824994e-43
2.710914454277286278e+00 5.206729829893221052e-43
2.714528023598820727e+00 4.430253183650118316e-43
2.718141592920354288e+00 3.768924375133199820e-43
2.721755162241888737e+00 3.205764934660764641e-43
2.725368731563422298e+00 2.726285283534211020e-43
2.728982300884956747e+00 2.318122053115803020e-43
2.732595870206490307e+00 1.970727932955667225e-43
2.736209439528023868e+00 1.675106487091492240e-43
2.739823008849558317e+00 1.423585459029863786e-43
2.743436578171091877e+00 1.209623013649545111e-43
2.747050147492626326e+00 1.027642160016635933e-43
2.750663716814159887e+00 8.728892815417847463e-44
2.754277286135693448e+00 7.413132850482219264e-44
2.757890855457227897e+00 6.294623819478072200e-44
2.761504424778761457e+00 5.343959446864826651e-44
2.765117994100295906e+00 4.536092500723044524e-44
2.768731563421829467e+00 3.849692368070708713e-44
2.772345132743363028e+00 3.266596749836533217e-44
2.775958702064897476e+00 2.771343769501843043e-44
2.779572271386431037e+00 2.350772773026383531e-44
2.783185840707965486e+00 1.993683795992512879e-44
2.786799410029499047e+00 1.690547127757223684e-44
2.790412979351032607e+00 1.433255646670232375e-44
2.794026548672567056e+00 1.214913665209557000e-44
2.797640117994100617e+00 1.029656934842428354e-44
2.801253687315635066e+00 8.724992396971894590e-45
2.804867256637168627e+00 7.392016745790425475e-45
2.808480825958703075e+00 6.261612727648348087e-45
2.812094395280236636e+00 5.303161362281645488e-45
2.815707964601770197e+00 4.490646374239218807e-45
2.819321533923304646e+00 3.801966176889926649e-45
2.822935103244838206e+00 3.218348114498490357e-45
2.826548672566372655e+00 2.723849852578640472e-45
2.830162241887906216e+00 2.304935026076268092e-45
2.833775811209439777e+00 1.950112150298195888e-45
2.837389380530974226e+00 1.649627417873472190e-45
2.841002949852507786e+00 1.395203386623088214e-45
2.844616519174042235e+00 1.179816742470742349e-45
2.848230088495575796e+00 9.975093278983282845e-46
2.851843657817109357e+00 8.432274851127112162e-46
2.855457227138643805e+00 7.126854956045042376e-46
2.859070796460177366e+00 6.022495225592529784e-46
2.862684365781711815e+00 5.088389953730965986e-46
2.866297935103245376e+00 4.298428297969500074e-46
2.869911504424778936e+00 3.630482644763958802e-46
2.873525073746313385e+00 3.065804247112340918e-46
2.877138643067846946e+00 2.588510055111245280e-46
2.880752212389381395e+00 2.185147056558811415e-46
2.884365781710914955e+00 1.844322485940347204e-46
2.887979351032449404e+00 1.556389998672518516e-46
2.891592920353982965e+00 1.313183387886747664e-46
2.895206489675516526e+00 1.107790681438690115e-46
2.898820058997050975e+00 9.343625297088212621e-47
2.902433628318584535e+00 7.879497078667463046e-47
2.906047197640118984e+00 6.643653332379208481e-47
2.909660766961652545e+00 5.600680594440373071e-47
2.913274336283186106e+00 4.720630712479270328e-47
2.916887905604720554e+00 3.978181822325947142e-47
2.920501474926254115e+00 3.351927440381818313e-47
2.924115044247788564e+00 2.823774215583563322e-47
2.927728613569322125e+00 2.378431823167279948e-47
2.931342182890855685e+00 2.002980979426123830e-47
2.934955752212390134e+00 1.686507678327566214e-47
2.938569321533923695e+00 1.419793553282503691e-47
2.942182890855458144e+00 1.195053798287006202e-47
2.945796460176991705e+00 1.005715382785466052e-47
2.949410029498525265e+00 8.462293984782288295e-48
2.953023598820059714e+00 7.119123134152779277e-48
2.956637168141593275e+00 5.988117041016561965e-48
2.960250737463127724e+00 5.035927113118269404e-48
2.963864306784661284e+00 4.234420379969504143e-48
2.967477876106195733e+00 3.559867934836659896e-48
2.971091445427729294e+00 2.992259001965508582e-48
2.974705014749262855e+00 2.514721285561361000e-48
2.978318584070797304e+00 2.113031219422804434e-48
2.981932153392330864e+00 1.775200247405588288e-48
2.985545722713865313e+00 1.491125393246408684e-48
2.989159292035398874e+00 1.252294181848082413e-48
2.992772861356932435e+00 1.051535502130733506e-48
2.996386430678466883e+00 8.828092959240284377e-49
3.000000000000000000e+00 7.410290535905048792e-49
