-7.000000000000000888e+00 1.046390556923941372e-47
-6.987389829497858251e+00 1.876653515047962977e-47
-6.974779658995713838e+00 3.360333971901574032e-47
-6.962169488493571201e+00 6.007431906707434402e-47
-6.949559317991428564e+00 1.072268003352478785e-46
-6.936949147489284151e+00 1.910847021189269372e-46
-6.924338976987141514e+00 3.399825154977031023e-46
-6.911728806484998877e+00 6.039421543721179272e-46
-6.899118635982854464e+00 1.071130066449317307e-45
-6.886508465480711827e+00 1.896693644680702631e-45
-6.873898294978569190e+00 3.353206414138241752e-45
-6.861288124476424777e+00 5.918770701432647110e-45
-6.848677953974282140e+00 1.043063811284888602e-44
-6.836067783472139503e+00 1.835263316022378177e-44
-6.823457612969995090e+00 3.223992632401374436e-44
-6.810847442467852453e+00 5.654547494818020741e-44
-6.798237271965709816e+00 9.901701695401869239e-44
-6.785627101463565403e+00 1.731131244965954196e-43
-6.773016930961422766e+00 3.021748630459740021e-43
-6.760406760459280129e+00 5.266169861632808699e-43
-6.747796589957135716e+00 9.163040180523699705e-43
-6.735186419454993079e+00 1.591814751864609672e-42
-6.722576248952850442e+00 2.760919053325323189e-42
-6.709966078450706028e+00 4.781047355411246486e-42
-6.697355907948563392e+00 8.266099864057150285e-42
-6.684745737446420755e+00 1.426876841826938045e-41
-6.672135566944276341e+00 2.459124851049008866e-41
-6.659525396442133705e+00 4.231388718407326081e-41
-6.646915225939991068e+00 7.269315751076962055e-41
-6.634305055437846654e+00 1.246844849744919975e-40
-6.621694884935704017e+00 2.135205008309572975e-40
-6.609084714433561381e+00 3.650690646882555621e-40
-6.596474543931416967e+00 6.231875744094159469e-40
-6.583864373429274330e+00 1.062113294734191319e-39
-6.571254202927131693e+00 1.807304045274288409e-39
-6.558644032424987280e+00 3.070435093203107438e-39
-6.546033861922844643e+00 5.208071708828407901e-39
-6.533423691420702006e+00 8.819873009154212762e-39
-6.520813520918557593e+00 1.491269241984805632e-38
-6.508203350416414956e+00 2.517434324790837869e-38
-6.495593179914272319e+00 4.242956781634164492e-38
-6.482983009412127906e+00 7.139823001611340162e-38
-6.470372838909985269e+00 1.199539824854627368e-37
-6.457762668407842632e+00 2.012103395820767275e-37
-6.445152497905698219e+00 3.369723941064404888e-37
-6.432542327403555582e+00 5.634388240277409746e-37
-6.419932156901412945e+00 9.406057728769305868e-37
-6.407321986399268532e+00 1.567750491856437453e-36
-6.394711815897125895e+00 2.608883559947268623e-36
-6.382101645394983258e+00 4.334518895405071035e-36
-6.369491474892838845e+00 7.190110565606533946e-36
-6.356881304390696208e+00 1.190799683679280315e-35
-6.344271133888551795e+00 1.969020944745915799e-35
-6.331660963386409158e+00 3.250651819377088783e-35
-6.319050792884266521e+00 5.357955174412803145e-35
-6.306440622382123884e+00 8.817312044573947568e-35
-6.293830451879979471e+00 1.448711370723950046e-34
-6.281220281377836834e+00 2.376490378607532582e-34
-6.268610110875692421e+00 3.892232686579900557e-34
-6.255999940373549784e+00 6.364584905879657445e-34
-6.243389769871407147e+00 1.039082277879653269e-33
-6.230779599369264510e+00 1.693707324478071251e-33
-6.218169428867120097e+00 2.756356444512552817e-33
-6.205559258364977460e+00 4.478586713188090385e-33
-6.192949087862833046e+00 7.265327608318459853e-33
-6.180338917360690409e+00 1.176733274676707273e-32
-6.167728746858547773e+00 1.902871641785569769e-32
-6.155118576356405136e+00 3.072200759736708392e-32
-6.142508405854260722e+00 4.952201871961905951e-32
-6.129898235352118085e+00 7.969952778500917798e-32
-6.117288064849973672e+00 1.280624564376258112e-31
-6.104677894347831035e+00 2.054454798370119617e-31
-6.092067723845688398e+00 3.290637531623987499e-31
-6.079457553343545761e+00 5.262258863075231099e-31
-6.066847382841401348e+00 8.401814452615924124e-31
-6.054237212339258711e+00 1.339314874706438608e-30
-6.041627041837114298e+00 2.131577059760187801e-30
-6.029016871334971661e+00 3.387100899666369649e-30
-6.016406700832829024e+00 5.373583397757145368e-30
-6.003796530330684611e+00 8.511549463161344214e-30
-5.991186359828541974e+00 1.346052650315350330e-29
-5.978576189326399337e+00 2.125319690865947019e-29
-5.965966018824254924e+00 3.350389467160569807e-29
-5.953355848322112287e+00 5.273210957006288030e-29
-5.940745677819969650e+00 8.286360653509607230e-29
-5.928135507317827013e+00 1.300053916628351914e-28
-5.915525336815682600e+00 2.036421885074133809e-28
-5.902915166313539963e+00 3.184806265366812075e-28
-5.890304995811395550e+00 4.972870689586397369e-28
-5.877694825309252913e+00 7.752472073606816648e-28
-5.865084654807110276e+00 1.206652352772249380e-27
-5.852474484304965863e+00 1.875137157434268840e-27
-5.839864313802823226e+00 2.909329098558040152e-27
-5.827254143300680589e+00 4.506730722107407506e-27
-5.814643972798536176e+00 6.970105149177278578e-27
-5.802033802296393539e+00 1.076281868996273060e-26
-5.789423631794250902e+00 1.659287747255633512e-26
-5.776813461292106489e+00 2.554032322306444647e-26
-5.764203290789963852e+00 3.925003843969959579e-26
-5.751593120287821215e+00 6.022305901252631223e-26
-5.738982949785676801e+00 9.225599099996488522e-26
-5.726372779283534165e+00 1.411027247981880436e-25
-5.713762608781391528e+00 2.154692458276193118e-25
-5.701152438279247114e+00 3.285067259348275851e-25
-5.688542267777104477e+00 5.000487399604193911e-25
-5.675932097274961841e+00 7.599578754748823602e-25
-5.663321926772818315e+00 1.153123514125215727e-24
-5.650711756270674790e+00 1.746912998610561639e-24
-5.638101585768532154e+00 2.642261999791491675e-24
-5.625491415266388628e+00 3.990153933851377615e-24
-5.612881244764245103e+00 6.016066186163177496e-24
-5.600271074262102466e+00 9.056174018363641902e-24
-5.587660903759958941e+00 1.361087752149666013e-23
-5.575050733257815416e+00 2.042380809915440799e-23
-5.562440562755672779e+00 3.059824797531743542e-23
-5.549830392253529254e+00 4.576839230881116864e-23
-5.537220221751385729e+00 6.835086717888770470e-23
-5.524610051249243092e+00 1.019134937199659758e-22
-5.511999880747099567e+00 1.517150470934251399e-22
-5.499389710244956042e+00 2.254939754869514123e-22
-5.486779539742813405e+00 3.346189769971034981e-22
-5.474169369240669880e+00 4.957646351528203923e-22
-5.461559198738526355e+00 7.333476232274667524e-22
-5.448949028236382830e+00 1.083062748930852985e-21
-5.436338857734240193e+00 1.597006744419336660e-21
-5.423728687232096668e+00 2.351090243660100575e-21
-5.411118516729953143e+00 3.455741771832779094e-21
-5.398508346227810506e+00 5.071340075356091697e-21
-5.385898175725666981e+00 7.430424687088485313e-21
-5.373288005223523456e+00 1.086961154074555838e-20
-5.360677834721380819e+00 1.587537205725540597e-20
-5.348067664219237294e+00 2.314959087838194581e-20
-5.335457493717093769e+00 3.370328745982945891e-20
-5.322847323214951132e+00 4.899037490489035714e-20
-5.310237152712807607e+00 7.109823720125133317e-20
-5.297626982210664082e+00 1.030188013755829417e-19
-5.285016811708520557e+00 1.490334514872222552e-19
-5.272406641206377920e+00 2.152586696054233175e-19
-5.259796470704234395e+00 3.104182082708066084e-19
-5.247186300202090870e+00 4.469339912799516505e-19
-5.234576129699948233e+00 6.424646911515421357e-19
-5.221965959197804708e+00 9.220720182969219610e-19
-5.209355788695661182e+00 1.321265630961395165e-18
-5.196745618193518546e+00 1.890275785323670391e-18
-5.184135447691375020e+00 2.700038519259639142e-18
-5.171525277189231495e+00 3.850565578778638304e-18
-5.158915106687088858e+00 5.482629308404755768e-18
-5.146304936184945333e+00 7.794047655122721794e-18
-5.133694765682801808e+00 1.106234158442251417e-17
-5.121084595180659171e+00 1.567620471509956425e-17
-5.108474424678515646e+00 2.217913795085766574e-17
-5.095864254176372121e+00 3.132984833130889288e-17
-5.083254083674229484e+00 4.418570996766687055e-17
-5.070643913172085959e+00 6.221789562628998483e-17
-5.058033742669942434e+00 8.746992510558335788e-17
-5.045423572167799797e+00 1.227756291731906877e-16
-5.032813401665656272e+00 1.720582812573830657e-16
-5.020203231163512747e+00 2.407404187737398486e-16
-5.007593060661370110e+00 3.363043493313235501e-16
-4.994982890159226585e+00 4.690574290775716737e-16
-4.982372719657083060e+00 6.531751057546493778e-16
-4.969762549154940423e+00 9.081202292893252790e-16
-4.957152378652796898e+00 1.260570689043862288e-15
-4.944542208150653373e+00 1.747033408840988093e-15
-4.931932037648510736e+00 2.417382586028007023e-15
-4.919321867146367211e+00 3.339640851193572004e-15
-4.906711696644223686e+00 4.606428766797132837e-15
-4.894101526142081049e+00 6.343649760213607450e-15
-4.881491355639937524e+00 8.722165047001105424e-15
-4.868881185137793999e+00 1.197346070591418821e-14
-4.856271014635651362e+00 1.641063550112792159e-14
-4.843660844133507837e+00 2.245646760010045815e-14
-4.831050673631364312e+00 3.068088252034923231e-14
-4.818440503129221675e+00 4.185088425710976647e-14
-4.805830332627078150e+00 5.699697931804131953e-14
-4.793220162124934625e+00 7.750138730671579121e-14
-4.780609991622791988e+00 1.052149792435458164e-13
-4.767999821120648463e+00 1.426120283510773317e-13
-4.755389650618504938e+00 1.929946415624346113e-13
-4.742779480116362301e+00 2.607623477128925442e-13
-4.730169309614218776e+00 3.517669853118880167e-13
-4.717559139112075250e+00 4.737790583633289181e-13
-4.704948968609932614e+00 6.370994934402332724e-13
-4.692338798107789088e+00 8.553607177675005899e-13
-4.679728627605645563e+00 1.146573797280382014e-12
-4.667118457103502926e+00 1.534494796996201852e-12
-4.654508286601359401e+00 2.050404525846505876e-12
-4.641898116099215876e+00 2.735422627068963264e-12
-4.629287945597073239e+00 3.643511107672586393e-12
-4.616677775094929714e+00 4.845365787508406277e-12
-4.604067604592786189e+00 6.433449190374684619e-12
-4.591457434090643552e+00 8.528488088630151920e-12
-4.578847263588500027e+00 1.128784697106739685e-11
-4.566237093086356502e+00 1.491629975079268462e-11
-4.553626922584213865e+00 1.967986178614277427e-11
-4.541016752082070340e+00 2.592351982115315263e-11
-4.528406581579926815e+00 3.409391747565886465e-11
-4.515796411077784178e+00 4.476832914482677777e-11
-4.503186240575640653e+00 5.869159875298792514e-11
-4.490576070073497128e+00 7.682314784457208509e-11
-4.477965899571354491e+00 1.003966896460298729e-10
-4.465355729069210966e+00 1.309959459516457476e-10
-4.452745558567067441e+00 1.706504810910029083e-10
-4.440135388064924804e+00 2.219567771340581334e-10
-4.427525217562781279e+00 2.882309195905785393e-10
-4.414915047060637754e+00 3.737007946993886967e-10
-4.402304876558495117e+00 4.837475800084911985e-10
-4.389694706056351592e+00 6.252086137927533548e-10
-4.377084535554208067e+00 8.067565451264911445e-10
-4.364474365052065430e+00 1.039373101648713293e-09
-4.351864194549921905e+00 1.336939993137361537e-09
-4.339254024047778380e+00 1.716974546730383257e-09
-4.326643853545635743e+00 2.201543822670698488e-09
-4.314033683043492218e+00 2.818398398955260561e-09
-4.301423512541348693e+00 3.602375988052736857e-09
-4.288813342039206056e+00 4.597135851319450715e-09
-4.276203171537062531e+00 5.857297949488872481e-09
-4.263593001034919006e+00 7.451076310911817093e-09
-4.250982830532776369e+00 9.463514679312640094e-09
-4.238372660030632844e+00 1.200045466115283493e-08
-4.225762489528489319e+00 1.519339295598316395e-08
-4.213152319026346682e+00 1.920541554475979911e-08
-4.200542148524203157e+00 2.423843376280713834e-08
-4.187931978022059631e+00 3.054199094957366388e-08
-4.175321807519916995e+00 3.842395993581401475e-08
-4.162711637017773469e+00 4.826351224039803993e-08
-4.150101466515629944e+00 6.052681090958075415e-08
-4.137491296013487307e+00 7.578596203020366852e-08
-4.124881125511343782e+00 9.474185687238634673e-08
-4.112270955009200257e+00 1.182516493703582902e-07
-4.099660784507057620e+00 1.473617444674694276e-07
-4.087050614004914095e+00 1.833473242164846191e-07
-4.074440443502770570e+00 2.277596131836502111e-07
-4.061830273000627933e+00 2.824822856750421160e-07
-4.049220102498484408e+00 3.497986478903639610e-07
-4.036609931996340883e+00 4.324714918971189214e-07
-4.023999761494198246e+00 5.338378192379491812e-07
-4.011389590992054721e+00 6.579209740893295147e-07
-3.998779420489911196e+00 8.095631138395615550e-07
-3.986169249987768559e+00 9.945813832050699492e-07
-3.973559079485625034e+00 1.219951651695651664e-06
-3.960948908983481509e+00 1.494024228372781759e-06
-3.948338738481338872e+00 1.826776587711560944e-06
-3.935728567979194459e+00 2.230108831273118995e-06
-3.923118397477051822e+00 2.718188377097910396e-06
-3.910508226974909185e+00 3.307851217388742050e-06
-3.897898056472764772e+00 4.019068020027332714e-06
-3.885287885970622135e+00 4.875484375233923310e-06
-3.872677715468479498e+00 5.905045609086764933e-06
-3.860067544966335085e+00 7.140717803732011356e-06
-3.847457374464192448e+00 8.621317981968266918e-06
-3.834847203962049811e+00 1.039246783223836716e-05
-3.822237033459905398e+00 1.250768686803214990e-05
-3.809626862957762761e+00 1.502964253060847794e-05
-3.797016692455620124e+00 1.803157645076561803e-05
-3.784406521953475711e+00 2.159892787657843700e-05
-3.771796351451333074e+00 2.583117713896020839e-05
-3.759186180949190437e+00 3.084393395158908983e-05
-3.746576010447046023e+00 3.677129730831971149e-05
-3.733965839944903387e+00 4.376851572763431616e-05
-3.721355669442760750e+00 5.201497857309356340e-05
-3.708745498940616336e+00 6.171757111928511644e-05
-3.696135328438473699e+00 7.311442789696828357e-05
-3.683525157936331063e+00 8.647912059599655076e-05
-3.670914987434186649e+00 1.021253183803282072e-04
-3.658304816932044012e+00 1.204119598208712704e-04
-3.645694646429901375e+00 1.417489767163838770e-04
-3.633084475927756962e+00 1.666036107815781772e-04
-3.620474305425614325e+00 1.955073644597736505e-04
-3.607864134923471688e+00 2.290636268836660156e-04
-3.595253964421327275e+00 2.679560151744212566e-04
-3.582643793919184638e+00 3.129574697448910350e-04
-3.570033623417041113e+00 3.649401399596608983e-04
-3.557423452914897588e+00 4.248860933038899209e-04
-3.544813282412754951e+00 4.938988770218406691e-04
-3.532203111910611426e+00 5.732159559030486308e-04
-3.519592941408467901e+00 6.642220434175037614e-04
-3.506982770906325264e+00 7.684633356344785886e-04
-3.494372600404181739e+00 8.876626482108761424e-04
-3.481762429902038214e+00 1.023735446121314596e-03
-3.469152259399895577e+00 1.178806743652158640e-03
-3.456542088897752052e+00 1.355228838439935307e-03
-3.443931918395608527e+00 1.555599827958769211e-03
-3.431321747893465890e+00 1.782782839841232699e-03
-3.418711577391322365e+00 2.039925888748800840e-03
-3.406101406889178840e+00 2.330482252245329265e-03
-3.393491236387036203e+00 2.658231236317659934e-03
-3.380881065884892678e+00 3.027299177956918521e-03
-3.368270895382749153e+00 3.442180507695141983e-03
-3.355660724880606516e+00 3.907758669359075870e-03
-3.343050554378462991e+00 4.429326667829930168e-03
-3.330440383876319466e+00 5.012606988504084322e-03
-3.317830213374176829e+00 5.663770604794988658e-03
-3.305220042872033304e+00 6.389454762788447997e-03
-3.292609872369889779e+00 7.196779205444537621e-03
-3.279999701867747142e+00 8.093360473027760155e-03
-3.267389531365603617e+00 9.087323892259163705e-03
-3.254779360863460091e+00 1.018731284454896073e-02
-3.242169190361317455e+00 1.140249488421827065e-02
-3.229559019859173929e+00 1.274256426142949920e-02
-3.216948849357030404e+00 1.421774039230564585e-02
-3.204338678854887767e+00 1.583876181103953049e-02
-3.191728508352744242e+00 1.761687513639966993e-02
-3.179118337850600717e+00 1.956381858848573602e-02
-3.166508167348458080e+00 2.169179960161880111e-02
-3.153897996846314555e+00 2.401346609636367466e-02
-3.141287826344171030e+00 2.654187099847137368e-02
-3.128677655842028393e+00 2.929042962546457574e-02
-3.116067485339884868e+00 3.227286960306343516e-02
-3.103457314837741343e+00 3.550317302394433161e-02
-3.090847144335598706e+00 3.899551062067720120e-02
-3.078236973833455181e+00 4.276416779306810301e-02
-3.065626803331311656e+00 4.682346240754745731e-02
-3.053016632829169019e+00 5.118765437239046479e-02
-3.040406462327025494e+00 5.587084708701008789e-02
-3.027796291824881969e+00 6.088688096583548537e-02
-3.015186121322739332e+00 6.624921934643633603e-02
-3.002575950820595807e+00 7.197082720685163415e-02
-2.989965780318452282e+00 7.806404323711035875e-02
-2.977355609816309645e+00 8.454044609676292232e-02
-2.964745439314166120e+00 9.141071451124235803e-02
-2.952135268812022595e+00 9.868448555231673636e-02
-2.939525098309879958e+00 1.063702064399905389e-01
-2.926914927807736433e+00 1.144749867403081489e-01
-2.914304757305592908e+00 1.230044488168263866e-01
-2.901694586803450271e+00 1.319625790682442956e-01
-2.889084416301306746e+00 1.413515815853316204e-01
-2.876474245799163221e+00 1.511717339943831062e-01
-2.863864075297020584e+00 1.614212512190999760e-01
-2.851253904794877059e+00 1.720961555852108249e-01
-2.838643734292733534e+00 1.831901516836521582e-01
-2.826033563790590897e+00 1.946945183595091000e-01
-2.813423393288447372e+00 2.065980095956334306e-01
-2.800813222786303847e+00 2.188867675943442781e-01
-2.788203052284161210e+00 2.315442552506311313e-01
-2.775592881782017685e+00 2.445512039788610981e-01
-2.762982711279874160e+00 2.578855808012059381e-01
-2.750372540777731523e+00 2.715225756906183840e-01
-2.737762370275587998e+00 2.854346104086628588e-01
-2.725152199773444472e+00 2.995913699054518209e-01
-2.712542029271301836e+00 3.139598571528560145e-01
-2.699931858769158310e+00 3.285044720647200545e-01
-2.687321688267014785e+00 3.431871149214978378e-01
-2.674711517764872148e+00 3.579672174074872704e-01
-2.662101347262728623e+00 3.728023805471133989e-01
-2.649491176760585098e+00 3.876475809900014613e-01
-2.636881006258442461e+00 4.024563516445683331e-01
-2.624270835756298936e+00 4.171804804060960659e-01
-2.611660665254155411e+00 4.317704098201805563e-01
-2.599050494752012774e+00 4.461754622512955071e-01
-2.586440324249869249e+00 4.603441316013088813e-01
-2.573830153747725724e+00 4.742243812615922760e-01
-2.561219983245583087e+00 4.877639556864148962e-01
-2.548609812743439562e+00 5.009107030577254482e-01
-2.535999642241296037e+00 5.136128990777086845e-01
-2.523389471739152512e+00 5.258196130761287890e-01
-2.510779301237009875e+00 5.374810015975342026e-01
-2.498169130734866350e+00 5.485486774168946145e-01
-2.485558960232722825e+00 5.589760360372861836e-01
-2.472948789730580188e+00 5.687185828789762532e-01
-2.460338619228436663e+00 5.777342501208333481e-01
-2.447728448726293138e+00 5.859837000327696721e-01
-2.435118278224150501e+00 5.934306117326962893e-01
-2.422508107722006976e+00 6.000419484354020394e-01
-2.409897937219863451e+00 6.057882024342546856e-01
-2.397287766717720814e+00 6.106436152657570560e-01
-2.384677596215577289e+00 6.145863707511962648e-01
-2.372067425713433764e+00 6.175987595837685307e-01
-2.359457255211291127e+00 6.196673097254470353e-01
-2.346847084709147602e+00 6.207828907427853649e-01
-2.334236914207004077e+00 6.209407789815751810e-01
-2.321626743704861440e+00 6.201406914042156826e-01
-2.309016573202717915e+00 6.183867845591090040e-01
-2.296406402700574390e+00 6.156876192310657414e-01
-2.283796232198431753e+00 6.120560911784455049e-01
-2.271186061696288228e+00 6.075093287412047793e-01
-2.258575891194144702e+00 6.020685584557704528e-01
-2.245965720692002066e+00 5.957589401503632365e-01
-2.233355550189858540e+00 5.886093733116435356e-01
-2.220745379687715015e+00 5.806522764675131620e-01
-2.208135209185572378e+00 5.719233442085244201e-01
-2.195525038683428853e+00 5.624612781189490818e-01
-2.182914868181285328e+00 5.523075036324501808e-01
-2.170304697679142691e+00 5.415058682022099168e-01
-2.157694527176999166e+00 5.301023270990954384e-01
-2.145084356674855641e+00 5.181446193935906885e-01
-2.132474186172713004e+00 5.056819372992376049e-01
-2.119864015670569479e+00 4.927645920577658489e-01
-2.107253845168425954e+00 4.794436795059526801e-01
-2.094643674666283317e+00 4.657707483930789705e-01
-2.082033504164139792e+00 4.517974744035075929e-01
-2.069423333661996267e+00 4.375753426975550475e-01
-2.056813163159853630e+00 4.231553416093870035e-01
-2.044202992657710105e+00 4.085876699402013479e-01
-2.031592822155566580e+00 3.939214600613579753e-01
-2.018982651653423943e+00 3.792045187986217702e-01
-2.006372481151280418e+00 3.644830878102627292e-01
-1.993762310649136893e+00 3.498016249018825463e-01
-1.981152140146994256e+00 3.352026074432870595e-01
-1.968541969644850731e+00 3.207263587726505438e-01
-1.955931799142707206e+00 3.064108981935524390e-01
-1.943321628640564569e+00 2.922918281472487445e-01
-1.930711458138421044e+00 2.784021669417571787e-01
-1.918101287636277519e+00 2.647723985284185511e-01
-1.905491117134134882e+00 2.514302917805536497e-01
-1.892880946631991357e+00 2.384009300504023876e-01
-1.880270776129847832e+00 2.257066886211889223e-01
-1.867660605627705195e+00 2.133672451047836927e-01
-1.855050435125561670e+00 2.013996094211759902e-01
-1.842440264623418145e+00 1.898181720107487980e-01
-1.829830094121275508e+00 1.786347688155339730e-01
-1.817219923619131983e+00 1.678587614739650846e-01
-1.804609753116988458e+00 1.574971315017172913e-01
-1.791999582614845821e+00 1.475545844801719186e-01
-1.779389412112702296e+00 1.380336681823310652e-01
-1.766779241610558771e+00 1.289348957284675024e-01
-1.754169071108415245e+00 1.202568772851420886e-01
-1.741558900606272609e+00 1.119964567159768970e-01
-1.728948730104129083e+00 1.041488519199669366e-01
-1.716338559601985558e+00 9.670779735577497704e-02
-1.703728389099842921e+00 8.966568733389776447e-02
-1.691118218597699396e+00 8.301371875256843835e-02
-1.678508048095555871e+00 7.674203205358483271e-02
-1.665897877593413234e+00 7.083984928258028890e-02
-1.653287707091269709e+00 6.529560828341209044e-02
-1.640677536589126184e+00 6.009709211955566177e-02
-1.628067366086983547e+00 5.523155296389820751e-02
-1.615457195584840022e+00 5.068582981835195039e-02
-1.602847025082696497e+00 4.644645953608133454e-02
-1.590236854580553860e+00 4.249978073172357151e-02
-1.577626684078410335e+00 3.883203027293767595e-02
-1.565016513576266810e+00 3.542943214888227832e-02
-1.552406343074124173e+00 3.227827860704329116e-02
-1.539796172571980648e+00 2.936500377431818312e-02
-1.527186002069837123e+00 2.667624837725136866e-02
-1.514575831567694486e+00 2.419891937370745316e-02
-1.501965661065550961e+00 2.192023972349187513e-02
-1.489355490563407436e+00 1.982779231415453605e-02
-1.476745320061264799e+00 1.790955683249775485e-02
-1.464135149559121274e+00 1.615394023103933208e-02
-1.451524979056977749e+00 1.454980086031033154e-02
-1.438914808554835112e+00 1.308646732838010182e-02
-1.426304638052691587e+00 1.175375176765834813e-02
-1.413694467550548062e+00 1.054195835912004851e-02
-1.401084297048405425e+00 9.441887430482310758e-03
-1.388474126546261900e+00 8.444835567901629730e-03
-1.375863956044118375e+00 7.542592165541365211e-03
-1.363253785541975738e+00 6.727432827405908748e-03
-1.350643615039832213e+00 5.992110043575462827e-03
-1.338033444537688688e+00 5.329841388394376649e-03
-1.325423274035546051e+00 4.734295958498662728e-03
-1.312813103533402526e+00 4.199578922555620257e-03
-1.300202933031259001e+00 3.720214846946467719e-03
-1.287592762529116364e+00 3.291129965304557918e-03
-1.274982592026972839e+00 2.907633684060313781e-03
-1.262372421524829313e+00 2.565399571915629329e-03
-1.249762251022686677e+00 2.260446055985521931e-03
-1.237152080520543151e+00 1.989117023891806384e-03
-1.224541910018399626e+00 1.748062512248124440e-03
-1.211931739516256989e+00 1.534219628802480865e-03
-1.199321569014113464e+00 1.344793841579508282e-03
-1.186711398511969939e+00 1.177240747322825121e-03
-1.174101228009827302e+00 1.029248411892147745e-03
-1.161491057507683777e+00 8.987203577148859118e-04
-1.148880887005540252e+00 7.837592572687889295e-04
-1.136270716503397615e+00 6.826513765960752272e-04
-1.123660546001254090e+00 5.938519185304917420e-04
-1.111050375499110565e+00 5.159704572968850734e-04
-1.098440204996967928e+00 4.477589586384742981e-04
-1.085830034494824403e+00 3.880982395825690310e-04
-1.073219863992680878e+00 3.359870062433165127e-04
-1.060609693490538241e+00 2.905309668345637422e-04
-1.047999522988394716e+00 2.509328291216257828e-04
-1.035389352486251191e+00 2.164830391657832814e-04
-1.022779181984108554e+00 1.865512318386655579e-04
-1.010169011481965029e+00 1.605784195846095492e-04
-9.975588409798215039e-01 1.380694829984928135e-04
-9.849486704776788670e-01 1.185871381187287427e-04
-9.723384999755353419e-01 1.017453285650975154e-04
-9.597283294733918169e-01 8.720402304683067983e-05
-9.471181589712491800e-01 7.466417126148256378e-05
-9.345079884691056549e-01 6.386318907617142182e-05
-9.218978179669621298e-01 5.457087854133430059e-05
-9.092876474648186047e-01 4.658575080609753252e-05
-8.966774769626759678e-01 3.973171936145074740e-05
-8.840673064605324427e-01 3.385513314332299327e-05
-8.714571359583889176e-01 2.882212068357795800e-05
-8.588469654562462807e-01 2.451621798281644257e-05
-8.462367949541027556e-01 2.083625405761515385e-05
-8.336266244519592306e-01 1.769447023992998616e-05
-8.210164539498165936e-01 1.501485081342847606e-05
-8.084062834476730686e-01 1.273164448983081240e-05
-7.957961129455295435e-01 1.078805727953242609e-05
-7.831859424433869066e-01 9.135099071663302733e-06
-7.705757719412433815e-01 7.730568080891193414e-06
-7.579656014390998564e-01 6.538157984085074701e-06
-7.453554309369572195e-01 5.526674888511780191e-06
-7.327452604348136944e-01 4.669351462419304214e-06
-7.201350899326701693e-01 3.943247325379225372e-06
-7.075249194305275324e-01 3.328725870390609273e-06
-6.949147489283840073e-01 2.808998521103751109e-06
-6.823045784262404823e-01 2.369728385307754065e-06
-6.696944079240978454e-01 1.998686167138952292e-06
-6.570842374219543203e-01 1.685451863780445758e-06
-6.444740669198107952e-01 1.421156674535278878e-06
-6.318638964176681583e-01 1.198259962874280150e-06
-6.192537259155246332e-01 1.010356894077305956e-06
-6.066435554133811081e-01 8.520126694464332258e-07
-5.940333849112384712e-01 7.186200143187756185e-07
-5.814232144090949461e-01 6.062766289236226693e-07
-5.688130439069514210e-01 5.116804184266528455e-07
-5.562028734048087841e-01 4.320393230198739096e-07
-5.435927029026652590e-01 3.649945147275023089e-07
-5.309825324005217340e-01 3.085546625803544877e-07
-5.183723618983790971e-01 2.610398901707130169e-07
-5.057621913962355720e-01 2.210340057882036610e-07
-4.931520208940920469e-01 1.873438578319162123e-07
-4.805418503919494100e-01 1.589648032683906953e-07
-4.679316798898058849e-01 1.350513625157679691e-07
-4.553215093876623598e-01 1.148923479052049686e-07
-4.427113388855197229e-01 9.788979338945700280e-08
-4.301011683833761978e-01 8.354111529535673624e-08
-4.174909978812326727e-01 7.142403664038889991e-08
-4.048808273790900358e-01 6.118384681396774332e-08
-3.922706568769465107e-01 5.252265246880219163e-08
-3.796604863748029857e-01 4.519031472142056564e-08
-3.670503158726603488e-01 3.897681195277941387e-08
-3.544401453705168237e-01 3.370580939478892723e-08
-3.418299748683732986e-01 2.922925167432209268e-08
-3.292198043662306617e-01 2.542281541051059308e-08
-3.166096338640871366e-01 2.218209009150190403e-08
-3.039994633619436115e-01 1.941936021702324372e-08
-2.913892928598009746e-01 1.706093444846061637e-08
-2.787791223576574495e-01 1.504486283185215715e-08
-2.661689518555139244e-01 1.331905735208673773e-08
-2.535587813533712875e-01 1.183970020277525302e-08
-2.409486108512277625e-01 1.056991415782254410e-08
-2.283384403490842374e-01 9.478648402347742525e-09
-2.157282698469416005e-01 8.539745549321643896e-09
-2.031180993447980754e-01 7.731160545511758298e-09
-1.907296212577645478e-01 7.045686258185560904e-09
-1.790751809198734557e-01 6.485912818531848030e-09
-1.681328766829025823e-01 6.025787281571672957e-09
-1.578591939883211837e-01 5.644618402354651712e-09
-1.482132772030496648e-01 5.326651724243234520e-09
-1.391567671477560997e-01 5.059751729012461409e-09
-1.306536485528615454e-01 4.834469274577900416e-09
-1.226701068356443602e-01 4.643371565285563950e-09
-1.151743936288669723e-01 4.480555774477051434e-09
-1.081367005261812397e-01 4.341291986814713971e-09
-1.015290405422311915e-01 4.221758308266473689e-09
-9.532513681604738720e-02 4.118842371667013187e-09
-8.950031811513789459e-02 4.029991163103491346e-09
-8.403142072473115953e-02 3.953096358976334881e-09
-7.889669633199995757e-02 3.886406002262089570e-09
-7.407572553895482026e-02 3.828455890978455739e-09
-6.954933666007066806e-02 3.778015845373813824e-09
-6.529952948172380867e-02 3.734047297939796578e-09
-6.130940368025181858e-02 3.695669568470391121e-09
-5.756309161397969026e-02 3.662132829031213140e-09
-5.404569522193657799e-02 3.632796410069763214e-09
-5.074322677833183887e-02 3.607110997674775729e-09
-4.764255326718694339e-02 3.584604187198604025e-09
-4.473134415591366320e-02 3.564868716410655700e-09
-4.199802236014917034e-02 3.547552537070380587e-09
-3.943171820485173729e-02 3.532350760648851828e-09
-3.702222619856760516e-02 3.518998735476464095e-09
-3.475996444897584692e-02 3.507266328295494689e-09
-3.263593655831751456e-02 3.496953199903606774e-09
-3.064169584717604811e-02 3.487884638829127234e-09
-2.876931176433708895e-02 3.479908109721185838e-09
-2.701133834915109624e-02 3.472890291712253774e-09
-2.536078462097863737e-02 3.466714543851405328e-09
-2.381108677796769241e-02 3.461278729491925601e-09
-2.235608209460499679e-02 3.456493343662910759e-09
-2.098998441423788677e-02 3.452279897197186551e-09
-1.970736113910750986e-02 3.448569519247670284e-09
-1.850311162639044910e-02 3.445301746196195708e-09
-1.737244690433337180e-02 3.442423470150301342e-09
-1.631087062781888183e-02 3.439888024478523411e-09
-1.531416119762810286e-02 3.437654387334292528e-09
-1.437835497229224616e-02 3.435686487015579117e-09
-1.349973050577157364e-02 3.433952595413442444e-09
-1.267479374828037013e-02 3.432424797811749423e-09
-1.190026415140387275e-02 3.431078528985051014e-09
-1.117306162225225469e-02 3.429892166959551642e-09
-1.049029427477177374e-02 3.428846677000221960e-09
-9.849246929502866038e-03 3.427925299405488255e-09
-9.247370316051994887e-03 3.427113275554925257e-09
-8.682270935339195597e-03 3.426397607396142944e-09
-8.151701541304996398e-03 3.425766846190054570e-09
-7.653552204225974771e-03 3.425210906878268059e-09
-7.185841920100037063e-03 3.424720904904282731e-09
-6.746710732733945948e-03 3.424289012726636596e-09
-6.334412337204842376e-03 3.423908333610422747e-09
-5.947307135282262590e-03 3.423572790588472229e-09
-5.583855715193143839e-03 3.423277028746826744e-09
-5.242612729801200168e-03 3.423016329218348672e-09
-4.922221148855803613e-03 3.422786533467998120e-09
-4.621406862452884928e-03 3.422583976628219018e-09
-4.338973614247355545e-03 3.422405428794127918e-09
-4.073798244268176869e-03 3.422248043322121743e-09
-3.824826222417472815e-03 3.422109311291160188e-09
-3.591067454892035368e-03 3.421987021388421882e-09
-3.371592346850472034e-03 3.421879224570494260e-09
-3.165528105668122608e-03 3.421784202928621214e-09
-2.972055270078842893e-03 3.421700442256622928e-09
-2.790404451401243442e-03 3.421626607879612969e-09
-2.619853273889739126e-03 3.421561523354504487e-09
-2.459723502043294555e-03 3.421504151700614583e-09
-2.309378343447928035e-03 3.421453578859101867e-09
-2.168219916426995363e-03 3.421408999115706462e-09
-2.035686872428882702e-03 3.421369702253894342e-09
-1.911252163696946192e-03 3.421335062232230028e-09
-1.794420947344431763e-03 3.421304527205048403e-09
-1.684728617499294890e-03 3.421277610727020932e-09
-1.581738957693386684e-03 3.421253884000783384e-09
-1.485042406148618429e-03 3.421232969043716738e-09
-1.394254427061488973e-03 3.421214532665430016e-09
-1.309013981409089993e-03 3.421198281158847699e-09
-1.228982091195453740e-03 3.421183955620883740e-09
-1.153840491428526288e-03 3.421171327828001985e-09
-1.083290364467113165e-03 3.421160196600138649e-09
-1.017051151704679570e-03 3.421150384596266252e-09
-9.548594378642998991e-04 3.421141735489219441e-09
-8.964679034679587247e-04 3.421134111475707232e-09
-8.416443413144891576e-04 3.421127391081235808e-09
-7.901707330548732918e-04 3.421121467225268547e-09
-7.418423821927417998e-04 3.421116245515465449e-09
-6.964671000622763746e-04 3.421111642744470556e-09
-6.538644415463101345e-04 3.421107585564465034e-09
-6.138649874953195544e-04 3.421104009318798961e-09
-5.763096709937077546e-04 3.421100857012332618e-09
-5.410491447940707658e-04 3.421098078403562338e-09
-5.079431874039339089e-04 3.421095629204419214e-09
-4.768601454631505969e-04 3.421093470374699760e-09
-4.476764101943878299e-04 3.421091567500471518e-09
-4.202759258447686459e-04 3.421089890245745379e-09
-3.945497281637799845e-04 3.421088411869362807e-09
-3.703955110821903832e-04 3.421087108799041667e-09
-3.477172198687347553e-04 3.421085960255767984e-09
-3.264246691466341703e-04 3.421084947923032060e-09
-3.064331842509692436e-04 3.421084055654908161e-09
-2.876632645006474724e-04 3.421083269218829062e-09
-2.700402670458676067e-04 3.421082576068940207e-09
-2.534941100338807115e-04 3.421081965146292583e-09
-2.379589939125882462e-04 3.421081426702446038e-09
-2.233731397636618432e-04 3.421080952144426686e-09
-2.096785436246481258e-04 3.421080533897578702e-09
-1.968207458230403738e-04 3.421080165285076786e-09
-1.847486144050079770e-04 3.421079840421468425e-09
-1.734141417975726429e-04 3.421079554118841842e-09
-1.627722538955931274e-04 3.421079301804261782e-09
-1.527806308143372189e-04 3.421079079446784889e-09
-1.433995385948514170e-04 3.421078883493368925e-09
-1.345916711928507147e-04 3.421078710812052080e-09
-1.263220021227506255e-04 3.421078558642279530e-09
-1.185576451668948804e-04 3.421078424550649283e-09
-1.112677235960431003e-04 3.421078306392359765e-09
-1.044232473810362147e-04 3.421078202276813171e-09
-9.799699790736354202e-05 3.421078110537606596e-09
-9.196341973416139544e-05 3.421078029705974982e-09
-8.629851896719176359e-05 3.421077958487189591e-09
-8.097976784167412539e-05 3.421077895740270162e-09
-7.598601513551331310e-05 3.421077840459329912e-09
-7.129740205665540287e-05 3.421077791757908746e-09
-6.689528327009240302e-05 3.421077748854666745e-09
-6.276215275045356852e-05 3.421077711060903671e-09
-5.888157416531500463e-05 3.421077677769703875e-09
-5.523811551239205268e-05 3.421077648446092016e-09
-5.181728775067791524e-05 3.421077622618524275e-09
-4.860548718147756638e-05 3.421077599871538022e-09
-4.558994135021126844e-05 3.421077579838867608e-09
-4.275865825384858419e-05 3.421077562197713242e-09
-4.010037865198160146e-05 3.421077546663692300e-09
-3.760453129189908716e-05 3.421077532986114460e-09
-3.526119086959958525e-05 3.421077520944017862e-09
-3.306103855956327154e-05 3.421077510342730097e-09
-3.099532495632644548e-05 3.421077501010719963e-09
-2.905583528048395544e-05 3.421077492796754442e-09
-2.723485671075096226e-05 3.421077485567648769e-09
-2.552514771217800657e-05 3.421077479205981349e-09
-2.391990923854284747e-05 3.421077473608357913e-09
-2.241275769439721272e-05 3.421077468683549539e-09
-2.099769954925015053e-05 3.421077464351327152e-09
-1.966910750293300909e-05 3.421077460540880370e-09
-1.842169810736080741e-05 3.421077457189919596e-09
-1.725051075570132930e-05 3.421077454243459654e-09
-1.615088795539561633e-05 3.421077451653127436e-09
-1.511845680657980123e-05 3.421077449376347128e-09
-1.414911161225593266e-05 3.421077447375537433e-09
-1.323899755105558475e-05 3.421077445617591689e-09
-1.238449534766613459e-05 3.421077444073412162e-09
-1.158220687996078599e-05 3.421077442717353772e-09
-1.082894166559426607e-05 3.421077441526786099e-09
-1.012170417432434343e-05 3.421077440481824548e-09
-9.457681915605696142e-06 3.421077439564906419e-09
-8.834234254082606896e-06 3.421077438760632506e-09
-8.248881908502043135e-06 3.421077438055414712e-09
-7.699297092288845179e-06 3.421077437437268844e-09
-7.183294256573823982e-06 3.421077436895681850e-09
-6.698821398861734940e-06 3.421077436421355394e-09
-6.243951902777456888e-06 3.421077436006146709e-09
-5.816876876438485798e-06 3.421077435642896960e-09
-5.415897958985060038e-06 3.421077435325237271e-09
-5.039420566662596439e-06 3.421077435047637525e-09
-4.685947551597296836e-06 3.421077434805187166e-09
-4.354073248047161842e-06 3.421077434593596433e-09
-4.042477882453245495e-06 3.421077434409097106e-09
-3.749922325059951160e-06 3.421077434248310152e-09
-3.475243162234227762e-06 3.421077434108331340e-09
-3.217348069887064443e-06 3.421077433986619985e-09
-2.975211469598384632e-06 3.421077433880879419e-09
-2.747870450171603521e-06 3.421077433789128132e-09
-2.534420938398601179e-06 3.421077433709591407e-09
-2.334014103807039897e-06 3.421077433640787351e-09
-2.145852983093271333e-06 3.421077433581341603e-09
-1.969189310816785935e-06 3.421077433530063436e-09
-1.803320543752548581e-06 3.421077433485943690e-09
-1.647587067068355029e-06 3.421077433448035243e-09
-1.501369571216668681e-06 3.421077433415583707e-09
-1.364086589109387048e-06 3.421077433387823526e-09
-1.235192183781944781e-06 3.421077433364208346e-09
-1.114173777351006344e-06 3.421077433344141772e-09
-1.000550112631961414e-06 3.421077433327199045e-09
-8.938693393104654022e-07 3.421077433312930180e-09
-7.937072170570570337e-07 3.421077433301043181e-09
-6.996654284390261791e-07 3.421077433291125699e-09
-6.113699949207071113e-07 3.421077433282945709e-09
-5.284697896529079203e-07 3.421077433276297659e-09
-4.506351411371571005e-07 3.421077433270901133e-09
-3.775565222121384326e-07 3.421077433266659350e-09
-3.089433191486484405e-07 3.421077433263329121e-09
-2.445226759580218821e-07 3.421077433260837653e-09
-1.840384093183425875e-07 3.421077433258990145e-09
-1.272499898032904365e-07 3.421077433257738208e-09
-7.393158536218592144e-08 3.421077433256984646e-09
-2.387116324756687046e-08 3.421077433256632267e-09
2.387116324756687046e-08 3.421077433256632267e-09
7.393158536217865548e-08 3.421077433256984646e-09
1.272499898032904365e-07 3.421077433257738208e-09
1.840384093183425875e-07 3.421077433258990145e-09
2.445226759580130942e-07 3.421077433260837653e-09
3.089433191486484405e-07 3.421077433263329121e-09
3.775565222121384326e-07 3.421077433266659350e-09
4.506351411371465126e-07 3.421077433270901133e-09
5.284697896529079203e-07 3.421077433276297659e-09
6.113699949207071113e-07 3.421077433282945709e-09
6.996654284390133677e-07 3.421077433291125699e-09
7.937072170570570337e-07 3.421077433301043181e-09
8.938693393104654022e-07 3.421077433312930180e-09
1.000550112631946167e-06 3.421077433327199045e-09
1.114173777351006344e-06 3.421077433344141772e-09
1.235192183781944781e-06 3.421077433364208346e-09
1.364086589109368413e-06 3.421077433387823526e-09
1.501369571216668681e-06 3.421077433415583707e-09
1.647587067068355029e-06 3.421077433448035243e-09
1.803320543752526134e-06 3.421077433485943690e-09
1.969189310816785935e-06 3.421077433530063436e-09
2.145852983093271333e-06 3.421077433581341603e-09
2.334014103807012369e-06 3.421077433640787351e-09
2.534420938398601179e-06 3.421077433709591407e-09
2.747870450171603521e-06 3.421077433789128132e-09
2.975211469598351597e-06 3.421077433880879419e-09
3.217348069887064443e-06 3.421077433986619985e-09
3.475243162234227762e-06 3.421077434108331340e-09
3.749922325059911349e-06 3.421077434248310152e-09
4.042477882453245495e-06 3.421077434409097106e-09
4.354073248047161842e-06 3.421077434593596433e-09
4.685947551597248555e-06 3.421077434805187166e-09
5.039420566662596439e-06 3.421077435047637525e-09
5.415897958985004981e-06 3.421077435325237271e-09
5.816876876438427352e-06 3.421077435642896960e-09
6.243951902777456888e-06 3.421077436006146709e-09
6.698821398861668871e-06 3.421077436421355394e-09
7.183294256573753678e-06 3.421077436895681850e-09
7.699297092288845179e-06 3.421077437437268844e-09
8.248881908501963514e-06 3.421077438055414712e-09
8.834234254082522193e-06 3.421077438760632506e-09
9.457681915605696142e-06 3.421077439564906419e-09
1.012170417432424687e-05 3.421077440481824548e-09
1.082894166559416273e-05 3.421077441526786099e-09
1.158220687996078599e-05 3.421077442717353772e-09
1.238449534766601939e-05 3.421077444073412162e-09
1.323899755105545939e-05 3.421077445617591689e-09
1.414911161225593266e-05 3.421077447375537433e-09
1.511845680657965724e-05 3.421077449376347128e-09
1.615088795539546725e-05 3.421077451653127436e-09
1.725051075570132930e-05 3.421077454243459654e-09
1.842169810736063801e-05 3.421077457189919596e-09
1.966910750293282952e-05 3.421077460540880370e-09
2.099769954925015053e-05 3.421077464351327152e-09
2.241275769439700604e-05 3.421077468683549539e-09
2.391990923854262385e-05 3.421077473608357913e-09
2.552514771217800657e-05 3.421077479205981349e-09
2.723485671075071492e-05 3.421077485567648769e-09
2.905583528048369117e-05 3.421077492796754442e-09
3.099532495632644548e-05 3.421077501010719963e-09
3.306103855956297338e-05 3.421077510342730097e-09
3.526119086959926676e-05 3.421077520944017862e-09
3.760453129189908716e-05 3.421077532986114460e-09
4.010037865198123555e-05 3.421077546663692300e-09
4.275865825384819795e-05 3.421077562197713242e-09
4.558994135021126844e-05 3.421077579838867608e-09
4.860548718147712592e-05 3.421077599871538022e-09
5.181728775067744768e-05 3.421077622618524275e-09
5.523811551239205268e-05 3.421077648446092016e-09
5.888157416531447608e-05 3.421077677769703875e-09
6.276215275045299931e-05 3.421077711060903671e-09
6.689528327009240302e-05 3.421077748854666745e-09
7.129740205665476590e-05 3.421077791757908746e-09
7.598601513551263547e-05 3.421077840459329912e-09
8.097976784167412539e-05 3.421077895740270162e-09
8.629851896719099109e-05 3.421077958487189591e-09
9.196341973416056873e-05 3.421078029705974982e-09
9.799699790736354202e-05 3.421078110537606596e-09
1.044232473810352796e-04 3.421078202276813171e-09
1.112677235960420974e-04 3.421078306392359765e-09
1.185576451668948804e-04 3.421078424550649283e-09
1.263220021227494871e-04 3.421078558642279530e-09
1.345916711928494950e-04 3.421078710812052080e-09
1.433995385948514170e-04 3.421078883493368925e-09
1.527806308143358637e-04 3.421079079446784889e-09
1.627722538955916909e-04 3.421079301804261782e-09
1.734141417975726429e-04 3.421079554118841842e-09
1.847486144050063236e-04 3.421079840421468425e-09
1.968207458230386390e-04 3.421080165285076786e-09
2.096785436246481258e-04 3.421080533897578702e-09
2.233731397636598375e-04 3.421080952144426686e-09
2.379589939125861320e-04 3.421081426702446038e-09
2.534941100338807115e-04 3.421081965146292583e-09
2.700402670458652214e-04 3.421082576068940207e-09
2.876632645006474724e-04 3.421083269218829062e-09
3.064331842509692436e-04 3.421084055654908161e-09
3.264246691466312429e-04 3.421084947923032060e-09
3.477172198687347553e-04 3.421085960255767984e-09
3.703955110821903832e-04 3.421087108799041667e-09
3.945497281637764609e-04 3.421088411869362807e-09
4.202759258447686459e-04 3.421089890245745379e-09
4.476764101943878299e-04 3.421091567500471518e-09
4.768601454631463685e-04 3.421093470374699760e-09
5.079431874039339089e-04 3.421095629204419214e-09
5.410491447940683806e-04 3.421098078403562338e-09
5.763096709937052609e-04 3.421100857012332618e-09
6.138649874953195544e-04 3.421104009318798961e-09
6.538644415463072072e-04 3.421107585564465034e-09
6.964671000622733388e-04 3.421111642744470556e-09
7.418423821927417998e-04 3.421116245515465449e-09
7.901707330548697139e-04 3.421121467225268547e-09
8.416443413144852545e-04 3.421127391081235808e-09
8.964679034679587247e-04 3.421134111475707232e-09
9.548594378642956708e-04 3.421141735489219441e-09
1.017051151704675017e-03 3.421150384596266252e-09
1.083290364467113165e-03 3.421160196600138649e-09
1.153840491428521084e-03 3.421171327828001985e-09
1.228982091195448319e-03 3.421183955620883740e-09
1.309013981409089993e-03 3.421198281158847699e-09
1.394254427061482901e-03 3.421214532665430016e-09
1.485042406148611707e-03 3.421232969043716738e-09
1.581738957693386684e-03 3.421253884000783384e-09
1.684728617499287517e-03 3.421277610727020932e-09
1.794420947344423523e-03 3.421304527205048403e-09
1.911252163696946192e-03 3.421335062232230028e-09
2.035686872428873594e-03 3.421369702253894342e-09
2.168219916426985822e-03 3.421408999115706462e-09
2.309378343447928035e-03 3.421453578859101867e-09
2.459723502043281544e-03 3.421504151700614583e-09
2.619853273889716141e-03 3.421561523354504487e-09
2.790404451401243442e-03 3.421626607879612969e-09
2.972055270078832485e-03 3.421700442256622928e-09
3.165528105668094852e-03 3.421784202928621214e-09
3.371592346850472034e-03 3.421879224570494260e-09
3.591067454892016286e-03 3.421987021388421882e-09
3.824826222417438987e-03 3.422109311291160188e-09
4.073798244268176869e-03 3.422248043322121743e-09
4.338973614247340800e-03 3.422405428794127918e-09
4.621406862452843295e-03 3.422583976628194616e-09
4.922221148855803613e-03 3.422786533467998120e-09
5.242612729801172412e-03 3.423016329218348672e-09
5.583855715193094399e-03 3.423277028746826744e-09
5.947307135282262590e-03 3.423572790588472229e-09
6.334412337204820692e-03 3.423908333610422747e-09
6.746710732733886100e-03 3.424289012726636596e-09
7.185841920100037063e-03 3.424720904904282731e-09
7.653552204225934005e-03 3.425210906878268059e-09
8.151701541304925275e-03 3.425766846190054570e-09
8.682270935339195597e-03 3.426397607396142944e-09
9.247370316051963662e-03 3.427113275554925257e-09
9.849246929502777567e-03 3.427925299405488255e-09
1.049029427477177374e-02 3.428846677000221960e-09
1.117306162225219397e-02 3.429892166959551642e-09
1.190026415140376694e-02 3.431078528985051014e-09
1.267479374828037013e-02 3.432424797811749423e-09
1.349973050577152334e-02 3.433952595413442444e-09
1.437835497229211779e-02 3.435686487015603519e-09
1.531416119762810286e-02 3.437654387334292528e-09
1.631087062781879510e-02 3.439888024478523411e-09
1.737244690433321567e-02 3.442423470150301342e-09
1.850311162639044910e-02 3.445301746196195708e-09
1.970736113910743700e-02 3.448569519247670284e-09
2.098998441423769942e-02 3.452279897197186551e-09
2.235608209460499679e-02 3.456493343662910759e-09
2.381108677796757098e-02 3.461278729491925601e-09
2.536078462097841185e-02 3.466714543851380513e-09
2.701133834915109624e-02 3.472890291712253774e-09
2.876931176433698834e-02 3.479908109721185838e-09
3.064169584717577749e-02 3.487884638829127234e-09
3.263593655831751456e-02 3.496953199903606774e-09
3.475996444897566651e-02 3.507266328295494689e-09
3.702222619856727903e-02 3.518998735476464095e-09
3.943171820485173729e-02 3.532350760648851828e-09
4.199802236014902462e-02 3.547552537070342950e-09
4.473134415591326768e-02 3.564868716410655700e-09
4.764255326718694339e-02 3.584604187198604025e-09
5.074322677833156825e-02 3.607110997674750087e-09
5.404569522193609227e-02 3.632796410069763214e-09
5.756309161397969026e-02 3.662132829031213140e-09
6.130940368025160347e-02 3.695669568470391121e-09
6.529952948172323968e-02 3.734047297939796578e-09
6.954933666007066806e-02 3.778015845373813824e-09
7.407572553895443168e-02 3.828455890978455739e-09
7.889669633199926368e-02 3.886406002262089570e-09
8.403142072473115953e-02 3.953096358976334881e-09
8.950031811513757540e-02 4.029991163103491346e-09
9.532513681604654066e-02 4.118842371667013187e-09
1.015290405422311915e-01 4.221758308266473689e-09
1.081367005261806707e-01 4.341291986814682538e-09
1.151743936288659592e-01 4.480555774477020002e-09
1.226701068356443602e-01 4.643371565285563950e-09
1.306536485528610736e-01 4.834469274577865674e-09
1.391567671477548507e-01 5.059751729012425841e-09
1.482132772030496648e-01 5.326651724243234520e-09
1.578591939883203232e-01 5.644618402354611181e-09
1.681328766829011112e-01 6.025787281571630770e-09
1.790751809198728173e-01 6.485912818531848030e-09
1.907296212577638539e-01 7.045686258185485631e-09
2.031180993447962990e-01 7.731160545511703704e-09
2.157282698469407123e-01 8.539745549321523127e-09
2.283384403490833492e-01 9.478648402347606868e-09
2.409486108512259861e-01 1.056991415782239355e-08
2.535587813533703994e-01 1.183970020277525302e-08
2.661689518555130363e-01 1.331905735208654913e-08
2.787791223576556732e-01 1.504486283185194540e-08
2.913892928598000864e-01 1.706093444846049395e-08
3.039994633619427233e-01 1.941936021702289961e-08
3.166096338640853602e-01 2.218209009150143089e-08
3.292198043662297735e-01 2.542281541051023243e-08
3.418299748683724104e-01 2.922925167432167909e-08
3.544401453705150473e-01 3.370580939478845078e-08
3.670503158726594606e-01 3.897681195277871904e-08
3.796604863748020975e-01 4.519031472141992375e-08
3.922706568769447344e-01 5.252265246880107328e-08
4.048808273790891477e-01 6.118384681396686981e-08
4.174909978812317846e-01 7.142403664038839699e-08
4.301011683833744215e-01 8.354111529535496276e-08
4.427113388855188347e-01 9.788979338945525580e-08
4.553215093876614716e-01 1.148923479052037378e-07
4.679316798898041085e-01 1.350513625157651104e-07
4.805418503919485218e-01 1.589648032683890013e-07
4.931520208940911587e-01 1.873438578319135388e-07
5.057621913962337956e-01 2.210340057881985524e-07
5.183723618983782089e-01 2.610398901707106875e-07
5.309825324005208458e-01 3.085546625803506761e-07
5.435927029026652590e-01 3.649945147275023089e-07
5.562028734048078960e-01 4.320393230198693039e-07
5.688130439069505329e-01 5.116804184266482927e-07
5.814232144090949461e-01 6.062766289236226693e-07
5.940333849112375830e-01 7.186200143187654541e-07
6.066435554133802199e-01 8.520126694464196733e-07
6.192537259155246332e-01 1.010356894077305956e-06
6.318638964176672701e-01 1.198259962874267444e-06
6.444740669198099070e-01 1.421156674535263843e-06
6.570842374219543203e-01 1.685451863780445758e-06
6.696944079240969572e-01 1.998686167138930693e-06
6.823045784262395941e-01 2.369728385307728654e-06
6.949147489283840073e-01 2.808998521103751109e-06
7.075249194305266442e-01 3.328725870390567769e-06
7.201350899326692812e-01 3.943247325379177091e-06
7.327452604348136944e-01 4.669351462419304214e-06
7.453554309369563313e-01 5.526674888511701417e-06
7.579656014390989682e-01 6.538157984084982374e-06
7.705757719412433815e-01 7.730568080891193414e-06
7.831859424433860184e-01 9.135099071663206171e-06
7.957961129455286553e-01 1.078805727953234986e-05
8.084062834476730686e-01 1.273164448983081240e-05
8.210164539498157055e-01 1.501485081342828971e-05
8.336266244519583424e-01 1.769447023992976593e-05
8.462367949541027556e-01 2.083625405761515385e-05
8.588469654562453925e-01 2.451621798281604955e-05
8.714571359583880295e-01 2.882212068357759886e-05
8.840673064605324427e-01 3.385513314332299327e-05
8.966774769626750796e-01 3.973171936145011043e-05
9.092876474648177165e-01 4.658575080609728180e-05
9.218978179669621298e-01 5.457087854133430059e-05
9.345079884691047667e-01 6.386318907617108301e-05
9.471181589712474036e-01 7.466417126148110011e-05
9.597283294733918169e-01 8.720402304683067983e-05
9.723384999755344538e-01 1.017453285650967972e-04
9.849486704776770907e-01 1.185871381187255850e-04
9.975588409798215039e-01 1.380694829984928135e-04
1.010169011481964141e+00 1.605784195846084107e-04
1.022779181984106778e+00 1.865512318386605705e-04
1.035389352486251191e+00 2.164830391657832814e-04
1.047999522988393828e+00 2.509328291216244818e-04
1.060609693490536465e+00 2.905309668345581043e-04
1.073219863992680878e+00 3.359870062433165127e-04
1.085830034494823515e+00 3.880982395825648568e-04
1.098440204996966152e+00 4.477589586384651908e-04
1.111050375499110565e+00 5.159704572968850734e-04
1.123660546001253202e+00 5.938519185304838273e-04
1.136270716503395839e+00 6.826513765960576631e-04
1.148880887005540252e+00 7.837592572687889295e-04
1.161491057507682889e+00 8.987203577148811413e-04
1.174101228009825526e+00 1.029248411892126711e-03
1.186711398511969939e+00 1.177240747322825121e-03
1.199321569014112576e+00 1.344793841579489200e-03
1.211931739516255213e+00 1.534219628802440099e-03
1.224541910018399626e+00 1.748062512248124440e-03
1.237152080520542263e+00 1.989117023891779929e-03
1.249762251022684900e+00 2.260446055985479864e-03
1.262372421524829313e+00 2.565399571915629329e-03
1.274982592026971950e+00 2.907633684060275184e-03
1.287592762529114587e+00 3.291129965304508478e-03
1.300202933031259001e+00 3.720214846946467719e-03
1.312813103533401637e+00 4.199578922555605512e-03
1.325423274035544274e+00 4.734295958498574257e-03
1.338033444537688688e+00 5.329841388394376649e-03
1.350643615039831325e+00 5.992110043575447215e-03
1.363253785541973961e+00 6.727432827405807267e-03
1.375863956044118375e+00 7.542592165541365211e-03
1.388474126546261012e+00 8.444835567901577689e-03
1.401084297048403648e+00 9.441887430482126878e-03
1.413694467550548062e+00 1.054195835912004851e-02
1.426304638052690699e+00 1.175375176765818160e-02
1.438914808554833336e+00 1.308646732837990406e-02
1.451524979056977749e+00 1.454980086031033154e-02
1.464135149559120386e+00 1.615394023103927310e-02
1.476745320061263023e+00 1.790955683249753280e-02
1.489355490563407436e+00 1.982779231415453605e-02
1.501965661065550073e+00 2.192023972349171901e-02
1.514575831567692710e+00 2.419891937370699173e-02
1.527186002069837123e+00 2.667624837725136866e-02
1.539796172571979760e+00 2.936500377431781883e-02
1.552406343074122397e+00 3.227827860704304830e-02
1.565016513576266810e+00 3.542943214888227832e-02
1.577626684078409447e+00 3.883203027293712084e-02
1.590236854580552084e+00 4.249978073172305804e-02
1.602847025082696497e+00 4.644645953608133454e-02
1.615457195584839134e+00 5.068582981835124956e-02
1.628067366086981771e+00 5.523155296389781199e-02
1.640677536589126184e+00 6.009709211955566177e-02
1.653287707091268821e+00 6.529560828341220147e-02
1.665897877593411458e+00 7.083984928257905378e-02
1.678508048095555871e+00 7.674203205358483271e-02
1.691118218597698508e+00 8.301371875256725874e-02
1.703728389099841145e+00 8.966568733389725099e-02
1.716338559601985558e+00 9.670779735577497704e-02
1.728948730104128195e+00 1.041488519199671586e-01
1.741558900606270832e+00 1.119964567159760921e-01
1.754169071108415245e+00 1.202568772851420886e-01
1.766779241610557882e+00 1.289348957284664199e-01
1.779389412112700519e+00 1.380336681823294553e-01
1.791999582614844932e+00 1.475545844801700035e-01
1.804609753116987569e+00 1.574971315017162088e-01
1.817219923619130206e+00 1.678587614739626699e-01
1.829830094121274620e+00 1.786347688155314195e-01
1.842440264623417256e+00 1.898181720107834369e-01
1.855050435125559893e+00 2.013996094211750743e-01
1.867660605627704307e+00 2.133672451047816387e-01
1.880270776129846944e+00 2.257066886211891166e-01
1.892880946631989580e+00 2.384009300503968087e-01
1.905491117134133994e+00 2.514302917805521509e-01
1.918101287636276631e+00 2.647723985284154424e-01
1.930711458138419268e+00 2.784021669417550138e-01
1.943321628640563681e+00 2.922918281472456359e-01
1.955931799142706318e+00 3.064108981935508291e-01
1.968541969644848955e+00 3.207263587726477683e-01
1.981152140146993368e+00 3.352026074432863378e-01
1.993762310649136005e+00 3.498016249018811585e-01
2.006372481151278642e+00 3.644830878102601757e-01
2.018982651653423055e+00 3.792045187986200494e-01
2.031592822155565692e+00 3.939214600613584749e-01
2.044202992657708329e+00 4.085876699401982948e-01
2.056813163159852742e+00 4.231553416093872810e-01
2.069423333661995379e+00 4.375753426975528271e-01
2.082033504164138016e+00 4.517974744035087031e-01
2.094643674666282429e+00 4.657707483930774162e-01
2.107253845168425066e+00 4.794436795059529022e-01
2.119864015670569479e+00 4.927645920577658489e-01
2.132474186172712116e+00 5.056819372992386041e-01
2.145084356674854753e+00 5.181446193935863587e-01
2.157694527176999166e+00 5.301023270990954384e-01
2.170304697679141803e+00 5.415058682022059200e-01
2.182914868181284440e+00 5.523075036324498477e-01
2.195525038683428853e+00 5.624612781189490818e-01
2.208135209185571490e+00 5.719233442085203123e-01
2.220745379687714127e+00 5.806522764675092763e-01
2.233355550189858540e+00 5.886093733116435356e-01
2.245965720692001177e+00 5.957589401503635695e-01
2.258575891194143814e+00 6.020685584557760039e-01
2.271186061696288228e+00 6.075093287412047793e-01
2.283796232198430864e+00 6.120560911784460600e-01
2.296406402700573501e+00 6.156876192310707374e-01
2.309016573202717915e+00 6.183867845591090040e-01
2.321626743704860552e+00 6.201406914042207896e-01
2.334236914207003188e+00 6.209407789815755141e-01
2.346847084709147602e+00 6.207828907427853649e-01
2.359457255211290239e+00 6.196673097254534746e-01
2.372067425713432876e+00 6.175987595837644228e-01
2.384677596215577289e+00 6.145863707511962648e-01
2.397287766717719926e+00 6.106436152657581662e-01
2.409897937219862563e+00 6.057882024342595706e-01
2.422508107722006976e+00 6.000419484354020394e-01
2.435118278224149613e+00 5.934306117326909602e-01
2.447728448726292250e+00 5.859837000327702272e-01
2.460338619228436663e+00 5.777342501208333481e-01
2.472948789730579300e+00 5.687185828789823594e-01
2.485558960232721937e+00 5.589760360372851844e-01
2.498169130734866350e+00 5.485486774168946145e-01
2.510779301237008987e+00 5.374810015975346467e-01
2.523389471739151624e+00 5.258196130761306764e-01
2.535999642241296037e+00 5.136128990777086845e-01
2.548609812743438674e+00 5.009107030577251152e-01
2.561219983245581311e+00 4.877639556864191150e-01
2.573830153747725724e+00 4.742243812615922760e-01
2.586440324249868361e+00 4.603441316013113793e-01
2.599050494752010998e+00 4.461754622513010582e-01
2.611660665254155411e+00 4.317704098201805563e-01
2.624270835756298048e+00 4.171804804061016725e-01
2.636881006258440685e+00 4.024563516445701650e-01
2.649491176760585098e+00 3.876475809900014613e-01
2.662101347262727735e+00 3.728023805471135654e-01
2.674711517764870372e+00 3.579672174074958191e-01
2.687321688267014785e+00 3.431871149214978378e-01
2.699931858769157422e+00 3.285044720647229965e-01
2.712542029271300059e+00 3.139598571528590121e-01
2.725152199773444472e+00 2.995913699054518209e-01
2.737762370275587109e+00 2.854346104086662450e-01
2.750372540777729746e+00 2.715225756906186616e-01
2.762982711279874160e+00 2.578855808012059381e-01
2.775592881782016796e+00 2.445512039788572956e-01
2.788203052284159433e+00 2.315442552506343232e-01
2.800813222786303847e+00 2.188867675943442781e-01
2.813423393288446483e+00 2.065980095956362617e-01
2.826033563790589120e+00 1.946945183595114315e-01
2.838643734292733534e+00 1.831901516836521582e-01
2.851253904794876171e+00 1.720961555852108249e-01
2.863864075297018807e+00 1.614212512191004201e-01
2.876474245799163221e+00 1.511717339943831062e-01
2.889084416301305858e+00 1.413515815853319257e-01
2.901694586803448495e+00 1.319625790682459610e-01
2.914304757305592908e+00 1.230044488168263866e-01
2.926914927807735545e+00 1.144749867403084542e-01
2.939525098309878182e+00 1.063702064399908720e-01
2.952135268812022595e+00 9.868448555231673636e-02
2.964745439314165232e+00 9.141071451124369029e-02
2.977355609816307869e+00 8.454044609676406030e-02
2.989965780318452282e+00 7.806404323711035875e-02
3.002575950820594919e+00 7.197082720685178681e-02
3.015186121322737556e+00 6.624921934643721033e-02
3.027796291824881969e+00 6.088688096583548537e-02
3.040406462327024606e+00 5.587084708701108016e-02
3.053016632829167243e+00 5.118765437239126276e-02
3.065626803331311656e+00 4.682346240754745731e-02
3.078236973833454293e+00 4.276416779306810301e-02
3.090847144335596930e+00 3.899551062067766610e-02
3.103457314837741343e+00 3.550317302394433161e-02
3.116067485339883980e+00 3.227286960306396252e-02
3.128677655842026617e+00 2.929042962546518636e-02
3.141287826344171030e+00 2.654187099847137368e-02
3.153897996846313667e+00 2.401346609636365384e-02
3.166508167348456304e+00 2.169179960161881845e-02
3.179118337850600717e+00 1.956381858848573602e-02
3.191728508352743354e+00 1.761687513639998218e-02
3.204338678854885991e+00 1.583876181103955824e-02
3.216948849357030404e+00 1.421774039230564585e-02
3.229559019859173041e+00 1.274256426142974727e-02
3.242169190361315678e+00 1.140249488421828973e-02
3.254779360863460091e+00 1.018731284454896073e-02
3.267389531365602728e+00 9.087323892259187991e-03
3.279999701867745365e+00 8.093360473027912810e-03
3.292609872369889779e+00 7.196779205444537621e-03
3.305220042872032415e+00 6.389454762788441926e-03
3.317830213374175052e+00 5.663770604794999067e-03
3.330440383876319466e+00 5.012606988504084322e-03
3.343050554378462103e+00 4.429326667829930168e-03
3.355660724880604739e+00 3.907758669359117504e-03
3.368270895382749153e+00 3.442180507695141983e-03
3.380881065884891790e+00 3.027299177956913317e-03
3.393491236387034427e+00 2.658231236317733226e-03
3.406101406889178840e+00 2.330482252245329265e-03
3.418711577391321477e+00 2.039925888748808213e-03
3.431321747893464114e+00 1.782782839841307075e-03
3.443931918395608527e+00 1.555599827958769211e-03
3.456542088897751164e+00 1.355228838439936391e-03
3.469152259399893801e+00 1.178806743652202659e-03
3.481762429902038214e+00 1.023735446121314596e-03
3.494372600404180851e+00 8.876626482108840571e-04
3.506982770906323488e+00 7.684633356344745770e-04
3.519592941408467901e+00 6.642220434175037614e-04
3.532203111910610538e+00 5.732159559030684717e-04
3.544813282412753175e+00 4.938988770218568237e-04
3.557423452914897588e+00 4.248860933038899209e-04
3.570033623417040225e+00 3.649401399596683250e-04
3.582643793919182862e+00 3.129574697448910350e-04
3.595253964421327275e+00 2.679560151744212566e-04
3.607864134923469912e+00 2.290636268836680485e-04
3.620474305425612549e+00 1.955073644597816465e-04
3.633084475927756962e+00 1.666036107815781772e-04
3.645694646429899599e+00 1.417489767163856388e-04
3.658304816932042236e+00 1.204119598208742655e-04
3.670914987434186649e+00 1.021253183803282072e-04
3.683525157936329286e+00 8.647912059599870561e-05
3.696135328438471923e+00 7.311442789697037065e-05
3.708745498940616336e+00 6.171757111928511644e-05
3.721355669442758973e+00 5.201497857309531845e-05
3.733965839944901610e+00 4.376851572763502089e-05
3.746576010447046023e+00 3.677129730831971149e-05
3.759186180949188660e+00 3.084393395159002496e-05
3.771796351451333074e+00 2.583117713896020839e-05
3.784406521953475711e+00 2.159892787657843700e-05
3.797016692455618347e+00 1.803157645076609915e-05
3.809626862957762761e+00 1.502964253060847794e-05
3.822237033459905398e+00 1.250768686803214990e-05
3.834847203962048034e+00 1.039246783223871783e-05
3.847457374464192448e+00 8.621317981968266918e-06
3.860067544966335085e+00 7.140717803732011356e-06
3.872677715468477722e+00 5.905045609086952974e-06
3.885287885970622135e+00 4.875484375233923310e-06
3.897898056472764772e+00 4.019068020027332714e-06
3.910508226974907409e+00 3.307851217388853858e-06
3.923118397477051822e+00 2.718188377097910396e-06
3.935728567979194459e+00 2.230108831273118995e-06
3.948338738481337096e+00 1.826776587711622565e-06
3.960948908983481509e+00 1.494024228372781759e-06
3.973559079485624146e+00 1.219951651695669029e-06
3.986169249987766783e+00 9.945813832050964190e-07
3.998779420489911196e+00 8.095631138395615550e-07
4.011389590992053833e+00 6.579209740893446554e-07
4.023999761494196470e+00 5.338378192379614632e-07
4.036609931996340883e+00 4.324714918971189214e-07
4.049220102498483520e+00 3.497986478903645963e-07
4.061830273000626157e+00 2.824822856750496334e-07
4.074440443502770570e+00 2.277596131836502111e-07
4.087050614004913207e+00 1.833473242164885101e-07
4.099660784507055844e+00 1.473617444674746421e-07
4.112270955009200257e+00 1.182516493703582902e-07
4.124881125511342894e+00 9.474185687238804079e-08
4.137491296013485531e+00 7.578596203020447585e-08
4.150101466515629944e+00 6.052681090958075415e-08
4.162711637017772581e+00 4.826351224039889358e-08
4.175321807519915218e+00 3.842395993581497428e-08
4.187931978022059631e+00 3.054199094957366388e-08
4.200542148524202268e+00 2.423843376280842874e-08
4.213152319026344905e+00 1.920541554476020939e-08
4.225762489528489319e+00 1.519339295598316395e-08
4.238372660030631955e+00 1.200045466115309136e-08
4.250982830532774592e+00 9.463514679313009017e-09
4.263593001034919006e+00 7.451076310911817093e-09
4.276203171537061642e+00 5.857297949489121462e-09
4.288813342039204279e+00 4.597135851319564865e-09
4.301423512541348693e+00 3.602375988052736857e-09
4.314033683043491330e+00 2.818398398955330871e-09
4.326643853545633966e+00 2.201543822670761354e-09
4.339254024047778380e+00 1.716974546730383257e-09
4.351864194549921017e+00 1.336939993137371049e-09
4.364474365052063654e+00 1.039373101648735420e-09
4.377084535554208067e+00 8.067565451264911445e-10
4.389694706056350704e+00 6.252086137927755853e-10
4.402304876558493341e+00 4.837475800085049504e-10
4.414915047060635978e+00 3.737007946994099449e-10
4.427525217562778614e+00 2.882309195905867077e-10
4.440135388064924804e+00 2.219567771340581334e-10
4.452745558567067441e+00 1.706504810910029083e-10
4.465355729069210078e+00 1.309959459516490047e-10
4.477965899571352715e+00 1.003966896460355857e-10
4.490576070073495352e+00 7.682314784457699647e-11
4.503186240575637989e+00 5.869159875299000602e-11
4.515796411077784178e+00 4.476832914482677777e-11
4.528406581579926815e+00 3.409391747565886465e-11
4.541016752082069452e+00 2.592351982115397981e-11
4.553626922584212089e+00 1.967986178614305215e-11
4.566237093086354726e+00 1.491629975079289788e-11
4.578847263588500915e+00 1.128784697106723529e-11
4.591457434090643552e+00 8.528488088630151920e-12
4.604067604592786189e+00 6.433449190374684619e-12
4.616677775094928826e+00 4.845365787508802904e-12
4.629287945597071463e+00 3.643511107672729372e-12
4.641898116099214100e+00 2.735422627069186619e-12
4.654508286601360290e+00 2.050404525846476796e-12
4.667118457103502926e+00 1.534494796996201852e-12
4.679728627605645563e+00 1.146573797280382014e-12
4.692338798107788200e+00 8.553607177675127068e-13
4.704948968609930837e+00 6.370994934402423601e-13
4.717559139112073474e+00 4.737790583633474974e-13
4.730169309614219664e+00 3.517669853118805446e-13
4.742779480116362301e+00 2.607623477128925442e-13
4.755389650618504938e+00 1.929946415624346113e-13
4.767999821120647574e+00 1.426120283510833901e-13
4.780609991622790211e+00 1.052149792435544244e-13
4.793220162124932848e+00 7.750138730671744466e-14
4.805830332627079038e+00 5.699697931804051173e-14
4.818440503129221675e+00 4.185088425710976647e-14
4.831050673631364312e+00 3.068088252034923231e-14
4.843660844133506949e+00 2.245646760010077685e-14
4.856271014635649586e+00 1.641063550112850535e-14
4.868881185137792222e+00 1.197346070591504018e-14
4.881491355639938412e+00 8.722165047000982362e-15
4.894101526142081049e+00 6.343649760213607450e-15
4.906711696644223686e+00 4.606428766797132837e-15
4.919321867146366323e+00 3.339640851193643002e-15
4.931932037648508960e+00 2.417382586028023983e-15
4.944542208150651597e+00 1.747033408841112141e-15
4.957152378652797786e+00 1.260570689043844342e-15
4.969762549154940423e+00 9.081202292893252790e-16
4.982372719657083060e+00 6.531751057546493778e-16
4.994982890159225697e+00 4.690574290775982977e-16
5.007593060661368334e+00 3.363043493313402641e-16
5.020203231163510971e+00 2.407404187737501531e-16
5.032813401665657160e+00 1.720582812573696304e-16
5.045423572167799797e+00 1.227756291731906877e-16
5.058033742669942434e+00 8.746992510558335788e-17
5.070643913172085071e+00 6.221789562629263491e-17
5.083254083674227708e+00 4.418570996767001366e-17
5.095864254176370345e+00 3.132984833130933661e-17
5.108474424678516534e+00 2.217913795085656257e-17
5.121084595180659171e+00 1.567620471509956425e-17
5.133694765682801808e+00 1.106234158442251417e-17
5.146304936184944445e+00 7.794047655123110062e-18
5.158915106687087082e+00 5.482629308405145577e-18
5.171525277189229719e+00 3.850565578778829356e-18
5.184135447691375909e+00 2.700038519259619882e-18
5.196745618193518546e+00 1.890275785323670391e-18
5.209355788695661182e+00 1.321265630961395165e-18
5.221965959197803819e+00 9.220720182969350573e-19
5.234576129699946456e+00 6.424646911515877802e-19
5.247186300202089093e+00 4.469339912799802506e-19
5.259796470704235283e+00 3.104182082707955824e-19
5.272406641206377920e+00 2.152586696054233175e-19
5.285016811708520557e+00 1.490334514872222552e-19
5.297626982210663193e+00 1.030188013755844103e-19
5.310237152712805830e+00 7.109823720125638874e-20
5.322847323214948467e+00 4.899037490489487706e-20
5.335457493717094657e+00 3.370328745982898344e-20
5.348067664219237294e+00 2.314959087838194581e-20
5.360677834721379931e+00 1.587537205725563167e-20
5.373288005223522568e+00 1.086961154074594357e-20
5.385898175725665205e+00 7.430424687088802791e-21
5.398508346227807841e+00 5.071340075356524279e-21
5.411118516729954031e+00 3.455741771832779094e-21
5.423728687232096668e+00 2.351090243660100575e-21
5.436338857734239305e+00 1.597006744419416029e-21
5.448949028236381942e+00 1.083062748930883830e-21
5.461559198738524579e+00 7.333476232275292887e-22
5.474169369240667216e+00 4.957646351528626161e-22
5.486779539742813405e+00 3.346189769971034981e-22
5.499389710244956042e+00 2.254939754869514123e-22
5.511999880747098679e+00 1.517150470934305237e-22
5.524610051249241316e+00 1.019134937199695963e-22
5.537220221751383953e+00 6.835086717888866861e-23
5.549830392253526590e+00 4.576839230881344910e-23
5.562440562755672779e+00 3.059824797531743542e-23
5.575050733257815416e+00 2.042380809915440799e-23
5.587660903759958053e+00 1.361087752149656315e-23
5.600271074262100690e+00 9.056174018364157650e-24
5.612881244764243327e+00 6.016066186163519859e-24
5.625491415266385964e+00 3.990153933851603898e-24
5.638101585768532154e+00 2.642261999791491675e-24
5.650711756270674790e+00 1.746912998610561639e-24
5.663321926772817427e+00 1.153123514125248420e-24
5.675932097274960064e+00 7.599578754749363595e-25
5.688542267777102701e+00 5.000487399604193911e-25
5.701152438279245338e+00 3.285067259348298810e-25
5.713762608781391528e+00 2.154692458276193118e-25
5.726372779283534165e+00 1.411027247981880436e-25
5.738982949785676801e+00 9.225599099996488522e-26
5.751593120287819438e+00 6.022305901252973310e-26
5.764203290789962075e+00 3.925003843970210404e-26
5.776813461292104712e+00 2.554032322306680549e-26
5.789423631794250902e+00 1.659287747255633512e-26
5.802033802296393539e+00 1.076281868996273060e-26
5.814643972798536176e+00 6.970105149177278578e-27
5.827254143300678813e+00 4.506730722107855922e-27
5.839864313802821449e+00 2.909329098558164274e-27
5.852474484304964086e+00 1.875137157434389015e-27
5.865084654807110276e+00 1.206652352772249380e-27
5.877694825309252913e+00 7.752472073606816648e-28
5.890304995811395550e+00 4.972870689586397369e-28
5.902915166313538187e+00 3.184806265366925076e-28
5.915525336815680824e+00 2.036421885074235151e-28
5.928135507317823460e+00 1.300053916628499667e-28
5.940745677819969650e+00 8.286360653509607230e-29
5.953355848322112287e+00 5.273210957006288030e-29
5.965966018824254924e+00 3.350389467160569807e-29
5.978576189326397561e+00 2.125319690866128066e-29
5.991186359828540198e+00 1.346052650315445899e-29
6.003796530330682835e+00 8.511549463161829063e-30
6.016406700832829024e+00 5.373583397757145368e-30
6.029016871334971661e+00 3.387100899666369649e-30
6.041627041837114298e+00 2.131577059760187801e-30
6.054237212339256935e+00 1.339314874706514628e-30
6.066847382841399572e+00 8.401814452616521427e-31
6.079457553343542209e+00 5.262258863075829279e-31
6.092067723845688398e+00 3.290637531623987499e-31
6.104677894347831035e+00 2.054454798370119617e-31
6.117288064849973672e+00 1.280624564376258112e-31
6.129898235352116309e+00 7.969952778501483791e-32
6.142508405854258946e+00 4.952201871962117241e-32
6.155118576356401583e+00 3.072200759737057621e-32
6.167728746858547773e+00 1.902871641785569769e-32
6.180338917360690409e+00 1.176733274676707273e-32
6.192949087862833046e+00 7.265327608318459853e-33
6.205559258364975683e+00 4.478586713188344918e-33
6.218169428867118320e+00 2.756356444512826850e-33
6.230779599369264510e+00 1.693707324478071251e-33
6.243389769871407147e+00 1.039082277879653269e-33
6.255999940373549784e+00 6.364584905879657445e-34
6.268610110875692421e+00 3.892232686579900557e-34
6.281220281377835057e+00 2.376490378607769068e-34
6.293830451879977694e+00 1.448711370724073635e-34
6.306440622382123884e+00 8.817312044573947568e-35
6.319050792884266521e+00 5.357955174412803145e-35
6.331660963386409158e+00 3.250651819377088783e-35
6.344271133888551795e+00 1.969020944745915799e-35
6.356881304390694432e+00 1.190799683679348069e-35
6.369491474892837068e+00 7.190110565607147345e-36
6.382101645394983258e+00 4.334518895405071035e-36
6.394711815897125895e+00 2.608883559947268623e-36
6.407321986399268532e+00 1.567750491856437453e-36
6.419932156901411169e+00 9.406057728770107697e-37
6.432542327403553806e+00 5.634388240278050375e-37
6.445152497905696443e+00 3.369723941064596575e-37
6.457762668407842632e+00 2.012103395820767275e-37
6.470372838909985269e+00 1.199539824854627368e-37
6.482983009412127906e+00 7.139823001611340162e-38
6.495593179914270543e+00 4.242956781634405668e-38
6.508203350416413180e+00 2.517434324791052943e-38
6.520813520918555817e+00 1.491269241984890461e-38
6.533423691420702006e+00 8.819873009154212762e-39
6.546033861922844643e+00 5.208071708828407901e-39
6.558644032424987280e+00 3.070435093203107438e-39
6.571254202927129917e+00 1.807304045274390856e-39
6.583864373429272554e+00 1.062113294734296866e-39
6.596474543931415191e+00 6.231875744094514283e-40
6.609084714433561381e+00 3.650690646882555621e-40
6.621694884935704017e+00 2.135205008309572975e-40
6.634305055437846654e+00 1.246844849744919975e-40
6.646915225939989291e+00 7.269315751077168010e-41
6.659525396442131928e+00 4.231388718407626857e-41
6.672135566944274565e+00 2.459124851049183724e-41
6.684745737446420755e+00 1.426876841826938045e-41
6.697355907948563392e+00 8.266099864057150285e-42
6.709966078450706028e+00 4.781047355411246486e-42
6.722576248952848665e+00 2.760919053325597838e-42
6.735186419454991302e+00 1.591814751864700159e-42
6.747796589957133939e+00 9.163040180524091605e-43
6.760406760459280129e+00 5.266169861632808699e-43
6.773016930961422766e+00 3.021748630459740021e-43
6.785627101463565403e+00 1.731131244965954196e-43
6.798237271965708040e+00 9.901701695402852974e-44
6.810847442467850676e+00 5.654547494818262692e-44
6.823457612969993313e+00 3.223992632401649245e-44
6.836067783472139503e+00 1.835263316022378177e-44
6.848677953974282140e+00 1.043063811284888602e-44
6.861288124476424777e+00 5.918770701432647110e-45
6.873898294978567414e+00 3.353206414138480094e-45
6.886508465480710051e+00 1.896693644681025917e-45
6.899118635982852688e+00 1.071130066449393384e-45
6.911728806484998877e+00 6.039421543721179272e-46
6.924338976987141514e+00 3.399825154977031023e-46
6.936949147489284151e+00 1.910847021189269372e-46
6.949559317991426788e+00 1.072268003352554823e-46
6.962169488493569425e+00 6.007431906708288122e-47
6.974779658995712062e+00 3.360333971902051940e-47
6.987389829497858251e+00 1.876653515047962977e-47
7.000000000000000888e+00 1.046390556923941372e-47
