0.000000000000000000e+00
4.724167765510597916e-02
4.778832660769930657e-02
4.843645985513566482e-02
4.883155259847860030e-02
4.780560518311027796e-02
4.992995902485991566e-02
4.933729015808949181e-02
4.785984751909704710e-02
4.929751995234023937e-02
5.071055723246780528e-02
4.735252451304378801e-02
4.462336270043517489e-02
4.706257365338876314e-02
4.664033421904201920e-02
4.858586144066173729e-02
5.185506763339290531e-02
5.604004019748440313e-02
5.585802915756349352e-02
5.640159562238484386e-02
5.939880488181972784e-02
5.895656186554138617e-02
5.409837965852200975e-02
5.068189233937082233e-02
4.179738411865752123e-02
4.134902965890525223e-02
4.389835076990945134e-02
4.561394374602881913e-02
4.826397718436779144e-02
4.251159534832347348e-02
3.703501258233882903e-02
3.308204108090246481e-02
2.881951849325224690e-02
3.374076602040199796e-02
3.318353799434591023e-02
3.342872388928880278e-02
3.555273847926094383e-02
3.601127755006763159e-02
3.446232617829911998e-02
3.574114315945262771e-02
3.506988506292606222e-02
3.804070540633595204e-02
3.679593606477997436e-02
3.443574935280847849e-02
3.406986309876910285e-02
3.406986309876910285e-02
3.613174628157318075e-02
3.613174628157318075e-02
3.934152564112618905e-02
3.934152564112618905e-02
3.934152564112618905e-02
3.732420294100585040e-02
3.732420294100585040e-02
3.732420294100585040e-02
3.842114810940842201e-02
3.842114810940842201e-02
3.842114810940842201e-02
3.842114810940842201e-02
3.842114810940842201e-02
3.941869567327756924e-02
3.941869567327756924e-02
3.941869567327756924e-02
4.138941425981208094e-02
4.106219457366700604e-02
4.029588587251480697e-02
4.029588587251480697e-02
4.029588587251480697e-02
4.029588587251480697e-02
4.029588587251480697e-02
4.029588587251480697e-02
4.029588587251480697e-02
4.029588587251480697e-02
4.029588587251480697e-02
3.830302585327525350e-02
3.865355644176070304e-02
3.941869567327756924e-02
3.941869567327756924e-02
3.941869567327756924e-02
3.941869567327756924e-02
3.941869567327756924e-02
3.941869567327756924e-02
3.941869567327756924e-02
3.941869567327756924e-02
4.138941425981208094e-02
4.106219457366700604e-02
4.029588587251480697e-02
4.029588587251480697e-02
4.029588587251480697e-02
4.029588587251480697e-02
4.029588587251480697e-02
4.029588587251480697e-02
4.029588587251480697e-02
4.029588587251480697e-02
4.029588587251480697e-02
4.029588587251480697e-02
3.830302585327525350e-02
3.908293946617331233e-02
3.908293946617331233e-02
3.941869567327756924e-02
3.941869567327756924e-02
3.941869567327756924e-02
3.941869567327756924e-02
3.941869567327756924e-02
3.941869567327756924e-02
3.941869567327756924e-02
3.941869567327756924e-02
4.063688512459078667e-02
4.063688512459078667e-02
4.063688512459078667e-02
4.063688512459078667e-02
4.063688512459078667e-02
4.063688512459078667e-02
4.063688512459078667e-02
4.063688512459078667e-02
4.063688512459078667e-02
4.063688512459078667e-02
4.063688512459078667e-02
4.138941425981208094e-02
4.138941425981208094e-02
3.941869567327756924e-02
3.941869567327756924e-02
3.941869567327756924e-02
3.941869567327756924e-02
3.941869567327756924e-02
3.941869567327756924e-02
3.941869567327756924e-02
3.941869567327756924e-02
3.941869567327756924e-02
3.865355644176070304e-02
3.865355644176070304e-02
4.063688512459078667e-02
4.063688512459078667e-02
4.063688512459078667e-02
4.063688512459078667e-02
4.063688512459078667e-02
4.063688512459078667e-02
4.063688512459078667e-02
4.063688512459078667e-02
4.063688512459078667e-02
4.063688512459078667e-02
4.138941425981208094e-02
4.138941425981208094e-02
4.138941425981208094e-02
4.138941425981208094e-02
4.138941425981208094e-02
3.941869567327756924e-02
3.941869567327756924e-02
3.941869567327756924e-02
3.941869567327756924e-02
3.941869567327756924e-02
3.941869567327756924e-02
3.941869567327756924e-02
3.865355644176070304e-02
3.865355644176070304e-02
3.865355644176070304e-02
3.865355644176070304e-02
3.865355644176070304e-02
3.865355644176070304e-02
4.063688512459078667e-02
4.063688512459078667e-02
4.063688512459078667e-02
4.063688512459078667e-02
4.063688512459078667e-02
4.063688512459078667e-02
4.138941425981208094e-02
4.138941425981208094e-02
4.138941425981208094e-02
4.138941425981208094e-02
4.138941425981208094e-02
4.138941425981208094e-02
4.138941425981208094e-02
4.138941425981208094e-02
4.138941425981208094e-02
3.941869567327756924e-02
3.941869567327756924e-02
3.941869567327756924e-02
3.941869567327756924e-02
3.865355644176070304e-02
3.865355644176070304e-02
3.865355644176070304e-02
3.865355644176070304e-02
3.865355644176070304e-02
3.865355644176070304e-02
3.865355644176070304e-02
3.865355644176070304e-02
3.865355644176070304e-02
3.865355644176070304e-02
3.865355644176070304e-02
3.865355644176070304e-02
4.063688512459078667e-02
4.063688512459078667e-02
4.138941425981208094e-02
4.138941425981208094e-02
4.138941425981208094e-02
4.138941425981208094e-02
4.138941425981208094e-02
4.138941425981208094e-02
4.138941425981208094e-02
4.138941425981208094e-02
4.138941425981208094e-02
4.138941425981208094e-02
4.138941425981208094e-02
4.138941425981208094e-02
4.138941425981208094e-02
4.138941425981208094e-02
4.063688512459078667e-02
3.865355644176070304e-02
3.865355644176070304e-02
3.865355644176070304e-02
3.865355644176070304e-02
3.865355644176070304e-02
3.865355644176070304e-02
3.865355644176070304e-02
3.865355644176070304e-02
3.865355644176070304e-02
3.865355644176070304e-02
3.865355644176070304e-02
3.865355644176070304e-02
3.865355644176070304e-02
3.865355644176070304e-02
3.941869567327756924e-02
3.941869567327756924e-02
3.941869567327756924e-02
3.941869567327756924e-02
4.138941425981208094e-02
4.138941425981208094e-02
4.138941425981208094e-02
4.138941425981208094e-02
4.138941425981208094e-02
4.138941425981208094e-02
4.138941425981208094e-02
4.138941425981208094e-02
4.138941425981208094e-02
4.138941425981208094e-02
4.138941425981208094e-02
4.138941425981208094e-02
4.138941425981208094e-02
4.138941425981208094e-02
4.063688512459078667e-02
4.063688512459078667e-02
4.063688512459078667e-02
3.865355644176070304e-02
3.865355644176070304e-02
3.865355644176070304e-02
3.865355644176070304e-02
3.865355644176070304e-02
3.865355644176070304e-02
3.865355644176070304e-02
3.865355644176070304e-02
3.865355644176070304e-02
3.865355644176070304e-02
3.865355644176070304e-02
3.865355644176070304e-02
3.941869567327756924e-02
3.941869567327756924e-02
3.941869567327756924e-02
3.941869567327756924e-02
3.941869567327756924e-02
3.941869567327756924e-02
4.138941425981208094e-02
4.138941425981208094e-02
4.138941425981208094e-02
4.138941425981208094e-02
4.138941425981208094e-02
4.138941425981208094e-02
4.138941425981208094e-02
4.138941425981208094e-02
4.138941425981208094e-02
4.138941425981208094e-02
4.138941425981208094e-02
4.138941425981208094e-02
4.138941425981208094e-02
4.063688512459078667e-02
4.063688512459078667e-02
4.063688512459078667e-02
4.063688512459078667e-02
3.865355644176070304e-02
3.865355644176070304e-02
3.865355644176070304e-02
3.865355644176070304e-02
3.865355644176070304e-02
3.865355644176070304e-02
3.865355644176070304e-02
3.865355644176070304e-02
3.865355644176070304e-02
3.865355644176070304e-02
3.865355644176070304e-02
3.865355644176070304e-02
3.941869567327756924e-02
3.941869567327756924e-02
3.941869567327756924e-02
3.941869567327756924e-02
4.138941425981208094e-02
4.138941425981208094e-02
4.138941425981208094e-02
4.138941425981208094e-02
4.138941425981208094e-02
4.138941425981208094e-02
4.138941425981208094e-02
4.138941425981208094e-02
4.138941425981208094e-02
4.138941425981208094e-02
4.138941425981208094e-02
4.138941425981208094e-02
4.138941425981208094e-02
4.138941425981208094e-02
4.138941425981208094e-02
3.865355644176070304e-02
3.865355644176070304e-02
3.865355644176070304e-02
3.865355644176070304e-02
3.865355644176070304e-02
3.865355644176070304e-02
3.865355644176070304e-02
3.865355644176070304e-02
3.865355644176070304e-02
3.865355644176070304e-02
3.865355644176070304e-02
3.865355644176070304e-02
3.865355644176070304e-02
3.865355644176070304e-02
4.063688512459078667e-02
4.063688512459078667e-02
4.063688512459078667e-02
4.063688512459078667e-02
4.063688512459078667e-02
4.063688512459078667e-02
4.063688512459078667e-02
4.063688512459078667e-02
4.063688512459078667e-02
4.063688512459078667e-02
4.063688512459078667e-02
4.063688512459078667e-02
4.063688512459078667e-02
3.865355644176070304e-02
3.865355644176070304e-02
3.865355644176070304e-02
3.865355644176070304e-02
3.865355644176070304e-02
3.865355644176070304e-02
3.865355644176070304e-02
3.865355644176070304e-02
3.865355644176070304e-02
3.865355644176070304e-02
3.865355644176070304e-02
3.865355644176070304e-02
3.865355644176070304e-02
4.063688512459078667e-02
4.063688512459078667e-02
4.063688512459078667e-02
4.063688512459078667e-02
4.063688512459078667e-02
4.063688512459078667e-02
4.063688512459078667e-02
4.063688512459078667e-02
4.063688512459078667e-02
4.063688512459078667e-02
4.063688512459078667e-02
4.063688512459078667e-02
3.865355644176070304e-02
3.865355644176070304e-02
3.865355644176070304e-02
3.865355644176070304e-02
3.865355644176070304e-02
3.865355644176070304e-02
3.865355644176070304e-02
3.865355644176070304e-02
3.865355644176070304e-02
3.865355644176070304e-02
3.865355644176070304e-02
4.063688512459078667e-02
4.063688512459078667e-02
4.063688512459078667e-02
4.063688512459078667e-02
4.063688512459078667e-02
4.063688512459078667e-02
4.063688512459078667e-02
4.063688512459078667e-02
4.063688512459078667e-02
4.063688512459078667e-02
4.063688512459078667e-02
3.865355644176070304e-02
3.865355644176070304e-02
3.865355644176070304e-02
3.865355644176070304e-02
3.865355644176070304e-02
3.865355644176070304e-02
3.865355644176070304e-02
3.865355644176070304e-02
3.865355644176070304e-02
3.865355644176070304e-02
3.865355644176070304e-02
3.865355644176070304e-02
4.063688512459078667e-02
4.063688512459078667e-02
4.063688512459078667e-02
4.063688512459078667e-02
4.063688512459078667e-02
4.063688512459078667e-02
4.063688512459078667e-02
4.063688512459078667e-02
4.063688512459078667e-02
4.063688512459078667e-02
3.865355644176070304e-02
3.865355644176070304e-02
3.865355644176070304e-02
3.865355644176070304e-02
3.865355644176070304e-02
3.865355644176070304e-02
3.865355644176070304e-02
3.865355644176070304e-02
3.865355644176070304e-02
3.865355644176070304e-02
3.865355644176070304e-02
4.063688512459078667e-02
4.063688512459078667e-02
4.063688512459078667e-02
4.063688512459078667e-02
4.063688512459078667e-02
4.063688512459078667e-02
4.063688512459078667e-02
4.063688512459078667e-02
4.063688512459078667e-02
4.063688512459078667e-02
3.865355644176070304e-02
3.865355644176070304e-02
3.865355644176070304e-02
3.865355644176070304e-02
3.865355644176070304e-02
3.865355644176070304e-02
3.865355644176070304e-02
3.865355644176070304e-02
3.865355644176070304e-02
3.865355644176070304e-02
4.063688512459078667e-02
4.063688512459078667e-02
4.063688512459078667e-02
4.063688512459078667e-02
4.063688512459078667e-02
4.063688512459078667e-02
4.063688512459078667e-02
4.063688512459078667e-02
4.063688512459078667e-02
4.063688512459078667e-02
3.865355644176070304e-02
3.865355644176070304e-02
3.865355644176070304e-02
3.865355644176070304e-02
3.865355644176070304e-02
3.865355644176070304e-02
3.865355644176070304e-02
3.865355644176070304e-02
3.865355644176070304e-02
3.865355644176070304e-02
4.063688512459078667e-02
4.063688512459078667e-02
4.063688512459078667e-02
4.063688512459078667e-02
4.063688512459078667e-02
4.063688512459078667e-02
4.063688512459078667e-02
4.063688512459078667e-02
4.063688512459078667e-02
4.063688512459078667e-02
3.865355644176070304e-02
3.865355644176070304e-02
3.865355644176070304e-02
3.865355644176070304e-02
3.865355644176070304e-02
3.865355644176070304e-02
3.865355644176070304e-02
3.865355644176070304e-02
3.865355644176070304e-02
3.865355644176070304e-02
3.865355644176070304e-02
4.063688512459078667e-02
4.063688512459078667e-02
4.063688512459078667e-02
4.063688512459078667e-02
4.063688512459078667e-02
4.063688512459078667e-02
4.063688512459078667e-02
4.063688512459078667e-02
4.063688512459078667e-02
4.063688512459078667e-02
3.865355644176070304e-02
3.865355644176070304e-02
3.865355644176070304e-02
3.865355644176070304e-02
3.865355644176070304e-02
3.865355644176070304e-02
3.865355644176070304e-02
3.865355644176070304e-02
3.865355644176070304e-02
3.865355644176070304e-02
4.063688512459078667e-02
4.063688512459078667e-02
4.063688512459078667e-02
4.063688512459078667e-02
4.063688512459078667e-02
4.063688512459078667e-02
4.063688512459078667e-02
4.063688512459078667e-02
4.063688512459078667e-02
4.063688512459078667e-02
3.865355644176070304e-02
3.865355644176070304e-02
3.865355644176070304e-02
3.865355644176070304e-02
3.865355644176070304e-02
3.865355644176070304e-02
3.865355644176070304e-02
3.865355644176070304e-02
3.865355644176070304e-02
3.865355644176070304e-02
3.865355644176070304e-02
4.063688512459078667e-02
4.063688512459078667e-02
4.063688512459078667e-02
4.063688512459078667e-02
4.063688512459078667e-02
4.063688512459078667e-02
4.063688512459078667e-02
4.063688512459078667e-02
4.063688512459078667e-02
4.063688512459078667e-02
4.063688512459078667e-02
3.865355644176070304e-02
3.865355644176070304e-02
3.865355644176070304e-02
3.865355644176070304e-02
3.865355644176070304e-02
3.865355644176070304e-02
3.865355644176070304e-02
3.865355644176070304e-02
3.865355644176070304e-02
3.865355644176070304e-02
3.865355644176070304e-02
3.865355644176070304e-02
4.063688512459078667e-02
4.063688512459078667e-02
4.063688512459078667e-02
4.063688512459078667e-02
4.063688512459078667e-02
4.063688512459078667e-02
4.063688512459078667e-02
4.063688512459078667e-02
4.063688512459078667e-02
4.063688512459078667e-02
4.063688512459078667e-02
3.865355644176070304e-02
3.865355644176070304e-02
3.865355644176070304e-02
3.865355644176070304e-02
3.865355644176070304e-02
3.865355644176070304e-02
3.865355644176070304e-02
3.865355644176070304e-02
3.865355644176070304e-02
3.865355644176070304e-02
3.865355644176070304e-02
3.865355644176070304e-02
3.865355644176070304e-02
4.063688512459078667e-02
4.063688512459078667e-02
4.063688512459078667e-02
4.063688512459078667e-02
4.063688512459078667e-02
4.063688512459078667e-02
4.063688512459078667e-02
4.063688512459078667e-02
4.063688512459078667e-02
4.063688512459078667e-02
4.063688512459078667e-02
4.063688512459078667e-02
3.865355644176070304e-02
3.865355644176070304e-02
3.865355644176070304e-02
3.865355644176070304e-02
3.865355644176070304e-02
3.865355644176070304e-02
3.865355644176070304e-02
3.865355644176070304e-02
3.865355644176070304e-02
3.865355644176070304e-02
3.865355644176070304e-02
3.865355644176070304e-02
3.865355644176070304e-02
3.865355644176070304e-02
4.063688512459078667e-02
4.063688512459078667e-02
4.063688512459078667e-02
4.063688512459078667e-02
4.063688512459078667e-02
4.063688512459078667e-02
4.063688512459078667e-02
4.063688512459078667e-02
4.063688512459078667e-02
4.063688512459078667e-02
4.063688512459078667e-02
4.063688512459078667e-02
4.063688512459078667e-02
4.063688512459078667e-02
3.865355644176070304e-02
3.865355644176070304e-02
3.865355644176070304e-02
3.865355644176070304e-02
3.865355644176070304e-02
3.865355644176070304e-02
3.865355644176070304e-02
3.865355644176070304e-02
3.865355644176070304e-02
3.865355644176070304e-02
3.865355644176070304e-02
3.865355644176070304e-02
3.865355644176070304e-02
3.865355644176070304e-02
3.865355644176070304e-02
3.865355644176070304e-02
4.063688512459078667e-02
4.063688512459078667e-02
4.063688512459078667e-02
4.063688512459078667e-02
4.063688512459078667e-02
4.063688512459078667e-02
4.063688512459078667e-02
4.063688512459078667e-02
4.063688512459078667e-02
4.063688512459078667e-02
4.063688512459078667e-02
4.063688512459078667e-02
4.063688512459078667e-02
4.063688512459078667e-02
4.063688512459078667e-02
3.865355644176070304e-02
3.865355644176070304e-02
3.865355644176070304e-02
3.865355644176070304e-02
3.865355644176070304e-02
3.865355644176070304e-02
3.865355644176070304e-02
3.865355644176070304e-02
3.865355644176070304e-02
3.865355644176070304e-02
3.865355644176070304e-02
3.865355644176070304e-02
3.865355644176070304e-02
3.865355644176070304e-02
3.865355644176070304e-02
3.865355644176070304e-02
3.865355644176070304e-02
3.865355644176070304e-02
3.865355644176070304e-02
4.063688512459078667e-02
4.063688512459078667e-02
4.063688512459078667e-02
4.063688512459078667e-02
4.063688512459078667e-02
4.063688512459078667e-02
4.063688512459078667e-02
4.063688512459078667e-02
4.063688512459078667e-02
4.063688512459078667e-02
4.063688512459078667e-02
4.063688512459078667e-02
4.063688512459078667e-02
4.063688512459078667e-02
4.063688512459078667e-02
4.063688512459078667e-02
3.865355644176070304e-02
3.865355644176070304e-02
3.865355644176070304e-02
3.865355644176070304e-02
3.865355644176070304e-02
3.865355644176070304e-02
3.865355644176070304e-02
3.865355644176070304e-02
3.865355644176070304e-02
3.865355644176070304e-02
3.865355644176070304e-02
3.865355644176070304e-02
3.865355644176070304e-02
3.865355644176070304e-02
3.865355644176070304e-02
3.865355644176070304e-02
3.865355644176070304e-02
3.865355644176070304e-02
3.865355644176070304e-02
3.865355644176070304e-02
4.063688512459078667e-02
4.063688512459078667e-02
4.063688512459078667e-02
4.063688512459078667e-02
4.063688512459078667e-02
4.063688512459078667e-02
4.063688512459078667e-02
4.063688512459078667e-02
4.063688512459078667e-02
4.063688512459078667e-02
4.063688512459078667e-02
4.063688512459078667e-02
4.063688512459078667e-02
4.063688512459078667e-02
4.063688512459078667e-02
3.865355644176070304e-02
3.865355644176070304e-02
3.865355644176070304e-02
3.865355644176070304e-02
3.865355644176070304e-02
3.865355644176070304e-02
3.865355644176070304e-02
3.865355644176070304e-02
3.865355644176070304e-02
3.865355644176070304e-02
3.865355644176070304e-02
3.865355644176070304e-02
3.865355644176070304e-02
3.865355644176070304e-02
3.865355644176070304e-02
3.865355644176070304e-02
3.865355644176070304e-02
3.865355644176070304e-02
4.063688512459078667e-02
4.063688512459078667e-02
4.063688512459078667e-02
4.063688512459078667e-02
4.063688512459078667e-02
4.063688512459078667e-02
4.063688512459078667e-02
4.063688512459078667e-02
4.063688512459078667e-02
4.063688512459078667e-02
4.063688512459078667e-02
4.063688512459078667e-02
4.063688512459078667e-02
4.063688512459078667e-02
4.063688512459078667e-02
3.865355644176070304e-02
3.865355644176070304e-02
3.865355644176070304e-02
3.865355644176070304e-02
3.865355644176070304e-02
3.865355644176070304e-02
3.865355644176070304e-02
3.865355644176070304e-02
3.865355644176070304e-02
3.865355644176070304e-02
3.865355644176070304e-02
3.865355644176070304e-02
3.865355644176070304e-02
3.865355644176070304e-02
3.865355644176070304e-02
4.063688512459078667e-02
4.063688512459078667e-02
4.063688512459078667e-02
4.063688512459078667e-02
4.063688512459078667e-02
4.063688512459078667e-02
4.063688512459078667e-02
4.063688512459078667e-02
4.063688512459078667e-02
4.063688512459078667e-02
4.063688512459078667e-02
4.063688512459078667e-02
4.063688512459078667e-02
3.865355644176070304e-02
3.865355644176070304e-02
3.865355644176070304e-02
3.865355644176070304e-02
3.865355644176070304e-02
3.865355644176070304e-02
3.865355644176070304e-02
3.865355644176070304e-02
3.865355644176070304e-02
3.865355644176070304e-02
3.865355644176070304e-02
3.865355644176070304e-02
3.865355644176070304e-02
3.865355644176070304e-02
4.063688512459078667e-02
4.063688512459078667e-02
4.063688512459078667e-02
4.063688512459078667e-02
4.063688512459078667e-02
4.063688512459078667e-02
4.063688512459078667e-02
4.063688512459078667e-02
4.063688512459078667e-02
4.063688512459078667e-02
4.063688512459078667e-02
4.063688512459078667e-02
3.865355644176070304e-02
3.865355644176070304e-02
3.865355644176070304e-02
3.865355644176070304e-02
3.865355644176070304e-02
3.865355644176070304e-02
3.865355644176070304e-02
3.865355644176070304e-02
3.865355644176070304e-02
3.865355644176070304e-02
3.865355644176070304e-02
3.865355644176070304e-02
4.063688512459078667e-02
4.063688512459078667e-02
4.063688512459078667e-02
4.063688512459078667e-02
4.063688512459078667e-02
4.063688512459078667e-02
4.063688512459078667e-02
4.063688512459078667e-02
4.063688512459078667e-02
4.063688512459078667e-02
4.063688512459078667e-02
3.865355644176070304e-02
3.865355644176070304e-02
3.865355644176070304e-02
3.865355644176070304e-02
3.865355644176070304e-02
3.865355644176070304e-02
3.865355644176070304e-02
3.865355644176070304e-02
3.865355644176070304e-02
3.865355644176070304e-02
3.865355644176070304e-02
3.865355644176070304e-02
4.063688512459078667e-02
4.063688512459078667e-02
4.063688512459078667e-02
4.063688512459078667e-02
4.063688512459078667e-02
4.063688512459078667e-02
4.063688512459078667e-02
4.063688512459078667e-02
4.063688512459078667e-02
4.063688512459078667e-02
3.865355644176070304e-02
3.865355644176070304e-02
3.865355644176070304e-02
3.865355644176070304e-02
3.865355644176070304e-02
3.865355644176070304e-02
3.865355644176070304e-02
3.865355644176070304e-02
3.865355644176070304e-02
3.865355644176070304e-02
3.865355644176070304e-02
4.063688512459078667e-02
4.063688512459078667e-02
4.063688512459078667e-02
4.063688512459078667e-02
4.063688512459078667e-02
4.063688512459078667e-02
4.063688512459078667e-02
4.063688512459078667e-02
4.063688512459078667e-02
4.063688512459078667e-02
3.865355644176070304e-02
3.865355644176070304e-02
3.865355644176070304e-02
3.865355644176070304e-02
3.865355644176070304e-02
3.865355644176070304e-02
3.865355644176070304e-02
3.865355644176070304e-02
3.865355644176070304e-02
3.865355644176070304e-02
3.865355644176070304e-02
4.063688512459078667e-02
4.063688512459078667e-02
4.063688512459078667e-02
4.063688512459078667e-02
4.063688512459078667e-02
4.063688512459078667e-02
4.063688512459078667e-02
4.063688512459078667e-02
4.063688512459078667e-02
4.063688512459078667e-02
3.865355644176070304e-02
3.865355644176070304e-02
3.865355644176070304e-02
3.865355644176070304e-02
3.865355644176070304e-02
3.865355644176070304e-02
3.865355644176070304e-02
3.865355644176070304e-02
3.865355644176070304e-02
3.865355644176070304e-02
4.063688512459078667e-02
4.063688512459078667e-02
4.063688512459078667e-02
4.063688512459078667e-02
4.063688512459078667e-02
4.063688512459078667e-02
4.063688512459078667e-02
4.063688512459078667e-02
4.063688512459078667e-02
4.063688512459078667e-02
3.865355644176070304e-02
3.865355644176070304e-02
3.865355644176070304e-02
3.865355644176070304e-02
3.865355644176070304e-02
3.865355644176070304e-02
3.865355644176070304e-02
3.865355644176070304e-02
3.865355644176070304e-02
3.865355644176070304e-02
4.063688512459078667e-02
4.063688512459078667e-02
4.063688512459078667e-02
4.063688512459078667e-02
4.063688512459078667e-02
4.063688512459078667e-02
4.063688512459078667e-02
4.063688512459078667e-02
4.063688512459078667e-02
4.063688512459078667e-02
3.865355644176070304e-02
3.865355644176070304e-02
3.865355644176070304e-02
3.865355644176070304e-02
3.865355644176070304e-02
3.865355644176070304e-02
3.865355644176070304e-02
3.865355644176070304e-02
3.865355644176070304e-02
3.865355644176070304e-02
4.063688512459078667e-02
4.063688512459078667e-02
4.063688512459078667e-02
4.063688512459078667e-02
4.063688512459078667e-02
4.063688512459078667e-02
4.063688512459078667e-02
4.063688512459078667e-02
4.063688512459078667e-02
4.063688512459078667e-02
4.063688512459078667e-02
3.865355644176070304e-02
3.865355644176070304e-02
3.865355644176070304e-02
3.865355644176070304e-02
3.865355644176070304e-02
3.865355644176070304e-02
3.865355644176070304e-02
3.865355644176070304e-02
3.865355644176070304e-02
3.865355644176070304e-02
4.063688512459078667e-02
4.063688512459078667e-02
4.063688512459078667e-02
4.063688512459078667e-02
4.063688512459078667e-02
4.063688512459078667e-02
4.063688512459078667e-02
4.063688512459078667e-02
4.063688512459078667e-02
4.063688512459078667e-02
4.063688512459078667e-02
3.865355644176070304e-02
3.865355644176070304e-02
3.865355644176070304e-02
3.865355644176070304e-02
3.865355644176070304e-02
3.865355644176070304e-02
3.865355644176070304e-02
3.865355644176070304e-02
3.865355644176070304e-02
3.865355644176070304e-02
3.865355644176070304e-02
4.063688512459078667e-02
4.063688512459078667e-02
4.063688512459078667e-02
4.063688512459078667e-02
4.063688512459078667e-02
4.063688512459078667e-02
4.063688512459078667e-02
4.063688512459078667e-02
4.063688512459078667e-02
4.063688512459078667e-02
4.063688512459078667e-02
4.063688512459078667e-02
3.865355644176070304e-02
3.865355644176070304e-02
3.865355644176070304e-02
3.865355644176070304e-02
3.865355644176070304e-02
3.865355644176070304e-02
3.865355644176070304e-02
3.865355644176070304e-02
3.865355644176070304e-02
3.865355644176070304e-02
3.865355644176070304e-02
3.865355644176070304e-02
4.063688512459078667e-02
4.063688512459078667e-02
4.063688512459078667e-02
4.063688512459078667e-02
4.063688512459078667e-02
4.063688512459078667e-02
4.063688512459078667e-02
4.063688512459078667e-02
4.063688512459078667e-02
4.063688512459078667e-02
4.063688512459078667e-02
4.063688512459078667e-02
3.865355644176070304e-02
3.865355644176070304e-02
3.865355644176070304e-02
3.865355644176070304e-02
3.865355644176070304e-02
3.865355644176070304e-02
3.865355644176070304e-02
3.865355644176070304e-02
3.865355644176070304e-02
3.865355644176070304e-02
3.865355644176070304e-02
3.865355644176070304e-02
3.865355644176070304e-02
3.865355644176070304e-02
4.063688512459078667e-02
4.063688512459078667e-02
4.063688512459078667e-02
4.063688512459078667e-02
4.063688512459078667e-02
4.063688512459078667e-02
4.063688512459078667e-02
4.063688512459078667e-02
4.063688512459078667e-02
4.063688512459078667e-02
4.063688512459078667e-02
4.063688512459078667e-02
4.063688512459078667e-02
3.865355644176070304e-02
3.865355644176070304e-02
3.865355644176070304e-02
3.865355644176070304e-02
3.865355644176070304e-02
3.865355644176070304e-02
3.865355644176070304e-02
3.865355644176070304e-02
3.865355644176070304e-02
3.865355644176070304e-02
3.865355644176070304e-02
3.865355644176070304e-02
3.865355644176070304e-02
3.865355644176070304e-02
3.865355644176070304e-02
3.865355644176070304e-02
4.063688512459078667e-02
4.063688512459078667e-02
4.063688512459078667e-02
4.063688512459078667e-02
4.063688512459078667e-02
4.063688512459078667e-02
4.063688512459078667e-02
4.063688512459078667e-02
4.063688512459078667e-02
4.063688512459078667e-02
4.063688512459078667e-02
4.063688512459078667e-02
4.063688512459078667e-02
4.063688512459078667e-02
3.865355644176070304e-02
3.865355644176070304e-02
3.865355644176070304e-02
3.865355644176070304e-02
3.865355644176070304e-02
3.865355644176070304e-02
3.865355644176070304e-02
3.865355644176070304e-02
3.865355644176070304e-02
3.865355644176070304e-02
3.865355644176070304e-02
3.865355644176070304e-02
3.865355644176070304e-02
3.865355644176070304e-02
3.865355644176070304e-02
3.865355644176070304e-02
3.865355644176070304e-02
3.865355644176070304e-02
4.063688512459078667e-02
4.063688512459078667e-02
4.063688512459078667e-02
4.063688512459078667e-02
4.063688512459078667e-02
4.063688512459078667e-02
4.063688512459078667e-02
4.063688512459078667e-02
4.063688512459078667e-02
4.063688512459078667e-02
4.063688512459078667e-02
4.063688512459078667e-02
4.063688512459078667e-02
4.063688512459078667e-02
4.063688512459078667e-02
4.063688512459078667e-02
3.865355644176070304e-02
3.865355644176070304e-02
3.865355644176070304e-02
3.865355644176070304e-02
3.865355644176070304e-02
3.865355644176070304e-02
3.865355644176070304e-02
3.865355644176070304e-02
3.865355644176070304e-02
3.865355644176070304e-02
3.865355644176070304e-02
3.865355644176070304e-02
3.865355644176070304e-02
3.865355644176070304e-02
3.865355644176070304e-02
3.865355644176070304e-02
3.865355644176070304e-02
3.865355644176070304e-02
3.865355644176070304e-02
4.063688512459078667e-02
4.063688512459078667e-02
4.063688512459078667e-02
4.063688512459078667e-02
4.063688512459078667e-02
4.063688512459078667e-02
4.063688512459078667e-02
4.063688512459078667e-02
4.063688512459078667e-02
4.063688512459078667e-02
4.063688512459078667e-02
4.063688512459078667e-02
4.063688512459078667e-02
4.063688512459078667e-02
4.063688512459078667e-02
4.063688512459078667e-02
4.063688512459078667e-02
3.865355644176070304e-02
3.865355644176070304e-02
3.865355644176070304e-02
3.865355644176070304e-02
3.865355644176070304e-02
3.865355644176070304e-02
3.865355644176070304e-02
3.865355644176070304e-02
3.865355644176070304e-02
3.865355644176070304e-02
3.865355644176070304e-02
3.865355644176070304e-02
3.865355644176070304e-02
3.865355644176070304e-02
3.865355644176070304e-02
3.865355644176070304e-02
3.865355644176070304e-02
3.865355644176070304e-02
4.063688512459078667e-02
4.063688512459078667e-02
4.063688512459078667e-02
4.063688512459078667e-02
4.063688512459078667e-02
4.063688512459078667e-02
4.063688512459078667e-02
4.063688512459078667e-02
4.063688512459078667e-02
4.063688512459078667e-02
4.063688512459078667e-02
4.063688512459078667e-02
4.063688512459078667e-02
4.063688512459078667e-02
4.063688512459078667e-02
4.063688512459078667e-02
3.865355644176070304e-02
3.865355644176070304e-02
3.865355644176070304e-02
3.865355644176070304e-02
3.865355644176070304e-02
3.865355644176070304e-02
3.865355644176070304e-02
3.865355644176070304e-02
3.865355644176070304e-02
3.865355644176070304e-02
3.865355644176070304e-02
3.865355644176070304e-02
3.865355644176070304e-02
3.865355644176070304e-02
3.865355644176070304e-02
4.063688512459078667e-02
4.063688512459078667e-02
4.063688512459078667e-02
4.063688512459078667e-02
4.063688512459078667e-02
4.063688512459078667e-02
4.063688512459078667e-02
4.063688512459078667e-02
4.063688512459078667e-02
4.063688512459078667e-02
4.063688512459078667e-02
4.063688512459078667e-02
4.063688512459078667e-02
4.063688512459078667e-02
3.865355644176070304e-02
3.865355644176070304e-02
3.865355644176070304e-02
3.865355644176070304e-02
3.865355644176070304e-02
3.865355644176070304e-02
3.865355644176070304e-02
3.865355644176070304e-02
3.865355644176070304e-02
3.865355644176070304e-02
3.865355644176070304e-02
3.865355644176070304e-02
3.865355644176070304e-02
3.865355644176070304e-02
4.063688512459078667e-02
4.063688512459078667e-02
4.063688512459078667e-02
4.063688512459078667e-02
4.063688512459078667e-02
4.063688512459078667e-02
4.063688512459078667e-02
4.063688512459078667e-02
4.063688512459078667e-02
4.063688512459078667e-02
4.063688512459078667e-02
4.063688512459078667e-02
3.865355644176070304e-02
3.865355644176070304e-02
3.865355644176070304e-02
3.865355644176070304e-02
3.865355644176070304e-02
3.865355644176070304e-02
3.865355644176070304e-02
3.865355644176070304e-02
3.865355644176070304e-02
3.865355644176070304e-02
3.865355644176070304e-02
3.865355644176070304e-02
3.865355644176070304e-02
4.063688512459078667e-02
4.063688512459078667e-02
4.063688512459078667e-02
4.063688512459078667e-02
4.063688512459078667e-02
4.063688512459078667e-02
4.063688512459078667e-02
4.063688512459078667e-02
4.063688512459078667e-02
4.063688512459078667e-02
4.063688512459078667e-02
3.865355644176070304e-02
3.865355644176070304e-02
3.865355644176070304e-02
