0.000000000000000000e+00
4.933929011931642572e-02
4.929744886416474042e-02
4.879782293872134830e-02
4.882164319530515884e-02
4.884755658614912260e-02
4.921170842692129677e-02
4.781300451558314485e-02
4.630156558153475377e-02
4.581189609955083758e-02
4.532360770587329224e-02
4.491447016978525331e-02
4.464821418356096361e-02
4.444008814045393579e-02
4.416930191902213726e-02
4.432034599516843087e-02
4.546315563813410621e-02
4.550342137034935758e-02
4.724163920018528695e-02
4.701082029502785115e-02
4.704120123991093610e-02
4.655447845196213769e-02
4.596848255609315564e-02
4.685209926252374008e-02
4.724489858025962552e-02
4.723071708185277995e-02
4.723071708185277995e-02
4.723071708185277995e-02
4.802410673571330668e-02
4.801711146686216125e-02
4.801711146686216125e-02
4.846122686294160320e-02
4.846122686294160320e-02
4.846122686294160320e-02
4.859276997484959781e-02
4.859276997484959781e-02
4.859276997484959781e-02
4.859276997484959781e-02
4.859276997484959781e-02
4.798955535752492257e-02
4.798955535752492257e-02
4.792254351224958797e-02
4.792254351224958797e-02
4.792254351224958797e-02
4.784048750166063763e-02
4.784048750166063763e-02
4.784048750166063763e-02
4.812839827009695454e-02
4.812839827009695454e-02
4.812839827009695454e-02
4.825476831752657098e-02
4.825476831752657098e-02
4.825476831752657098e-02
4.825476831752657098e-02
4.825476831752657098e-02
4.825476831752657098e-02
4.825476831752657098e-02
4.825476831752657098e-02
4.829194659053372835e-02
4.796301393007842279e-02
4.796301393007842279e-02
4.796301393007842279e-02
4.800502629662340565e-02
4.800502629662340565e-02
4.800502629662340565e-02
4.800502629662340565e-02
4.800502629662340565e-02
4.800502629662340565e-02
4.800502629662340565e-02
4.818835999807766918e-02
4.836361307876695798e-02
4.836361307876695798e-02
4.836361307876695798e-02
4.836361307876695798e-02
4.836361307876695798e-02
4.836361307876695798e-02
4.836361307876695798e-02
4.824575988962456069e-02
4.824575988962456069e-02
4.824575988962456069e-02
4.864502465498411060e-02
4.864502465498411060e-02
4.864502465498411060e-02
4.864502465498411060e-02
4.864502465498411060e-02
4.864502465498411060e-02
4.864502465498411060e-02
4.864502465498411060e-02
4.864502465498411060e-02
4.864502465498411060e-02
4.864502465498411060e-02
4.864502465498411060e-02
4.864502465498411060e-02
4.864502465498411060e-02
4.864502465498411060e-02
4.864502465498411060e-02
4.864502465498411060e-02
4.864502465498411060e-02
4.864502465498411060e-02
4.864502465498411060e-02
4.864502465498411060e-02
4.864502465498411060e-02
4.864502465498411060e-02
4.864502465498411060e-02
4.864502465498411060e-02
4.864502465498411060e-02
4.864502465498411060e-02
4.864502465498411060e-02
4.864502465498411060e-02
4.864502465498411060e-02
4.864502465498411060e-02
4.864502465498411060e-02
4.864502465498411060e-02
4.864502465498411060e-02
4.864502465498411060e-02
4.864502465498411060e-02
4.864502465498411060e-02
4.864502465498411060e-02
4.864502465498411060e-02
4.864502465498411060e-02
4.864502465498411060e-02
4.864502465498411060e-02
4.864502465498411060e-02
4.864502465498411060e-02
4.864502465498411060e-02
4.864502465498411060e-02
4.864502465498411060e-02
4.864502465498411060e-02
4.864502465498411060e-02
4.864502465498411060e-02
4.864502465498411060e-02
4.864502465498411060e-02
4.864502465498411060e-02
4.864502465498411060e-02
4.864502465498411060e-02
4.864502465498411060e-02
4.864502465498411060e-02
4.864502465498411060e-02
4.864502465498411060e-02
4.864502465498411060e-02
4.864502465498411060e-02
4.864502465498411060e-02
4.864502465498411060e-02
4.864502465498411060e-02
4.864502465498411060e-02
4.864502465498411060e-02
4.864502465498411060e-02
4.864502465498411060e-02
4.864502465498411060e-02
4.864502465498411060e-02
4.864502465498411060e-02
4.864502465498411060e-02
4.864502465498411060e-02
4.864502465498411060e-02
4.864502465498411060e-02
4.864502465498411060e-02
4.864502465498411060e-02
4.864502465498411060e-02
4.864502465498411060e-02
4.864502465498411060e-02
4.864502465498411060e-02
4.864502465498411060e-02
4.864502465498411060e-02
4.864502465498411060e-02
4.864502465498411060e-02
4.864502465498411060e-02
4.864502465498411060e-02
4.864502465498411060e-02
4.864502465498411060e-02
4.864502465498411060e-02
4.864502465498411060e-02
4.864502465498411060e-02
4.864502465498411060e-02
4.864502465498411060e-02
4.864502465498411060e-02
4.864502465498411060e-02
4.864502465498411060e-02
4.864502465498411060e-02
4.864502465498411060e-02
4.864502465498411060e-02
4.864502465498411060e-02
4.864502465498411060e-02
4.864502465498411060e-02
4.864502465498411060e-02
4.864502465498411060e-02
4.864502465498411060e-02
4.864502465498411060e-02
4.864502465498411060e-02
4.864502465498411060e-02
4.864502465498411060e-02
4.864502465498411060e-02
4.864502465498411060e-02
4.864502465498411060e-02
4.864502465498411060e-02
4.864502465498411060e-02
4.864502465498411060e-02
4.864502465498411060e-02
4.864502465498411060e-02
4.864502465498411060e-02
4.864502465498411060e-02
4.864502465498411060e-02
4.864502465498411060e-02
4.864502465498411060e-02
4.864502465498411060e-02
4.864502465498411060e-02
4.864502465498411060e-02
4.864502465498411060e-02
4.864502465498411060e-02
4.864502465498411060e-02
4.864502465498411060e-02
4.864502465498411060e-02
4.864502465498411060e-02
4.864502465498411060e-02
4.864502465498411060e-02
4.864502465498411060e-02
4.864502465498411060e-02
4.864502465498411060e-02
4.864502465498411060e-02
4.864502465498411060e-02
4.864502465498411060e-02
4.864502465498411060e-02
4.864502465498411060e-02
4.864502465498411060e-02
4.864502465498411060e-02
4.864502465498411060e-02
4.864502465498411060e-02
4.864502465498411060e-02
4.864502465498411060e-02
4.864502465498411060e-02
4.864502465498411060e-02
4.864502465498411060e-02
4.864502465498411060e-02
4.864502465498411060e-02
4.864502465498411060e-02
4.864502465498411060e-02
4.864502465498411060e-02
4.864502465498411060e-02
4.864502465498411060e-02
4.864502465498411060e-02
4.864502465498411060e-02
4.864502465498411060e-02
4.864502465498411060e-02
4.864502465498411060e-02
4.864502465498411060e-02
4.864502465498411060e-02
4.864502465498411060e-02
4.864502465498411060e-02
4.864502465498411060e-02
4.864502465498411060e-02
4.864502465498411060e-02
4.864502465498411060e-02
4.864502465498411060e-02
4.864502465498411060e-02
4.864502465498411060e-02
4.864502465498411060e-02
4.864502465498411060e-02
4.864502465498411060e-02
4.864502465498411060e-02
4.864502465498411060e-02
4.864502465498411060e-02
4.864502465498411060e-02
4.864502465498411060e-02
4.864502465498411060e-02
4.864502465498411060e-02
4.864502465498411060e-02
4.864502465498411060e-02
4.864502465498411060e-02
4.864502465498411060e-02
4.864502465498411060e-02
4.864502465498411060e-02
4.864502465498411060e-02
4.864502465498411060e-02
4.864502465498411060e-02
4.864502465498411060e-02
4.864502465498411060e-02
4.864502465498411060e-02
4.864502465498411060e-02
4.864502465498411060e-02
4.864502465498411060e-02
4.864502465498411060e-02
4.864502465498411060e-02
4.864502465498411060e-02
4.864502465498411060e-02
4.864502465498411060e-02
4.864502465498411060e-02
4.864502465498411060e-02
4.864502465498411060e-02
4.864502465498411060e-02
4.864502465498411060e-02
4.864502465498411060e-02
4.864502465498411060e-02
4.864502465498411060e-02
4.864502465498411060e-02
4.864502465498411060e-02
4.864502465498411060e-02
4.864502465498411060e-02
4.864502465498411060e-02
4.864502465498411060e-02
4.864502465498411060e-02
4.864502465498411060e-02
4.864502465498411060e-02
4.864502465498411060e-02
4.864502465498411060e-02
4.864502465498411060e-02
4.864502465498411060e-02
4.864502465498411060e-02
4.864502465498411060e-02
4.864502465498411060e-02
4.864502465498411060e-02
4.864502465498411060e-02
4.864502465498411060e-02
4.864502465498411060e-02
4.864502465498411060e-02
4.864502465498411060e-02
4.864502465498411060e-02
4.864502465498411060e-02
4.864502465498411060e-02
4.864502465498411060e-02
4.864502465498411060e-02
4.864502465498411060e-02
4.864502465498411060e-02
4.864502465498411060e-02
4.864502465498411060e-02
4.864502465498411060e-02
4.864502465498411060e-02
4.864502465498411060e-02
4.864502465498411060e-02
4.864502465498411060e-02
4.864502465498411060e-02
4.864502465498411060e-02
4.864502465498411060e-02
4.864502465498411060e-02
4.864502465498411060e-02
4.864502465498411060e-02
4.864502465498411060e-02
4.864502465498411060e-02
4.864502465498411060e-02
4.864502465498411060e-02
4.864502465498411060e-02
4.864502465498411060e-02
4.864502465498411060e-02
4.864502465498411060e-02
4.864502465498411060e-02
4.864502465498411060e-02
4.864502465498411060e-02
4.864502465498411060e-02
4.864502465498411060e-02
4.864502465498411060e-02
4.864502465498411060e-02
4.864502465498411060e-02
4.864502465498411060e-02
4.864502465498411060e-02
4.864502465498411060e-02
4.864502465498411060e-02
4.864502465498411060e-02
4.864502465498411060e-02
4.864502465498411060e-02
4.864502465498411060e-02
4.864502465498411060e-02
4.864502465498411060e-02
4.864502465498411060e-02
4.864502465498411060e-02
4.864502465498411060e-02
4.864502465498411060e-02
4.864502465498411060e-02
4.864502465498411060e-02
4.864502465498411060e-02
4.864502465498411060e-02
4.864502465498411060e-02
4.864502465498411060e-02
4.864502465498411060e-02
4.864502465498411060e-02
4.864502465498411060e-02
4.864502465498411060e-02
4.864502465498411060e-02
4.864502465498411060e-02
4.864502465498411060e-02
4.864502465498411060e-02
4.864502465498411060e-02
4.864502465498411060e-02
4.864502465498411060e-02
4.864502465498411060e-02
4.864502465498411060e-02
4.864502465498411060e-02
4.864502465498411060e-02
4.864502465498411060e-02
4.864502465498411060e-02
4.864502465498411060e-02
4.864502465498411060e-02
4.864502465498411060e-02
4.864502465498411060e-02
4.864502465498411060e-02
4.864502465498411060e-02
4.864502465498411060e-02
4.864502465498411060e-02
4.864502465498411060e-02
4.864502465498411060e-02
4.864502465498411060e-02
4.864502465498411060e-02
4.864502465498411060e-02
4.864502465498411060e-02
4.864502465498411060e-02
4.864502465498411060e-02
4.864502465498411060e-02
4.864502465498411060e-02
4.864502465498411060e-02
4.864502465498411060e-02
4.864502465498411060e-02
4.864502465498411060e-02
4.864502465498411060e-02
4.864502465498411060e-02
4.864502465498411060e-02
4.864502465498411060e-02
4.864502465498411060e-02
4.864502465498411060e-02
4.864502465498411060e-02
4.864502465498411060e-02
4.864502465498411060e-02
4.864502465498411060e-02
4.864502465498411060e-02
4.864502465498411060e-02
4.864502465498411060e-02
4.864502465498411060e-02
4.864502465498411060e-02
4.864502465498411060e-02
4.864502465498411060e-02
4.864502465498411060e-02
4.864502465498411060e-02
4.864502465498411060e-02
4.864502465498411060e-02
4.864502465498411060e-02
4.864502465498411060e-02
4.864502465498411060e-02
4.864502465498411060e-02
4.864502465498411060e-02
4.864502465498411060e-02
4.864502465498411060e-02
4.864502465498411060e-02
4.864502465498411060e-02
4.864502465498411060e-02
4.864502465498411060e-02
4.864502465498411060e-02
4.864502465498411060e-02
4.864502465498411060e-02
4.864502465498411060e-02
4.864502465498411060e-02
4.864502465498411060e-02
4.864502465498411060e-02
4.864502465498411060e-02
4.864502465498411060e-02
4.864502465498411060e-02
4.864502465498411060e-02
4.864502465498411060e-02
4.864502465498411060e-02
4.864502465498411060e-02
4.864502465498411060e-02
4.864502465498411060e-02
4.864502465498411060e-02
4.864502465498411060e-02
4.864502465498411060e-02
4.864502465498411060e-02
4.864502465498411060e-02
4.864502465498411060e-02
4.864502465498411060e-02
4.864502465498411060e-02
4.864502465498411060e-02
4.864502465498411060e-02
4.864502465498411060e-02
4.864502465498411060e-02
4.864502465498411060e-02
4.864502465498411060e-02
4.864502465498411060e-02
4.864502465498411060e-02
4.864502465498411060e-02
4.864502465498411060e-02
4.864502465498411060e-02
4.864502465498411060e-02
4.864502465498411060e-02
4.864502465498411060e-02
4.864502465498411060e-02
4.864502465498411060e-02
4.864502465498411060e-02
4.864502465498411060e-02
4.864502465498411060e-02
4.864502465498411060e-02
4.864502465498411060e-02
4.864502465498411060e-02
4.864502465498411060e-02
4.864502465498411060e-02
4.864502465498411060e-02
4.864502465498411060e-02
4.864502465498411060e-02
4.864502465498411060e-02
4.864502465498411060e-02
4.864502465498411060e-02
4.864502465498411060e-02
4.864502465498411060e-02
4.864502465498411060e-02
4.864502465498411060e-02
4.864502465498411060e-02
4.864502465498411060e-02
4.864502465498411060e-02
4.864502465498411060e-02
4.864502465498411060e-02
4.864502465498411060e-02
4.864502465498411060e-02
4.864502465498411060e-02
4.864502465498411060e-02
4.864502465498411060e-02
4.864502465498411060e-02
4.864502465498411060e-02
4.864502465498411060e-02
4.864502465498411060e-02
4.864502465498411060e-02
4.864502465498411060e-02
4.864502465498411060e-02
4.864502465498411060e-02
4.864502465498411060e-02
4.864502465498411060e-02
4.864502465498411060e-02
4.864502465498411060e-02
4.864502465498411060e-02
4.864502465498411060e-02
4.864502465498411060e-02
4.864502465498411060e-02
4.864502465498411060e-02
4.864502465498411060e-02
4.864502465498411060e-02
4.864502465498411060e-02
4.864502465498411060e-02
4.864502465498411060e-02
4.864502465498411060e-02
4.864502465498411060e-02
4.864502465498411060e-02
4.864502465498411060e-02
4.864502465498411060e-02
4.864502465498411060e-02
4.864502465498411060e-02
4.864502465498411060e-02
4.864502465498411060e-02
4.864502465498411060e-02
4.864502465498411060e-02
4.864502465498411060e-02
4.864502465498411060e-02
4.864502465498411060e-02
4.864502465498411060e-02
4.864502465498411060e-02
4.864502465498411060e-02
4.864502465498411060e-02
4.864502465498411060e-02
4.864502465498411060e-02
4.864502465498411060e-02
4.864502465498411060e-02
4.864502465498411060e-02
4.864502465498411060e-02
4.864502465498411060e-02
4.864502465498411060e-02
4.864502465498411060e-02
4.864502465498411060e-02
4.864502465498411060e-02
4.864502465498411060e-02
4.864502465498411060e-02
4.864502465498411060e-02
4.864502465498411060e-02
4.864502465498411060e-02
4.864502465498411060e-02
4.864502465498411060e-02
4.864502465498411060e-02
4.864502465498411060e-02
4.864502465498411060e-02
4.864502465498411060e-02
4.864502465498411060e-02
4.864502465498411060e-02
4.864502465498411060e-02
4.864502465498411060e-02
4.864502465498411060e-02
4.864502465498411060e-02
4.864502465498411060e-02
4.864502465498411060e-02
4.864502465498411060e-02
4.864502465498411060e-02
4.864502465498411060e-02
4.864502465498411060e-02
4.864502465498411060e-02
4.864502465498411060e-02
4.864502465498411060e-02
4.864502465498411060e-02
4.864502465498411060e-02
4.864502465498411060e-02
4.864502465498411060e-02
4.864502465498411060e-02
4.864502465498411060e-02
4.864502465498411060e-02
4.864502465498411060e-02
4.864502465498411060e-02
4.864502465498411060e-02
4.864502465498411060e-02
4.864502465498411060e-02
4.864502465498411060e-02
4.864502465498411060e-02
4.864502465498411060e-02
4.864502465498411060e-02
4.864502465498411060e-02
4.864502465498411060e-02
4.864502465498411060e-02
4.864502465498411060e-02
4.864502465498411060e-02
4.864502465498411060e-02
4.864502465498411060e-02
4.864502465498411060e-02
4.864502465498411060e-02
4.864502465498411060e-02
4.864502465498411060e-02
4.864502465498411060e-02
4.864502465498411060e-02
4.864502465498411060e-02
4.864502465498411060e-02
4.864502465498411060e-02
4.864502465498411060e-02
4.864502465498411060e-02
4.864502465498411060e-02
4.864502465498411060e-02
4.864502465498411060e-02
4.864502465498411060e-02
4.864502465498411060e-02
4.864502465498411060e-02
4.864502465498411060e-02
4.864502465498411060e-02
4.864502465498411060e-02
4.864502465498411060e-02
4.864502465498411060e-02
4.864502465498411060e-02
4.864502465498411060e-02
4.864502465498411060e-02
4.864502465498411060e-02
4.864502465498411060e-02
4.864502465498411060e-02
4.864502465498411060e-02
4.864502465498411060e-02
4.864502465498411060e-02
4.864502465498411060e-02
4.864502465498411060e-02
4.864502465498411060e-02
4.864502465498411060e-02
4.864502465498411060e-02
4.864502465498411060e-02
4.864502465498411060e-02
4.864502465498411060e-02
4.864502465498411060e-02
4.864502465498411060e-02
4.864502465498411060e-02
4.864502465498411060e-02
4.864502465498411060e-02
4.864502465498411060e-02
4.864502465498411060e-02
4.864502465498411060e-02
4.864502465498411060e-02
4.864502465498411060e-02
4.864502465498411060e-02
4.864502465498411060e-02
4.864502465498411060e-02
4.864502465498411060e-02
4.864502465498411060e-02
4.864502465498411060e-02
4.864502465498411060e-02
4.864502465498411060e-02
4.864502465498411060e-02
4.864502465498411060e-02
4.864502465498411060e-02
4.864502465498411060e-02
4.864502465498411060e-02
4.864502465498411060e-02
4.864502465498411060e-02
4.864502465498411060e-02
4.864502465498411060e-02
4.864502465498411060e-02
4.864502465498411060e-02
4.864502465498411060e-02
4.864502465498411060e-02
4.864502465498411060e-02
4.864502465498411060e-02
4.864502465498411060e-02
4.864502465498411060e-02
4.864502465498411060e-02
4.864502465498411060e-02
4.864502465498411060e-02
4.864502465498411060e-02
4.864502465498411060e-02
4.864502465498411060e-02
4.864502465498411060e-02
4.864502465498411060e-02
4.864502465498411060e-02
4.864502465498411060e-02
4.864502465498411060e-02
4.864502465498411060e-02
4.864502465498411060e-02
4.864502465498411060e-02
4.864502465498411060e-02
4.864502465498411060e-02
4.864502465498411060e-02
4.864502465498411060e-02
4.864502465498411060e-02
4.864502465498411060e-02
4.864502465498411060e-02
4.864502465498411060e-02
4.864502465498411060e-02
4.864502465498411060e-02
4.864502465498411060e-02
4.864502465498411060e-02
4.864502465498411060e-02
4.864502465498411060e-02
4.864502465498411060e-02
4.864502465498411060e-02
4.864502465498411060e-02
4.864502465498411060e-02
4.864502465498411060e-02
4.864502465498411060e-02
4.864502465498411060e-02
4.864502465498411060e-02
4.864502465498411060e-02
4.864502465498411060e-02
4.864502465498411060e-02
4.864502465498411060e-02
4.864502465498411060e-02
4.864502465498411060e-02
4.864502465498411060e-02
4.864502465498411060e-02
4.864502465498411060e-02
4.864502465498411060e-02
4.864502465498411060e-02
4.864502465498411060e-02
4.864502465498411060e-02
4.864502465498411060e-02
4.864502465498411060e-02
4.864502465498411060e-02
4.864502465498411060e-02
4.864502465498411060e-02
4.864502465498411060e-02
4.864502465498411060e-02
4.864502465498411060e-02
4.864502465498411060e-02
4.864502465498411060e-02
4.864502465498411060e-02
4.864502465498411060e-02
4.864502465498411060e-02
4.864502465498411060e-02
4.864502465498411060e-02
4.864502465498411060e-02
4.864502465498411060e-02
4.864502465498411060e-02
4.864502465498411060e-02
4.864502465498411060e-02
4.864502465498411060e-02
4.864502465498411060e-02
4.864502465498411060e-02
4.864502465498411060e-02
4.864502465498411060e-02
4.864502465498411060e-02
4.864502465498411060e-02
4.864502465498411060e-02
4.864502465498411060e-02
4.864502465498411060e-02
4.864502465498411060e-02
4.864502465498411060e-02
4.864502465498411060e-02
4.864502465498411060e-02
4.864502465498411060e-02
4.864502465498411060e-02
4.864502465498411060e-02
4.864502465498411060e-02
4.864502465498411060e-02
4.864502465498411060e-02
4.864502465498411060e-02
4.864502465498411060e-02
4.864502465498411060e-02
4.864502465498411060e-02
4.864502465498411060e-02
4.864502465498411060e-02
4.864502465498411060e-02
4.864502465498411060e-02
4.864502465498411060e-02
4.864502465498411060e-02
4.864502465498411060e-02
4.864502465498411060e-02
4.864502465498411060e-02
4.864502465498411060e-02
4.864502465498411060e-02
4.864502465498411060e-02
4.864502465498411060e-02
4.864502465498411060e-02
4.864502465498411060e-02
4.864502465498411060e-02
4.864502465498411060e-02
4.864502465498411060e-02
4.864502465498411060e-02
4.864502465498411060e-02
4.864502465498411060e-02
4.864502465498411060e-02
4.864502465498411060e-02
4.864502465498411060e-02
4.864502465498411060e-02
4.864502465498411060e-02
4.864502465498411060e-02
4.864502465498411060e-02
4.864502465498411060e-02
4.864502465498411060e-02
4.864502465498411060e-02
4.864502465498411060e-02
4.864502465498411060e-02
4.864502465498411060e-02
4.864502465498411060e-02
4.864502465498411060e-02
4.864502465498411060e-02
4.864502465498411060e-02
4.864502465498411060e-02
4.864502465498411060e-02
4.864502465498411060e-02
4.864502465498411060e-02
4.864502465498411060e-02
4.864502465498411060e-02
4.864502465498411060e-02
4.864502465498411060e-02
4.864502465498411060e-02
4.864502465498411060e-02
4.864502465498411060e-02
4.864502465498411060e-02
4.864502465498411060e-02
4.864502465498411060e-02
4.864502465498411060e-02
4.864502465498411060e-02
4.864502465498411060e-02
4.864502465498411060e-02
4.864502465498411060e-02
4.864502465498411060e-02
4.864502465498411060e-02
4.864502465498411060e-02
4.864502465498411060e-02
4.864502465498411060e-02
4.864502465498411060e-02
4.864502465498411060e-02
4.864502465498411060e-02
4.864502465498411060e-02
4.864502465498411060e-02
4.864502465498411060e-02
4.864502465498411060e-02
4.864502465498411060e-02
4.864502465498411060e-02
4.864502465498411060e-02
4.864502465498411060e-02
4.864502465498411060e-02
4.864502465498411060e-02
4.864502465498411060e-02
4.864502465498411060e-02
4.864502465498411060e-02
4.864502465498411060e-02
4.864502465498411060e-02
4.864502465498411060e-02
4.864502465498411060e-02
4.864502465498411060e-02
4.864502465498411060e-02
4.864502465498411060e-02
4.864502465498411060e-02
4.864502465498411060e-02
4.864502465498411060e-02
4.864502465498411060e-02
4.864502465498411060e-02
4.864502465498411060e-02
4.864502465498411060e-02
4.864502465498411060e-02
4.864502465498411060e-02
4.864502465498411060e-02
4.864502465498411060e-02
4.864502465498411060e-02
4.864502465498411060e-02
4.864502465498411060e-02
4.864502465498411060e-02
4.864502465498411060e-02
4.864502465498411060e-02
4.864502465498411060e-02
4.864502465498411060e-02
4.864502465498411060e-02
4.864502465498411060e-02
4.864502465498411060e-02
4.864502465498411060e-02
4.864502465498411060e-02
4.864502465498411060e-02
4.864502465498411060e-02
4.864502465498411060e-02
4.864502465498411060e-02
4.864502465498411060e-02
4.864502465498411060e-02
4.864502465498411060e-02
4.864502465498411060e-02
4.864502465498411060e-02
4.864502465498411060e-02
4.864502465498411060e-02
4.864502465498411060e-02
4.864502465498411060e-02
4.864502465498411060e-02
4.864502465498411060e-02
4.864502465498411060e-02
4.864502465498411060e-02
4.864502465498411060e-02
4.864502465498411060e-02
4.864502465498411060e-02
4.864502465498411060e-02
4.864502465498411060e-02
4.864502465498411060e-02
4.864502465498411060e-02
4.864502465498411060e-02
4.864502465498411060e-02
4.864502465498411060e-02
4.864502465498411060e-02
4.864502465498411060e-02
4.864502465498411060e-02
4.864502465498411060e-02
4.864502465498411060e-02
4.864502465498411060e-02
4.864502465498411060e-02
4.864502465498411060e-02
4.864502465498411060e-02
4.864502465498411060e-02
4.864502465498411060e-02
4.864502465498411060e-02
4.864502465498411060e-02
4.864502465498411060e-02
4.864502465498411060e-02
4.864502465498411060e-02
4.864502465498411060e-02
4.864502465498411060e-02
4.864502465498411060e-02
4.864502465498411060e-02
4.864502465498411060e-02
4.864502465498411060e-02
4.864502465498411060e-02
4.864502465498411060e-02
4.864502465498411060e-02
4.864502465498411060e-02
4.864502465498411060e-02
4.864502465498411060e-02
4.864502465498411060e-02
4.864502465498411060e-02
4.864502465498411060e-02
4.864502465498411060e-02
4.864502465498411060e-02
4.864502465498411060e-02
4.864502465498411060e-02
4.864502465498411060e-02
4.864502465498411060e-02
4.864502465498411060e-02
4.864502465498411060e-02
4.864502465498411060e-02
4.864502465498411060e-02
4.864502465498411060e-02
4.864502465498411060e-02
4.864502465498411060e-02
4.864502465498411060e-02
4.864502465498411060e-02
4.864502465498411060e-02
4.864502465498411060e-02
4.864502465498411060e-02
4.864502465498411060e-02
4.864502465498411060e-02
4.864502465498411060e-02
4.864502465498411060e-02
4.864502465498411060e-02
4.864502465498411060e-02
4.864502465498411060e-02
4.864502465498411060e-02
4.864502465498411060e-02
4.864502465498411060e-02
4.864502465498411060e-02
4.864502465498411060e-02
4.864502465498411060e-02
4.864502465498411060e-02
4.864502465498411060e-02
4.864502465498411060e-02
4.864502465498411060e-02
4.864502465498411060e-02
4.864502465498411060e-02
4.864502465498411060e-02
4.864502465498411060e-02
4.864502465498411060e-02
4.864502465498411060e-02
4.864502465498411060e-02
4.864502465498411060e-02
4.864502465498411060e-02
4.864502465498411060e-02
4.864502465498411060e-02
4.864502465498411060e-02
4.864502465498411060e-02
4.864502465498411060e-02
4.864502465498411060e-02
4.864502465498411060e-02
4.864502465498411060e-02
4.864502465498411060e-02
4.864502465498411060e-02
4.864502465498411060e-02
4.864502465498411060e-02
4.864502465498411060e-02
4.864502465498411060e-02
4.864502465498411060e-02
4.864502465498411060e-02
4.864502465498411060e-02
4.864502465498411060e-02
4.864502465498411060e-02
4.864502465498411060e-02
4.864502465498411060e-02
4.864502465498411060e-02
4.864502465498411060e-02
4.864502465498411060e-02
4.864502465498411060e-02
4.864502465498411060e-02
4.864502465498411060e-02
4.864502465498411060e-02
4.864502465498411060e-02
4.864502465498411060e-02
4.864502465498411060e-02
4.864502465498411060e-02
4.864502465498411060e-02
4.864502465498411060e-02
4.864502465498411060e-02
4.864502465498411060e-02
4.864502465498411060e-02
4.864502465498411060e-02
4.864502465498411060e-02
4.864502465498411060e-02
4.864502465498411060e-02
4.864502465498411060e-02
4.864502465498411060e-02
4.864502465498411060e-02
4.864502465498411060e-02
4.864502465498411060e-02
4.864502465498411060e-02
4.864502465498411060e-02
4.864502465498411060e-02
4.864502465498411060e-02
4.864502465498411060e-02
4.864502465498411060e-02
4.864502465498411060e-02
4.864502465498411060e-02
4.864502465498411060e-02
4.864502465498411060e-02
4.864502465498411060e-02
4.864502465498411060e-02
4.864502465498411060e-02
4.864502465498411060e-02
4.864502465498411060e-02
4.864502465498411060e-02
4.864502465498411060e-02
4.864502465498411060e-02
4.864502465498411060e-02
4.864502465498411060e-02
4.864502465498411060e-02
4.864502465498411060e-02
4.864502465498411060e-02
4.864502465498411060e-02
4.864502465498411060e-02
4.864502465498411060e-02
4.864502465498411060e-02
4.864502465498411060e-02
4.864502465498411060e-02
4.864502465498411060e-02
4.864502465498411060e-02
4.864502465498411060e-02
4.864502465498411060e-02
4.864502465498411060e-02
4.864502465498411060e-02
4.864502465498411060e-02
4.864502465498411060e-02
4.864502465498411060e-02
4.864502465498411060e-02
4.864502465498411060e-02
4.864502465498411060e-02
4.864502465498411060e-02
4.864502465498411060e-02
4.864502465498411060e-02
4.864502465498411060e-02
4.864502465498411060e-02
4.864502465498411060e-02
4.864502465498411060e-02
4.864502465498411060e-02
4.864502465498411060e-02
4.864502465498411060e-02
4.864502465498411060e-02
4.864502465498411060e-02
4.864502465498411060e-02
4.864502465498411060e-02
4.864502465498411060e-02
4.864502465498411060e-02
4.864502465498411060e-02
4.864502465498411060e-02
4.864502465498411060e-02
4.864502465498411060e-02
4.864502465498411060e-02
4.864502465498411060e-02
4.864502465498411060e-02
4.864502465498411060e-02
4.864502465498411060e-02
4.864502465498411060e-02
4.864502465498411060e-02
4.864502465498411060e-02
4.864502465498411060e-02
4.864502465498411060e-02
4.864502465498411060e-02
4.864502465498411060e-02
4.864502465498411060e-02
4.864502465498411060e-02
4.864502465498411060e-02
4.864502465498411060e-02
4.864502465498411060e-02
4.864502465498411060e-02
4.864502465498411060e-02
4.864502465498411060e-02
4.864502465498411060e-02
4.864502465498411060e-02
4.864502465498411060e-02
4.864502465498411060e-02
4.864502465498411060e-02
4.864502465498411060e-02
4.864502465498411060e-02
4.864502465498411060e-02
4.864502465498411060e-02
4.864502465498411060e-02
4.864502465498411060e-02
4.864502465498411060e-02
4.864502465498411060e-02
4.864502465498411060e-02
4.864502465498411060e-02
4.864502465498411060e-02
4.864502465498411060e-02
4.864502465498411060e-02
4.864502465498411060e-02
4.864502465498411060e-02
4.864502465498411060e-02
4.864502465498411060e-02
4.864502465498411060e-02
4.864502465498411060e-02
4.864502465498411060e-02
4.864502465498411060e-02
4.864502465498411060e-02
4.864502465498411060e-02
4.864502465498411060e-02
4.864502465498411060e-02
4.864502465498411060e-02
4.864502465498411060e-02
4.864502465498411060e-02
4.864502465498411060e-02
4.864502465498411060e-02
4.864502465498411060e-02
4.864502465498411060e-02
4.864502465498411060e-02
4.864502465498411060e-02
4.864502465498411060e-02
4.864502465498411060e-02
4.864502465498411060e-02
4.864502465498411060e-02
4.864502465498411060e-02
4.864502465498411060e-02
4.864502465498411060e-02
4.864502465498411060e-02
4.864502465498411060e-02
4.864502465498411060e-02
4.864502465498411060e-02
4.864502465498411060e-02
4.864502465498411060e-02
4.864502465498411060e-02
4.864502465498411060e-02
4.864502465498411060e-02
4.864502465498411060e-02
4.864502465498411060e-02
4.864502465498411060e-02
4.864502465498411060e-02
4.864502465498411060e-02
4.864502465498411060e-02
4.864502465498411060e-02
4.864502465498411060e-02
4.864502465498411060e-02
4.864502465498411060e-02
4.864502465498411060e-02
4.864502465498411060e-02
4.864502465498411060e-02
4.864502465498411060e-02
4.864502465498411060e-02
4.864502465498411060e-02
4.864502465498411060e-02
4.864502465498411060e-02
4.864502465498411060e-02
4.864502465498411060e-02
4.864502465498411060e-02
4.864502465498411060e-02
4.864502465498411060e-02
4.864502465498411060e-02
4.864502465498411060e-02
4.864502465498411060e-02
4.864502465498411060e-02
4.864502465498411060e-02
4.864502465498411060e-02
4.864502465498411060e-02
4.864502465498411060e-02
4.864502465498411060e-02
4.864502465498411060e-02
4.864502465498411060e-02
4.864502465498411060e-02
4.864502465498411060e-02
4.864502465498411060e-02
4.864502465498411060e-02
4.864502465498411060e-02
4.864502465498411060e-02
4.864502465498411060e-02
4.864502465498411060e-02
4.864502465498411060e-02
4.864502465498411060e-02
4.864502465498411060e-02
4.864502465498411060e-02
4.864502465498411060e-02
4.864502465498411060e-02
4.864502465498411060e-02
4.864502465498411060e-02
4.864502465498411060e-02
4.864502465498411060e-02
4.864502465498411060e-02
4.864502465498411060e-02
4.864502465498411060e-02
4.864502465498411060e-02
4.864502465498411060e-02
4.864502465498411060e-02
4.864502465498411060e-02
4.864502465498411060e-02
4.864502465498411060e-02
4.864502465498411060e-02
4.864502465498411060e-02
4.864502465498411060e-02
4.864502465498411060e-02
4.864502465498411060e-02
4.864502465498411060e-02
4.864502465498411060e-02
4.864502465498411060e-02
4.864502465498411060e-02
4.864502465498411060e-02
4.864502465498411060e-02
4.864502465498411060e-02
4.864502465498411060e-02
4.864502465498411060e-02
4.864502465498411060e-02
4.864502465498411060e-02
4.864502465498411060e-02
4.864502465498411060e-02
4.864502465498411060e-02
4.864502465498411060e-02
