-1.899999999999999911e+00 0.000000000000000000e+00
-1.896386430678465906e+00 0.000000000000000000e+00
-1.892772861356932124e+00 0.000000000000000000e+00
-1.889159292035398119e+00 0.000000000000000000e+00
-1.885545722713864114e+00 0.000000000000000000e+00
-1.881932153392330331e+00 0.000000000000000000e+00
-1.878318584070796327e+00 0.000000000000000000e+00
-1.874705014749262544e+00 0.000000000000000000e+00
-1.871091445427728539e+00 0.000000000000000000e+00
-1.867477876106194534e+00 0.000000000000000000e+00
-1.863864306784660752e+00 0.000000000000000000e+00
-1.860250737463126747e+00 0.000000000000000000e+00
-1.856637168141592742e+00 0.000000000000000000e+00
-1.853023598820058959e+00 0.000000000000000000e+00
-1.849410029498524954e+00 0.000000000000000000e+00
-1.845796460176990950e+00 0.000000000000000000e+00
-1.842182890855457167e+00 0.000000000000000000e+00
-1.838569321533923162e+00 0.000000000000000000e+00
-1.834955752212389379e+00 0.000000000000000000e+00
-1.831342182890855375e+00 0.000000000000000000e+00
-1.827728613569321370e+00 0.000000000000000000e+00
-1.824115044247787587e+00 0.000000000000000000e+00
-1.820501474926253582e+00 0.000000000000000000e+00
-1.816887905604719577e+00 0.000000000000000000e+00
-1.813274336283185795e+00 0.000000000000000000e+00
-1.809660766961651790e+00 0.000000000000000000e+00
-1.806047197640118007e+00 0.000000000000000000e+00
-1.802433628318584002e+00 0.000000000000000000e+00
-1.798820058997049998e+00 0.000000000000000000e+00
-1.795206489675516215e+00 0.000000000000000000e+00
-1.791592920353982210e+00 0.000000000000000000e+00
-1.787979351032448205e+00 0.000000000000000000e+00
-1.784365781710914423e+00 0.000000000000000000e+00
-1.780752212389380418e+00 0.000000000000000000e+00
-1.777138643067846413e+00 0.000000000000000000e+00
-1.773525073746312630e+00 0.000000000000000000e+00
-1.769911504424778625e+00 0.000000000000000000e+00
-1.766297935103244843e+00 0.000000000000000000e+00
-1.762684365781710838e+00 0.000000000000000000e+00
-1.759070796460176833e+00 0.000000000000000000e+00
-1.755457227138643050e+00 0.000000000000000000e+00
-1.751843657817109046e+00 0.000000000000000000e+00
-1.748230088495575041e+00 0.000000000000000000e+00
-1.744616519174041258e+00 0.000000000000000000e+00
-1.741002949852507253e+00 0.000000000000000000e+00
-1.737389380530973249e+00 0.000000000000000000e+00
-1.733775811209439466e+00 0.000000000000000000e+00
-1.730162241887905461e+00 0.000000000000000000e+00
-1.726548672566371678e+00 0.000000000000000000e+00
-1.722935103244837673e+00 0.000000000000000000e+00
-1.719321533923303669e+00 0.000000000000000000e+00
-1.715707964601769886e+00 0.000000000000000000e+00
-1.712094395280235881e+00 0.000000000000000000e+00
-1.708480825958701876e+00 0.000000000000000000e+00
-1.704867256637168094e+00 0.000000000000000000e+00
-1.701253687315634089e+00 0.000000000000000000e+00
-1.697640117994100084e+00 0.000000000000000000e+00
-1.694026548672566301e+00 0.000000000000000000e+00
-1.690412979351032297e+00 0.000000000000000000e+00
-1.686799410029498514e+00 0.000000000000000000e+00
-1.683185840707964509e+00 0.000000000000000000e+00
-1.679572271386430504e+00 0.000000000000000000e+00
-1.675958702064896721e+00 0.000000000000000000e+00
-1.672345132743362717e+00 0.000000000000000000e+00
-1.668731563421828712e+00 0.000000000000000000e+00
-1.665117994100294929e+00 0.000000000000000000e+00
-1.661504424778760924e+00 0.000000000000000000e+00
-1.657890855457226920e+00 0.000000000000000000e+00
-1.654277286135693137e+00 0.000000000000000000e+00
-1.650663716814159132e+00 0.000000000000000000e+00
-1.647050147492625349e+00 0.000000000000000000e+00
-1.643436578171091345e+00 0.000000000000000000e+00
-1.639823008849557340e+00 0.000000000000000000e+00
-1.636209439528023557e+00 0.000000000000000000e+00
-1.632595870206489552e+00 0.000000000000000000e+00
-1.628982300884955770e+00 0.000000000000000000e+00
-1.625368731563421765e+00 0.000000000000000000e+00
-1.621755162241887760e+00 0.000000000000000000e+00
-1.618141592920353755e+00 0.000000000000000000e+00
-1.614528023598819972e+00 0.000000000000000000e+00
-1.610914454277285968e+00 0.000000000000000000e+00
-1.607300884955752185e+00 0.000000000000000000e+00
-1.603687315634218180e+00 0.000000000000000000e+00
-1.600073746312684175e+00 0.000000000000000000e+00
-1.596460176991150393e+00 0.000000000000000000e+00
-1.592846607669616388e+00 0.000000000000000000e+00
-1.589233038348082605e+00 0.000000000000000000e+00
-1.585619469026548600e+00 0.000000000000000000e+00
-1.582005899705014595e+00 0.000000000000000000e+00
-1.578392330383480591e+00 0.000000000000000000e+00
-1.574778761061946808e+00 0.000000000000000000e+00
-1.571165191740412803e+00 0.000000000000000000e+00
-1.567551622418879020e+00 0.000000000000000000e+00
-1.563938053097345016e+00 0.000000000000000000e+00
-1.560324483775811011e+00 0.000000000000000000e+00
-1.556710914454277228e+00 0.000000000000000000e+00
-1.553097345132743223e+00 0.000000000000000000e+00
-1.549483775811209441e+00 0.000000000000000000e+00
-1.545870206489675436e+00 0.000000000000000000e+00
-1.542256637168141431e+00 0.000000000000000000e+00
-1.538643067846607426e+00 0.000000000000000000e+00
-1.535029498525073643e+00 0.000000000000000000e+00
-1.531415929203539639e+00 0.000000000000000000e+00
-1.527802359882005856e+00 0.000000000000000000e+00
-1.524188790560471851e+00 0.000000000000000000e+00
-1.520575221238937846e+00 0.000000000000000000e+00
-1.516961651917404064e+00 0.000000000000000000e+00
-1.513348082595870059e+00 0.000000000000000000e+00
-1.509734513274336276e+00 0.000000000000000000e+00
-1.506120943952802271e+00 0.000000000000000000e+00
-1.502507374631268267e+00 0.000000000000000000e+00
-1.498893805309734262e+00 0.000000000000000000e+00
-1.495280235988200479e+00 0.000000000000000000e+00
-1.491666666666666474e+00 0.000000000000000000e+00
-1.488053097345132691e+00 0.000000000000000000e+00
-1.484439528023598687e+00 0.000000000000000000e+00
-1.480825958702064682e+00 0.000000000000000000e+00
-1.477212389380530899e+00 0.000000000000000000e+00
-1.473598820058996894e+00 0.000000000000000000e+00
-1.469985250737463112e+00 0.000000000000000000e+00
-1.466371681415929107e+00 0.000000000000000000e+00
-1.462758112094395102e+00 0.000000000000000000e+00
-1.459144542772861097e+00 0.000000000000000000e+00
-1.455530973451327315e+00 0.000000000000000000e+00
-1.451917404129793310e+00 0.000000000000000000e+00
-1.448303834808259527e+00 0.000000000000000000e+00
-1.444690265486725522e+00 0.000000000000000000e+00
-1.441076696165191517e+00 0.000000000000000000e+00
-1.437463126843657735e+00 0.000000000000000000e+00
-1.433849557522123730e+00 0.000000000000000000e+00
-1.430235988200589947e+00 0.000000000000000000e+00
-1.426622418879055942e+00 0.000000000000000000e+00
-1.423008849557521938e+00 0.000000000000000000e+00
-1.419395280235987933e+00 0.000000000000000000e+00
-1.415781710914454150e+00 0.000000000000000000e+00
-1.412168141592920145e+00 0.000000000000000000e+00
-1.408554572271386363e+00 0.000000000000000000e+00
-1.404941002949852358e+00 0.000000000000000000e+00
-1.401327433628318353e+00 0.000000000000000000e+00
-1.397713864306784570e+00 0.000000000000000000e+00
-1.394100294985250565e+00 0.000000000000000000e+00
-1.390486725663716783e+00 0.000000000000000000e+00
-1.386873156342182778e+00 0.000000000000000000e+00
-1.383259587020648773e+00 0.000000000000000000e+00
-1.379646017699114768e+00 0.000000000000000000e+00
-1.376032448377580986e+00 0.000000000000000000e+00
-1.372418879056047203e+00 0.000000000000000000e+00
-1.368805309734513198e+00 0.000000000000000000e+00
-1.365191740412979193e+00 0.000000000000000000e+00
-1.361578171091445189e+00 0.000000000000000000e+00
-1.357964601769911406e+00 0.000000000000000000e+00
-1.354351032448377401e+00 0.000000000000000000e+00
-1.350737463126843618e+00 0.000000000000000000e+00
-1.347123893805309613e+00 0.000000000000000000e+00
-1.343510324483775609e+00 0.000000000000000000e+00
-1.339896755162241604e+00 0.000000000000000000e+00
-1.336283185840707821e+00 0.000000000000000000e+00
-1.332669616519174038e+00 0.000000000000000000e+00
-1.329056047197640034e+00 0.000000000000000000e+00
-1.325442477876106029e+00 0.000000000000000000e+00
-1.321828908554572024e+00 0.000000000000000000e+00
-1.318215339233038241e+00 0.000000000000000000e+00
-1.314601769911504237e+00 0.000000000000000000e+00
-1.310988200589970454e+00 0.000000000000000000e+00
-1.307374631268436449e+00 0.000000000000000000e+00
-1.303761061946902444e+00 0.000000000000000000e+00
-1.300147492625368439e+00 0.000000000000000000e+00
-1.296533923303834657e+00 0.000000000000000000e+00
-1.292920353982300874e+00 0.000000000000000000e+00
-1.289306784660766869e+00 0.000000000000000000e+00
-1.285693215339232864e+00 0.000000000000000000e+00
-1.282079646017698860e+00 0.000000000000000000e+00
-1.278466076696165077e+00 0.000000000000000000e+00
-1.274852507374631072e+00 0.000000000000000000e+00
-1.271238938053097289e+00 0.000000000000000000e+00
-1.267625368731563285e+00 0.000000000000000000e+00
-1.264011799410029280e+00 0.000000000000000000e+00
-1.260398230088495275e+00 0.000000000000000000e+00
-1.256784660766961492e+00 0.000000000000000000e+00
-1.253171091445427709e+00 0.000000000000000000e+00
-1.249557522123893705e+00 0.000000000000000000e+00
-1.245943952802359700e+00 0.000000000000000000e+00
-1.242330383480825695e+00 0.000000000000000000e+00
-1.238716814159291912e+00 0.000000000000000000e+00
-1.235103244837757908e+00 0.000000000000000000e+00
-1.231489675516224125e+00 0.000000000000000000e+00
-1.227876106194690120e+00 0.000000000000000000e+00
-1.224262536873156115e+00 0.000000000000000000e+00
-1.220648967551622111e+00 0.000000000000000000e+00
-1.217035398230088328e+00 0.000000000000000000e+00
-1.213421828908554545e+00 0.000000000000000000e+00
-1.209808259587020540e+00 0.000000000000000000e+00
-1.206194690265486535e+00 0.000000000000000000e+00
-1.202581120943952531e+00 0.000000000000000000e+00
-1.198967551622418748e+00 0.000000000000000000e+00
-1.195353982300884743e+00 0.000000000000000000e+00
-1.191740412979350960e+00 0.000000000000000000e+00
-1.188126843657816956e+00 0.000000000000000000e+00
-1.184513274336282951e+00 0.000000000000000000e+00
-1.180899705014748946e+00 0.000000000000000000e+00
-1.177286135693215163e+00 0.000000000000000000e+00
-1.173672566371681381e+00 0.000000000000000000e+00
-1.170058997050147376e+00 0.000000000000000000e+00
-1.166445427728613371e+00 0.000000000000000000e+00
-1.162831858407079366e+00 0.000000000000000000e+00
-1.159218289085545583e+00 0.000000000000000000e+00
-1.155604719764011579e+00 0.000000000000000000e+00
-1.151991150442477796e+00 0.000000000000000000e+00
-1.148377581120943791e+00 0.000000000000000000e+00
-1.144764011799409786e+00 0.000000000000000000e+00
-1.141150442477875782e+00 0.000000000000000000e+00
-1.137536873156341999e+00 0.000000000000000000e+00
-1.133923303834808216e+00 0.000000000000000000e+00
-1.130309734513274211e+00 0.000000000000000000e+00
-1.126696165191740207e+00 0.000000000000000000e+00
-1.123082595870206202e+00 0.000000000000000000e+00
-1.119469026548672419e+00 0.000000000000000000e+00
-1.115855457227138636e+00 0.000000000000000000e+00
-1.112241887905604631e+00 0.000000000000000000e+00
-1.108628318584070627e+00 0.000000000000000000e+00
-1.105014749262536622e+00 0.000000000000000000e+00
-1.101401179941002617e+00 0.000000000000000000e+00
-1.097787610619468834e+00 0.000000000000000000e+00
-1.094174041297935052e+00 0.000000000000000000e+00
-1.090560471976401047e+00 0.000000000000000000e+00
-1.086946902654867042e+00 0.000000000000000000e+00
-1.083333333333333037e+00 0.000000000000000000e+00
-1.079719764011799255e+00 0.000000000000000000e+00
-1.076106194690265472e+00 0.000000000000000000e+00
-1.072492625368731467e+00 0.000000000000000000e+00
-1.068879056047197462e+00 0.000000000000000000e+00
-1.065265486725663457e+00 0.000000000000000000e+00
-1.061651917404129453e+00 0.000000000000000000e+00
-1.058038348082595670e+00 0.000000000000000000e+00
-1.054424778761061887e+00 0.000000000000000000e+00
-1.050811209439527882e+00 0.000000000000000000e+00
-1.047197640117993878e+00 0.000000000000000000e+00
-1.043584070796459873e+00 0.000000000000000000e+00
-1.039970501474926090e+00 0.000000000000000000e+00
-1.036356932153392307e+00 0.000000000000000000e+00
-1.032743362831858303e+00 0.000000000000000000e+00
-1.029129793510324298e+00 0.000000000000000000e+00
-1.025516224188790293e+00 0.000000000000000000e+00
-1.021902654867256510e+00 0.000000000000000000e+00
-1.018289085545722505e+00 0.000000000000000000e+00
-1.014675516224188723e+00 0.000000000000000000e+00
-1.011061946902654718e+00 0.000000000000000000e+00
-1.007448377581120713e+00 0.000000000000000000e+00
-1.003834808259586708e+00 0.000000000000000000e+00
-1.000221238938052926e+00 0.000000000000000000e+00
-9.966076696165190318e-01 0.000000000000000000e+00
-9.929941002949850271e-01 0.000000000000000000e+00
-9.893805309734511333e-01 0.000000000000000000e+00
-9.857669616519172395e-01 0.000000000000000000e+00
-9.821533923303833458e-01 0.000000000000000000e+00
-9.785398230088493410e-01 0.000000000000000000e+00
-9.749262536873154472e-01 0.000000000000000000e+00
-9.713126843657815535e-01 0.000000000000000000e+00
-9.676991150442475487e-01 0.000000000000000000e+00
-9.640855457227136549e-01 0.000000000000000000e+00
-9.604719764011797611e-01 0.000000000000000000e+00
-9.568584070796458674e-01 0.000000000000000000e+00
-9.532448377581118626e-01 0.000000000000000000e+00
-9.496312684365779688e-01 0.000000000000000000e+00
-9.460176991150440751e-01 0.000000000000000000e+00
-9.424041297935101813e-01 0.000000000000000000e+00
-9.387905604719761765e-01 0.000000000000000000e+00
-9.351769911504422828e-01 0.000000000000000000e+00
-9.315634218289083890e-01 0.000000000000000000e+00
-9.279498525073743842e-01 0.000000000000000000e+00
-9.243362831858404904e-01 0.000000000000000000e+00
-9.207227138643065967e-01 0.000000000000000000e+00
-9.171091445427727029e-01 0.000000000000000000e+00
-9.134955752212386981e-01 0.000000000000000000e+00
-9.098820058997048044e-01 0.000000000000000000e+00
-9.062684365781709106e-01 0.000000000000000000e+00
-9.026548672566370168e-01 0.000000000000000000e+00
-8.990412979351030121e-01 0.000000000000000000e+00
-8.954277286135692293e-01 0.000000000000000000e+00
-8.918141592920352245e-01 0.000000000000000000e+00
-8.882005899705012197e-01 0.000000000000000000e+00
-8.845870206489674370e-01 0.000000000000000000e+00
-8.809734513274334322e-01 0.000000000000000000e+00
-8.773598820058994274e-01 0.000000000000000000e+00
-8.737463126843656447e-01 0.000000000000000000e+00
-8.701327433628316399e-01 0.000000000000000000e+00
-8.665191740412976351e-01 0.000000000000000000e+00
-8.629056047197638524e-01 0.000000000000000000e+00
-8.592920353982298476e-01 0.000000000000000000e+00
-8.556784660766960648e-01 0.000000000000000000e+00
-8.520648967551620601e-01 0.000000000000000000e+00
-8.484513274336280553e-01 0.000000000000000000e+00
-8.448377581120942725e-01 0.000000000000000000e+00
-8.412241887905602677e-01 0.000000000000000000e+00
-8.376106194690262630e-01 0.000000000000000000e+00
-8.339970501474924802e-01 0.000000000000000000e+00
-8.303834808259584754e-01 0.000000000000000000e+00
-8.267699115044244706e-01 0.000000000000000000e+00
-8.231563421828906879e-01 0.000000000000000000e+00
-8.195427728613566831e-01 0.000000000000000000e+00
-8.159292035398229004e-01 0.000000000000000000e+00
-8.123156342182888956e-01 0.000000000000000000e+00
-8.087020648967548908e-01 0.000000000000000000e+00
-8.050884955752211081e-01 0.000000000000000000e+00
-8.014749262536871033e-01 0.000000000000000000e+00
-7.978613569321530985e-01 0.000000000000000000e+00
-7.942477876106193158e-01 0.000000000000000000e+00
-7.906342182890853110e-01 0.000000000000000000e+00
-7.870206489675513062e-01 0.000000000000000000e+00
-7.834070796460175234e-01 0.000000000000000000e+00
-7.797935103244835187e-01 0.000000000000000000e+00
-7.761799410029497359e-01 0.000000000000000000e+00
-7.725663716814157311e-01 0.000000000000000000e+00
-7.689528023598817263e-01 0.000000000000000000e+00
-7.653392330383479436e-01 0.000000000000000000e+00
-7.617256637168139388e-01 0.000000000000000000e+00
-7.581120943952799340e-01 0.000000000000000000e+00
-7.544985250737461513e-01 0.000000000000000000e+00
-7.508849557522121465e-01 0.000000000000000000e+00
-7.472713864306783638e-01 0.000000000000000000e+00
-7.436578171091443590e-01 0.000000000000000000e+00
-7.400442477876103542e-01 0.000000000000000000e+00
-7.364306784660765715e-01 0.000000000000000000e+00
-7.328171091445425667e-01 0.000000000000000000e+00
-7.292035398230085619e-01 0.000000000000000000e+00
-7.255899705014747791e-01 0.000000000000000000e+00
-7.219764011799407744e-01 0.000000000000000000e+00
-7.183628318584067696e-01 0.000000000000000000e+00
-7.147492625368729868e-01 0.000000000000000000e+00
-7.111356932153389820e-01 0.000000000000000000e+00
-7.075221238938051993e-01 0.000000000000000000e+00
-7.039085545722711945e-01 0.000000000000000000e+00
-7.002949852507371897e-01 0.000000000000000000e+00
-6.966814159292034070e-01 0.000000000000000000e+00
-6.930678466076694022e-01 0.000000000000000000e+00
-6.894542772861353974e-01 0.000000000000000000e+00
-6.858407079646016147e-01 0.000000000000000000e+00
-6.822271386430676099e-01 0.000000000000000000e+00
-6.786135693215336051e-01 0.000000000000000000e+00
-6.749999999999998224e-01 0.000000000000000000e+00
-6.713864306784658176e-01 0.000000000000000000e+00
-6.677728613569320348e-01 0.000000000000000000e+00
-6.641592920353980301e-01 0.000000000000000000e+00
-6.605457227138640253e-01 0.000000000000000000e+00
-6.569321533923302425e-01 0.000000000000000000e+00
-6.533185840707962377e-01 0.000000000000000000e+00
-6.497050147492622330e-01 0.000000000000000000e+00
-6.460914454277284502e-01 0.000000000000000000e+00
-6.424778761061944454e-01 0.000000000000000000e+00
-6.388643067846604406e-01 0.000000000000000000e+00
-6.352507374631266579e-01 0.000000000000000000e+00
-6.316371681415926531e-01 0.000000000000000000e+00
-6.280235988200588704e-01 0.000000000000000000e+00
-6.244100294985248656e-01 0.000000000000000000e+00
-6.207964601769908608e-01 0.000000000000000000e+00
-6.171828908554570781e-01 0.000000000000000000e+00
-6.135693215339230733e-01 0.000000000000000000e+00
-6.099557522123890685e-01 0.000000000000000000e+00
-6.063421828908552857e-01 0.000000000000000000e+00
-6.027286135693212810e-01 0.000000000000000000e+00
-5.991150442477872762e-01 0.000000000000000000e+00
-5.955014749262534934e-01 0.000000000000000000e+00
-5.918879056047194887e-01 0.000000000000000000e+00
-5.882743362831857059e-01 0.000000000000000000e+00
-5.846607669616517011e-01 0.000000000000000000e+00
-5.810471976401176963e-01 0.000000000000000000e+00
-5.774336283185839136e-01 0.000000000000000000e+00
-5.738200589970499088e-01 0.000000000000000000e+00
-5.702064896755159040e-01 0.000000000000000000e+00
-5.665929203539821213e-01 0.000000000000000000e+00
-5.629793510324481165e-01 0.000000000000000000e+00
-5.593657817109143338e-01 1.976262583364986177e-323
-5.557522123893803290e-01 2.591785655170608229e-304
-5.521386430678463242e-01 2.658844622041319856e-286
-5.485250737463125414e-01 2.609992488701220131e-269
-5.449115044247785367e-01 2.797389959735311138e-253
-5.412979351032445319e-01 3.707752839961456704e-238
-5.376843657817107491e-01 6.834884891147028597e-224
-5.340707964601767443e-01 1.957696486217805606e-210
-5.304572271386427396e-01 9.672914201081707433e-198
-5.268436578171089568e-01 9.099042890082565566e-186
-5.232300884955749520e-01 1.788366010027575580e-174
-5.196165191740411693e-01 8.017470375805005934e-164
-5.160029498525071645e-01 8.905649080933069993e-154
-5.123893805309731597e-01 2.649823171884022003e-144
-5.087758112094393770e-01 2.273154737900749057e-135
-5.051622418879053722e-01 6.025707433526675421e-127
-5.015486725663713674e-01 5.269012520283131740e-119
-4.979351032448375847e-01 1.616336759422035501e-111
-4.943215339233035799e-01 1.843355145912221205e-104
-4.907079646017695751e-01 8.254534019476402387e-98
-4.870943952802357924e-01 1.528035357614761182e-91
-4.834808259587017876e-01 1.227376287144344223e-85
-4.798672566371680048e-01 4.477538785223733621e-80
-4.762536873156340000e-01 7.744058251665653579e-75
-4.726401179940999953e-01 6.611774473634138622e-70
-4.690265486725662125e-01 2.894711260217691166e-65
-4.654129793510322077e-01 6.735554502817381171e-61
-4.617994100294982029e-01 8.614875862311071892e-57
-4.581858407079644202e-01 6.251708649886057799e-53
-4.545722713864304154e-01 2.652059422463700971e-49
-4.509587020648964106e-01 6.764110648099541708e-46
-4.473451327433626279e-01 1.065094839294919172e-42
-4.437315634218286231e-01 1.061629037145376452e-39
-4.401179941002948404e-01 6.858356188151913232e-37
-4.365044247787608356e-01 2.936520492047936669e-34
-4.328908554572268308e-01 8.511554689628488808e-32
-4.292772861356930481e-01 1.704057243757520086e-29
-4.256637168141590433e-01 2.402030185843969356e-27
-4.220501474926250385e-01 2.427926974154040429e-25
-4.184365781710912557e-01 1.790863537610275654e-23
-4.148230088495572510e-01 9.803120176372071798e-22
-4.112094395280232462e-01 4.047403644239123203e-20
-4.075958702064894634e-01 1.280242315032675861e-18
-4.039823008849554586e-01 3.149814958439102392e-17
-4.003687315634216759e-01 6.116844624356040980e-16
-3.967551622418876711e-01 9.510496836158956576e-15
-3.931415929203536663e-01 1.200370590856190672e-13
-3.895280235988198836e-01 1.246490693348731241e-12
-3.859144542772858788e-01 1.078872325400278066e-11
-3.823008849557518740e-01 7.881691298083417407e-11
-3.786873156342180913e-01 4.919320584401110222e-10
-3.750737463126840865e-01 2.653943672337868889e-09
-3.714601769911500817e-01 1.251493956083845623e-08
-3.678466076696162990e-01 5.213620458964262687e-08
-3.642330383480822942e-01 1.938249012271676869e-07
-3.606194690265485114e-01 6.492005004626396321e-07
-3.570058997050145067e-01 1.976668251654878639e-06
-3.533923303834805019e-01 5.517011371034574751e-06
-3.497787610619467191e-01 1.422527128479885668e-05
-3.461651917404127143e-01 3.412866440707651168e-05
-3.425516224188787096e-01 7.669103685867527951e-05
-3.389380530973449268e-01 1.623894192147855590e-04
-3.353244837758109220e-01 3.257965002055776917e-04
-3.317109144542771393e-01 6.224099314072389704e-04
-3.280973451327431345e-01 1.137377544090584832e-03
-3.244837758112091297e-01 1.996142601846440535e-03
-3.208702064896753470e-01 3.376880241608261248e-03
-3.172566371681413422e-01 5.524416468252621448e-03
-3.136430678466073374e-01 8.765111365720565720e-03
-3.100294985250735547e-01 1.352194453375228297e-02
-3.064159292035395499e-01 2.032876483333324533e-02
-3.028023598820055451e-01 2.984237376585081175e-02
-2.991887905604717623e-01 4.285083772221459641e-02
-2.955752212389377576e-01 6.027622552730568795e-02
-2.919616519174039748e-01 8.316991514888931458e-02
-2.883480825958699700e-01 1.126987777919478129e-01
-2.847345132743359652e-01 1.501209794222465588e-01
-2.811209439528021825e-01 1.967508501013278399e-01
-2.775073746312681777e-01 2.539132190827812496e-01
-2.738938053097341729e-01 3.228887035363861013e-01
-2.702802359882003902e-01 4.048525345771106787e-01
-2.666666666666663854e-01 5.008104510626918415e-01
-2.630530973451323806e-01 6.115358447649581475e-01
-2.594395280235985979e-01 7.375125931099588694e-01
-2.558259587020645931e-01 8.788878182142254580e-01
-2.522123893805308104e-01 1.035438179199908992e+00
-2.485988200589968056e-01 1.206552315004727260e+00
-2.449852507374628008e-01 1.391230828467413305e+00
-2.413716814159290180e-01 1.588103884068457816e+00
-2.377581120943950133e-01 1.795465226140716686e+00
-2.341445427728610085e-01 2.011320336552232302e+00
-2.305309734513272257e-01 2.233445630897378020e+00
-2.269174041297932209e-01 2.459455090021147594e+00
-2.233038348082592162e-01 2.686870547498909190e+00
-2.196902654867254334e-01 2.913191972561613774e+00
-2.160766961651914286e-01 3.135964470138227433e+00
-2.124631268436576459e-01 3.352839241866009345e+00
-2.088495575221236411e-01 3.561626439582018744e+00
-2.052359882005896363e-01 3.760338510194256578e+00
-2.016224188790558536e-01 3.947223317201415060e+00
-1.980088495575218488e-01 4.120786928614804445e+00
-1.943952802359878440e-01 4.279806474287237705e+00
-1.907817109144540613e-01 4.423333876783654972e+00
-1.871681415929200565e-01 4.550691545328778176e+00
-1.835545722713860517e-01 4.661461297508822987e+00
-1.799410029498522690e-01 4.755467850484792258e+00
-1.763274336283182642e-01 4.832758218720755394e+00
-1.727138643067844814e-01 4.893578286598645910e+00
-1.691002949852504766e-01 4.938347709647826989e+00
-1.654867256637164719e-01 4.967634153928567997e+00
-1.618731563421826891e-01 4.982127723645088047e+00
-1.582595870206486843e-01 4.982616263970965242e+00
-1.546460176991146795e-01 4.969962068305072478e+00
-1.510324483775808968e-01 4.945080373133722063e+00
-1.474188790560468920e-01 4.908919893484708474e+00
-1.438053097345131093e-01 4.862445539850490661e+00
-1.401917404129791045e-01 4.806623364142676991e+00
-1.365781710914450997e-01 4.742407707300487552e+00
-1.329646017699113170e-01 4.670730463391214116e+00
-1.293510324483773122e-01 4.592492332686110679e+00
-1.257374631268433074e-01 4.508555907271110108e+00
-1.221238938053095247e-01 4.419740415167510150e+00
-1.185103244837755199e-01 4.326817940643552518e+00
-1.148967551622415151e-01 4.230510937477265365e+00
-1.112831858407077323e-01 4.131490856543766022e+00
-1.076696165191737276e-01 4.030377718709848622e+00
-1.040560471976399448e-01 3.927740473438064317e+00
-1.004424778761059400e-01 3.824098000805918662e+00
-9.682890855457193524e-02 3.719920625215266341e+00
-9.321533923303815250e-02 3.615632026051530001e+00
-8.960176991150414771e-02 3.511611444193317055e+00
-8.598820058997014293e-02 3.408196097260957291e+00
-8.237463126843636019e-02 3.305683728871438909e+00
-7.876106194690235540e-02 3.204335230714578486e+00
-7.514749262536835062e-02 3.104377284264749459e+00
-7.153392330383456788e-02 3.006004981367276674e+00
-6.792035398230056309e-02 2.909384389743548294e+00
-6.430678466076678035e-02 2.814655037433660745e+00
-6.069321533923277556e-02 2.721932296496976544e+00
-5.707964601769877078e-02 2.631309651732002042e+00
-5.346607669616498804e-02 2.542860844758568550e+00
-4.985250737463098325e-02 2.456641887618348008e+00
-4.623893805309697846e-02 2.372692943180183089e+00
-4.262536873156319572e-02 2.291040072169276964e+00
-3.901179941002919094e-02 2.211696848653081915e+00
-3.539823008849518615e-02 2.134665847384362269e+00
-3.178466076696140341e-02 2.059940007590365330e+00
-2.817109144542739863e-02 1.987503878665274559e+00
-2.455752212389361588e-02 1.917334753825522098e+00
-2.094395280235961110e-02 1.849403698168847754e+00
-1.733038348082560631e-02 1.783676477780885339e+00
-1.371681415929182357e-02 1.720114396591075456e+00
-1.010324483775781879e-02 1.658675047623620502e+00
-6.489675516223814000e-03 1.599312985144783816e+00
-2.876106194690031259e-03 1.541980323995462809e+00
7.374631268439735265e-04 1.486627240865183053e+00
4.351032448377978312e-03 1.433196513321398413e+00
7.964601769911761053e-03 1.381618658339045291e+00
1.157817109144576584e-02 1.331825622635758988e+00
1.519174041297954858e-02 1.283752516432413282e+00
1.880530973451355337e-02 1.237337408553964568e+00
2.241887905604755815e-02 1.192521138110637091e+00
2.603244837758134089e-02 1.149247141266694250e+00
2.964601769911534568e-02 1.107461291748348176e+00
3.325958702064935046e-02 1.067111753872077573e+00
3.687315634218313321e-02 1.028148846990356136e+00
4.048672566371713799e-02 9.905249203563447624e-01
4.410029498525114278e-02 9.541942375025632694e-01
4.771386430678492552e-02 9.191128693127871285e-01
5.132743362831893030e-02 8.852385950426533423e-01
5.494100294985271304e-02 8.525308106123736795e-01
5.855457227138671783e-02 8.209504435569816572e-01
6.216814159292072262e-02 7.904598740750996555e-01
6.578171091445450536e-02 7.610228616676366631e-01
6.939528023598851014e-02 7.326044769031369031e-01
7.300884955752251493e-02 7.051710378879625374e-01
7.662241887905629767e-02 6.786900510565161415e-01
8.023598820059030245e-02 6.531301559307118865e-01
8.384955752212408520e-02 6.284610735284744676e-01
8.746312684365808998e-02 6.046535581288072780e-01
9.107669616519209477e-02 5.816793521264304045e-01
9.469026548672587751e-02 5.595111437316849790e-01
9.830383480825988229e-02 5.381225272925264091e-01
1.019174041297938871e-01 5.174879660343100207e-01
1.055309734513278919e-01 4.975827570303075764e-01
1.091445427728614526e-01 4.783829982318203999e-01
1.127581120943954573e-01 4.598655574009443137e-01
1.163716814159294621e-01 4.420080428022777896e-01
1.199852507374634669e-01 4.247887755217039096e-01
1.235988200589974717e-01 4.081867632913450672e-01
1.272123893805314765e-01 3.921816757097725814e-01
1.308259587020650372e-01 3.767538207556146990e-01
1.344395280235990420e-01 3.618841225010312468e-01
1.380530973451330468e-01 3.475540999392204289e-01
1.416666666666670515e-01 3.337458468469418627e-01
1.452802359882010563e-01 3.204420126095961496e-01
1.488938053097346170e-01 3.076257839420942775e-01
1.525073746312686218e-01 2.952808674441914083e-01
1.561209439528026266e-01 2.833914729338310456e-01
1.597345132743366314e-01 2.719422975065507453e-01
1.633480825958706362e-01 2.609185102731270689e-01
1.669616519174046410e-01 2.503057377314072962e-01
1.705752212389382017e-01 2.400900497317811910e-01
1.741887905604722064e-01 2.302579459988895738e-01
1.778023598820062112e-01 2.207963431751254479e-01
1.814159292035402160e-01 2.116925623541723311e-01
1.850294985250742208e-01 2.029343170752530290e-01
1.886430678466077815e-01 1.945097017510918624e-01
1.922566371681417863e-01 1.864071805046141062e-01
1.958702064896757911e-01 1.786155763913844230e-01
1.994837758112097958e-01 1.711240609864740914e-01
2.030973451327438006e-01 1.639221443161511804e-01
2.067109144542778054e-01 1.569996651161795764e-01
2.103244837758113661e-01 1.503467813999795066e-01
2.139380530973453709e-01 1.439539613210673030e-01
2.175516224188793757e-01 1.378119743154216092e-01
2.211651917404133805e-01 1.319118825104332038e-01
2.247787610619473853e-01 1.262450323881176839e-01
2.283923303834809460e-01 1.208030466911184930e-01
2.320058997050149507e-01 1.155778165609053915e-01
2.356194690265489555e-01 1.105614938982986545e-01
2.392330383480829603e-01 1.057464839371531490e-01
2.428466076696169651e-01 1.011254380226858374e-01
2.464601769911509699e-01 9.669124658651243043e-02
2.500737463126845306e-01 9.243703231100168505e-02
2.536873156342185354e-01 8.835614347606000896e-02
2.573008849557525402e-01 8.444214748189669828e-02
2.609144542772865449e-01 8.068882454175888008e-02
2.645280235988205497e-01 7.709016153901039614e-02
2.681415929203541104e-01 7.364034604325245259e-02
2.717551622418881152e-01 7.033376048055363372e-02
2.753687315634221200e-01 6.716497645311127196e-02
2.789823008849561248e-01 6.412874920397299006e-02
2.825958702064901296e-01 6.122001222266189313e-02
2.862094395280241343e-01 5.843387198781789527e-02
2.898230088495576950e-01 5.576560284314294874e-02
2.934365781710916998e-01 5.321064200314694348e-02
2.970501474926257046e-01 5.076458468536621665e-02
3.006637168141597094e-01 4.842317936588737964e-02
3.042772861356937142e-01 4.618232315514977926e-02
3.078908554572272749e-01 4.403805729114247669e-02
3.115044247787612797e-01 4.198656274723687465e-02
3.151179941002952845e-01 4.002415595200424503e-02
3.187315634218292892e-01 3.814728461847022994e-02
3.223451327433632940e-01 3.635252368036013398e-02
3.259587020648972988e-01 3.463657133297224494e-02
3.295722713864308595e-01 3.299624517639269949e-02
3.331858407079648643e-01 3.142847845884534641e-02
3.367994100294988691e-01 2.993031641803638176e-02
3.404129793510328739e-01 2.849891271840594362e-02
3.440265486725668787e-01 2.713152598227190973e-02
3.476401179941004393e-01 2.582551641288744620e-02
3.512536873156344441e-01 2.457834250749358837e-02
3.548672566371684489e-01 2.338755785848827332e-02
3.584808259587024537e-01 2.225080804087361738e-02
3.620943952802364585e-01 2.116582758418248181e-02
3.657079646017700192e-01 2.013043702712551813e-02
3.693215339233040240e-01 1.914254005322448340e-02
3.729351032448380288e-01 1.820012070573861357e-02
3.765486725663720335e-01 1.730124068021233336e-02
3.801622418879060383e-01 1.644403669300515541e-02
3.837758112094400431e-01 1.562671792418891814e-02
3.873893805309736038e-01 1.484756353322345263e-02
3.910029498525076086e-01 1.410492024584489995e-02
3.946165191740416134e-01 1.339720001062373947e-02
3.982300884955756182e-01 1.272287772367306294e-02
4.018436578171096230e-01 1.208048902000702883e-02
4.054572271386431837e-01 1.146862813007043513e-02
4.090707964601771884e-01 1.088594579998340695e-02
4.126843657817111932e-01 1.033114727405975118e-02
4.162979351032451980e-01 9.802990338182488231e-03
4.199115044247792028e-01 9.300283422634317634e-03
4.235250737463132076e-01 8.821883763002946396e-03
4.271386430678467683e-01 8.366695617799319029e-03
4.307522123893807731e-01 7.933668541443153824e-03
4.343657817109147778e-01 7.521795711292075109e-03
4.379793510324487826e-01 7.130112307406197801e-03
4.415929203539827874e-01 6.757693943759887460e-03
4.452064896755163481e-01 6.403655149630344857e-03
4.488200589970503529e-01 6.067147899911179594e-03
4.524336283185843577e-01 5.747360193117849805e-03
4.560471976401183625e-01 5.443514675869128884e-03
4.596607669616523673e-01 5.154867312649178725e-03
4.632743362831863720e-01 4.880706099671803209e-03
4.668879056047199327e-01 4.620349821687556695e-03
4.705014749262539375e-01 4.373146850593868408e-03
4.741150442477879423e-01 4.138473984725702173e-03
4.777286135693219471e-01 3.915735327724518579e-03
4.813421828908559519e-01 3.704361205901110163e-03
4.849557522123895126e-01 3.503807123027368950e-03
4.885693215339235174e-01 3.313552751511046959e-03
4.921828908554575222e-01 3.133100958926582878e-03
4.957964601769915269e-01 2.961976868893319553e-03
4.994100294985255317e-01 2.799726955312900611e-03
5.030235988200595365e-01 2.645918168995487884e-03
5.066371681415930972e-01 2.500137095723992901e-03
5.102507374631271020e-01 2.361989144824434665e-03
5.138643067846611068e-01 2.231097767329672486e-03
5.174778761061951116e-01 2.107103702842325500e-03
5.210914454277291163e-01 1.989664254222092959e-03
5.247050147492626770e-01 1.878452589240848679e-03
5.283185840707966818e-01 1.773157068368315815e-03
5.319321533923306866e-01 1.673480597869410422e-03
5.355457227138646914e-01 1.579140007412477243e-03
5.391592920353986962e-01 1.489865451406985298e-03
5.427728613569327010e-01 1.405399833306582259e-03
5.463864306784662617e-01 1.325498252132143763e-03
5.500000000000002665e-01 1.249927470487157983e-03
5.536135693215342712e-01 1.178465403355743405e-03
5.572271386430682760e-01 1.110900626991058850e-03
5.608407079646022808e-01 1.047031907219506466e-03
5.644542772861358415e-01 9.866677465033652991e-04
5.680678466076698463e-01 9.296259491213892338e-04
5.716814159292038511e-01 8.757332038440008822e-04
5.752949852507378559e-01 8.248246834961744153e-04
5.789085545722718606e-01 7.767436608175420573e-04
5.825221238938058654e-01 7.313411400454742847e-04
5.861356932153394261e-01 6.884755036628669713e-04
5.897492625368734309e-01 6.480121737678573102e-04
5.933628318584074357e-01 6.098232875385168738e-04
5.969764011799414405e-01 5.737873862801967130e-04
6.005899705014754453e-01 5.397891175588069189e-04
6.042035398230090060e-01 5.077189499373545734e-04
6.078171091445430108e-01 4.774728998478994257e-04
6.114306784660770155e-01 4.489522701450489295e-04
6.150442477876110203e-01 4.220633999008669519e-04
6.186578171091450251e-01 3.967174250149358328e-04
6.222713864306790299e-01 3.728300492263662488e-04
6.258849557522125906e-01 3.503213251276923019e-04
6.294985250737465954e-01 3.291154447933349720e-04
6.331120943952806002e-01 3.091405396478023675e-04
6.367256637168146050e-01 2.903284892109539352e-04
6.403392330383486097e-01 2.726147383695834273e-04
6.439528023598821704e-01 2.559381228362965152e-04
6.475663716814161752e-01 2.402407024678815698e-04
6.511799410029501800e-01 2.254676021265988265e-04
6.547935103244841848e-01 2.115668597785222763e-04
6.584070796460181896e-01 1.984892815336976031e-04
6.620206489675521944e-01 1.861883033430843755e-04
6.656342182890857551e-01 1.746198590772838277e-04
6.692477876106197598e-01 1.637422547218112217e-04
6.728613569321537646e-01 1.535160484331132586e-04
6.764749262536877694e-01 1.439039362087613340e-04
6.800884955752217742e-01 1.348706429342264891e-04
6.837020648967553349e-01 1.263828185773304281e-04
6.873156342182893397e-01 1.184089393099248667e-04
6.909292035398233445e-01 1.109192133445935916e-04
6.945427728613573493e-01 1.038854912820900002e-04
6.981563421828913540e-01 9.728118077299984672e-05
7.017699115044253588e-01 9.108116530459271808e-05
7.053834808259589195e-01 8.526172693110273758e-05
7.089970501474929243e-01 7.980047277271015596e-05
7.126106194690269291e-01 7.467626511532661168e-05
7.162241887905609339e-01 6.986915494987921266e-05
7.198377581120949387e-01 6.536031879618163011e-05
7.234513274336284994e-01 6.113199866266324774e-05
7.270648967551625041e-01 5.716744499919961550e-05
7.306784660766965089e-01 5.345086250606900552e-05
7.342920353982305137e-01 4.996735866763967382e-05
7.379056047197645185e-01 4.670289488477819223e-05
7.415191740412985233e-01 4.364424008519290086e-05
7.451327433628320840e-01 4.077892669593327543e-05
7.487463126843660888e-01 3.809520886711426476e-05
7.523598820059000936e-01 3.558202284063513056e-05
7.559734513274340983e-01 3.322894936212823205e-05
7.595870206489681031e-01 3.102617803875897169e-05
7.632005899705016638e-01 2.896447354965618956e-05
7.668141592920356686e-01 2.703514361979550082e-05
7.704277286135696734e-01 2.523000867203743035e-05
7.740412979351036782e-01 2.354137307575179710e-05
7.776548672566376830e-01 2.196199791406242444e-05
7.812684365781712437e-01 2.048507519519135965e-05
7.848820058997052485e-01 1.910420343671353902e-05
7.884955752212392532e-01 1.781336455472246611e-05
7.921091445427732580e-01 1.660690199297182610e-05
7.957227138643072628e-01 1.547950003000975368e-05
7.993362831858412676e-01 1.442616420515172447e-05
8.029498525073748283e-01 1.344220280684680429e-05
8.065634218289088331e-01 1.252320936960610142e-05
8.101769911504428379e-01 1.166504612815485854e-05
8.137905604719768426e-01 1.086382837986883282e-05
8.174041297935108474e-01 1.011590970885130121e-05
8.210176991150444081e-01 9.417868027209035266e-06
8.246312684365784129e-01 8.766492391194324475e-06
8.282448377581124177e-01 8.158770551897135933e-06
8.318584070796464225e-01 7.591877202107871544e-06
8.354719764011804273e-01 7.063162882818250997e-06
8.390855457227144321e-01 6.570143514599758702e-06
8.426991150442479928e-01 6.110490520791674797e-06
8.463126843657819975e-01 5.682021511048549999e-06
8.499262536873160023e-01 5.282691495346236160e-06
8.535398230088500071e-01 4.910584600021435102e-06
8.571533923303840119e-01 4.563906258834817972e-06
8.607669616519175726e-01 4.240975853395360358e-06
8.643805309734515774e-01 3.940219778571555330e-06
8.679941002949855822e-01 3.660164909744053428e-06
8.716076696165195870e-01 3.399432449928110819e-06
8.752212389380535917e-01 3.156732135911598444e-06
8.788348082595875965e-01 2.930856783621844796e-06
8.824483775811211572e-01 2.720677153951782206e-06
8.860619469026551620e-01 2.525137121244145869e-06
8.896755162241891668e-01 2.343249127557188310e-06
8.932890855457231716e-01 2.174089906713350063e-06
8.969026548672571764e-01 2.016796462971574727e-06
9.005162241887907371e-01 1.870562289959622083e-06
9.041297935103247418e-01 1.734633816262514927e-06
9.077433628318587466e-01 1.608307064784927562e-06
9.113569321533927514e-01 1.490924513691299665e-06
9.149705014749267562e-01 1.381872147381188469e-06
9.185840707964607610e-01 1.280576686577246805e-06
9.221976401179943217e-01 1.186502987193521114e-06
9.258112094395283265e-01 1.099151598211580537e-06
9.294247787610623313e-01 1.018056469324736340e-06
9.330383480825963360e-01 9.427827996155107495e-07
9.366519174041303408e-01 8.729250190115120835e-07
9.402654867256639015e-01 8.081048947200229061e-07
9.438790560471979063e-01 7.479697552736264280e-07
9.474926253687319111e-01 6.921908252289831626e-07
9.511061946902659159e-01 6.404616639491015851e-07
9.547197640117999207e-01 5.924967022681871938e-07
9.583333333333339255e-01 5.480298711868505180e-07
9.619469026548674861e-01 5.068133170764315798e-07
9.655604719764014909e-01 4.686161981843888511e-07
9.691740412979354957e-01 4.332235575295158142e-07
9.727876106194695005e-01 4.004352675564087311e-07
9.764011799410035053e-01 3.700650421847675242e-07
9.800147492625370660e-01 3.419395121404708123e-07
9.836283185840710708e-01 3.158973596934439222e-07
9.872418879056050756e-01 2.917885091524294407e-07
9.908554572271390803e-01 2.694733696795480990e-07
9.944690265486730851e-01 2.488221271887032841e-07
9.980825958702070899e-01 2.297140822820572014e-07
1.001696165191740651e+00 2.120370313583413528e-07
1.005309734513274655e+00 1.956866881964401526e-07
1.008923303834808660e+00 1.805661434779218958e-07
1.012536873156342665e+00 1.665853598633563949e-07
1.016150442477876670e+00 1.536607003800486343e-07
1.019764011799410230e+00 1.417144880135081813e-07
1.023377581120944235e+00 1.306745945219758548e-07
1.026991150442478240e+00 1.204740566132329431e-07
1.030604719764012245e+00 1.110507177357973765e-07
1.034218289085546250e+00 1.023468938431974684e-07
1.037831858407080254e+00 9.430906159032711610e-08
1.041445427728613815e+00 8.688756751544523187e-08
1.045058997050147820e+00 8.003635685045490458e-08
1.048672566371681825e+00 7.371272068597551834e-08
1.052286135693215829e+00 6.787706029664591889e-08
1.055899705014749834e+00 6.249266750647839985e-08
1.059513274336283395e+00 5.752552004394294526e-08
1.063126843657817400e+00 5.294409090230879841e-08
1.066740412979351404e+00 4.871917078263282941e-08
1.070353982300885409e+00 4.482370275495080693e-08
1.073967551622419414e+00 4.123262832795046102e-08
1.077581120943953419e+00 3.792274416879884261e-08
1.081194690265486980e+00 3.487256876310376645e-08
1.084808259587020984e+00 3.206221835035897533e-08
1.088421828908554989e+00 2.947329151285259725e-08
1.092035398230088994e+00 2.708876183600788219e-08
1.095648967551622999e+00 2.489287809570840747e-08
1.099262536873156559e+00 2.287107146339962504e-08
1.102876106194690564e+00 2.100986925282526487e-08
1.106489675516224569e+00 1.929681476330257338e-08
1.110103244837758574e+00 1.772039280350963337e-08
1.113716814159292579e+00 1.626996050705975004e-08
1.117330383480826583e+00 1.493568307669620665e-08
1.120943952802360144e+00 1.370847411790659081e-08
1.124557522123894149e+00 1.257994024521381134e-08
1.128171091445428154e+00 1.154232966542645694e-08
1.131784660766962158e+00 1.058848446182751477e-08
1.135398230088496163e+00 9.711796321724334553e-09
1.139011799410029724e+00 8.906165467040507362e-09
1.142625368731563729e+00 8.165962563784927459e-09
1.146238938053097733e+00 7.485993401347868850e-09
1.149852507374631738e+00 6.861466146707818575e-09
1.153466076696165743e+00 6.287960991857670570e-09
1.157079646017699748e+00 5.761402025115549483e-09
1.160693215339233308e+00 5.278031168542393467e-09
1.164306784660767313e+00 4.834384034485607699e-09
1.167920353982301318e+00 4.427267564355296634e-09
1.171533923303835323e+00 4.053739322164918992e-09
1.175147492625369328e+00 3.711088324167065660e-09
1.178761061946902888e+00 3.396817294133925259e-09
1.182374631268436893e+00 3.108626241499471291e-09
1.185988200589970898e+00 2.844397266741307769e-09
1.189601769911504903e+00 2.602180505056071967e-09
1.193215339233038907e+00 2.380181125613982142e-09
1.196828908554572468e+00 2.176747309488008873e-09
1.200442477876106473e+00 1.990359134769599298e-09
1.204056047197640478e+00 1.819618302434187035e-09
1.207669616519174483e+00 1.663238641224591967e-09
1.211283185840708487e+00 1.520037334207258301e-09
1.214896755162242492e+00 1.388926813740011048e-09
1.218510324483776053e+00 1.268907275395717699e-09
1.222123893805310058e+00 1.159059764928114711e-09
1.225737463126844062e+00 1.058539795664559762e-09
1.229351032448378067e+00 9.665714567794126028e-10
1.232964601769912072e+00 8.824419757583148422e-10
1.236578171091445633e+00 8.054967010205268868e-10
1.240191740412979637e+00 7.351344731376669609e-10
1.243805309734513642e+00 6.708033553857192352e-10
1.247418879056047647e+00 6.119966965029293915e-10
1.251032448377581652e+00 5.582495005128820234e-10
1.254646017699115657e+00 5.091350803164968435e-10
1.258259587020649217e+00 4.642619734718424100e-10
1.261873156342183222e+00 4.232711001725955429e-10
1.265486725663717227e+00 3.858331449152117642e-10
1.269100294985251232e+00 3.516461447176432029e-10
1.272713864306785236e+00 3.204332680270793066e-10
1.276327433628318797e+00 2.919407696369552313e-10
1.279941002949852802e+00 2.659361080308654339e-10
1.283554572271386807e+00 2.422062125892305746e-10
1.287168141592920811e+00 2.205558890383857661e-10
1.290781710914454816e+00 2.008063523975633362e-10
1.294395280235988821e+00 1.827938774905291717e-10
1.298008849557522382e+00 1.663685578409481586e-10
1.301622418879056386e+00 1.513931644674961912e-10
1.305235988200590391e+00 1.377420967403983050e-10
1.308849557522124396e+00 1.253004180591780183e-10
1.312463126843658401e+00 1.139629696651930202e-10
1.316076696165191962e+00 1.036335564152501664e-10
1.319690265486725966e+00 9.422419881721960545e-11
1.323303834808259971e+00 8.565444606773340388e-11
1.326917404129793976e+00 7.785074523840714463e-11
1.330530973451327981e+00 7.074586213293387340e-11
1.334144542772861985e+00 6.427834968499923194e-11
1.337758112094395546e+00 5.839206008840997334e-11
1.341371681415929551e+00 5.303569714793024977e-11
1.344985250737463556e+00 4.816240561398234204e-11
1.348598820058997561e+00 4.372939451806302985e-11
1.352212389380531565e+00 3.969759176020614545e-11
1.355825958702065126e+00 3.603132741630232858e-11
1.359439528023599131e+00 3.269804343305898629e-11
1.363053097345133136e+00 2.966802756295974214e-11
1.366666666666667140e+00 2.691416956198975231e-11
1.370280235988201145e+00 2.441173783011721099e-11
1.373893805309735150e+00 2.213817481962437890e-11
1.377507374631268711e+00 2.007290967019130360e-11
1.381120943952802715e+00 1.819718665307583114e-11
1.384734513274336720e+00 1.649390812053289761e-11
1.388348082595870725e+00 1.494749076153210113e-11
1.391961651917404730e+00 1.354373406152910565e-11
1.395575221238938290e+00 1.226969995315384872e-11
1.399188790560472295e+00 1.111360272676356581e-11
1.402802359882006300e+00 1.006470834542567757e-11
1.406415929203540305e+00 9.113242378522438585e-12
1.410029498525074310e+00 8.250305832283344907e-12
1.413643067846608314e+00 7.467798214562902342e-12
1.417256637168141875e+00 6.758347225489786433e-12
1.420870206489675880e+00 6.115244515590748123e-12
1.424483775811209885e+00 5.532386998962433493e-12
1.428097345132743889e+00 5.004223251343548630e-12
1.431710914454277894e+00 4.525704561823347882e-12
1.435324483775811455e+00 4.092240242666144474e-12
1.438938053097345460e+00 3.699656834583411447e-12
1.442551622418879465e+00 3.344160874982866153e-12
1.446165191740413469e+00 3.022304924459297895e-12
1.449778761061947474e+00 2.730956572277391508e-12
1.453392330383481479e+00 2.467270164997654028e-12
1.457005899705015040e+00 2.228661023885898083e-12
1.460619469026549044e+00 2.012781936471624808e-12
1.464233038348083049e+00 1.817501725729422714e-12
1.467846607669617054e+00 1.640885716968377402e-12
1.471460176991151059e+00 1.481177937759395415e-12
1.475073746312684619e+00 1.336784900211601612e-12
1.478687315634218624e+00 1.206260827730094287e-12
1.482300884955752629e+00 1.088294200144205492e-12
1.485914454277286634e+00 9.816955018719864410e-13
1.489528023598820639e+00 8.853860676633408257e-13
1.493141592920354643e+00 7.983879295145903332e-13
1.496755162241888204e+00 7.198145766384216960e-13
1.500368731563422209e+00 6.488625479670482269e-13
1.503982300884956214e+00 5.848037836211647772e-13
1.507595870206490218e+00 5.269786681438217928e-13
1.511209439528024223e+00 4.747897041268173722e-13
1.514823008849557784e+00 4.276957601910019217e-13
1.518436578171091789e+00 3.852068421623690637e-13
1.522050147492625793e+00 3.468793407504531230e-13
1.525663716814159798e+00 3.123117131189905899e-13
1.529277286135693803e+00 2.811405594730371810e-13
1.532890855457227808e+00 2.530370592003691864e-13
1.536504424778761368e+00 2.277037342257163804e-13
1.540117994100295373e+00 2.048715100879118283e-13
1.543731563421829378e+00 1.842970478558020160e-13
1.547345132743363383e+00 1.657603223788145636e-13
1.550958702064897388e+00 1.490624245420907654e-13
1.554572271386430948e+00 1.340235671811059431e-13
1.558185840707964953e+00 1.204812761229244766e-13
1.561799410029498958e+00 1.082887494753991135e-13
1.565412979351032963e+00 9.731336979513199288e-14
1.569026548672566967e+00 8.743535514235453304e-14
1.572640117994100972e+00 7.854653628716173608e-14
1.576253687315634533e+00 7.054924847746519052e-14
1.579867256637168538e+00 6.335532722377603070e-14
1.583480825958702543e+00 5.688519850845462085e-14
1.587094395280236547e+00 5.106705469527277364e-14
1.590707964601770552e+00 4.583610820625822009e-14
1.594321533923304113e+00 4.113391575364594552e-14
1.597935103244838118e+00 3.690776657136923575e-14
1.601548672566372122e+00 3.311012868852262536e-14
1.605162241887906127e+00 2.969814783176168062e-14
1.608775811209440132e+00 2.663319403928807991e-14
1.612389380530973693e+00 2.388045152026094165e-14
1.616002949852507697e+00 2.140854770408824638e-14
1.619616519174041702e+00 1.918921779755086165e-14
1.623230088495575707e+00 1.719700150757108831e-14
1.626843657817109712e+00 1.540896889642196379e-14
1.630457227138643717e+00 1.380447261720919903e-14
1.634070796460177277e+00 1.236492403288571219e-14
1.637684365781711282e+00 1.107359095424181629e-14
1.641297935103245287e+00 9.915414943322176301e-15
1.644911504424779292e+00 8.876846320398469955e-15
1.648525073746313296e+00 7.945695186762816775e-15
1.652138643067846857e+00 7.110996933750951110e-15
1.655752212389380862e+00 6.362890851993853219e-15
1.659365781710914867e+00 5.692510585255873122e-15
1.662979351032448871e+00 5.091885291532978462e-15
1.666592920353982876e+00 4.553850481457405874e-15
1.670206489675516881e+00 4.071967601464776076e-15
1.673820058997050442e+00 3.640451517545531023e-15
1.677433628318584447e+00 3.254105135542292594e-15
1.681047197640118451e+00 2.908260466618920035e-15
1.684660766961652456e+00 2.598725512402332261e-15
1.688274336283186461e+00 2.321736404010653638e-15
1.691887905604720022e+00 2.073914283281143703e-15
1.695501474926254026e+00 1.852226463543371070e-15
1.699115044247788031e+00 1.653951451682939013e-15
1.702728613569322036e+00 1.476647453463112892e-15
1.706342182890856041e+00 1.318124020486049227e-15
1.709955752212390045e+00 1.176416530144575847e-15
1.713569321533923606e+00 1.049763219755599783e-15
1.717182890855457611e+00 9.365845230697842725e-16
1.720796460176991616e+00 8.354644817848574097e-16
1.724410029498525621e+00 7.451340267908906697e-16
1.728023598820059625e+00 6.644559438651443999e-16
1.731637168141593186e+00 5.924113566075394203e-16
1.735250737463127191e+00 5.280875757489437655e-16
1.738864306784661196e+00 4.706671787343337442e-16
1.742477876106195200e+00 4.194181968288345767e-16
1.746091445427729205e+00 3.736852990563285166e-16
1.749705014749263210e+00 3.328818731724079327e-16
1.753318584070796771e+00 2.964829137141779798e-16
1.756932153392330775e+00 2.640186360529267664e-16
1.760545722713864780e+00 2.350687433977207236e-16
1.764159292035398785e+00 2.092572809374568531e-16
1.767772861356932790e+00 1.862480178437318967e-16
1.771386430678466350e+00 1.657403037517196199e-16
1.775000000000000355e+00 1.474653516551272407e-16
1.778613569321534360e+00 1.311829039479361845e-16
1.782227138643068365e+00 1.166782426711302099e-16
1.785840707964602370e+00 1.037595089227633718e-16
1.789454277286136374e+00 9.225529990461560099e-17
1.793067846607669935e+00 8.201251524707678587e-17
1.796681415929203940e+00 7.289442710845868020e-17
1.800294985250737945e+00 6.477895111643248099e-17
1.803908554572271949e+00 5.755709753579051817e-17
1.807522123893805954e+00 5.113158413233197310e-17
1.811135693215339515e+00 4.541559408092606972e-17
1.814749262536873520e+00 4.033166395612770563e-17
1.818362831858407525e+00 3.581068836528293554e-17
1.821976401179941529e+00 3.179102915307788499e-17
1.825589970501475534e+00 2.821771833815206269e-17
1.829203539823009539e+00 2.504174505021086352e-17
1.832817109144543100e+00 2.221941773239747101e-17
1.836430678466077104e+00 1.971179376939624204e-17
1.840044247787611109e+00 1.748416950706891171e-17
1.843657817109145114e+00 1.550562435309415579e-17
1.847271386430679119e+00 1.374861329849275843e-17
1.850884955752212679e+00 1.218860278418488192e-17
1.854498525073746684e+00 1.080374536158140180e-17
1.858112094395280689e+00 9.574589067549813277e-18
1.861725663716814694e+00 8.483817857333061563e-18
1.865339233038348699e+00 7.516019818943233647e-18
1.868952802359882703e+00 6.657480233556350263e-18
1.872566371681416264e+00 5.895996852481348243e-18
1.876179941002950269e+00 5.220715035820734531e-18
1.879793510324484274e+00 4.621980644267084980e-18
1.883407079646018278e+00 4.091208796342446047e-18
1.887020648967552283e+00 3.620766801487172188e-18
1.890634218289085844e+00 3.203869756970723251e-18
1.894247787610619849e+00 2.834487455768067681e-18
1.897861356932153853e+00 2.507261395184830423e-18
1.901474926253687858e+00 2.217430803831434312e-18
1.905088495575221863e+00 1.960766719029427995e-18
1.908702064896755868e+00 1.733513249290426110e-18
1.912315634218289429e+00 1.532335248323965489e-18
1.915929203539823433e+00 1.354271709258818744e-18
1.919542772861357438e+00 1.196694261342622727e-18
1.923156342182891443e+00 1.057270217259535140e-18
1.926769911504425448e+00 9.339296781298376999e-19
1.930383480825959008e+00 8.248362559859001000e-19
1.933997050147493013e+00 7.283610206735907708e-19
1.937610619469027018e+00 6.430593203012617713e-19
1.941224188790561023e+00 5.676501620675331214e-19
1.944837758112095027e+00 5.009978740025487956e-19
1.948451327433629032e+00 4.420957982875627703e-19
1.952064896755162593e+00 3.900517937355590377e-19
1.955678466076696598e+00 3.440753490682186641e-19
1.959292035398230603e+00 3.034661301085998460e-19
1.962905604719764607e+00 2.676038031943915470e-19
1.966519174041298612e+00 2.359389942501390985e-19
1.970132743362832173e+00 2.079852582499429268e-19
1.973746312684366178e+00 1.833119474537988908e-19
1.977359882005900182e+00 1.615378789831294839e-19
1.980973451327434187e+00 1.423257131696170638e-19
1.984587020648968192e+00 1.253769638084754294e-19
1.988200589970502197e+00 1.104275700937061647e-19
1.991814159292035757e+00 9.724396772526420510e-20
1.995427728613569762e+00 8.561960355217887669e-20
1.999041297935103767e+00 7.537184424408846662e-20
2.002654867256637772e+00 6.633923494484361766e-20
2.006268436578171777e+00 5.837906872829733797e-20
2.009882005899705337e+00 5.136523201129535500e-20
2.013495575221239342e+00 4.518629494043721812e-20
2.017109144542773347e+00 3.974381920750875357e-20
2.020722713864307352e+00 3.495085881021329238e-20
2.024336283185841356e+00 3.073063200009014493e-20
2.027949852507374917e+00 2.701534508514955768e-20
2.031563421828908922e+00 2.374515091304742355e-20
2.035176991150442927e+00 2.086722678107982707e-20
2.038790560471976931e+00 1.833495822722484284e-20
2.042404129793510936e+00 1.610721667564829912e-20
2.046017699115044941e+00 1.414772026072214481e-20
2.049631268436578502e+00 1.242446835450475716e-20
2.053244837758112507e+00 1.090924138983440781e-20
2.056858407079646511e+00 9.577158519724165349e-21
2.060471976401180516e+00 8.406286496441503473e-21
2.064085545722714521e+00 7.377293902256392755e-21
2.067699115044248082e+00 6.473145528722392224e-21
2.071312684365782086e+00 5.678832291780636470e-21
2.074926253687316091e+00 4.981132594107916725e-21
2.078539823008850096e+00 4.368401511474952282e-21
2.082153392330384101e+00 3.830384592756880910e-21
2.085766961651918106e+00 3.358053429684185640e-21
2.089380530973451666e+00 2.943460477451764511e-21
2.092994100294985671e+00 2.579610895638008634e-21
2.096607669616519676e+00 2.260349434553397554e-21
2.100221238938053236e+00 1.980260618854582586e-21
2.103834808259587685e+00 1.734580681217341191e-21
2.107448377581121246e+00 1.519119876975538682e-21
2.111061946902655695e+00 1.330193968486489889e-21
2.114675516224189256e+00 1.164563807808068421e-21
2.118289085545722816e+00 1.019382070153626905e-21
2.121902654867257265e+00 8.921463002968632616e-22
2.125516224188790826e+00 7.806575312393090528e-22
2.129129793510325275e+00 6.829838204542794845e-22
2.132743362831858835e+00 5.974281251466163498e-22
2.136356932153393284e+00 5.225000053288299516e-22
2.139970501474926845e+00 4.568907031294894484e-22
2.143584070796460406e+00 3.994511994707197790e-22
2.147197640117994855e+00 3.491728958982652006e-22
2.150811209439528415e+00 3.051706105855416052e-22
2.154424778761062864e+00 2.666676140004706130e-22
2.158038348082596425e+00 2.329824619566246741e-22
2.161651917404129986e+00 2.035174122589505771e-22
2.165265486725664434e+00 1.777482363284164198e-22
2.168879056047197995e+00 1.552152594292509929e-22
2.172492625368732444e+00 1.355154827688759738e-22
2.176106194690266005e+00 1.182956580892919100e-22
2.179719764011799565e+00 1.032462006879683638e-22
2.183333333333334014e+00 9.009584033042943883e-23
2.186946902654867575e+00 7.860692145384755712e-23
2.190560471976402024e+00 6.857127459434529657e-23
2.194174041297935585e+00 5.980659026599436145e-23
2.197787610619469145e+00 5.215323471786371720e-23
2.201401179941003594e+00 4.547145422717081029e-23
2.205014749262537155e+00 3.963892096348629783e-23
2.208628318584071604e+00 3.454857908086761882e-23
2.212241887905605164e+00 3.010675465082041786e-23
2.215855457227138725e+00 2.623149741659698015e-23
2.219469026548673174e+00 2.285112619813322019e-23
2.223082595870206735e+00 1.990295316731793822e-23
2.226696165191741184e+00 1.733216520007707485e-23
2.230309734513274744e+00 1.509084314179088288e-23
2.233923303834809193e+00 1.313710213846478557e-23
2.237536873156342754e+00 1.143433822474556358e-23
2.241150442477876314e+00 9.950568154337941959e-24
2.244764011799410763e+00 8.657851037500351895e-24
2.248377581120944324e+00 7.531781739530907686e-24
2.251991150442478773e+00 6.551047216524427958e-24
2.255604719764012334e+00 5.697038039409219759e-24
2.259218289085545894e+00 4.953508302661841210e-24
2.262831858407080343e+00 4.306277945024288317e-24
2.266445427728613904e+00 3.742972240093142665e-24
2.270058997050148353e+00 3.252793856626179899e-24
2.273672566371681913e+00 2.826323452528111308e-24
2.277286135693215474e+00 2.455345262088407726e-24
2.280899705014749923e+00 2.132694571314151020e-24
2.284513274336283484e+00 1.852124358534929016e-24
2.288126843657817933e+00 1.608188713076195763e-24
2.291740412979351493e+00 1.396140939504437679e-24
2.295353982300885054e+00 1.211844513546471214e-24
2.298967551622419503e+00 1.051695282774124269e-24
2.302581120943953064e+00 9.125535042615808527e-25
2.306194690265487512e+00 7.916844861097615790e-25
2.309808259587021073e+00 6.867067529415244532e-25
2.313421828908555522e+00 5.955467898113840572e-25
2.317035398230089083e+00 5.163995367597193468e-25
2.320648967551622643e+00 4.476939094868463670e-25
2.324262536873157092e+00 3.880627121073752990e-25
2.327876106194690653e+00 3.363163872291367869e-25
2.331489675516225102e+00 2.914201180635929240e-25
2.335103244837758663e+00 2.524738581156627414e-25
2.338716814159292223e+00 2.186949172822029629e-25
2.342330383480826672e+00 1.894027798414970648e-25
2.345943952802360233e+00 1.640058706582816362e-25
2.349557522123894682e+00 1.419900216740291267e-25
2.353171091445428242e+00 1.229084220359163850e-25
2.356784660766961803e+00 1.063728625861973351e-25
2.360398230088496252e+00 9.204610937711286558e-26
2.364011799410029813e+00 7.963526181669378559e-26
2.367625368731564262e+00 6.888596936153349895e-26
2.371238938053097822e+00 5.957739668276104997e-26
2.374852507374631383e+00 5.151784122504889010e-26
2.378466076696165832e+00 4.454091930939210283e-26
2.382079646017699393e+00 3.850224761678100585e-26
2.385693215339233841e+00 3.327655622730007326e-26
2.389306784660767402e+00 2.875517754364013847e-26
2.392920353982301851e+00 2.484386255072222020e-26
2.396533923303835412e+00 2.146088208183774789e-26
2.400147492625368972e+00 1.853537619014300118e-26
2.403761061946903421e+00 1.600591946373358858e-26
2.407374631268436982e+00 1.381927425683619262e-26
2.410988200589971431e+00 1.192930741824076624e-26
2.414601769911504991e+00 1.029604924524336167e-26
2.418215339233038552e+00 8.884876136557382458e-27
2.421828908554573001e+00 7.665800811424685051e-27
2.425442477876106562e+00 6.612856049360276698e-27
2.429056047197641011e+00 5.703559724124783717e-27
2.432669616519174571e+00 4.918450491257296341e-27
2.436283185840708132e+00 4.240684870066215196e-27
2.439896755162242581e+00 3.655687664791512297e-27
2.443510324483776142e+00 3.150848718121134723e-27
2.447123893805310590e+00 2.715259903406482581e-27
2.450737463126844151e+00 2.339487057070130022e-27
2.454351032448377712e+00 2.015372244865152459e-27
2.457964601769912161e+00 1.735862358186363924e-27
2.461578171091445721e+00 1.494860560954662695e-27
2.465191740412980170e+00 1.287097563825030716e-27
2.468805309734513731e+00 1.108020099348480745e-27
2.472418879056048180e+00 9.536943169081869228e-28
2.476032448377581741e+00 8.207221164556053528e-28
2.479646017699115301e+00 7.061687010535698129e-28
2.483259587020649750e+00 6.074998551291583847e-28
2.486873156342183311e+00 5.225276525251435114e-28
2.490486725663717760e+00 4.493634697960782173e-28
2.494100294985251320e+00 3.863773290713213434e-28
2.497713864306784881e+00 3.321627241239077616e-28
2.501327433628319330e+00 2.855061955987094188e-28
2.504941002949852891e+00 2.453610188814315857e-28
2.508554572271387340e+00 2.108244527546920976e-28
2.512168141592920900e+00 1.811180704838747811e-28
2.515781710914454461e+00 1.555707587548751094e-28
2.519395280235988910e+00 1.336040252299575919e-28
2.523008849557522471e+00 1.147193034985104843e-28
2.526622418879056919e+00 9.848698584380232943e-29
2.530235988200590480e+00 8.453695036143719935e-29
2.533849557522124041e+00 7.255038027684983369e-29
2.537463126843658490e+00 6.225270045614782538e-29
2.541076696165192050e+00 5.340747963003745115e-29
2.544690265486726499e+00 4.581116724103543607e-29
2.548303834808260060e+00 3.928855148717884272e-29
2.551917404129794509e+00 3.368884043952144938e-29
2.555530973451328070e+00 2.888228136261038290e-29
2.559144542772861630e+00 2.475724484428877561e-29
2.562758112094396079e+00 2.121771027795641499e-29
2.566371681415929640e+00 1.818109784012834006e-29
2.569985250737464089e+00 1.557639955115937565e-29
2.573598820058997649e+00 1.334256844760733652e-29
2.577212389380531210e+00 1.142713046729704457e-29
2.580825958702065659e+00 9.784988468445792873e-30
2.584439528023599220e+00 8.377391972912924044e-30
2.588053097345133668e+00 7.171049827888693140e-30
2.591666666666667229e+00 6.137366096681688493e-30
2.595280235988200790e+00 5.251782182568109891e-30
2.598893805309735239e+00 4.493210517343072107e-30
2.602507374631268799e+00 3.843547157397043390e-30
2.606120943952803248e+00 3.287252367456153301e-30
2.609734513274336809e+00 2.810989772894129854e-30
2.613348082595870370e+00 2.403315957222751531e-30
2.616961651917404819e+00 2.054413500396520865e-30
2.620575221238938379e+00 1.755861419312962029e-30
2.624188790560472828e+00 1.500437805547292211e-30
2.627802359882006389e+00 1.281950174714345138e-30
2.631415929203539950e+00 1.095089662459547619e-30
2.635029498525074398e+00 9.353057374737164212e-31
2.638643067846607959e+00 7.986985636313333110e-31
2.642256637168142408e+00 6.819265415233339854e-31
2.645870206489675969e+00 5.821269028890262769e-31
2.649483775811210418e+00 4.968475273577627223e-31
2.653097345132743978e+00 4.239884058861660401e-31
2.656710914454277539e+00 3.617513950243193164e-31
2.660324483775811988e+00 3.085970954147331746e-31
2.663938053097345549e+00 2.632078509942642138e-31
2.667551622418879997e+00 2.244560057747014051e-31
2.671165191740413558e+00 1.913766759853864382e-31
2.674778761061947119e+00 1.631443994420683650e-31
2.678392330383481568e+00 1.390531135977159189e-31
2.682005899705015128e+00 1.184989908185385537e-31
2.685619469026549577e+00 1.009657257690611829e-31
2.689233038348083138e+00 8.601192684805563061e-32
2.692846607669616699e+00 7.326031270015892342e-32
2.696460176991151148e+00 6.238845703054875026e-32
2.700073746312684708e+00 5.312086124005364217e-32
2.703687315634219157e+00 4.522216558933424543e-32
2.707300884955752718e+00 3.849133641145046521e-32
2.710914454277286278e+00 3.275668992968872310e-32
2.714528023598820727e+00 2.787163303024426739e-32
2.718141592920354288e+00 2.371101834180389278e-32
2.721755162241888737e+00 2.016802557545002974e-32
2.725368731563422298e+00 1.715149361748436599e-32
2.728982300884956747e+00 1.458363863191336776e-32
2.732595870206490307e+00 1.239810266943324104e-32
2.736209439528023868e+00 1.053828520977277610e-32
2.739823008849558317e+00 8.955916868411433037e-33
2.743436578171091877e+00 7.609840336164414180e-33
2.747050147492626326e+00 6.464968627029268949e-33
2.750663716814159887e+00 5.491395003812521469e-33
2.754277286135693448e+00 4.663632632540459038e-33
2.757890855457227897e+00 3.959965173217370791e-33
2.761504424778761457e+00 3.361892219535128070e-33
2.765117994100295906e+00 2.853655818738574880e-33
2.768731563421829467e+00 2.421836288986406250e-33
2.772345132743363028e+00 2.055007253373800089e-33
2.775958702064897476e+00 1.743441267097088237e-33
2.779572271386431037e+00 1.478858662359428204e-33
2.783185840707965486e+00 1.254213304174769055e-33
2.786799410029499047e+00 1.063509864928337047e-33
2.790412979351032607e+00 9.016480085059621064e-34
2.794026548672567056e+00 7.642895446543965173e-34
2.797640117994100617e+00 6.477451874484563798e-34
2.801253687315635066e+00 5.488780420382353490e-34
2.804867256637168627e+00 4.650213631291294947e-34
2.808480825958703075e+00 3.939084872512004118e-34
2.812094395280236636e+00 3.336131473803767443e-34
2.815707964601770197e+00 2.824986405393850068e-34
2.819321533923304646e+00 2.391745429139771694e-34
2.822935103244838206e+00 2.024598583947362298e-34
2.826548672566372655e+00 1.713516499088098449e-34
2.830162241887906216e+00 1.449983425541845632e-34
2.833775811209439777e+00 1.226770067808339045e-34
2.837389380530974226e+00 1.037740317010843999e-34
2.841002949852507786e+00 8.776868551724046595e-35
2.844616519174042235e+00 7.421913426057895130e-35
2.848230088495575796e+00 6.275055334300577876e-35
2.851843657817109357e+00 5.304502044954196684e-35
2.855457227138643805e+00 4.483292438300176006e-35
2.859070796460177366e+00 3.788566378211545144e-35
2.862684365781711815e+00 3.200944315122331799e-35
2.866297935103245376e+00 2.704000222272698991e-35
2.869911504424778936e+00 2.283813903406059369e-35
2.873525073746313385e+00 1.928590786763593353e-35
2.877138643067846946e+00 1.628339089488283971e-35
2.880752212389381395e+00 1.374595744372135948e-35
2.884365781710914955e+00 1.160193764878193344e-35
2.887979351032449404e+00 9.790648182549720975e-36
2.891592920353982965e+00 8.260717078945781498e-36
2.895206489675516526e+00 6.968662590226701717e-36
2.898820058997050975e+00 5.877687767905575274e-36
2.902433628318584535e+00 4.956658202814178307e-36
2.906047197640118984e+00 4.179235247715127619e-36
2.909660766961652545e+00 3.523141204241734929e-36
2.913274336283186106e+00 2.969536493453283089e-36
2.916887905604720554e+00 2.502491837504113308e-36
2.920501474926254115e+00 2.108541038038780662e-36
2.924115044247788564e+00 1.776302111440070775e-36
2.927728613569322125e+00 1.496156389736342502e-36
2.931342182890855685e+00 1.259976766502780997e-36
2.934955752212390134e+00 1.060897602256832060e-36
2.938569321533923695e+00 8.931199374070987750e-37
2.942182890855458144e+00 7.517466241504782388e-37
2.945796460176991705e+00 6.326428065200632496e-37
2.949410029498525265e+00 5.323178722719876870e-37
2.953023598820059714e+00 4.478255898342197559e-37
2.956637168141593275e+00 3.766796438946981217e-37
2.960250737463127724e+00 3.167822078712692891e-37
2.963864306784661284e+00 2.663635517203930945e-37
2.967477876106195733e+00 2.239309892212065736e-37
2.971091445427729294e+00 1.882257280463664326e-37
2.974705014749262855e+00 1.581864057455247157e-37
2.978318584070797304e+00 1.329182811558521268e-37
2.981932153392330864e+00 1.116672086971292224e-37
2.985545722713865313e+00 9.379765693416145402e-38
2.989159292035398874e+00 7.877414622945559793e-38
2.992772861356932435e+00 6.614557644015720028e-38
2.996386430678466883e+00 5.553199703889523260e-38
3.000000000000000000e+00 4.661344100024291411e-38
