-7.000000000000000888e+00 1.033792036591971828e-94
-6.987389829497858251e+00 2.204342239738089132e-94
-6.974779658995713838e+00 4.693355641838424927e-94
-6.962169488493571201e+00 9.978071855490869038e-94
-6.949559317991428564e+00 2.118208132197013818e-93
-6.936949147489284151e+00 4.490033660326771439e-93
-6.924338976987141514e+00 9.503632749282147439e-93
-6.911728806484998877e+00 2.008578911366456500e-92
-6.899118635982854464e+00 4.238844435442729276e-92
-6.886508465480711827e+00 8.932345380798941776e-92
-6.873898294978569190e+00 1.879503368732039384e-91
-6.861288124476424777e+00 3.948938820756014789e-91
-6.848677953974282140e+00 8.284714033770651810e-91
-6.836067783472139503e+00 1.735539824638074160e-90
-6.823457612969995090e+00 3.630376895368667253e-90
-6.810847442467852453e+00 7.582790209301190023e-90
-6.798237271965709816e+00 1.581490866162359269e-89
-6.785627101463565403e+00 3.293553961158058101e-89
-6.773016930961422766e+00 6.848941450383438660e-89
-6.760406760459280129e+00 1.422141554697342323e-88
-6.747796589957135716e+00 2.948648676207030850e-88
-6.735186419454993079e+00 6.104698140485783744e-88
-6.722576248952850442e+00 1.262020608172847503e-87
-6.709966078450706028e+00 2.605133106828135759e-87
-6.697355907948563392e+00 5.369758305722903831e-87
-6.684745737446420755e+00 1.105200413495705714e-86
-6.672135566944276341e+00 2.271375570151798959e-86
-6.659525396442133705e+00 4.661209312317396461e-86
-6.646915225939991068e+00 9.551468248808980719e-86
-6.634305055437846654e+00 1.954355998832028080e-85
-6.621694884935704017e+00 3.993000445553571474e-85
-6.609084714433561381e+00 8.146242195387744090e-85
-6.596474543931416967e+00 1.659501650813173496e-84
-6.583864373429274330e+00 3.375674837899917572e-84
-6.571254202927131693e+00 6.856558837180703875e-84
-6.558644032424987280e+00 1.390639711321732187e-83
-6.546033861922844643e+00 2.816345965156669221e-83
-6.533423691420702006e+00 5.695350726299729170e-83
-6.520813520918557593e+00 1.150053849962607013e-82
-6.508203350416414956e+00 2.318885205862876812e-82
-6.495593179914272319e+00 4.668784560689391298e-82
-6.482983009412127906e+00 9.386248950181030104e-82
-6.470372838909985269e+00 1.884274169435570998e-81
-6.457762668407842632e+00 3.777113652947075568e-81
-6.445152497905698219e+00 7.560318388390826806e-81
-6.432542327403555582e+00 1.511069133968508568e-80
-6.419932156901412945e+00 3.015733382021365651e-80
-6.407321986399268532e+00 6.009883530560416563e-80
-6.394711815897125895e+00 1.195924644668702934e-79
-6.382101645394983258e+00 2.376327906466382083e-79
-6.369491474892838845e+00 4.714914905364458884e-79
-6.356881304390696208e+00 9.341280951188655070e-79
-6.344271133888551795e+00 1.848009675690347906e-78
-6.331660963386409158e+00 3.650626701285558367e-78
-6.319050792884266521e+00 7.201055167670426395e-78
-6.306440622382123884e+00 1.418373229831083772e-77
-6.293830451879979471e+00 2.789656553597683434e-77
-6.281220281377836834e+00 5.478692514424687784e-77
-6.268610110875692421e+00 1.074408018466772972e-76
-6.255999940373549784e+00 2.103913267547638435e-76
-6.243389769871407147e+00 4.113891688753924084e-76
-6.230779599369264510e+00 8.032383893339824524e-76
-6.218169428867120097e+00 1.566039801725390821e-75
-6.205559258364977460e+00 3.048793604064940167e-75
-6.192949087862833046e+00 5.926800357989270850e-75
-6.180338917360690409e+00 1.150481852355398866e-74
-6.167728746858547773e+00 2.230008935021977167e-74
-6.155118576356405136e+00 4.316193906445606532e-74
-6.142508405854260722e+00 8.341861261278003602e-74
-6.129898235352118085e+00 1.609877413638493111e-73
-6.117288064849973672e+00 3.102348916814282014e-73
-6.104677894347831035e+00 5.969756574435392204e-73
-6.092067723845688398e+00 1.147072619214529749e-72
-6.079457553343545761e+00 2.200866369181850596e-72
-6.066847382841401348e+00 4.216625853754353437e-72
-6.054237212339258711e+00 8.066873661228851028e-72
-6.041627041837114298e+00 1.541041739416703989e-71
-6.029016871334971661e+00 2.939630001001242364e-71
-6.016406700832829024e+00 5.599383689122191266e-71
-6.003796530330684611e+00 1.065018711831268544e-70
-5.991186359828541974e+00 2.022757724995903678e-70
-5.978576189326399337e+00 3.836191564013102055e-70
-5.965966018824254924e+00 7.264850119436584427e-70
-5.953355848322112287e+00 1.373798873405510915e-69
-5.940745677819969650e+00 2.594119311847195038e-69
-5.928135507317827013e+00 4.891332679716261199e-69
-5.915525336815682600e+00 9.209479652423119521e-69
-5.902915166313539963e+00 1.731465294389106812e-68
-5.890304995811395550e+00 3.250599540303654991e-68
-5.877694825309252913e+00 6.093745359651690825e-68
-5.865084654807110276e+00 1.140713190805257220e-67
-5.852474484304965863e+00 2.132259847150909052e-67
-5.839864313802823226e+00 3.979930368389369986e-67
-5.827254143300680589e+00 7.417929064088390089e-67
-5.814643972798536176e+00 1.380581065638887852e-66
-5.802033802296393539e+00 2.565744243416851283e-66
-5.789423631794250902e+00 4.761427835233372225e-66
-5.776813461292106489e+00 8.823352361517875908e-66
-5.764203290789963852e+00 1.632686472475840316e-65
-5.751593120287821215e+00 3.016788767934558882e-65
-5.738982949785676801e+00 5.566216958696704664e-65
-5.726372779283534165e+00 1.025530689733754797e-64
-5.713762608781391528e+00 1.886734023478899960e-64
-5.701152438279247114e+00 3.466142192077375481e-64
-5.688542267777104477e+00 6.358518353594429739e-64
-5.675932097274961841e+00 1.164768270807866490e-63
-5.663321926772818315e+00 2.130577667631250386e-63
-5.650711756270674790e+00 3.891612907750691463e-63
-5.638101585768532154e+00 7.098008513775011645e-63
-5.625491415266388628e+00 1.292760887037166284e-62
-5.612881244764245103e+00 2.351120516049872579e-62
-5.600271074262102466e+00 4.269792508536670296e-62
-5.587660903759958941e+00 7.743085183457423274e-62
-5.575050733257815416e+00 1.402157775480158505e-61
-5.562440562755672779e+00 2.535452680220619357e-61
-5.549830392253529254e+00 4.578150958849757624e-61
-5.537220221751385729e+00 8.254692132130675255e-61
-5.524610051249243092e+00 1.486236843092538307e-60
-5.511999880747099567e+00 2.672094029993922184e-60
-5.499389710244956042e+00 4.797248573149197059e-60
-5.486779539742813405e+00 8.600222393575828395e-60
-5.474169369240669880e+00 1.539587293419764366e-59
-5.461559198738526355e+00 2.752176835260950087e-59
-5.448949028236382830e+00 4.912764406805616204e-59
-5.436338857734240193e+00 8.756959324969568765e-59
-5.423728687232096668e+00 1.558686327605896561e-58
-5.411118516729953143e+00 2.770399029198672517e-58
-5.398508346227810506e+00 4.917046812989415202e-58
-5.385898175725666981e+00 8.714550405078399318e-58
-5.373288005223523456e+00 1.542284405225064792e-57
-5.360677834721380819e+00 2.725605510511754956e-57
-5.348067664219237294e+00 4.809952568874137311e-57
-5.335457493717093769e+00 8.476138949684975262e-57
-5.322847323214951132e+00 1.491540449017241420e-56
-5.310237152712807607e+00 2.620908833527124583e-56
-5.297626982210664082e+00 4.598846594086619982e-56
-5.285016811708520557e+00 8.057981749500934778e-56
-5.272406641206377920e+00 1.409886670479806004e-55
-5.259796470704234395e+00 2.463331836764330147e-55
-5.247186300202090870e+00 4.297764831353578661e-55
-5.234576129699948233e+00 7.487616834928311820e-55
-5.221965959197804708e+00 1.302644883052421169e-54
-5.209355788695661182e+00 2.263029166129601641e-54
-5.196745618193518546e+00 3.925872396554107648e-54
-5.184135447691375020e+00 6.800868090427101878e-54
-5.171525277189231495e+00 1.176453853165110769e-53
-5.158915106687088858e+00 2.032207481785972544e-53
-5.146304936184945333e+00 3.505452058398143823e-53
-5.133694765682801808e+00 6.038138744528088944e-53
-5.121084595180659171e+00 1.038593138149202094e-52
-5.108474424678515646e+00 1.783903471717695114e-52
-5.095864254176372121e+00 3.059715387387396166e-52
-5.083254083674229484e+00 5.240524156212846877e-52
-5.070643913172085959e+00 8.962985223274203658e-52
-5.058033742669942434e+00 1.530788290273262890e-51
-5.045423572167799797e+00 2.610732182451350984e-51
-5.032813401665656272e+00 4.446256347173771984e-51
-5.020203231163512747e+00 7.561568710647393909e-51
-5.007593060661370110e+00 1.284147123764900449e-50
-4.994982890159226585e+00 2.177726758814633752e-50
-4.982372719657083060e+00 3.687890050238150295e-50
-4.969762549154940423e+00 6.236468961892647041e-50
-4.957152378652796898e+00 1.053139837824182486e-49
-4.944542208150653373e+00 1.775906294548146179e-49
-4.931932037648510736e+00 2.990480917466472085e-49
-4.919321867146367211e+00 5.028625165596397351e-49
-4.906711696644223686e+00 8.443937131891624943e-49
-4.894101526142081049e+00 1.415886610323630156e-48
-4.881491355639937524e+00 2.370827607643084970e-48
-4.868881185137793999e+00 3.964238330744545423e-48
-4.856271014635651362e+00 6.619239271466977986e-48
-4.843660844133507837e+00 1.103685182783421760e-47
-4.831050673631364312e+00 1.837686473658428891e-47
-4.818440503129221675e+00 3.055532927041023784e-47
-4.805830332627078150e+00 5.073318523765157969e-47
-4.793220162124934625e+00 8.411765854342084318e-47
-4.780609991622791988e+00 1.392747466422980376e-46
-4.767999821120648463e+00 2.302756460462015233e-46
-4.755389650618504938e+00 3.802019571909521549e-46
-4.742779480116362301e+00 6.268616058589484518e-46
-4.730169309614218776e+00 1.032096384398817757e-45
-4.717559139112075250e+00 1.696916162335381684e-45
-4.704948968609932614e+00 2.786072039046996970e-45
-4.692338798107789088e+00 4.567898102390920065e-45
-4.679728627605645563e+00 7.478816350450383196e-45
-4.667118457103502926e+00 1.222762224601179008e-44
-4.654508286601359401e+00 1.996384227722052673e-44
-4.641898116099215876e+00 3.254913935670942235e-44
-4.629287945597073239e+00 5.299421272756884350e-44
-4.616677775094929714e+00 8.616109890783173048e-44
-4.604067604592786189e+00 1.398904797476358598e-43
-4.591457434090643552e+00 2.268086079532394618e-43
-4.578847263588500027e+00 3.672194277247350223e-43
-4.566237093086356502e+00 5.937270148902047681e-43
-4.553626922584213865e+00 9.586130078828782580e-43
-4.541016752082070340e+00 1.545594195123843481e-42
-4.528406581579926815e+00 2.488534105705833957e-42
-4.515796411077784178e+00 4.001179031454485266e-42
-4.503186240575640653e+00 6.424346392557797349e-42
-4.490576070073497128e+00 1.030070158349821756e-41
-4.477965899571354491e+00 1.649308384958529173e-41
-4.465355729069210966e+00 2.637147672217814473e-41
-4.452745558567067441e+00 4.210802499734363358e-41
-4.440135388064924804e+00 6.714187334185918736e-41
-4.427525217562781279e+00 1.069105389534252408e-40
-4.414915047060637754e+00 1.699990089894876845e-40
-4.402304876558495117e+00 2.699425791015243613e-40
-4.389694706056351592e+00 4.280513360763013981e-40
-4.377084535554208067e+00 6.778289475891959799e-40
-4.364474365052065430e+00 1.071875860848119098e-39
-4.351864194549921905e+00 1.692658423742016195e-39
-4.339254024047778380e+00 2.669285072337212020e-39
-4.326643853545635743e+00 4.203603274993053330e-39
-4.314033683043492218e+00 6.610738219152508222e-39
-4.301423512541348693e+00 1.038197586094785814e-38
-4.288813342039206056e+00 1.628216802092385608e-38
-4.276203171537062531e+00 2.550039801295814895e-38
-4.263593001034919006e+00 3.988269940586359876e-38
-4.250982830532776369e+00 6.229100570498200092e-38
-4.238372660030632844e+00 9.715601775730002758e-38
-4.225762489528489319e+00 1.513275463044084524e-37
-4.213152319026346682e+00 2.353805404003581482e-37
-4.200542148524203157e+00 3.656181633153664290e-37
-4.187931978022059631e+00 5.671396030487895531e-37
-4.175321807519916995e+00 8.785319457046710312e-37
-4.162711637017773469e+00 1.359035748819760756e-36
-4.150101466515629944e+00 2.099473094609211686e-36
-4.137491296013487307e+00 3.238890227091099005e-36
-4.124881125511343782e+00 4.989867383893418195e-36
-4.112270955009200257e+00 7.676955349863319814e-36
-4.099660784507057620e+00 1.179496464175526179e-35
-4.087050614004914095e+00 1.809723694138554353e-35
-4.074440443502770570e+00 2.772913282003810884e-35
-4.061830273000627933e+00 4.242961373265293198e-35
-4.049220102498484408e+00 6.483522670258875959e-35
-4.036609931996340883e+00 9.893786821521544381e-35
-4.023999761494198246e+00 1.507731535875031565e-34
-4.011389590992054721e+00 2.294541110318978914e-34
-3.998779420489911196e+00 3.487212587623728353e-34
-3.986169249987768559e+00 5.292637682734056011e-34
-3.973559079485625034e+00 8.021904235327870508e-34
-3.960948908983481509e+00 1.214212667076277100e-33
-3.948338738481338872e+00 1.835373411305390199e-33
-3.935728567979194459e+00 2.770555909721765823e-33
-3.923118397477051822e+00 4.176597518610306348e-33
-3.910508226974909185e+00 6.287702424621956765e-33
-3.897898056472764772e+00 9.453125078312533786e-33
-3.885287885970622135e+00 1.419297137288025929e-32
-3.872677715468479498e+00 2.128071315661402432e-32
-3.860067544966335085e+00 3.186503435235388049e-32
-3.847457374464192448e+00 4.764950602234182472e-32
-3.834847203962049811e+00 7.115716758434684777e-32
-3.822237033459905398e+00 1.061195949312274608e-31
-3.809626862957762761e+00 1.580482318077203679e-31
-3.797016692455620124e+00 2.350722019576962338e-31
-3.784406521953475711e+00 3.491651881326122143e-31
-3.771796351451333074e+00 5.179395611745428375e-31
-3.759186180949190437e+00 7.672663895310889814e-31
-3.746576010447046023e+00 1.135096198304051539e-30
-3.733965839944903387e+00 1.677023062533592801e-30
-3.721355669442760750e+00 2.474376264834412236e-30
-3.708745498940616336e+00 3.645971416922249577e-30
-3.696135328438473699e+00 5.365152446957959850e-30
-3.683525157936331063e+00 7.884472479855476092e-30
-3.670914987434186649e+00 1.157138830639105920e-29
-3.658304816932044012e+00 1.695981190296505395e-29
-3.645694646429901375e+00 2.482446072354104788e-29
-3.633084475927756962e+00 3.628794178717555981e-29
-3.620474305425614325e+00 5.297476867857194517e-29
-3.607864134923471688e+00 7.723257638221215184e-29
-3.595253964421327275e+00 1.124494154610189021e-28
-3.582643793919184638e+00 1.635082298291639469e-28
-3.570033623417041113e+00 2.374369359873132553e-28
-3.557423452914897588e+00 3.443370118695168463e-28
-3.544813282412754951e+00 4.987080963212855387e-28
-3.532203111910611426e+00 7.213348942592241626e-28
-3.519592941408467901e+00 1.041971410670922543e-27
-3.506982770906325264e+00 1.503154206238650536e-27
-3.494372600404181739e+00 2.165612146799125815e-27
-3.481762429902038214e+00 3.115930562530611231e-27
-3.469152259399895577e+00 4.477394472771025599e-27
-3.456542088897752052e+00 6.425308609939785500e-27
-3.443931918395608527e+00 9.208613050565685801e-27
-3.431321747893465890e+00 1.318034002084325570e-26
-3.418711577391322365e+00 1.884046965727773465e-26
-3.406101406889178840e+00 2.689615031328234990e-26
-3.393491236387036203e+00 3.834620427631957129e-26
-3.380881065884892678e+00 5.459955159116354648e-26
-3.368270895382749153e+00 7.764094054765297553e-26
-3.355660724880606516e+00 1.102625679570398881e-25
-3.343050554378462991e+00 1.563873466755524928e-25
-3.330440383876319466e+00 2.215194726386303555e-25
-3.317830213374176829e+00 3.133715714937897824e-25
-3.305220042872033304e+00 4.427364479542392219e-25
-3.292609872369889779e+00 6.246972033215888638e-25
-3.279999701867747142e+00 8.803047927970778076e-25
-3.267389531365603617e+00 1.238900450031442191e-24
-3.254779360863460091e+00 1.741326543119306567e-24
-3.242169190361317455e+00 2.444359756497437651e-24
-3.229559019859173929e+00 3.426823695925985777e-24
-3.216948849357030404e+00 4.798005818601325623e-24
-3.204338678854887767e+00 6.709231827690676894e-24
-3.191728508352744242e+00 9.369760674080830864e-24
-3.179118337850600717e+00 1.306858378810943300e-23
-3.166508167348458080e+00 1.820428170265863198e-23
-3.153897996846314555e+00 2.532586160127254414e-23
-3.141287826344171030e+00 3.518853991157796323e-23
-3.128677655842028393e+00 4.882983770673520676e-23
-3.116067485339884868e+00 6.767324743541283444e-23
-3.103457314837741343e+00 9.366927291441559957e-23
-3.090847144335598706e+00 1.294870611668342545e-22
-3.078236973833455181e+00 1.787744280746989778e-22
-3.065626803331311656e+00 2.465102199213213442e-22
-3.053016632829169019e+00 3.394811671735307011e-22
-3.040406462327025494e+00 4.669263609067107128e-22
-3.027796291824881969e+00 6.414071232479446598e-22
-3.015186121322739332e+00 8.799795496710160574e-22
-3.002575950820595807e+00 1.205772954313790178e-21
-2.989965780318452282e+00 1.650111933264278301e-21
-2.977355609816309645e+00 2.255365516328759918e-21
-2.964745439314166120e+00 3.078767506898751041e-21
-2.952135268812022595e+00 4.197532337753513265e-21
-2.939525098309879958e+00 5.715696789352533058e-21
-2.926914927807736433e+00 7.773257826948541320e-21
-2.914304757305592908e+00 1.055836119730177418e-20
-2.901694586803450271e+00 1.432353809351303919e-20
-2.889084416301306746e+00 1.940730613863435622e-20
-2.876474245799163221e+00 2.626286956322776877e-20
-2.863864075297020584e+00 3.549620217237374352e-20
-2.851253904794877059e+00 4.791651497427243911e-20
-2.838643734292733534e+00 6.460304930372007186e-20
-2.826033563790590897e+00 8.699336207276121451e-20
-2.813423393288447372e+00 1.169998678950658262e-19
-2.800813222786303847e+00 1.571634835497862345e-19
-2.788203052284161210e+00 2.108559256903390009e-19
-2.775592881782017685e+00 2.825457257271032537e-19
-2.762982711279874160e+00 3.781475814000414527e-19
-2.750372540777731523e+00 5.054805642386157129e-19
-2.737762370275587998e+00 6.748683322793406182e-19
-2.725152199773444472e+00 8.999243525545914757e-19
-2.712542029271301836e+00 1.198577849900735866e-18
-2.699931858769158310e+00 1.594412574023885694e-18
-2.687321688267014785e+00 2.118411543328054256e-18
-2.674711517764872148e+00 2.811227989903012129e-18
-2.662101347262728623e+00 3.726137457953456393e-18
-2.649491176760585098e+00 4.932870508245951404e-18
-2.636881006258442461e+00 6.522582428950678981e-18
-2.624270835756298936e+00 8.614289134855477127e-18
-2.611660665254155411e+00 1.136319133315033185e-17
-2.599050494752012774e+00 1.497142744911989063e-17
-2.586440324249869249e+00 1.970194655270439906e-17
-2.573830153747725724e+00 2.589638418573788145e-17
-2.561219983245583087e+00 3.399806734643308298e-17
-2.548609812743439562e+00 4.458158348775581379e-17
-2.535999642241296037e+00 5.839073921539188147e-17
-2.523389471739152512e+00 7.638722870254125359e-17
-2.510779301237009875e+00 9.981295627908695225e-17
-2.498169130734866350e+00 1.302697454354082921e-16
-2.485558960232722825e+00 1.698211590624264188e-16
-2.472948789730580188e+00 2.211224047751009503e-16
-2.460338619228436663e+00 2.875858688918823624e-16
-2.447728448726293138e+00 3.735917929064743323e-16
-2.435118278224150501e+00 4.847560761651231308e-16
-2.422508107722006976e+00 6.282702807347956328e-16
-2.409897937219863451e+00 8.133327810839016257e-16
-2.397287766717720814e+00 1.051694830048962087e-15
-2.384677596215577289e+00 1.358351335532089669e-15
-2.372067425713433764e+00 1.752413645394617754e-15
-2.359457255211291127e+00 2.258210973162907319e-15
-2.346847084709147602e+00 2.906678697444562374e-15
-2.334236914207004077e+00 3.737106165192546350e-15
-2.321626743704861440e+00 4.799334475569317575e-15
-2.309016573202717915e+00 6.156516816453104548e-15
-2.296406402700574390e+00 7.888581247685586094e-15
-2.283796232198431753e+00 1.009656956933006932e-14
-2.271186061696288228e+00 1.290806753853833183e-14
-2.258575891194144702e+00 1.648399298394641563e-14
-2.245965720692002066e+00 2.102707147765659722e-14
-2.233355550189858540e+00 2.679240679602357072e-14
-2.220745379687715015e+00 3.410064863113412274e-14
-2.208135209185572378e+00 4.335437678698195901e-14
-2.195525038683428853e+00 5.505846411183611611e-14
-2.182914868181285328e+00 6.984535537460671603e-14
-2.170304697679142691e+00 8.850641307119712192e-14
-2.157694527176999166e+00 1.120307420579881892e-13
-2.145084356674855641e+00 1.416532229781976656e-13
-2.132474186172713004e+00 1.789138717495785938e-13
-2.119864015670569479e+00 2.257311134508515352e-13
-2.107253845168425954e+00 2.844921312475519825e-13
-2.094643674666283317e+00 3.581641455082575936e-13
-2.082033504164139792e+00 4.504313201318326118e-13
-2.069423333661996267e+00 5.658630124685371437e-13
-2.056813163159853630e+00 7.101203161317974537e-13
-2.044202992657710105e+00 8.902093355694537723e-13
-2.031592822155566580e+00 1.114791428963215330e-12
-2.018982651653423943e+00 1.394562823261536036e-12
-2.006372481151280418e+00 1.742718615079138120e-12
-1.993762310649136893e+00 2.175519310925815528e-12
-1.981152140146994256e+00 2.712981833325814255e-12
-1.968541969644850731e+00 3.379721448911182817e-12
-1.955931799142707206e+00 4.205976506554132278e-12
-1.943321628640564569e+00 5.228854381207031223e-12
-1.930711458138421044e+00 6.493844807452556096e-12
-1.918101287636277519e+00 8.056656098575187346e-12
-1.905491117134134882e+00 9.985440869255933437e-12
-1.892880946631991357e+00 1.236349115179304213e-11
-1.880270776129847832e+00 1.529249861722383675e-11
-1.867660605627705195e+00 1.889649445567454759e-11
-1.855050435125561670e+00 2.332660589070453904e-11
-1.842440264623418145e+00 2.876679295473305288e-11
-1.829830094121275508e+00 3.544076080675430673e-11
-1.817219923619131983e+00 4.362028043421621682e-11
-1.804609753116988458e+00 5.363519511089386881e-11
-1.791999582614845821e+00 6.588544272894288238e-11
-1.779389412112702296e+00 8.085548654855200707e-11
-1.766779241610558771e+00 9.913162072672781434e-11
-1.754169071108415245e+00 1.214227042048878195e-10
-1.741558900606272609e+00 1.485849795022382483e-10
-1.728948730104129083e+00 1.816517544258829651e-10
-1.716338559601985558e+00 2.218688678808464402e-10
-1.703728389099842921e+00 2.707370295956052974e-10
-1.691118218597699396e+00 3.300623220519256214e-10
-1.678508048095555871e+00 4.020163863337903761e-10
-1.665897877593413234e+00 4.892080879522580216e-10
-1.653287707091269709e+00 5.947687809121677838e-10
-1.640677536589126184e+00 7.224536664651474982e-10
-1.628067366086983547e+00 8.767621865773535984e-10
-1.615457195584840022e+00 1.063080912119377075e-09
-1.602847025082696497e+00 1.287852994951695813e-09
-1.590236854580553860e+00 1.558778966316895016e-09
-1.577626684078410335e+00 1.885054498575985421e-09
-1.565016513576266810e+00 2.277651723483720469e-09
-1.552406343074124173e+00 2.749651841303237364e-09
-1.539796172571980648e+00 3.316638088347318578e-09
-1.527186002069837123e+00 3.997159687643685803e-09
-1.514575831567694486e+00 4.813279225157307325e-09
-1.501965661065550961e+00 5.791218015100490174e-09
-1.489355490563407436e+00 6.962116492025290334e-09
-1.476745320061264799e+00 8.362929552355939476e-09
-1.464135149559121274e+00 1.003748013089060667e-08
-1.451524979056977749e+00 1.203769821657861001e-08
-1.438914808554835112e+00 1.442507707721085141e-08
-1.426304638052691587e+00 1.727238377993932563e-08
-1.413694467550548062e+00 2.066566728627856195e-08
-1.401084297048405425e+00 2.470661460895549444e-08
-1.388474126546261900e+00 2.951531390935704300e-08
-1.375863956044118375e+00 3.523349318125119732e-08
-1.363253785541975738e+00 4.202831453333991846e-08
-1.350643615039832213e+00 5.009681731128982904e-08
-1.338033444537688688e+00 5.967111869354767545e-08
-1.325423274035546051e+00 7.102449830894913431e-08
-1.312813103533402526e+00 8.447851427125647359e-08
-1.300202933031259001e+00 1.004113222881378728e-07
-1.287592762529116364e+00 1.192673977421985540e-07
-1.274982592026972839e+00 1.415688935159428536e-07
-1.262372421524829313e+00 1.679289046076459684e-07
-1.249762251022686677e+00 1.990669551576159047e-07
-1.237152080520543151e+00 2.358270754220527399e-07
-1.224541910018399626e+00 2.791988967215233415e-07
-1.211931739516256989e+00 3.303422628895828848e-07
-1.199321569014113464e+00 3.906159389378018668e-07
-1.186711398511969939e+00 4.616110935112445858e-07
-1.174101228009827302e+00 5.451903435510406723e-07
-1.161491057507683777e+00 6.435332801313848481e-07
-1.148880887005540252e+00 7.591895468980383645e-07
-1.136270716503397615e+00 8.951407206731803067e-07
-1.123660546001254090e+00 1.054872452043531852e-06
-1.111050375499110565e+00 1.242458567349010939e-06
-1.098440204996967928e+00 1.462659118611160450e-06
-1.085830034494824403e+00 1.721034701881708682e-06
-1.073219863992680878e+00 2.024079755873980203e-06
-1.060609693490538241e+00 2.379378011781546712e-06
-1.047999522988394716e+00 2.795783803988068370e-06
-1.035389352486251191e+00 3.283633584291789358e-06
-1.022779181984108554e+00 3.854992726366822461e-06
-1.010169011481965029e+00 4.523943582744502064e-06
-9.975588409798215039e-01 5.306921787779395150e-06
-9.849486704776788670e-01 6.223109015665804277e-06
-9.723384999755353419e-01 7.294891836972380965e-06
-9.597283294733918169e-01 8.548398011452507718e-06
-9.471181589712491800e-01 1.001412355827628233e-05
-9.345079884691056549e-01 1.172766631625686757e-05
-9.218978179669621298e-01 1.373058451690441904e-05
-9.092876474648186047e-01 1.607140222731530686e-05
-8.966774769626759678e-01 1.880678748042011858e-05
-8.840673064605324427e-01 2.200293362049814542e-05
-8.714571359583889176e-01 2.573718000128792728e-05
-8.588469654562462807e-01 3.009991486291895994e-05
-8.462367949541027556e-01 3.519681120091813103e-05
-8.336266244519592306e-01 4.115145599104684846e-05
-8.210164539498165936e-01 4.810844457038880394e-05
-8.084062834476730686e-01 5.623702569090663383e-05
-7.957961129455295435e-01 6.573539923615297350e-05
-7.831859424433869066e-01 7.683578841137751671e-05
-7.705757719412433815e-01 8.981043209957645206e-05
-7.579656014390998564e-01 1.049786719040346451e-04
-7.453554309369572195e-01 1.227153432523374625e-04
-7.327452604348136944e-01 1.434607221582972852e-04
-7.201350899326701693e-01 1.677323304720042805e-04
-7.075249194305275324e-01 1.961389647394694074e-04
-6.949147489283840073e-01 2.293973896738736530e-04
-6.823045784262404823e-01 2.683522298604799016e-04
-6.696944079240978454e-01 3.139997066022471727e-04
-6.570842374219543203e-01 3.675160056675836674e-04
-6.444740669198107952e-01 4.302912322676326622e-04
-6.318638964176681583e-01 5.039701195815980564e-04
-6.192537259155246332e-01 5.905009162742222819e-04
-6.066435554133811081e-01 6.921941989684689050e-04
-5.940333849112384712e-01 8.117937530650094378e-04
-5.814232144090949461e-01 9.525621593368755130e-04
-5.688130439069514210e-01 1.118384339452314176e-03
-5.562028734048087841e-01 1.313893083019458934e-03
-5.435927029026652590e-01 1.544621542929022632e-03
-5.309825324005217340e-01 1.817188897417468425e-03
-5.183723618983790971e-01 2.139526904355314695e-03
-5.057621913962355720e-01 2.521157003709176194e-03
-4.931520208940920469e-01 2.973530072067947800e-03
-4.805418503919494100e-01 3.510444047248265347e-03
-4.679316798898058849e-01 4.148558615693452058e-03
-4.553215093876623598e-01 4.908031245781497784e-03
-4.427113388855197229e-01 5.813305392377498063e-03
-4.301011683833761978e-01 6.894090136599678037e-03
-4.174909978812326727e-01 8.186581450324562428e-03
-4.048808273790900358e-01 9.734989475062747269e-03
-3.922706568769465107e-01 1.159345473463434945e-02
-3.796604863748029857e-01 1.382846048045597437e-02
-3.670503158726603488e-01 1.652188031685927413e-02
-3.544401453705168237e-01 1.977484247941022066e-02
-3.418299748683732986e-01 2.371264820172368920e-02
-3.292198043662306617e-01 2.849105639080323424e-02
-3.166096338640871366e-01 3.430434707596691224e-02
-3.039994633619436115e-01 4.139571114762192333e-02
-2.913892928598009746e-01 5.007069679281746927e-02
-2.787791223576574495e-01 6.071469204629500321e-02
-2.661689518555139244e-01 7.381576373462092611e-02
-2.535587813533712875e-01 8.999464252772923500e-02
-2.409486108512277625e-01 1.100442932757592918e-01
-2.283384403490842374e-01 1.349824144926749236e-01
-2.157282698469416005e-01 1.661214756202646081e-01
-2.031180993447980754e-01 2.051626772355011896e-01
-1.907296212577645478e-01 2.533556866160532328e-01
-1.790751809198734557e-01 3.100535389960948351e-01
-1.681328766829025823e-01 3.759947378807834695e-01
-1.578591939883211837e-01 4.519641377402980886e-01
-1.482132772030496648e-01 5.386858989791816210e-01
-1.391567671477560997e-01 6.368007916189819539e-01
-1.306536485528615454e-01 7.468439302635758725e-01
-1.226701068356443602e-01 8.692237179803912195e-01
-1.151743936288669723e-01 1.004202805923608555e+00
-1.081367005261812397e-01 1.151881866185736403e+00
-1.015290405422311915e-01 1.312186961926086193e+00
-9.532513681604738720e-02 1.484861173972867876e+00
-8.950031811513789459e-02 1.669461080546831511e+00
-8.403142072473115953e-02 1.865358377197165352e+00
-7.889669633199995757e-02 2.071746829213849228e+00
-7.407572553895482026e-02 2.287654399481707568e+00
-6.954933666007066806e-02 2.511960279152366304e+00
-6.529952948172380867e-02 2.743416017284318720e+00
-6.130940368025181858e-02 2.980670343704370673e+00
-5.756309161397969026e-02 3.222296428697323467e+00
-5.404569522193657799e-02 3.466820778114419355e+00
-5.074322677833183887e-02 3.712752665027142296e+00
-4.764255326718694339e-02 3.958613082783837278e+00
-4.473134415591366320e-02 4.202962244451019735e+00
-4.199802236014917034e-02 4.444424832364057387e+00
-3.943171820485173729e-02 4.681712241130985497e+00
-3.702222619856760516e-02 4.913641295597594549e+00
-3.475996444897584692e-02 5.139149181833551516e+00
-3.263593655831751456e-02 5.357304252695734625e+00
-3.064169584717604811e-02 5.567312813999648391e+00
-2.876931176433708895e-02 5.768522356290223918e+00
-2.701133834915109624e-02 5.960420692509812213e+00
-2.536078462097863737e-02 6.142632504031200646e+00
-2.381108677796769241e-02 6.314912714629284274e+00
-2.235608209460499679e-02 6.477138184293267820e+00
-2.098998441423788677e-02 6.629296631690290376e+00
-1.970736113910750986e-02 6.771476537855071420e+00
-1.850311162639044910e-02 6.903853514912528411e+00
-1.737244690433337180e-02 7.026678616928072607e+00
-1.631087062781888183e-02 7.140265745160654376e+00
-1.531416119762810286e-02 7.244979518895081405e+00
-1.437835497229224616e-02 7.341224006289759352e+00
-1.349973050577157364e-02 7.429432151195036305e+00
-1.267479374828037013e-02 7.510056130974617439e+00
-1.190026415140387275e-02 7.583558770606628308e+00
-1.117306162225225469e-02 7.650406087547815481e+00
-1.049029427477177374e-02 7.711060869060050393e+00
-9.849246929502866038e-03 7.765977288105053056e+00
-9.247370316051994887e-03 7.815596508528387609e+00
-8.682270935339195597e-03 7.860343206310719033e+00
-8.151701541304996398e-03 7.900622921033056301e+00
-7.653552204225974771e-03 7.936820155356079987e+00
-7.185841920100037063e-03 7.969297123870072497e+00
-6.746710732733945948e-03 7.998393058428829860e+00
-6.334412337204842376e-03 8.024423985392679981e+00
-5.947307135282262590e-03 8.047682893760114808e+00
-5.583855715193143839e-03 8.068440217193041164e+00
-5.242612729801200168e-03 8.086944563722877177e+00
-4.922221148855803613e-03 8.103423632086428796e+00
-4.621406862452884928e-03 8.118085262776418176e+00
-4.338973614247355545e-03 8.131118579075934605e+00
-4.073798244268176869e-03 8.142695180523583431e+00
-3.824826222417472815e-03 8.152970357834243842e+00
-3.591067454892035368e-03 8.162084304240105226e+00
-3.371592346850472034e-03 8.170163303483574779e+00
-3.165528105668122608e-03 8.177320879413420229e+00
-2.972055270078842893e-03 8.183658895766004804e+00
-2.790404451401243442e-03 8.189268598597111648e+00
-2.619853273889739126e-03 8.194231596135130857e+00
-2.459723502043294555e-03 8.198620773347174762e+00
-2.309378343447928035e-03 8.202501140284894632e+00
-2.168219916426995363e-03 8.205930614719912697e+00
-2.035686872428882702e-03 8.208960740679458468e+00
-1.911252163696946192e-03 8.211637345309929614e+00
-1.794420947344431763e-03 8.214001137064670388e+00
-1.684728617499294890e-03 8.216088248603329092e+00
-1.581738957693386684e-03 8.217930728003416618e+00
-1.485042406148618429e-03 8.219556981992473865e+00
-1.394254427061488973e-03 8.220992174902505667e+00
-1.309013981409089993e-03 8.222258586979526385e+00
-1.228982091195453740e-03 8.223375935551903382e+00
-1.153840491428526288e-03 8.224361662395715200e+00
-1.083290364467113165e-03 8.225231190444830531e+00
-1.017051151704679570e-03 8.225998152787507678e+00
-9.548594378642998991e-04 8.226674596678700269e+00
-8.964679034679587247e-04 8.227271165085234372e+00
-8.416443413144891576e-04 8.227797258070687292e+00
-7.901707330548732918e-04 8.228261176126899556e+00
-7.418423821927417998e-04 8.228670247365752033e+00
-6.964671000622763746e-04 8.229030940306822473e+00
-6.538644415463101345e-04 8.229348963823428065e+00
-6.138649874953195544e-04 8.229629355659705325e+00
-5.763096709937077546e-04 8.229876560783406347e+00
-5.410491447940707658e-04 8.230094500708716510e+00
-5.079431874039339089e-04 8.230286634804949486e+00
-4.768601454631505969e-04 8.230456014496718709e+00
-4.476764101943878299e-04 8.230605331165284255e+00
-4.202759258447686459e-04 8.230736958468975573e+00
-3.945497281637799845e-04 8.230852989724661839e+00
-3.703955110821903832e-04 8.230955270918290267e+00
-3.477172198687347553e-04 8.231045429849714878e+00
-3.264246691466341703e-04 8.231124901859899978e+00
-3.064331842509692436e-04 8.231194952538015031e+00
-2.876632645006474724e-04 8.231256697758945862e+00
-2.700402670458676067e-04 8.231311121364061734e+00
-2.534941100338807115e-04 8.231359090760388852e+00
-2.379589939125882462e-04 8.231401370681140861e+00
-2.233731397636618432e-04 8.231438635324348496e+00
-2.096785436246481258e-04 8.231471479059004892e+00
-1.968207458230403738e-04 8.231500425867979587e+00
-1.847486144050079770e-04 8.231525937675293392e+00
-1.734141417975726429e-04 8.231548421690064288e+00
-1.627722538955931274e-04 8.231568236882349510e+00
-1.527806308143372189e-04 8.231585699693404479e+00
-1.433995385948514170e-04 8.231601089070951005e+00
-1.345916711928507147e-04 8.231614650908513298e+00
-1.263220021227506255e-04 8.231626601959899148e+00
-1.185576451668948804e-04 8.231637133290337971e+00
-1.112677235960431003e-04 8.231646413319127831e+00
-1.044232473810362147e-04 8.231654590502264668e+00
-9.799699790736354202e-05 8.231661795697355899e+00
-9.196341973416139544e-05 8.231668144248690311e+00
-8.629851896719176359e-05 8.231673737825200732e+00
-8.097976784167412539e-05 8.231678666041101877e+00
-7.598601513551331310e-05 8.231683007884134540e+00
-7.129740205665540287e-05 8.231686832975070089e+00
-6.689528327009240302e-05 8.231690202677759416e+00
-6.276215275045356852e-05 8.231693171077733240e+00
-5.888157416531500463e-05 8.231695785845047908e+00
-5.523811551239205268e-05 8.231698088994557239e+00
-5.181728775067791524e-05 8.231700117556368212e+00
-4.860548718147756638e-05 8.231701904166992989e+00
-4.558994135021126844e-05 8.231703477589874751e+00
-4.275865825384858419e-05 8.231704863174934772e+00
-4.010037865198160146e-05 8.231706083263045315e+00
-3.760453129189908716e-05 8.231707157543253217e+00
-3.526119086959958525e-05 8.231708103366703000e+00
-3.306103855956327154e-05 8.231708936024428880e+00
-3.099532495632644548e-05 8.231709668991388895e+00
-2.905583528048395544e-05 8.231710314141999163e+00
-2.723485671075096226e-05 8.231710881940044189e+00
-2.552514771217800657e-05 8.231711381605872901e+00
-2.391990923854284747e-05 8.231711821264143580e+00
-2.241275769439721272e-05 8.231712208073695081e+00
-2.099769954925015053e-05 8.231712548342159153e+00
-1.966910750293300909e-05 8.231712847627107976e+00
-1.842169810736080741e-05 8.231713110825053192e+00
-1.725051075570132930e-05 8.231713342249745935e+00
-1.615088795539561633e-05 8.231713545701701662e+00
-1.511845680657980123e-05 8.231713724528839649e+00
-1.414911161225593266e-05 8.231713881680400746e+00
-1.323899755105558475e-05 8.231714019754212686e+00
-1.238449534766613459e-05 8.231714141038718680e+00
-1.158220687996078599e-05 8.231714247549248853e+00
-1.082894166559426607e-05 8.231714341060891726e+00
-1.012170417432434343e-05 8.231714423136976322e+00
-9.457681915605696142e-06 8.231714495154065503e+00
-8.834234254082606896e-06 8.231714558324378928e+00
-8.248881908502043135e-06 8.231714613715208628e+00
-7.699297092288845179e-06 8.231714662266425009e+00
-7.183294256573823982e-06 8.231714704805153104e+00
-6.698821398861734940e-06 8.231714742059663692e+00
-6.243951902777456888e-06 8.231714774670944479e+00
-5.816876876438485798e-06 8.231714803203159292e+00
-5.415897958985060038e-06 8.231714828152682628e+00
-5.039420566662596439e-06 8.231714849956382807e+00
-4.685947551597296836e-06 8.231714868998514234e+00
-4.354073248047161842e-06 8.231714885617229527e+00
-4.042477882453245495e-06 8.231714900109833977e+00
-3.749922325059951160e-06 8.231714912737800205e+00
-3.475243162234227762e-06 8.231714923731066946e+00
-3.217348069887064443e-06 8.231714933291799596e+00
-2.975211469598384632e-06 8.231714941597683577e+00
-2.747870450171603521e-06 8.231714948804828680e+00
-2.534420938398601179e-06 8.231714955050350113e+00
-2.334014103807039897e-06 8.231714960454874941e+00
-2.145852983093271333e-06 8.231714965124133698e+00
-1.969189310816785935e-06 8.231714969151106231e+00
-1.803320543752548581e-06 8.231714972617254489e+00
-1.647587067068355029e-06 8.231714975594186967e+00
-1.501369571216668681e-06 8.231714978144641037e+00
-1.364086589109387048e-06 8.231714980323690867e+00
-1.235192183781944781e-06 8.231714982179520135e+00
-1.114173777351006344e-06 8.231714983754423898e+00
-1.000550112631961414e-06 8.231714985085444525e+00
-8.938693393104654022e-07 8.231714986204897500e+00
-7.937072170570570337e-07 8.231714987141213413e+00
-6.996654284390261791e-07 8.231714987919168891e+00
-6.113699949207071113e-07 8.231714988560375090e+00
-5.284697896529079203e-07 8.231714989083830147e+00
-4.506351411371571005e-07 8.231714989505951152e+00
-3.775565222121384326e-07 8.231714989841222518e+00
-3.089433191486484405e-07 8.231714990102153351e+00
-2.445226759580218821e-07 8.231714990299625612e+00
-1.840384093183425875e-07 8.231714990443199653e+00
-1.272499898032904365e-07 8.231714990541108889e+00
-7.393158536218592144e-08 8.231714990600536908e+00
-2.387116324756687046e-08 8.231714990627654771e+00
2.387116324756687046e-08 8.231714990627654771e+00
7.393158536217865548e-08 8.231714990600536908e+00
1.272499898032904365e-07 8.231714990541108889e+00
1.840384093183425875e-07 8.231714990443199653e+00
2.445226759580130942e-07 8.231714990299625612e+00
3.089433191486484405e-07 8.231714990102153351e+00
3.775565222121384326e-07 8.231714989841222518e+00
4.506351411371465126e-07 8.231714989505951152e+00
5.284697896529079203e-07 8.231714989083830147e+00
6.113699949207071113e-07 8.231714988560375090e+00
6.996654284390133677e-07 8.231714987919168891e+00
7.937072170570570337e-07 8.231714987141213413e+00
8.938693393104654022e-07 8.231714986204897500e+00
1.000550112631946167e-06 8.231714985085444525e+00
1.114173777351006344e-06 8.231714983754423898e+00
1.235192183781944781e-06 8.231714982179520135e+00
1.364086589109368413e-06 8.231714980323690867e+00
1.501369571216668681e-06 8.231714978144641037e+00
1.647587067068355029e-06 8.231714975594186967e+00
1.803320543752526134e-06 8.231714972617254489e+00
1.969189310816785935e-06 8.231714969151106231e+00
2.145852983093271333e-06 8.231714965124133698e+00
2.334014103807012369e-06 8.231714960454874941e+00
2.534420938398601179e-06 8.231714955050350113e+00
2.747870450171603521e-06 8.231714948804828680e+00
2.975211469598351597e-06 8.231714941597683577e+00
3.217348069887064443e-06 8.231714933291799596e+00
3.475243162234227762e-06 8.231714923731066946e+00
3.749922325059911349e-06 8.231714912737800205e+00
4.042477882453245495e-06 8.231714900109833977e+00
4.354073248047161842e-06 8.231714885617229527e+00
4.685947551597248555e-06 8.231714868998514234e+00
5.039420566662596439e-06 8.231714849956382807e+00
5.415897958985004981e-06 8.231714828152682628e+00
5.816876876438427352e-06 8.231714803203159292e+00
6.243951902777456888e-06 8.231714774670944479e+00
6.698821398861668871e-06 8.231714742059663692e+00
7.183294256573753678e-06 8.231714704805153104e+00
7.699297092288845179e-06 8.231714662266425009e+00
8.248881908501963514e-06 8.231714613715208628e+00
8.834234254082522193e-06 8.231714558324378928e+00
9.457681915605696142e-06 8.231714495154065503e+00
1.012170417432424687e-05 8.231714423136976322e+00
1.082894166559416273e-05 8.231714341060891726e+00
1.158220687996078599e-05 8.231714247549248853e+00
1.238449534766601939e-05 8.231714141038718680e+00
1.323899755105545939e-05 8.231714019754212686e+00
1.414911161225593266e-05 8.231713881680400746e+00
1.511845680657965724e-05 8.231713724528839649e+00
1.615088795539546725e-05 8.231713545701701662e+00
1.725051075570132930e-05 8.231713342249745935e+00
1.842169810736063801e-05 8.231713110825053192e+00
1.966910750293282952e-05 8.231712847627107976e+00
2.099769954925015053e-05 8.231712548342159153e+00
2.241275769439700604e-05 8.231712208073695081e+00
2.391990923854262385e-05 8.231711821264143580e+00
2.552514771217800657e-05 8.231711381605872901e+00
2.723485671075071492e-05 8.231710881940044189e+00
2.905583528048369117e-05 8.231710314141999163e+00
3.099532495632644548e-05 8.231709668991388895e+00
3.306103855956297338e-05 8.231708936024428880e+00
3.526119086959926676e-05 8.231708103366703000e+00
3.760453129189908716e-05 8.231707157543253217e+00
4.010037865198123555e-05 8.231706083263045315e+00
4.275865825384819795e-05 8.231704863174934772e+00
4.558994135021126844e-05 8.231703477589874751e+00
4.860548718147712592e-05 8.231701904166992989e+00
5.181728775067744768e-05 8.231700117556368212e+00
5.523811551239205268e-05 8.231698088994557239e+00
5.888157416531447608e-05 8.231695785845047908e+00
6.276215275045299931e-05 8.231693171077733240e+00
6.689528327009240302e-05 8.231690202677759416e+00
7.129740205665476590e-05 8.231686832975070089e+00
7.598601513551263547e-05 8.231683007884134540e+00
8.097976784167412539e-05 8.231678666041101877e+00
8.629851896719099109e-05 8.231673737825172310e+00
9.196341973416056873e-05 8.231668144248690311e+00
9.799699790736354202e-05 8.231661795697355899e+00
1.044232473810352796e-04 8.231654590502264668e+00
1.112677235960420974e-04 8.231646413319127831e+00
1.185576451668948804e-04 8.231637133290337971e+00
1.263220021227494871e-04 8.231626601959899148e+00
1.345916711928494950e-04 8.231614650908513298e+00
1.433995385948514170e-04 8.231601089070951005e+00
1.527806308143358637e-04 8.231585699693404479e+00
1.627722538955916909e-04 8.231568236882349510e+00
1.734141417975726429e-04 8.231548421690064288e+00
1.847486144050063236e-04 8.231525937675293392e+00
1.968207458230386390e-04 8.231500425867979587e+00
2.096785436246481258e-04 8.231471479059004892e+00
2.233731397636598375e-04 8.231438635324348496e+00
2.379589939125861320e-04 8.231401370681140861e+00
2.534941100338807115e-04 8.231359090760388852e+00
2.700402670458652214e-04 8.231311121364061734e+00
2.876632645006474724e-04 8.231256697758945862e+00
3.064331842509692436e-04 8.231194952538015031e+00
3.264246691466312429e-04 8.231124901859899978e+00
3.477172198687347553e-04 8.231045429849714878e+00
3.703955110821903832e-04 8.230955270918290267e+00
3.945497281637764609e-04 8.230852989724661839e+00
4.202759258447686459e-04 8.230736958468975573e+00
4.476764101943878299e-04 8.230605331165284255e+00
4.768601454631463685e-04 8.230456014496718709e+00
5.079431874039339089e-04 8.230286634804949486e+00
5.410491447940683806e-04 8.230094500708716510e+00
5.763096709937052609e-04 8.229876560783406347e+00
6.138649874953195544e-04 8.229629355659705325e+00
6.538644415463072072e-04 8.229348963823428065e+00
6.964671000622733388e-04 8.229030940306822473e+00
7.418423821927417998e-04 8.228670247365752033e+00
7.901707330548697139e-04 8.228261176126899556e+00
8.416443413144852545e-04 8.227797258070687292e+00
8.964679034679587247e-04 8.227271165085234372e+00
9.548594378642956708e-04 8.226674596678700269e+00
1.017051151704675017e-03 8.225998152787507678e+00
1.083290364467113165e-03 8.225231190444830531e+00
1.153840491428521084e-03 8.224361662395715200e+00
1.228982091195448319e-03 8.223375935551903382e+00
1.309013981409089993e-03 8.222258586979526385e+00
1.394254427061482901e-03 8.220992174902505667e+00
1.485042406148611707e-03 8.219556981992473865e+00
1.581738957693386684e-03 8.217930728003416618e+00
1.684728617499287517e-03 8.216088248603329092e+00
1.794420947344423523e-03 8.214001137064670388e+00
1.911252163696946192e-03 8.211637345309929614e+00
2.035686872428873594e-03 8.208960740679458468e+00
2.168219916426985822e-03 8.205930614719880722e+00
2.309378343447928035e-03 8.202501140284894632e+00
2.459723502043281544e-03 8.198620773347174762e+00
2.619853273889716141e-03 8.194231596135130857e+00
2.790404451401243442e-03 8.189268598597111648e+00
2.972055270078832485e-03 8.183658895766033226e+00
3.165528105668094852e-03 8.177320879413420229e+00
3.371592346850472034e-03 8.170163303483574779e+00
3.591067454892016286e-03 8.162084304240105226e+00
3.824826222417438987e-03 8.152970357834243842e+00
4.073798244268176869e-03 8.142695180523583431e+00
4.338973614247340800e-03 8.131118579075934605e+00
4.621406862452843295e-03 8.118085262776418176e+00
4.922221148855803613e-03 8.103423632086428796e+00
5.242612729801172412e-03 8.086944563722877177e+00
5.583855715193094399e-03 8.068440217193041164e+00
5.947307135282262590e-03 8.047682893760114808e+00
6.334412337204820692e-03 8.024423985392679981e+00
6.746710732733886100e-03 7.998393058428829860e+00
7.185841920100037063e-03 7.969297123870072497e+00
7.653552204225934005e-03 7.936820155356079987e+00
8.151701541304925275e-03 7.900622921033083834e+00
8.682270935339195597e-03 7.860343206310719033e+00
9.247370316051963662e-03 7.815596508528387609e+00
9.849246929502777567e-03 7.765977288105053056e+00
1.049029427477177374e-02 7.711060869060050393e+00
1.117306162225219397e-02 7.650406087547815481e+00
1.190026415140376694e-02 7.583558770606628308e+00
1.267479374828037013e-02 7.510056130974617439e+00
1.349973050577152334e-02 7.429432151195062950e+00
1.437835497229211779e-02 7.341224006289785109e+00
1.531416119762810286e-02 7.244979518895081405e+00
1.631087062781879510e-02 7.140265745160654376e+00
1.737244690433321567e-02 7.026678616928072607e+00
1.850311162639044910e-02 6.903853514912528411e+00
1.970736113910743700e-02 6.771476537855071420e+00
2.098998441423769942e-02 6.629296631690316133e+00
2.235608209460499679e-02 6.477138184293267820e+00
2.381108677796757098e-02 6.314912714629308255e+00
2.536078462097841185e-02 6.142632504031222851e+00
2.701133834915109624e-02 5.960420692509812213e+00
2.876931176433698834e-02 5.768522356290223918e+00
3.064169584717577749e-02 5.567312813999667931e+00
3.263593655831751456e-02 5.357304252695734625e+00
3.475996444897566651e-02 5.139149181833571056e+00
3.702222619856727903e-02 4.913641295597630965e+00
3.943171820485173729e-02 4.681712241130985497e+00
4.199802236014902462e-02 4.444424832364074263e+00
4.473134415591326768e-02 4.202962244451049934e+00
4.764255326718694339e-02 3.958613082783837278e+00
5.074322677833156825e-02 3.712752665027169385e+00
5.404569522193609227e-02 3.466820778114457102e+00
5.756309161397969026e-02 3.222296428697323467e+00
6.130940368025160347e-02 2.980670343704381775e+00
6.529952948172323968e-02 2.743416017284348474e+00
6.954933666007066806e-02 2.511960279152366304e+00
7.407572553895443168e-02 2.287654399481724443e+00
7.889669633199926368e-02 2.071746829213879426e+00
8.403142072473115953e-02 1.865358377197165352e+00
8.950031811513757540e-02 1.669461080546837728e+00
9.532513681604654066e-02 1.484861173972889636e+00
1.015290405422311915e-01 1.312186961926086193e+00
1.081367005261806707e-01 1.151881866185744840e+00
1.151743936288659592e-01 1.004202805923630537e+00
1.226701068356443602e-01 8.692237179803912195e-01
1.306536485528610736e-01 7.468439302635813126e-01
1.391567671477548507e-01 6.368007916189959428e-01
1.482132772030496648e-01 5.386858989791816210e-01
1.578591939883203232e-01 4.519641377403046945e-01
1.681328766829011112e-01 3.759947378807916851e-01
1.790751809198728173e-01 3.100535389960971111e-01
1.907296212577638539e-01 2.533556866160551202e-01
2.031180993447962990e-01 2.051626772355086559e-01
2.157282698469407123e-01 1.661214756202669951e-01
2.283384403490833492e-01 1.349824144926768943e-01
2.409486108512259861e-01 1.100442932757625114e-01
2.535587813533703994e-01 8.999464252773123341e-02
2.661689518555130363e-01 7.381576373462148122e-02
2.787791223576556732e-01 6.071469204629675875e-02
2.913892928598000864e-01 5.007069679281818397e-02
3.039994633619427233e-01 4.139571114762253395e-02
3.166096338640853602e-01 3.430434707596765470e-02
3.292198043662297735e-01 2.849105639080365057e-02
3.418299748683724104e-01 2.371264820172386961e-02
3.544401453705150473e-01 1.977484247941080006e-02
3.670503158726594606e-01 1.652188031685951006e-02
3.796604863748020975e-01 1.382846048045608539e-02
3.922706568769447344e-01 1.159345473463460618e-02
4.048808273790891477e-01 9.734989475062825331e-03
4.174909978812317846e-01 8.186581450324685594e-03
4.301011683833744215e-01 6.894090136599880132e-03
4.427113388855188347e-01 5.813305392377538829e-03
4.553215093876614716e-01 4.908031245781532478e-03
4.679316798898041085e-01 4.148558615693540529e-03
4.805418503919485218e-01 3.510444047248290501e-03
4.931520208940911587e-01 2.973530072067989867e-03
5.057621913962337956e-01 2.521157003709229971e-03
5.183723618983782089e-01 2.139526904355345052e-03
5.309825324005208458e-01 1.817188897417482737e-03
5.435927029026652590e-01 1.544621542929022632e-03
5.562028734048078960e-01 1.313893083019477583e-03
5.688130439069505329e-01 1.118384339452330005e-03
5.814232144090949461e-01 9.525621593368755130e-04
5.940333849112375830e-01 8.117937530650151841e-04
6.066435554133802199e-01 6.921941989684744344e-04
6.192537259155246332e-01 5.905009162742222819e-04
6.318638964176672701e-01 5.039701195816052122e-04
6.444740669198099070e-01 4.302912322676391674e-04
6.570842374219543203e-01 3.675160056675836674e-04
6.696944079240969572e-01 3.139997066022521600e-04
6.823045784262395941e-01 2.683522298604817989e-04
6.949147489283840073e-01 2.293973896738736530e-04
7.075249194305266442e-01 1.961389647394711421e-04
7.201350899326692812e-01 1.677323304720066658e-04
7.327452604348136944e-01 1.434607221582972852e-04
7.453554309369563313e-01 1.227153432523383299e-04
7.579656014390989682e-01 1.049786719040353905e-04
7.705757719412433815e-01 8.981043209957645206e-05
7.831859424433860184e-01 7.683578841137805881e-05
7.957961129455286553e-01 6.573539923615389507e-05
8.084062834476730686e-01 5.623702569090663383e-05
8.210164539498157055e-01 4.810844457038957644e-05
8.336266244519583424e-01 4.115145599104743800e-05
8.462367949541027556e-01 3.519681120091813103e-05
8.588469654562453925e-01 3.009991486291938685e-05
8.714571359583880295e-01 2.573718000128810685e-05
8.840673064605324427e-01 2.200293362049814542e-05
8.966774769626750796e-01 1.880678748042038625e-05
9.092876474648177165e-01 1.607140222731553726e-05
9.218978179669621298e-01 1.373058451690441904e-05
9.345079884691047667e-01 1.172766631625713862e-05
9.471181589712474036e-01 1.001412355827656693e-05
9.597283294733918169e-01 8.548398011452507718e-06
9.723384999755344538e-01 7.294891836972484303e-06
9.849486704776770907e-01 6.223109015665937261e-06
9.975588409798215039e-01 5.306921787779395150e-06
1.010169011481964141e+00 4.523943582744607096e-06
1.022779181984106778e+00 3.854992726366877518e-06
1.035389352486251191e+00 3.283633584291789358e-06
1.047999522988393828e+00 2.795783803988107757e-06
1.060609693490536465e+00 2.379378011781618710e-06
1.073219863992680878e+00 2.024079755873980203e-06
1.085830034494823515e+00 1.721034701881745316e-06
1.098440204996966152e+00 1.462659118611191790e-06
1.111050375499110565e+00 1.242458567349010939e-06
1.123660546001253202e+00 1.054872452043546886e-06
1.136270716503395839e+00 8.951407206731994708e-07
1.148880887005540252e+00 7.591895468980383645e-07
1.161491057507682889e+00 6.435332801313939537e-07
1.174101228009825526e+00 5.451903435510562365e-07
1.186711398511969939e+00 4.616110935112445858e-07
1.199321569014112576e+00 3.906159389378046196e-07
1.211931739516255213e+00 3.303422628895875964e-07
1.224541910018399626e+00 2.791988967215233415e-07
1.237152080520542263e+00 2.358270754220544075e-07
1.249762251022684900e+00 1.990669551576204839e-07
1.262372421524829313e+00 1.679289046076459684e-07
1.274982592026971950e+00 1.415688935159451300e-07
1.287592762529114587e+00 1.192673977422010951e-07
1.300202933031259001e+00 1.004113222881378728e-07
1.312813103533401637e+00 8.447851427125886910e-08
1.325423274035544274e+00 7.102449830895114601e-08
1.338033444537688688e+00 5.967111869354767545e-08
1.350643615039831325e+00 5.009681731129090107e-08
1.363253785541973961e+00 4.202831453334066623e-08
1.375863956044118375e+00 3.523349318125119732e-08
1.388474126546261012e+00 2.951531390935725476e-08
1.401084297048403648e+00 2.470661460895619589e-08
1.413694467550548062e+00 2.066566728627856195e-08
1.426304638052690699e+00 1.727238377993932563e-08
1.438914808554833336e+00 1.442507707721115912e-08
1.451524979056977749e+00 1.203769821657861001e-08
1.464135149559120386e+00 1.003748013089075060e-08
1.476745320061263023e+00 8.362929552356237261e-09
1.489355490563407436e+00 6.962116492025290334e-09
1.501965661065550073e+00 5.791218015100614251e-09
1.514575831567692710e+00 4.813279225157443810e-09
1.527186002069837123e+00 3.997159687643685803e-09
1.539796172571979760e+00 3.316638088347318578e-09
1.552406343074122397e+00 2.749651841303334972e-09
1.565016513576266810e+00 2.277651723483720469e-09
1.577626684078409447e+00 1.885054498576012305e-09
1.590236854580552084e+00 1.558778966316928310e-09
1.602847025082696497e+00 1.287852994951695813e-09
1.615457195584839134e+00 1.063080912119399823e-09
1.628067366086981771e+00 8.767621865773940269e-10
1.640677536589126184e+00 7.224536664651474982e-10
1.653287707091268821e+00 5.947687809121825696e-10
1.665897877593411458e+00 4.892080879522667070e-10
1.678508048095555871e+00 4.020163863337903761e-10
1.691118218597698508e+00 3.300623220519303260e-10
1.703728389099841145e+00 2.707370295956158956e-10
1.716338559601985558e+00 2.218688678808464402e-10
1.728948730104128195e+00 1.816517544258868425e-10
1.741558900606270832e+00 1.485849795022435216e-10
1.754169071108415245e+00 1.214227042048878195e-10
1.766779241610557882e+00 9.913162072672922313e-11
1.779389412112700519e+00 8.085548654855429474e-11
1.791999582614844932e+00 6.588544272894336059e-11
1.804609753116987569e+00 5.363519511089463136e-11
1.817219923619130206e+00 4.362028043421823307e-11
1.829830094121274620e+00 3.544076080675430673e-11
1.842440264623417256e+00 2.876679295473325968e-11
1.855050435125559893e+00 2.332660589070503664e-11
1.867660605627704307e+00 1.889649445567501934e-11
1.880270776129846944e+00 1.529249861722416310e-11
1.892880946631989580e+00 1.236349115179330547e-11
1.905491117134133994e+00 9.985440869256146694e-12
1.918101287636276631e+00 8.056656098575302053e-12
1.930711458138419268e+00 6.493844807452786317e-12
1.943321628640563681e+00 5.228854381207142699e-12
1.955931799142706318e+00 4.205976506554251832e-12
1.968541969644848955e+00 3.379721448911314891e-12
1.981152140146993368e+00 2.712981833325852625e-12
1.993762310649136005e+00 2.175519310925830876e-12
2.006372481151278642e+00 1.742718615079206177e-12
2.018982651653423055e+00 1.394562823261575618e-12
2.031592822155565692e+00 1.114791428963247036e-12
2.044202992657708329e+00 8.902093355694853772e-13
2.056813163159852742e+00 7.101203161318201729e-13
2.069423333661995379e+00 5.658630124685451207e-13
2.082033504164138016e+00 4.504313201318502318e-13
2.094643674666282429e+00 3.581641455082601684e-13
2.107253845168425066e+00 2.844921312475580914e-13
2.119864015670569479e+00 2.257311134508515352e-13
2.132474186172712116e+00 1.789138717495836677e-13
2.145084356674854753e+00 1.416532229781996851e-13
2.157694527176999166e+00 1.120307420579881892e-13
2.170304697679141803e+00 8.850641307119933073e-14
2.182914868181284440e+00 6.984535537460770053e-14
2.195525038683428853e+00 5.505846411183611611e-14
2.208135209185571490e+00 4.335437678698288671e-14
2.220745379687714127e+00 3.410064863113436255e-14
2.233355550189858540e+00 2.679240679602357072e-14
2.245965720692001177e+00 2.102707147765689383e-14
2.258575891194143814e+00 1.648399298394688264e-14
2.271186061696288228e+00 1.290806753853833183e-14
2.283796232198430864e+00 1.009656956933035646e-14
2.296406402700573501e+00 7.888581247685699690e-15
2.309016573202717915e+00 6.156516816453104548e-15
2.321626743704860552e+00 4.799334475569385417e-15
2.334236914207003188e+00 3.737106165192599204e-15
2.346847084709147602e+00 2.906678697444562374e-15
2.359457255211290239e+00 2.258210973163019338e-15
2.372067425713432876e+00 1.752413645394642603e-15
2.384677596215577289e+00 1.358351335532089669e-15
2.397287766717719926e+00 1.051694830048976878e-15
2.409897937219862563e+00 8.133327810839247985e-16
2.422508107722006976e+00 6.282702807347956328e-16
2.435118278224149613e+00 4.847560761651300334e-16
2.447728448726292250e+00 3.735917929064849819e-16
2.460338619228436663e+00 2.875858688918823624e-16
2.472948789730579300e+00 2.211224047751088142e-16
2.485558960232721937e+00 1.698211590624264188e-16
2.498169130734866350e+00 1.302697454354082921e-16
2.510779301237008987e+00 9.981295627908836974e-17
2.523389471739151624e+00 7.638722870254233827e-17
2.535999642241296037e+00 5.839073921539188147e-17
2.548609812743438674e+00 4.458158348775644858e-17
2.561219983245581311e+00 3.399806734643453128e-17
2.573830153747725724e+00 2.589638418573788145e-17
2.586440324249868361e+00 1.970194655270467948e-17
2.599050494752010998e+00 1.497142744912031895e-17
2.611660665254155411e+00 1.136319133315033185e-17
2.624270835756298048e+00 8.614289134855722105e-18
2.636881006258440685e+00 6.522582428950772196e-18
2.649491176760585098e+00 4.932870508245951404e-18
2.662101347262727735e+00 3.726137457953509549e-18
2.674711517764870372e+00 2.811227989903192011e-18
2.687321688267014785e+00 2.118411543328054256e-18
2.699931858769157422e+00 1.594412574023885694e-18
2.712542029271300059e+00 1.198577849900778429e-18
2.725152199773444472e+00 8.999243525545914757e-19
2.737762370275587109e+00 6.748683322793501516e-19
2.750372540777729746e+00 5.054805642386444093e-19
2.762982711279874160e+00 3.781475814000414527e-19
2.775592881782016796e+00 2.825457257271032537e-19
2.788203052284159433e+00 2.108559256903524824e-19
2.800813222786303847e+00 1.571634835497862345e-19
2.813423393288446483e+00 1.169998678950691484e-19
2.826033563790589120e+00 8.699336207276368210e-20
2.838643734292733534e+00 6.460304930372007186e-20
2.851253904794876171e+00 4.791651497427380532e-20
2.863864075297018807e+00 3.549620217237526019e-20
2.876474245799163221e+00 2.626286956322776877e-20
2.889084416301305858e+00 1.940730613863463007e-20
2.901694586803448495e+00 1.432353809351365007e-20
2.914304757305592908e+00 1.055836119730177418e-20
2.926914927807735545e+00 7.773257826948816668e-21
2.939525098309878182e+00 5.715696789352776057e-21
2.952135268812022595e+00 4.197532337753513265e-21
2.964745439314165232e+00 3.078767506898838686e-21
2.977355609816307869e+00 2.255365516328856215e-21
2.989965780318452282e+00 1.650111933264278301e-21
3.002575950820594919e+00 1.205772954313807293e-21
3.015186121322737556e+00 8.799795496710534852e-22
3.027796291824881969e+00 6.414071232479446598e-22
3.040406462327024606e+00 4.669263609067173896e-22
3.053016632829167243e+00 3.394811671735451831e-22
3.065626803331311656e+00 2.465102199213213442e-22
3.078236973833454293e+00 1.787744280747040559e-22
3.090847144335596930e+00 1.294870611668397793e-22
3.103457314837741343e+00 9.366927291441559957e-23
3.116067485339883980e+00 6.767324743541475049e-23
3.128677655842026617e+00 4.882983770673729326e-23
3.141287826344171030e+00 3.518853991157796323e-23
3.153897996846313667e+00 2.532586160127290561e-23
3.166508167348456304e+00 1.820428170265914920e-23
3.179118337850600717e+00 1.306858378810943300e-23
3.191728508352743354e+00 9.369760674081098289e-24
3.204338678854885991e+00 6.709231827690867912e-24
3.216948849357030404e+00 4.798005818601325623e-24
3.229559019859173041e+00 3.426823695926131979e-24
3.242169190361315678e+00 2.444359756497541976e-24
3.254779360863460091e+00 1.741326543119306567e-24
3.267389531365602728e+00 1.238900450031477456e-24
3.279999701867745365e+00 8.803047927971152764e-25
3.292609872369889779e+00 6.246972033215888638e-25
3.305220042872032415e+00 4.427364479542518033e-25
3.317830213374175052e+00 3.133715714938031444e-25
3.330440383876319466e+00 2.215194726386303555e-25
3.343050554378462103e+00 1.563873466755524928e-25
3.355660724880604739e+00 1.102625679570430105e-25
3.368270895382749153e+00 7.764094054765297553e-26
3.380881065884891790e+00 5.459955159116431560e-26
3.393491236387034427e+00 3.834620427632120137e-26
3.406101406889178840e+00 2.689615031328234990e-26
3.418711577391321477e+00 1.884046965727800442e-26
3.431321747893464114e+00 1.318034002084428598e-26
3.443931918395608527e+00 9.208613050565685801e-27
3.456542088897751164e+00 6.425308609939876618e-27
3.469152259399893801e+00 4.477394472771216445e-27
3.481762429902038214e+00 3.115930562530611231e-27
3.494372600404180851e+00 2.165612146799156666e-27
3.506982770906323488e+00 1.503154206238714570e-27
3.519592941408467901e+00 1.041971410670922543e-27
3.532203111910610538e+00 7.213348942592651478e-28
3.544813282412753175e+00 4.987080963213067936e-28
3.557423452914897588e+00 3.443370118695168463e-28
3.570033623417040225e+00 2.374369359873166184e-28
3.582643793919182862e+00 1.635082298291685880e-28
3.595253964421327275e+00 1.124494154610189021e-28
3.607864134923469912e+00 7.723257638221544769e-29
3.620474305425612549e+00 5.297476867857496077e-29
3.633084475927756962e+00 3.628794178717555981e-29
3.645694646429899599e+00 2.482446072354246039e-29
3.658304816932042236e+00 1.695981190296650009e-29
3.670914987434186649e+00 1.157138830639105920e-29
3.683525157936329286e+00 7.884472479855700300e-30
3.696135328438471923e+00 5.365152446958417374e-30
3.708745498940616336e+00 3.645971416922249577e-30
3.721355669442758973e+00 2.474376264834552716e-30
3.733965839944901610e+00 1.677023062533688440e-30
3.746576010447046023e+00 1.135096198304051539e-30
3.759186180949188660e+00 7.672663895311325968e-31
3.771796351451333074e+00 5.179395611745428375e-31
3.784406521953475711e+00 3.491651881326122143e-31
3.797016692455618347e+00 2.350722019577095899e-31
3.809626862957762761e+00 1.580482318077203679e-31
3.822237033459905398e+00 1.061195949312274608e-31
3.834847203962048034e+00 7.115716758435088745e-32
3.847457374464192448e+00 4.764950602234182472e-32
3.860067544966335085e+00 3.186503435235388049e-32
3.872677715468477722e+00 2.128071315661523403e-32
3.885287885970622135e+00 1.419297137288025929e-32
3.897898056472764772e+00 9.453125078312533786e-33
3.910508226974907409e+00 6.287702424622313932e-33
3.923118397477051822e+00 4.176597518610306348e-33
3.935728567979194459e+00 2.770555909721765823e-33
3.948338738481337096e+00 1.835373411305494543e-33
3.960948908983481509e+00 1.214212667076277100e-33
3.973559079485624146e+00 8.021904235328098014e-34
3.986169249987766783e+00 5.292637682734356216e-34
3.998779420489911196e+00 3.487212587623728353e-34
4.011389590992053833e+00 2.294541110319043916e-34
4.023999761494196470e+00 1.507731535875117307e-34
4.036609931996340883e+00 9.893786821521544381e-35
4.049220102498483520e+00 6.483522670259059845e-35
4.061830273000626157e+00 4.242961373265413472e-35
4.074440443502770570e+00 2.772913282003810884e-35
4.087050614004913207e+00 1.809723694138605670e-35
4.099660784507055844e+00 1.179496464175593131e-35
4.112270955009200257e+00 7.676955349863319814e-36
4.124881125511342894e+00 4.989867383893559852e-36
4.137491296013485531e+00 3.238890227091237321e-36
4.150101466515629944e+00 2.099473094609211686e-36
4.162711637017772581e+00 1.359035748819760756e-36
4.175321807519915218e+00 8.785319457047209785e-37
4.187931978022059631e+00 5.671396030487895531e-37
4.200542148524202268e+00 3.656181633153872265e-37
4.213152319026344905e+00 2.353805404003715538e-37
4.225762489528489319e+00 1.513275463044084524e-37
4.238372660030631955e+00 9.715601775730278386e-38
4.250982830532774592e+00 6.229100570498554024e-38
4.263593001034919006e+00 3.988269940586359876e-38
4.276203171537061642e+00 2.550039801295996038e-38
4.288813342039204279e+00 1.628216802092478267e-38
4.301423512541348693e+00 1.038197586094785814e-38
4.314033683043491330e+00 6.610738219152696151e-39
4.326643853545633966e+00 4.203603274993292156e-39
4.339254024047778380e+00 2.669285072337212020e-39
4.351864194549921017e+00 1.692658423742064156e-39
4.364474365052063654e+00 1.071875860848149603e-39
4.377084535554208067e+00 6.778289475891959799e-40
4.389694706056350704e+00 4.280513360763135515e-40
4.402304876558493341e+00 2.699425791015397365e-40
4.414915047060635978e+00 1.699990089895021829e-40
4.427525217562778614e+00 1.069105389534343762e-40
4.440135388064924804e+00 6.714187334185918736e-41
4.452745558567067441e+00 4.210802499734363358e-41
4.465355729069210078e+00 2.637147672217964351e-41
4.477965899571352715e+00 1.649308384958622974e-41
4.490576070073495352e+00 1.030070158349909568e-41
4.503186240575637989e+00 6.424346392558345373e-42
4.515796411077784178e+00 4.001179031454485266e-42
4.528406581579926815e+00 2.488534105705833957e-42
4.541016752082069452e+00 1.545594195123843481e-42
4.553626922584212089e+00 9.586130078829054998e-43
4.566237093086354726e+00 5.937270148902216549e-43
4.578847263588500915e+00 3.672194277247350223e-43
4.591457434090643552e+00 2.268086079532394618e-43
4.604067604592786189e+00 1.398904797476358598e-43
4.616677775094928826e+00 8.616109890784152799e-44
4.629287945597071463e+00 5.299421272757186041e-44
4.641898116099214100e+00 3.254913935671312629e-44
4.654508286601360290e+00 1.996384227721995920e-44
4.667118457103502926e+00 1.222762224601179008e-44
4.679728627605645563e+00 7.478816350450383196e-45
4.692338798107788200e+00 4.567898102391179564e-45
4.704948968609930837e+00 2.786072039047155346e-45
4.717559139112073474e+00 1.696916162335478141e-45
4.730169309614219664e+00 1.032096384398788509e-45
4.742779480116362301e+00 6.268616058589484518e-46
4.755389650618504938e+00 3.802019571909521549e-46
4.767999821120647574e+00 2.302756460462080575e-46
4.780609991622790211e+00 1.392747466423099002e-46
4.793220162124932848e+00 8.411765854342562712e-47
4.805830332627079038e+00 5.073318523765013090e-47
4.818440503129221675e+00 3.055532927041023784e-47
4.831050673631364312e+00 1.837686473658428891e-47
4.843660844133506949e+00 1.103685182783421760e-47
4.856271014635649586e+00 6.619239271467166378e-48
4.868881185137792222e+00 3.964238330744939830e-48
4.881491355639938412e+00 2.370827607643084970e-48
4.894101526142081049e+00 1.415886610323630156e-48
4.906711696644223686e+00 8.443937131891624943e-49
4.919321867146366323e+00 5.028625165596540924e-49
4.931932037648508960e+00 2.990480917466557165e-49
4.944542208150651597e+00 1.775906294548247212e-49
4.957152378652797786e+00 1.053139837824152480e-49
4.969762549154940423e+00 6.236468961892647041e-50
4.982372719657083060e+00 3.687890050238150295e-50
4.994982890159225697e+00 2.177726758814757669e-50
5.007593060661368334e+00 1.284147123765009885e-50
5.020203231163510971e+00 7.561568710648038421e-51
5.032813401665657160e+00 4.446256347173392754e-51
5.045423572167799797e+00 2.610732182451350984e-51
5.058033742669942434e+00 1.530788290273262890e-51
5.070643913172085071e+00 8.962985223275095352e-52
5.083254083674227708e+00 5.240524156213294208e-52
5.095864254176370345e+00 3.059715387387396166e-52
5.108474424678516534e+00 1.783903471717644298e-52
5.121084595180659171e+00 1.038593138149202094e-52
5.133694765682801808e+00 6.038138744528088944e-53
5.146304936184944445e+00 3.505452058398343193e-53
5.158915106687087082e+00 2.032207481786203673e-53
5.171525277189229719e+00 1.176453853165211150e-53
5.184135447691375909e+00 6.800868090427101878e-54
5.196745618193518546e+00 3.925872396554107648e-54
5.209355788695661182e+00 2.263029166129601641e-54
5.221965959197803819e+00 1.302644883052421169e-54
5.234576129699946456e+00 7.487616834929163778e-55
5.247186300202089093e+00 4.297764831353945235e-55
5.259796470704235283e+00 2.463331836764330147e-55
5.272406641206377920e+00 1.409886670479806004e-55
5.285016811708520557e+00 8.057981749500934778e-56
5.297626982210663193e+00 4.598846594086751289e-56
5.310237152712805830e+00 2.620908833527347806e-56
5.322847323214948467e+00 1.491540449017368425e-56
5.335457493717094657e+00 8.476138949684734154e-57
5.348067664219237294e+00 4.809952568874137311e-57
5.360677834721379931e+00 2.725605510511754956e-57
5.373288005223522568e+00 1.542284405225240246e-57
5.385898175725665205e+00 8.714550405078894551e-58
5.398508346227807841e+00 4.917046812990113480e-58
5.411118516729954031e+00 2.770399029198672517e-58
5.423728687232096668e+00 1.558686327605896561e-58
5.436338857734239305e+00 8.756959324970065766e-59
5.448949028236381942e+00 4.912764406806174225e-59
5.461559198738524579e+00 2.752176835261341409e-59
5.474169369240667216e+00 1.539587293419939466e-59
5.486779539742813405e+00 8.600222393575828395e-60
5.499389710244956042e+00 4.797248573149197059e-60
5.511999880747098679e+00 2.672094029993998459e-60
5.524610051249241316e+00 1.486236843092622596e-60
5.537220221751383953e+00 8.254692132131145063e-61
5.549830392253526590e+00 4.578150958850147978e-61
5.562440562755672779e+00 2.535452680220619357e-61
5.575050733257815416e+00 1.402157775480158505e-61
5.587660903759958053e+00 7.743085183457643496e-62
5.600271074262100690e+00 4.269792508537033878e-62
5.612881244764243327e+00 2.351120516050006440e-62
5.625491415266385964e+00 1.292760887037313315e-62
5.638101585768532154e+00 7.098008513775011645e-63
5.650711756270674790e+00 3.891612907750691463e-63
5.663321926772817427e+00 2.130577667631371292e-63
5.675932097274960064e+00 1.164768270807932746e-63
5.688542267777102701e+00 6.358518353594610559e-64
5.701152438279245338e+00 3.466142192077572493e-64
5.713762608781391528e+00 1.886734023478899960e-64
5.726372779283534165e+00 1.025530689733754797e-64
5.738982949785676801e+00 5.566216958696704664e-65
5.751593120287819438e+00 3.016788767934816112e-65
5.764203290789962075e+00 1.632686472475979683e-65
5.776813461292104712e+00 8.823352361518628621e-66
5.789423631794250902e+00 4.761427835233372225e-66
5.802033802296393539e+00 2.565744243416851283e-66
5.814643972798536176e+00 1.380581065638887852e-66
5.827254143300678813e+00 7.417929064089444309e-67
5.839864313802821449e+00 3.979930368389821983e-67
5.852474484304964086e+00 2.132259847151090905e-67
5.865084654807110276e+00 1.140713190805257220e-67
5.877694825309252913e+00 6.093745359651690825e-68
5.890304995811395550e+00 3.250599540303654991e-68
5.902915166313538187e+00 1.731465294389205234e-68
5.915525336815680824e+00 9.209479652423642513e-69
5.928135507317823460e+00 4.891332679717096133e-69
5.940745677819969650e+00 2.594119311847195038e-69
5.953355848322112287e+00 1.373798873405510915e-69
5.965966018824254924e+00 7.264850119436584427e-70
5.978576189326397561e+00 3.836191564013429568e-70
5.991186359828540198e+00 2.022757724996076121e-70
6.003796530330682835e+00 1.065018711831359270e-70
6.016406700832829024e+00 5.599383689122191266e-71
6.029016871334971661e+00 2.939630001001242364e-71
6.041627041837114298e+00 1.541041739416703989e-71
6.054237212339256935e+00 8.066873661229768942e-72
6.066847382841399572e+00 4.216625853754712861e-72
6.079457553343542209e+00 2.200866369182163270e-72
6.092067723845688398e+00 1.147072619214529749e-72
6.104677894347831035e+00 5.969756574435392204e-73
6.117288064849973672e+00 3.102348916814282014e-73
6.129898235352116309e+00 1.609877413638676279e-73
6.142508405854258946e+00 8.341861261278478017e-74
6.155118576356401583e+00 4.316193906446342503e-74
6.167728746858547773e+00 2.230008935021977167e-74
6.180338917360690409e+00 1.150481852355398866e-74
6.192949087862833046e+00 5.926800357989270850e-75
6.205559258364975683e+00 3.048793604065113458e-75
6.218169428867118320e+00 1.566039801725568776e-75
6.230779599369264510e+00 8.032383893339824524e-76
6.243389769871407147e+00 4.113891688753924084e-76
6.255999940373549784e+00 2.103913267547638435e-76
6.268610110875692421e+00 1.074408018466772972e-76
6.281220281377835057e+00 5.478692514425310625e-77
6.293830451879977694e+00 2.789656553598000607e-77
6.306440622382123884e+00 1.418373229831083772e-77
6.319050792884266521e+00 7.201055167670426395e-78
6.331660963386409158e+00 3.650626701285558367e-78
6.344271133888551795e+00 1.848009675690347906e-78
6.356881304390694432e+00 9.341280951189450881e-79
6.369491474892837068e+00 4.714914905364994618e-79
6.382101645394983258e+00 2.376327906466382083e-79
6.394711815897125895e+00 1.195924644668702934e-79
6.407321986399268532e+00 6.009883530560416563e-80
6.419932156901411169e+00 3.015733382021708349e-80
6.432542327403553806e+00 1.511069133968766247e-80
6.445152497905696443e+00 7.560318388391256584e-81
6.457762668407842632e+00 3.777113652947075568e-81
6.470372838909985269e+00 1.884274169435570998e-81
6.482983009412127906e+00 9.386248950181030104e-82
6.495593179914270543e+00 4.668784560689656398e-82
6.508203350416413180e+00 2.318885205863074321e-82
6.520813520918555817e+00 1.150053849962705035e-82
6.533423691420702006e+00 5.695350726299729170e-83
6.546033861922844643e+00 2.816345965156669221e-83
6.558644032424987280e+00 1.390639711321732187e-83
6.571254202927129917e+00 6.856558837181288171e-84
6.583864373429272554e+00 3.375674837900301616e-84
6.596474543931415191e+00 1.659501650813362089e-84
6.609084714433561381e+00 8.146242195387744090e-85
6.621694884935704017e+00 3.993000445553571474e-85
6.634305055437846654e+00 1.954355998832028080e-85
6.646915225939989291e+00 9.551468248809252179e-86
6.659525396442131928e+00 4.661209312318058679e-86
6.672135566944274565e+00 2.271375570152057203e-86
6.684745737446420755e+00 1.105200413495705714e-86
6.697355907948563392e+00 5.369758305722903831e-87
6.709966078450706028e+00 2.605133106828135759e-87
6.722576248952848665e+00 1.262020608172955105e-87
6.735186419454991302e+00 6.104698140486130882e-88
6.747796589957133939e+00 2.948648676207282553e-88
6.760406760459280129e+00 1.422141554697342323e-88
6.773016930961422766e+00 6.848941450383438660e-89
6.785627101463565403e+00 3.293553961158058101e-89
6.798237271965708040e+00 1.581490866162628900e-89
6.810847442467850676e+00 7.582790209301405414e-90
6.823457612969993313e+00 3.630376895368976824e-90
6.836067783472139503e+00 1.735539824638074160e-90
6.848677953974282140e+00 8.284714033770651810e-91
6.861288124476424777e+00 3.948938820756014789e-91
6.873898294978567414e+00 1.879503368732199620e-91
6.886508465480710051e+00 8.932345380800718537e-92
6.899118635982852688e+00 4.238844435443090351e-92
6.911728806484998877e+00 2.008578911366456500e-92
6.924338976987141514e+00 9.503632749282147439e-93
6.936949147489284151e+00 4.490033660326771439e-93
6.949559317991426788e+00 2.118208132197254818e-93
6.962169488493569425e+00 9.978071855492572222e-94
6.974779658995712062e+00 4.693355641839091830e-94
6.987389829497858251e+00 2.204342239738089132e-94
7.000000000000000888e+00 1.033792036591971828e-94
