0.000000000000000000e+00
4.464029013245734978e-02
4.387365856249170887e-02
4.278891902003254671e-02
4.987668644995965628e-02
2.990535572369171224e-02
3.620062792753479808e-02
1.692298042198999222e-02
-1.624654943023685905e-02
-1.624654943023685905e-02
-1.624654943023685905e-02
-1.624654943023685905e-02
-1.624654943023685905e-02
-1.624654943023685905e-02
-1.624654943023685905e-02
-1.624654943023685905e-02
-1.624654943023685905e-02
-1.624654943023685905e-02
-1.624654943023685905e-02
-1.624654943023685905e-02
-1.624654943023685905e-02
-1.624654943023685905e-02
-1.624654943023685905e-02
-1.624654943023685905e-02
-1.624654943023685905e-02
-1.624654943023685905e-02
-1.624654943023685905e-02
-1.624654943023685905e-02
-1.624654943023685905e-02
-1.624654943023685905e-02
-1.624654943023685905e-02
-1.624654943023685905e-02
-1.624654943023685905e-02
-1.624654943023685905e-02
-1.624654943023685905e-02
-1.624654943023685905e-02
-1.624654943023685905e-02
-1.624654943023685905e-02
-1.624654943023685905e-02
-1.624654943023685905e-02
-1.624654943023685905e-02
-1.624654943023685905e-02
-1.624654943023685905e-02
-1.624654943023685905e-02
-1.624654943023685905e-02
-1.624654943023685905e-02
-1.624654943023685905e-02
-1.624654943023685905e-02
-1.624654943023685905e-02
-1.624654943023685905e-02
-1.624654943023685905e-02
-1.624654943023685905e-02
-1.624654943023685905e-02
-1.624654943023685905e-02
-1.624654943023685905e-02
-1.624654943023685905e-02
-1.624654943023685905e-02
-1.624654943023685905e-02
-1.624654943023685905e-02
-1.624654943023685905e-02
-1.624654943023685905e-02
-1.624654943023685905e-02
-1.624654943023685905e-02
-1.624654943023685905e-02
-1.624654943023685905e-02
-1.624654943023685905e-02
-1.624654943023685905e-02
-1.624654943023685905e-02
-1.624654943023685905e-02
-1.624654943023685905e-02
-1.624654943023685905e-02
-1.624654943023685905e-02
-1.624654943023685905e-02
-1.624654943023685905e-02
-1.624654943023685905e-02
-1.624654943023685905e-02
-1.624654943023685905e-02
-1.624654943023685905e-02
-1.624654943023685905e-02
-1.624654943023685905e-02
-1.624654943023685905e-02
-1.624654943023685905e-02
-1.624654943023685905e-02
-1.624654943023685905e-02
-1.624654943023685905e-02
-1.624654943023685905e-02
-1.624654943023685905e-02
-1.624654943023685905e-02
-1.624654943023685905e-02
-1.624654943023685905e-02
-1.624654943023685905e-02
-1.624654943023685905e-02
-1.624654943023685905e-02
-1.624654943023685905e-02
-1.624654943023685905e-02
-1.624654943023685905e-02
-1.624654943023685905e-02
-1.624654943023685905e-02
-1.624654943023685905e-02
-1.624654943023685905e-02
-1.624654943023685905e-02
-1.624654943023685905e-02
-1.624654943023685905e-02
-1.624654943023685905e-02
-1.624654943023685905e-02
-1.624654943023685905e-02
-1.624654943023685905e-02
-1.624654943023685905e-02
-1.624654943023685905e-02
-1.624654943023685905e-02
-1.624654943023685905e-02
-1.624654943023685905e-02
-1.624654943023685905e-02
-1.624654943023685905e-02
-1.624654943023685905e-02
-1.624654943023685905e-02
-1.624654943023685905e-02
-1.624654943023685905e-02
-1.624654943023685905e-02
-1.624654943023685905e-02
-1.624654943023685905e-02
-1.624654943023685905e-02
-1.624654943023685905e-02
-1.624654943023685905e-02
-1.624654943023685905e-02
-1.624654943023685905e-02
-1.624654943023685905e-02
-1.624654943023685905e-02
-1.624654943023685905e-02
-1.624654943023685905e-02
-1.624654943023685905e-02
-1.624654943023685905e-02
-1.624654943023685905e-02
-1.624654943023685905e-02
-1.624654943023685905e-02
-1.624654943023685905e-02
-1.624654943023685905e-02
-1.624654943023685905e-02
-1.624654943023685905e-02
-1.624654943023685905e-02
-1.624654943023685905e-02
-1.624654943023685905e-02
-1.624654943023685905e-02
-1.624654943023685905e-02
-1.624654943023685905e-02
-1.624654943023685905e-02
-1.624654943023685905e-02
-1.624654943023685905e-02
-1.624654943023685905e-02
-1.624654943023685905e-02
-1.624654943023685905e-02
-1.624654943023685905e-02
-1.624654943023685905e-02
-1.624654943023685905e-02
-1.624654943023685905e-02
-1.624654943023685905e-02
-1.624654943023685905e-02
-1.624654943023685905e-02
-1.624654943023685905e-02
-1.624654943023685905e-02
-1.624654943023685905e-02
-1.624654943023685905e-02
-1.624654943023685905e-02
-1.624654943023685905e-02
-1.624654943023685905e-02
-1.624654943023685905e-02
-1.624654943023685905e-02
-1.624654943023685905e-02
-1.624654943023685905e-02
-1.624654943023685905e-02
-1.624654943023685905e-02
-1.624654943023685905e-02
-1.624654943023685905e-02
-1.624654943023685905e-02
-1.624654943023685905e-02
-1.624654943023685905e-02
-1.624654943023685905e-02
-1.624654943023685905e-02
-1.624654943023685905e-02
-1.624654943023685905e-02
-1.624654943023685905e-02
-1.624654943023685905e-02
-1.624654943023685905e-02
-1.624654943023685905e-02
-1.624654943023685905e-02
-1.624654943023685905e-02
-1.624654943023685905e-02
-1.624654943023685905e-02
-1.624654943023685905e-02
-1.624654943023685905e-02
-1.624654943023685905e-02
-1.624654943023685905e-02
-1.624654943023685905e-02
-1.624654943023685905e-02
-1.624654943023685905e-02
-1.624654943023685905e-02
-1.624654943023685905e-02
-1.624654943023685905e-02
-1.624654943023685905e-02
-1.624654943023685905e-02
-1.624654943023685905e-02
-1.624654943023685905e-02
-1.624654943023685905e-02
-1.624654943023685905e-02
-1.624654943023685905e-02
-1.624654943023685905e-02
-1.624654943023685905e-02
-1.624654943023685905e-02
-1.624654943023685905e-02
-1.624654943023685905e-02
-1.624654943023685905e-02
-1.624654943023685905e-02
-1.624654943023685905e-02
-1.624654943023685905e-02
-1.624654943023685905e-02
-1.624654943023685905e-02
-1.624654943023685905e-02
-1.624654943023685905e-02
-1.624654943023685905e-02
-1.624654943023685905e-02
-1.624654943023685905e-02
-1.624654943023685905e-02
-1.624654943023685905e-02
-1.624654943023685905e-02
-1.624654943023685905e-02
-1.624654943023685905e-02
-1.624654943023685905e-02
-1.624654943023685905e-02
-1.624654943023685905e-02
-1.624654943023685905e-02
-1.624654943023685905e-02
-1.624654943023685905e-02
-1.624654943023685905e-02
-1.624654943023685905e-02
-1.624654943023685905e-02
-1.624654943023685905e-02
-1.624654943023685905e-02
-1.624654943023685905e-02
-1.624654943023685905e-02
-1.624654943023685905e-02
-1.624654943023685905e-02
-1.624654943023685905e-02
-1.624654943023685905e-02
-1.624654943023685905e-02
-1.624654943023685905e-02
-1.624654943023685905e-02
-1.624654943023685905e-02
-1.624654943023685905e-02
-1.624654943023685905e-02
-1.624654943023685905e-02
