-1.899999999999999911e+00 0.000000000000000000e+00
-1.896386430678465906e+00 0.000000000000000000e+00
-1.892772861356932124e+00 0.000000000000000000e+00
-1.889159292035398119e+00 0.000000000000000000e+00
-1.885545722713864114e+00 0.000000000000000000e+00
-1.881932153392330331e+00 0.000000000000000000e+00
-1.878318584070796327e+00 0.000000000000000000e+00
-1.874705014749262544e+00 0.000000000000000000e+00
-1.871091445427728539e+00 0.000000000000000000e+00
-1.867477876106194534e+00 0.000000000000000000e+00
-1.863864306784660752e+00 0.000000000000000000e+00
-1.860250737463126747e+00 0.000000000000000000e+00
-1.856637168141592742e+00 0.000000000000000000e+00
-1.853023598820058959e+00 0.000000000000000000e+00
-1.849410029498524954e+00 0.000000000000000000e+00
-1.845796460176990950e+00 0.000000000000000000e+00
-1.842182890855457167e+00 0.000000000000000000e+00
-1.838569321533923162e+00 0.000000000000000000e+00
-1.834955752212389379e+00 0.000000000000000000e+00
-1.831342182890855375e+00 0.000000000000000000e+00
-1.827728613569321370e+00 0.000000000000000000e+00
-1.824115044247787587e+00 0.000000000000000000e+00
-1.820501474926253582e+00 0.000000000000000000e+00
-1.816887905604719577e+00 0.000000000000000000e+00
-1.813274336283185795e+00 0.000000000000000000e+00
-1.809660766961651790e+00 0.000000000000000000e+00
-1.806047197640118007e+00 0.000000000000000000e+00
-1.802433628318584002e+00 0.000000000000000000e+00
-1.798820058997049998e+00 0.000000000000000000e+00
-1.795206489675516215e+00 0.000000000000000000e+00
-1.791592920353982210e+00 0.000000000000000000e+00
-1.787979351032448205e+00 0.000000000000000000e+00
-1.784365781710914423e+00 0.000000000000000000e+00
-1.780752212389380418e+00 0.000000000000000000e+00
-1.777138643067846413e+00 0.000000000000000000e+00
-1.773525073746312630e+00 0.000000000000000000e+00
-1.769911504424778625e+00 0.000000000000000000e+00
-1.766297935103244843e+00 0.000000000000000000e+00
-1.762684365781710838e+00 0.000000000000000000e+00
-1.759070796460176833e+00 0.000000000000000000e+00
-1.755457227138643050e+00 0.000000000000000000e+00
-1.751843657817109046e+00 0.000000000000000000e+00
-1.748230088495575041e+00 0.000000000000000000e+00
-1.744616519174041258e+00 0.000000000000000000e+00
-1.741002949852507253e+00 0.000000000000000000e+00
-1.737389380530973249e+00 0.000000000000000000e+00
-1.733775811209439466e+00 0.000000000000000000e+00
-1.730162241887905461e+00 0.000000000000000000e+00
-1.726548672566371678e+00 0.000000000000000000e+00
-1.722935103244837673e+00 0.000000000000000000e+00
-1.719321533923303669e+00 0.000000000000000000e+00
-1.715707964601769886e+00 0.000000000000000000e+00
-1.712094395280235881e+00 0.000000000000000000e+00
-1.708480825958701876e+00 0.000000000000000000e+00
-1.704867256637168094e+00 0.000000000000000000e+00
-1.701253687315634089e+00 0.000000000000000000e+00
-1.697640117994100084e+00 0.000000000000000000e+00
-1.694026548672566301e+00 0.000000000000000000e+00
-1.690412979351032297e+00 0.000000000000000000e+00
-1.686799410029498514e+00 0.000000000000000000e+00
-1.683185840707964509e+00 0.000000000000000000e+00
-1.679572271386430504e+00 0.000000000000000000e+00
-1.675958702064896721e+00 0.000000000000000000e+00
-1.672345132743362717e+00 0.000000000000000000e+00
-1.668731563421828712e+00 0.000000000000000000e+00
-1.665117994100294929e+00 0.000000000000000000e+00
-1.661504424778760924e+00 0.000000000000000000e+00
-1.657890855457226920e+00 0.000000000000000000e+00
-1.654277286135693137e+00 0.000000000000000000e+00
-1.650663716814159132e+00 0.000000000000000000e+00
-1.647050147492625349e+00 0.000000000000000000e+00
-1.643436578171091345e+00 0.000000000000000000e+00
-1.639823008849557340e+00 0.000000000000000000e+00
-1.636209439528023557e+00 0.000000000000000000e+00
-1.632595870206489552e+00 0.000000000000000000e+00
-1.628982300884955770e+00 0.000000000000000000e+00
-1.625368731563421765e+00 0.000000000000000000e+00
-1.621755162241887760e+00 0.000000000000000000e+00
-1.618141592920353755e+00 0.000000000000000000e+00
-1.614528023598819972e+00 0.000000000000000000e+00
-1.610914454277285968e+00 0.000000000000000000e+00
-1.607300884955752185e+00 0.000000000000000000e+00
-1.603687315634218180e+00 0.000000000000000000e+00
-1.600073746312684175e+00 0.000000000000000000e+00
-1.596460176991150393e+00 0.000000000000000000e+00
-1.592846607669616388e+00 0.000000000000000000e+00
-1.589233038348082605e+00 0.000000000000000000e+00
-1.585619469026548600e+00 0.000000000000000000e+00
-1.582005899705014595e+00 0.000000000000000000e+00
-1.578392330383480591e+00 0.000000000000000000e+00
-1.574778761061946808e+00 0.000000000000000000e+00
-1.571165191740412803e+00 0.000000000000000000e+00
-1.567551622418879020e+00 0.000000000000000000e+00
-1.563938053097345016e+00 0.000000000000000000e+00
-1.560324483775811011e+00 0.000000000000000000e+00
-1.556710914454277228e+00 0.000000000000000000e+00
-1.553097345132743223e+00 0.000000000000000000e+00
-1.549483775811209441e+00 0.000000000000000000e+00
-1.545870206489675436e+00 0.000000000000000000e+00
-1.542256637168141431e+00 0.000000000000000000e+00
-1.538643067846607426e+00 0.000000000000000000e+00
-1.535029498525073643e+00 0.000000000000000000e+00
-1.531415929203539639e+00 0.000000000000000000e+00
-1.527802359882005856e+00 0.000000000000000000e+00
-1.524188790560471851e+00 0.000000000000000000e+00
-1.520575221238937846e+00 0.000000000000000000e+00
-1.516961651917404064e+00 0.000000000000000000e+00
-1.513348082595870059e+00 0.000000000000000000e+00
-1.509734513274336276e+00 0.000000000000000000e+00
-1.506120943952802271e+00 0.000000000000000000e+00
-1.502507374631268267e+00 0.000000000000000000e+00
-1.498893805309734262e+00 0.000000000000000000e+00
-1.495280235988200479e+00 0.000000000000000000e+00
-1.491666666666666474e+00 0.000000000000000000e+00
-1.488053097345132691e+00 0.000000000000000000e+00
-1.484439528023598687e+00 0.000000000000000000e+00
-1.480825958702064682e+00 0.000000000000000000e+00
-1.477212389380530899e+00 0.000000000000000000e+00
-1.473598820058996894e+00 0.000000000000000000e+00
-1.469985250737463112e+00 0.000000000000000000e+00
-1.466371681415929107e+00 0.000000000000000000e+00
-1.462758112094395102e+00 0.000000000000000000e+00
-1.459144542772861097e+00 0.000000000000000000e+00
-1.455530973451327315e+00 0.000000000000000000e+00
-1.451917404129793310e+00 0.000000000000000000e+00
-1.448303834808259527e+00 0.000000000000000000e+00
-1.444690265486725522e+00 0.000000000000000000e+00
-1.441076696165191517e+00 0.000000000000000000e+00
-1.437463126843657735e+00 0.000000000000000000e+00
-1.433849557522123730e+00 0.000000000000000000e+00
-1.430235988200589947e+00 0.000000000000000000e+00
-1.426622418879055942e+00 0.000000000000000000e+00
-1.423008849557521938e+00 0.000000000000000000e+00
-1.419395280235987933e+00 0.000000000000000000e+00
-1.415781710914454150e+00 0.000000000000000000e+00
-1.412168141592920145e+00 0.000000000000000000e+00
-1.408554572271386363e+00 0.000000000000000000e+00
-1.404941002949852358e+00 0.000000000000000000e+00
-1.401327433628318353e+00 0.000000000000000000e+00
-1.397713864306784570e+00 0.000000000000000000e+00
-1.394100294985250565e+00 0.000000000000000000e+00
-1.390486725663716783e+00 0.000000000000000000e+00
-1.386873156342182778e+00 0.000000000000000000e+00
-1.383259587020648773e+00 0.000000000000000000e+00
-1.379646017699114768e+00 0.000000000000000000e+00
-1.376032448377580986e+00 0.000000000000000000e+00
-1.372418879056047203e+00 0.000000000000000000e+00
-1.368805309734513198e+00 0.000000000000000000e+00
-1.365191740412979193e+00 0.000000000000000000e+00
-1.361578171091445189e+00 0.000000000000000000e+00
-1.357964601769911406e+00 0.000000000000000000e+00
-1.354351032448377401e+00 0.000000000000000000e+00
-1.350737463126843618e+00 0.000000000000000000e+00
-1.347123893805309613e+00 0.000000000000000000e+00
-1.343510324483775609e+00 0.000000000000000000e+00
-1.339896755162241604e+00 0.000000000000000000e+00
-1.336283185840707821e+00 0.000000000000000000e+00
-1.332669616519174038e+00 0.000000000000000000e+00
-1.329056047197640034e+00 0.000000000000000000e+00
-1.325442477876106029e+00 0.000000000000000000e+00
-1.321828908554572024e+00 0.000000000000000000e+00
-1.318215339233038241e+00 0.000000000000000000e+00
-1.314601769911504237e+00 0.000000000000000000e+00
-1.310988200589970454e+00 0.000000000000000000e+00
-1.307374631268436449e+00 0.000000000000000000e+00
-1.303761061946902444e+00 0.000000000000000000e+00
-1.300147492625368439e+00 0.000000000000000000e+00
-1.296533923303834657e+00 0.000000000000000000e+00
-1.292920353982300874e+00 0.000000000000000000e+00
-1.289306784660766869e+00 0.000000000000000000e+00
-1.285693215339232864e+00 0.000000000000000000e+00
-1.282079646017698860e+00 0.000000000000000000e+00
-1.278466076696165077e+00 0.000000000000000000e+00
-1.274852507374631072e+00 0.000000000000000000e+00
-1.271238938053097289e+00 0.000000000000000000e+00
-1.267625368731563285e+00 0.000000000000000000e+00
-1.264011799410029280e+00 0.000000000000000000e+00
-1.260398230088495275e+00 0.000000000000000000e+00
-1.256784660766961492e+00 0.000000000000000000e+00
-1.253171091445427709e+00 0.000000000000000000e+00
-1.249557522123893705e+00 0.000000000000000000e+00
-1.245943952802359700e+00 0.000000000000000000e+00
-1.242330383480825695e+00 0.000000000000000000e+00
-1.238716814159291912e+00 0.000000000000000000e+00
-1.235103244837757908e+00 0.000000000000000000e+00
-1.231489675516224125e+00 0.000000000000000000e+00
-1.227876106194690120e+00 0.000000000000000000e+00
-1.224262536873156115e+00 0.000000000000000000e+00
-1.220648967551622111e+00 0.000000000000000000e+00
-1.217035398230088328e+00 0.000000000000000000e+00
-1.213421828908554545e+00 0.000000000000000000e+00
-1.209808259587020540e+00 0.000000000000000000e+00
-1.206194690265486535e+00 0.000000000000000000e+00
-1.202581120943952531e+00 0.000000000000000000e+00
-1.198967551622418748e+00 0.000000000000000000e+00
-1.195353982300884743e+00 0.000000000000000000e+00
-1.191740412979350960e+00 0.000000000000000000e+00
-1.188126843657816956e+00 0.000000000000000000e+00
-1.184513274336282951e+00 0.000000000000000000e+00
-1.180899705014748946e+00 0.000000000000000000e+00
-1.177286135693215163e+00 0.000000000000000000e+00
-1.173672566371681381e+00 0.000000000000000000e+00
-1.170058997050147376e+00 0.000000000000000000e+00
-1.166445427728613371e+00 0.000000000000000000e+00
-1.162831858407079366e+00 0.000000000000000000e+00
-1.159218289085545583e+00 0.000000000000000000e+00
-1.155604719764011579e+00 0.000000000000000000e+00
-1.151991150442477796e+00 0.000000000000000000e+00
-1.148377581120943791e+00 0.000000000000000000e+00
-1.144764011799409786e+00 0.000000000000000000e+00
-1.141150442477875782e+00 0.000000000000000000e+00
-1.137536873156341999e+00 0.000000000000000000e+00
-1.133923303834808216e+00 0.000000000000000000e+00
-1.130309734513274211e+00 0.000000000000000000e+00
-1.126696165191740207e+00 0.000000000000000000e+00
-1.123082595870206202e+00 0.000000000000000000e+00
-1.119469026548672419e+00 0.000000000000000000e+00
-1.115855457227138636e+00 0.000000000000000000e+00
-1.112241887905604631e+00 0.000000000000000000e+00
-1.108628318584070627e+00 0.000000000000000000e+00
-1.105014749262536622e+00 0.000000000000000000e+00
-1.101401179941002617e+00 0.000000000000000000e+00
-1.097787610619468834e+00 0.000000000000000000e+00
-1.094174041297935052e+00 0.000000000000000000e+00
-1.090560471976401047e+00 0.000000000000000000e+00
-1.086946902654867042e+00 0.000000000000000000e+00
-1.083333333333333037e+00 0.000000000000000000e+00
-1.079719764011799255e+00 0.000000000000000000e+00
-1.076106194690265472e+00 0.000000000000000000e+00
-1.072492625368731467e+00 0.000000000000000000e+00
-1.068879056047197462e+00 0.000000000000000000e+00
-1.065265486725663457e+00 0.000000000000000000e+00
-1.061651917404129453e+00 0.000000000000000000e+00
-1.058038348082595670e+00 0.000000000000000000e+00
-1.054424778761061887e+00 0.000000000000000000e+00
-1.050811209439527882e+00 0.000000000000000000e+00
-1.047197640117993878e+00 0.000000000000000000e+00
-1.043584070796459873e+00 0.000000000000000000e+00
-1.039970501474926090e+00 0.000000000000000000e+00
-1.036356932153392307e+00 0.000000000000000000e+00
-1.032743362831858303e+00 0.000000000000000000e+00
-1.029129793510324298e+00 0.000000000000000000e+00
-1.025516224188790293e+00 0.000000000000000000e+00
-1.021902654867256510e+00 0.000000000000000000e+00
-1.018289085545722505e+00 0.000000000000000000e+00
-1.014675516224188723e+00 0.000000000000000000e+00
-1.011061946902654718e+00 0.000000000000000000e+00
-1.007448377581120713e+00 0.000000000000000000e+00
-1.003834808259586708e+00 0.000000000000000000e+00
-1.000221238938052926e+00 0.000000000000000000e+00
-9.966076696165190318e-01 0.000000000000000000e+00
-9.929941002949850271e-01 0.000000000000000000e+00
-9.893805309734511333e-01 0.000000000000000000e+00
-9.857669616519172395e-01 0.000000000000000000e+00
-9.821533923303833458e-01 0.000000000000000000e+00
-9.785398230088493410e-01 0.000000000000000000e+00
-9.749262536873154472e-01 0.000000000000000000e+00
-9.713126843657815535e-01 0.000000000000000000e+00
-9.676991150442475487e-01 0.000000000000000000e+00
-9.640855457227136549e-01 0.000000000000000000e+00
-9.604719764011797611e-01 0.000000000000000000e+00
-9.568584070796458674e-01 0.000000000000000000e+00
-9.532448377581118626e-01 0.000000000000000000e+00
-9.496312684365779688e-01 0.000000000000000000e+00
-9.460176991150440751e-01 0.000000000000000000e+00
-9.424041297935101813e-01 0.000000000000000000e+00
-9.387905604719761765e-01 0.000000000000000000e+00
-9.351769911504422828e-01 0.000000000000000000e+00
-9.315634218289083890e-01 0.000000000000000000e+00
-9.279498525073743842e-01 0.000000000000000000e+00
-9.243362831858404904e-01 0.000000000000000000e+00
-9.207227138643065967e-01 0.000000000000000000e+00
-9.171091445427727029e-01 0.000000000000000000e+00
-9.134955752212386981e-01 0.000000000000000000e+00
-9.098820058997048044e-01 0.000000000000000000e+00
-9.062684365781709106e-01 0.000000000000000000e+00
-9.026548672566370168e-01 0.000000000000000000e+00
-8.990412979351030121e-01 0.000000000000000000e+00
-8.954277286135692293e-01 0.000000000000000000e+00
-8.918141592920352245e-01 0.000000000000000000e+00
-8.882005899705012197e-01 0.000000000000000000e+00
-8.845870206489674370e-01 0.000000000000000000e+00
-8.809734513274334322e-01 0.000000000000000000e+00
-8.773598820058994274e-01 0.000000000000000000e+00
-8.737463126843656447e-01 0.000000000000000000e+00
-8.701327433628316399e-01 0.000000000000000000e+00
-8.665191740412976351e-01 0.000000000000000000e+00
-8.629056047197638524e-01 0.000000000000000000e+00
-8.592920353982298476e-01 0.000000000000000000e+00
-8.556784660766960648e-01 0.000000000000000000e+00
-8.520648967551620601e-01 0.000000000000000000e+00
-8.484513274336280553e-01 0.000000000000000000e+00
-8.448377581120942725e-01 0.000000000000000000e+00
-8.412241887905602677e-01 0.000000000000000000e+00
-8.376106194690262630e-01 0.000000000000000000e+00
-8.339970501474924802e-01 0.000000000000000000e+00
-8.303834808259584754e-01 0.000000000000000000e+00
-8.267699115044244706e-01 0.000000000000000000e+00
-8.231563421828906879e-01 0.000000000000000000e+00
-8.195427728613566831e-01 0.000000000000000000e+00
-8.159292035398229004e-01 0.000000000000000000e+00
-8.123156342182888956e-01 0.000000000000000000e+00
-8.087020648967548908e-01 0.000000000000000000e+00
-8.050884955752211081e-01 0.000000000000000000e+00
-8.014749262536871033e-01 0.000000000000000000e+00
-7.978613569321530985e-01 0.000000000000000000e+00
-7.942477876106193158e-01 0.000000000000000000e+00
-7.906342182890853110e-01 0.000000000000000000e+00
-7.870206489675513062e-01 0.000000000000000000e+00
-7.834070796460175234e-01 0.000000000000000000e+00
-7.797935103244835187e-01 0.000000000000000000e+00
-7.761799410029497359e-01 0.000000000000000000e+00
-7.725663716814157311e-01 0.000000000000000000e+00
-7.689528023598817263e-01 0.000000000000000000e+00
-7.653392330383479436e-01 0.000000000000000000e+00
-7.617256637168139388e-01 0.000000000000000000e+00
-7.581120943952799340e-01 0.000000000000000000e+00
-7.544985250737461513e-01 0.000000000000000000e+00
-7.508849557522121465e-01 0.000000000000000000e+00
-7.472713864306783638e-01 0.000000000000000000e+00
-7.436578171091443590e-01 0.000000000000000000e+00
-7.400442477876103542e-01 0.000000000000000000e+00
-7.364306784660765715e-01 0.000000000000000000e+00
-7.328171091445425667e-01 0.000000000000000000e+00
-7.292035398230085619e-01 0.000000000000000000e+00
-7.255899705014747791e-01 0.000000000000000000e+00
-7.219764011799407744e-01 0.000000000000000000e+00
-7.183628318584067696e-01 0.000000000000000000e+00
-7.147492625368729868e-01 0.000000000000000000e+00
-7.111356932153389820e-01 0.000000000000000000e+00
-7.075221238938051993e-01 0.000000000000000000e+00
-7.039085545722711945e-01 0.000000000000000000e+00
-7.002949852507371897e-01 0.000000000000000000e+00
-6.966814159292034070e-01 0.000000000000000000e+00
-6.930678466076694022e-01 0.000000000000000000e+00
-6.894542772861353974e-01 0.000000000000000000e+00
-6.858407079646016147e-01 0.000000000000000000e+00
-6.822271386430676099e-01 0.000000000000000000e+00
-6.786135693215336051e-01 0.000000000000000000e+00
-6.749999999999998224e-01 0.000000000000000000e+00
-6.713864306784658176e-01 0.000000000000000000e+00
-6.677728613569320348e-01 0.000000000000000000e+00
-6.641592920353980301e-01 0.000000000000000000e+00
-6.605457227138640253e-01 0.000000000000000000e+00
-6.569321533923302425e-01 0.000000000000000000e+00
-6.533185840707962377e-01 0.000000000000000000e+00
-6.497050147492622330e-01 0.000000000000000000e+00
-6.460914454277284502e-01 0.000000000000000000e+00
-6.424778761061944454e-01 0.000000000000000000e+00
-6.388643067846604406e-01 0.000000000000000000e+00
-6.352507374631266579e-01 0.000000000000000000e+00
-6.316371681415926531e-01 0.000000000000000000e+00
-6.280235988200588704e-01 0.000000000000000000e+00
-6.244100294985248656e-01 0.000000000000000000e+00
-6.207964601769908608e-01 0.000000000000000000e+00
-6.171828908554570781e-01 0.000000000000000000e+00
-6.135693215339230733e-01 0.000000000000000000e+00
-6.099557522123890685e-01 0.000000000000000000e+00
-6.063421828908552857e-01 0.000000000000000000e+00
-6.027286135693212810e-01 0.000000000000000000e+00
-5.991150442477872762e-01 0.000000000000000000e+00
-5.955014749262534934e-01 0.000000000000000000e+00
-5.918879056047194887e-01 0.000000000000000000e+00
-5.882743362831857059e-01 0.000000000000000000e+00
-5.846607669616517011e-01 0.000000000000000000e+00
-5.810471976401176963e-01 0.000000000000000000e+00
-5.774336283185839136e-01 0.000000000000000000e+00
-5.738200589970499088e-01 0.000000000000000000e+00
-5.702064896755159040e-01 0.000000000000000000e+00
-5.665929203539821213e-01 0.000000000000000000e+00
-5.629793510324481165e-01 0.000000000000000000e+00
-5.593657817109143338e-01 0.000000000000000000e+00
-5.557522123893803290e-01 7.922329227355010255e-308
-5.521386430678463242e-01 5.177594000217851478e-290
-5.485250737463125414e-01 3.269665614715958767e-273
-5.449115044247785367e-01 2.277037519861576595e-257
-5.412979351032445319e-01 1.981017628690725148e-242
-5.376843657817107491e-01 2.421962373758670598e-228
-5.340707964601767443e-01 4.649837490745094595e-215
-5.304572271386427396e-01 1.556726179057492180e-202
-5.268436578171089568e-01 1.003317114765600598e-190
-5.232300884955749520e-01 1.366601312061945438e-179
-5.196165191740411693e-01 4.295993500150341068e-169
-5.160029498525071645e-01 3.386778884789174396e-159
-5.123893805309731597e-01 7.242001802490184806e-150
-5.087758112094393770e-01 4.522767632681469392e-141
-5.051622418879053722e-01 8.845762360067424944e-133
-5.015486725663713674e-01 5.786970138963691894e-125
-4.979351032448375847e-01 1.347523277120629520e-117
-4.943215339233035799e-01 1.184267538539181387e-110
-4.907079646017695751e-01 4.151572023912065078e-104
-4.870943952802357924e-01 6.116282307463702917e-98
-4.834808259587017876e-01 3.977924205142282948e-92
-4.798672566371680048e-01 1.196444265404147904e-86
-4.762536873156340000e-01 1.738712239520307935e-81
-4.726401179940999953e-01 1.272384081255460626e-76
-4.690265486725662125e-01 4.875335732771483737e-72
-4.654129793510322077e-01 1.014773192832027307e-67
-4.617994100294982029e-01 1.187927583280237752e-63
-4.581858407079644202e-01 8.081517373209576725e-60
-4.545722713864304154e-01 3.295327119818840987e-56
-4.509587020648964106e-01 8.292171845097452096e-53
-4.473451327433626279e-01 1.323571205303370132e-49
-4.437315634218286231e-01 1.375323393991997104e-46
-4.401179941002948404e-01 9.533940151468199239e-44
-4.365044247787608356e-01 4.512113313104237043e-41
-4.328908554572268308e-01 1.490012138133193843e-38
-4.292772861356930481e-01 3.504519580425606233e-36
-4.256637168141590433e-01 5.985732959464648548e-34
-4.220501474926250385e-01 7.561375631229664328e-32
-4.184365781710912557e-01 7.187427602074146822e-30
-4.148230088495572510e-01 5.225229989353591288e-28
-4.112094395280232462e-01 2.950299587722554614e-26
-4.075958702064894634e-01 1.312644715878844181e-24
-4.039823008849554586e-01 4.665343454987725009e-23
-4.003687315634216759e-01 1.341757091836341298e-21
-3.967551622418876711e-01 3.160814692078159531e-20
-3.931415929203536663e-01 6.169364874346970208e-19
-3.895280235988198836e-01 1.008548795487415069e-17
-3.859144542772858788e-01 1.395084259937680041e-16
-3.823008849557518740e-01 1.648661063685070691e-15
-3.786873156342180913e-01 1.679703487944953506e-14
-3.750737463126840865e-01 1.488068683694256899e-13
-3.714601769911500817e-01 1.155606099204005602e-12
-3.678466076696162990e-01 7.926857689962926527e-12
-3.642330383480822942e-01 4.837448408586687972e-11
-3.606194690265485114e-01 2.644220913287294352e-10
-3.570058997050145067e-01 1.302925872802580947e-09
-3.533923303834805019e-01 5.822354272167550753e-09
-3.497787610619467191e-01 2.373021500284658371e-08
-3.461651917404127143e-01 8.868604095633233542e-08
-3.425516224188787096e-01 3.054590738268019450e-07
-3.389380530973449268e-01 9.742339972948590539e-07
-3.353244837758109220e-01 2.890254740481628253e-06
-3.317109144542771393e-01 8.009587056661352306e-06
-3.280973451327431345e-01 2.081702385761550957e-05
-3.244837758112091297e-01 5.093258745796467880e-05
-3.208702064896753470e-01 1.177285642528125325e-04
-3.172566371681413422e-01 2.579461410114760960e-04
-3.136430678466073374e-01 5.374103476977400585e-04
-3.100294985250735547e-01 1.067831952971284772e-03
-3.064159292035395499e-01 2.029250327269718074e-03
-3.028023598820055451e-01 3.697857092436664366e-03
-2.991887905604717623e-01 6.477782679096433238e-03
-2.955752212389377576e-01 1.093407607925355601e-02
-2.919616519174039748e-01 1.782281400572226226e-02
-2.883480825958699700e-01 2.811334637756036925e-02
-2.847345132743359652e-01 4.299740874648395883e-02
-2.811209439528021825e-01 6.388039892906230421e-02
-2.775073746312681777e-01 9.235155621800528181e-02
-2.738938053097341729e-01 1.301319483657165932e-01
-2.702802359882003902e-01 1.790017587976965030e-01
-2.666666666666663854e-01 2.407109747521600229e-01
-2.630530973451323806e-01 3.168797957021267653e-01
-2.594395280235985979e-01 4.088965706499542163e-01
-2.558259587020645931e-01 5.178216245109316107e-01
-2.522123893805308104e-01 6.443048997454320359e-01
-2.485988200589968056e-01 7.885240254532877024e-01
-2.449852507374628008e-01 9.501474575639864417e-01
-2.413716814159290180e-01 1.128325004134968834e+00
-2.377581120943950133e-01 1.321705666227698917e+00
-2.341445427728610085e-01 1.528480560442997627e+00
-2.305309734513272257e-01 1.746446949776720770e+00
-2.269174041297932209e-01 1.973088217333472505e+00
-2.233038348082592162e-01 2.205664011096377664e+00
-2.196902654867254334e-01 2.441304733814611438e+00
-2.160766961651914286e-01 2.677104963594429510e+00
-2.124631268436576459e-01 2.910211150160338267e+00
-2.088495575221236411e-01 3.137899910377509372e+00
-2.052359882005896363e-01 3.357644321766454887e+00
-2.016224188790558536e-01 3.567166679249714978e+00
-1.980088495575218488e-01 3.764477157254424444e+00
-1.943952802359878440e-01 3.947898651802581149e+00
-1.907817109144540613e-01 4.116078735491726981e+00
-1.871681415929200565e-01 4.267990133712806333e+00
-1.835545722713860517e-01 4.402921430980556217e+00
-1.799410029498522690e-01 4.520459861203097063e+00
-1.763274336283182642e-01 4.620468051159924094e+00
-1.727138643067844814e-01 4.703056501211298368e+00
-1.691002949852504766e-01 4.768553429849143654e+00
-1.654867256637164719e-01 4.817473405213486437e+00
-1.618731563421826891e-01 4.850485959513139100e+00
-1.582595870206486843e-01 4.868385149476367246e+00
-1.546460176991146795e-01 4.872060801199190827e+00
-1.510324483775808968e-01 4.862471970664004495e+00
-1.474188790560468920e-01 4.840622967807235000e+00
-1.438053097345131093e-01 4.807542135411815742e+00
-1.401917404129791045e-01 4.764263445092088212e+00
-1.365781710914450997e-01 4.711810870325636280e+00
-1.329646017699113170e-01 4.651185418833203578e+00
-1.293510324483773122e-01 4.583354650862570878e+00
-1.257374631268433074e-01 4.509244473017440136e+00
-1.221238938053095247e-01 4.429732976017584534e+00
-1.185103244837755199e-01 4.345646076143509617e+00
-1.148967551622415151e-01 4.257754721305119006e+00
-1.112831858407077323e-01 4.166773431192876131e+00
-1.076696165191737276e-01 4.073359954690035423e+00
-1.040560471976399448e-01 3.978115844859293482e+00
-1.004424778761059400e-01 3.881587770923023317e+00
-9.682890855457193524e-02 3.784269406593109952e+00
-9.321533923303815250e-02 3.686603754004394773e+00
-8.960176991150414771e-02 3.588985781731201641e+00
-8.598820058997014293e-02 3.491765273473655284e+00
-8.237463126843636019e-02 3.395249800705499865e+00
-7.876106194690235540e-02 3.299707747717243844e+00
-7.514749262536835062e-02 3.205371331001930280e+00
-7.153392330383456788e-02 3.112439566823680170e+00
-6.792035398230056309e-02 3.021081151140051713e+00
-6.430678466076678035e-02 2.931437224910837802e+00
-6.069321533923277556e-02 2.843624005334339788e+00
-5.707964601769877078e-02 2.757735269835321912e+00
-5.346607669616498804e-02 2.673844684816459871e+00
-4.985250737463098325e-02 2.592007975408525233e+00
-4.623893805309697846e-02 2.512264935838490310e+00
-4.262536873156319572e-02 2.434641282693928765e+00
-3.901179941002919094e-02 2.359150355406394173e+00
-3.539823008849518615e-02 2.285794669799716239e+00
-3.178466076696140341e-02 2.214567331640197256e+00
-2.817109144542739863e-02 2.145453317858476261e+00
-2.455752212389361588e-02 2.078430633554825047e+00
-2.094395280235961110e-02 2.013471353107674222e+00
-1.733038348082560631e-02 1.950542553727107054e+00
-1.371681415929182357e-02 1.889607149674245701e+00
-1.010324483775781879e-02 1.830624635135534417e+00
-6.489675516223814000e-03 1.773551743430081151e+00
-2.876106194690031259e-03 1.718343029859163984e+00
7.374631268439735265e-04 1.664951350077675585e+00
4.351032448377978312e-03 1.613321631554171631e+00
7.964601769911761053e-03 1.563385120055144517e+00
1.157817109144576584e-02 1.515074532105227689e+00
1.519174041297954858e-02 1.468326006657055371e+00
1.880530973451355337e-02 1.423078891634349974e+00
2.241887905604755815e-02 1.379275544828210354e+00
2.603244837758134089e-02 1.336861148013271938e+00
2.964601769911534568e-02 1.295783533240425500e+00
3.325958702064935046e-02 1.255993020344515765e+00
3.687315634218313321e-02 1.217442264779653671e+00
4.048672566371713799e-02 1.180086114962516364e+00
4.410029498525114278e-02 1.143881478365786242e+00
4.771386430678492552e-02 1.108787195659897140e+00
5.132743362831893030e-02 1.074763922253062054e+00
5.494100294985271304e-02 1.041774016626793031e+00
5.855457227138671783e-02 1.009781434907247810e+00
6.216814159292072262e-02 9.787516311534222302e-01
6.578171091445450536e-02 9.486514628798634607e-01
6.939528023598851014e-02 9.194491013668135704e-01
7.300884955752251493e-02 8.911139463430703955e-01
7.662241887905629767e-02 8.636165446579560090e-01
8.023598820059030245e-02 8.369285125885163046e-01
8.384955752212408520e-02 8.110224614569051527e-01
8.746312684365808998e-02 7.858719262612899881e-01
9.107669616519209477e-02 7.614512970521851720e-01
9.469026548672587751e-02 7.377357528149156574e-01
9.830383480825988229e-02 7.147011976490692531e-01
1.019174041297938871e-01 6.923241990675452762e-01
1.055309734513278919e-01 6.705819282717674357e-01
1.091445427728614526e-01 6.494521022969580448e-01
1.127581120943954573e-01 6.289129279626569646e-01
1.163716814159294621e-01 6.089430476099821909e-01
1.199852507374634669e-01 5.895214866595370751e-01
1.235988200589974717e-01 5.706276030841533897e-01
1.272123893805314765e-01 5.522410389593493951e-01
1.308259587020650372e-01 5.343416743342355169e-01
1.344395280235990420e-01 5.169095837575069519e-01
1.380530973451330468e-01 4.999249958995023446e-01
1.416666666666670515e-01 4.833682568341381991e-01
1.452802359882010563e-01 4.672197976856911072e-01
1.488938053097346170e-01 4.514601075070855396e-01
1.525073746312686218e-01 4.360697124402677649e-01
1.561209439528026266e-01 4.210291624166384583e-01
1.597345132743366314e-01 4.063190268868657196e-01
1.633480825958706362e-01 3.919199013241072560e-01
1.669616519174046410e-01 3.778124265199329646e-01
1.705752212389382017e-01 3.639773229833369039e-01
1.741887905604722064e-01 3.503954430511696527e-01
1.778023598820062112e-01 3.370478436105410758e-01
1.814159292035402160e-01 3.239158826005430480e-01
1.850294985250742208e-01 3.109813426760665300e-01
1.886430678466077815e-01 2.982265855442012281e-01
1.922566371681417863e-01 2.856347404773821874e-01
1.958702064896757911e-01 2.731899303077267027e-01
1.994837758112097958e-01 2.608775377407454021e-01
2.030973451327438006e-01 2.486845140073314087e-01
2.067109144542778054e-01 2.365997306008934820e-01
2.103244837758113661e-01 2.246143730133006444e-01
2.139380530973453709e-01 2.127223728786285517e-01
2.175516224188793757e-01 2.009208716567728870e-01
2.211651917404133805e-01 1.892107048663541902e-01
2.247787610619473853e-01 1.775968908860518225e-01
2.283923303834809460e-01 1.660891025475136340e-01
2.320058997050149507e-01 1.547020933251818664e-01
2.356194690265489555e-01 1.434560432397669338e-01
2.392330383480829603e-01 1.323767831917719018e-01
2.428466076696169651e-01 1.214958511332210750e-01
2.464601769911509699e-01 1.108503303278181029e-01
2.500737463126845306e-01 1.004824202292854407e-01
2.536873156342185354e-01 9.043869565350029505e-02
2.573008849557525402e-01 8.076902133790204996e-02
2.609144542772865449e-01 7.152510779748977310e-02
2.645280235988205497e-01 6.275872110199928744e-02
2.681415929203541104e-01 5.451959328538434624e-02
2.717551622418881152e-01 4.685311960101046919e-02
2.753687315634221200e-01 3.979797008469107555e-02
2.789823008849561248e-01 3.338378046670520405e-02
2.825958702064901296e-01 2.762911458840035597e-02
2.862094395280241343e-01 2.253989983384863463e-02
2.898230088495576950e-01 1.810852228410451611e-02
2.934365781710916998e-01 1.431372559277058892e-02
2.970501474926257046e-01 1.112138761656796850e-02
3.006637168141597094e-01 8.486157866203417402e-03
3.042772861356937142e-01 6.353838805557389564e-03
3.078908554572272749e-01 4.664301062990198164e-03
3.115044247787612797e-01 3.354654027037089030e-03
3.151179941002952845e-01 2.362363456318659211e-03
3.187315634218292892e-01 1.628024069256357211e-03
3.223451327433632940e-01 1.097555451496781860e-03
3.259587020648972988e-01 7.236821939855698094e-04
3.295722713864308595e-01 4.666651505212837019e-04
3.331858407079648643e-01 2.943491878600749999e-04
3.367994100294988691e-01 1.816662796286790766e-04
3.404129793510328739e-01 1.097713507822682395e-04
3.440265486725668787e-01 6.499121280879371421e-05
3.476401179941004393e-01 3.774147578889926956e-05
3.512536873156344441e-01 2.152427053007596397e-05
3.548672566371684489e-01 1.207329750121188045e-05
3.584808259587024537e-01 6.671815460001728773e-06
3.620943952802364585e-01 3.639131386902979634e-06
3.657079646017700192e-01 1.963242034178084775e-06
3.693215339233040240e-01 1.049829564377498210e-06
3.729351032448380288e-01 5.577310403205387799e-07
3.765486725663720335e-01 2.950630465535885814e-07
3.801622418879060383e-01 1.558212601574182605e-07
3.837758112094400431e-01 8.233745381281761401e-08
3.873893805309736038e-01 4.363625099545425712e-08
3.910029498525076086e-01 2.324694876386173291e-08
3.946165191740416134e-01 1.247664086227157708e-08
3.982300884955756182e-01 6.759754377353606463e-09
4.018436578171096230e-01 3.704144347589442803e-09
4.054572271386431837e-01 2.056444712181487112e-09
4.090707964601771884e-01 1.158476848235034950e-09
4.126843657817111932e-01 6.631092294955577390e-10
4.162979351032451980e-01 3.861108610385164999e-10
4.199115044247792028e-01 2.289210902289698931e-10
4.235250737463132076e-01 1.383060954541782879e-10
4.271386430678467683e-01 8.519875663290856643e-11
4.307522123893807731e-01 5.353518817249207438e-11
4.343657817109147778e-01 3.432131494036534487e-11
4.379793510324487826e-01 2.245131775365380582e-11
4.415929203539827874e-01 1.498450023028732751e-11
4.452064896755163481e-01 1.020170365117662779e-11
4.488200589970503529e-01 7.082444268355747162e-12
4.524336283185843577e-01 5.011533913867497967e-12
4.560471976401183625e-01 3.612304094807558902e-12
4.596607669616523673e-01 2.650518608799175669e-12
4.632743362831863720e-01 1.978250186085960273e-12
4.668879056047199327e-01 1.500642624464637294e-12
4.705014749262539375e-01 1.155950739078364166e-12
4.741150442477879423e-01 9.033863330596612078e-13
4.777286135693219471e-01 7.156146001068990052e-13
4.813421828908559519e-01 5.740579541033896822e-13
4.849557522123895126e-01 4.659171283506145784e-13
4.885693215339235174e-01 3.822564740620553532e-13
4.921828908554575222e-01 3.167572671441715111e-13
4.957964601769915269e-01 2.648956531004045307e-13
4.994100294985255317e-01 2.233938827932152565e-13
5.030235988200595365e-01 1.898495730765627639e-13
5.066371681415930972e-01 1.624823107229114832e-13
5.102507374631271020e-01 1.399584955999859364e-13
5.138643067846611068e-01 1.212689363012400414e-13
5.174778761061951116e-01 1.056424018736301895e-13
5.210914454277291163e-01 9.248394055804812903e-14
5.247050147492626770e-01 8.133043327095563075e-14
5.283185840707966818e-01 7.181825939161813961e-14
5.319321533923306866e-01 6.365955657255720898e-14
5.355457227138646914e-01 5.662463516076595349e-14
5.391592920353986962e-01 5.052883933647787903e-14
5.427728613569327010e-01 4.522264945629650771e-14
5.463864306784662617e-01 4.058416628671731786e-14
5.500000000000002665e-01 3.651336000486659155e-14
5.536135693215342712e-01 3.292763690481399302e-14
5.572271386430682760e-01 2.975839743538919223e-14
5.608407079646022808e-01 2.694834547093041824e-14
5.644542772861358415e-01 2.444937087640735603e-14
5.680678466076698463e-01 2.222087255046493376e-14
5.716814159292038511e-01 2.022842212278085091e-14
5.752949852507378559e-01 1.844269277631050328e-14
5.789085545722718606e-01 1.683859567615215217e-14
5.825221238938058654e-01 1.539457992814470820e-14
5.861356932153394261e-01 1.409206208560225594e-14
5.897492625368734309e-01 1.291495885181342136e-14
5.933628318584074357e-01 1.184930242614830522e-14
5.969764011799414405e-01 1.088292237696123138e-14
6.005899705014754453e-01 1.000518133528597821e-14
6.042035398230090060e-01 9.206754440564256384e-15
6.078171091445430108e-01 8.479444519604865451e-15
6.114306784660770155e-01 7.816026581404163680e-15
6.150442477876110203e-01 7.210116469393528022e-15
6.186578171091450251e-01 6.656059500806889157e-15
6.222713864306790299e-01 6.148835716318961948e-15
6.258849557522125906e-01 5.683978982399941970e-15
6.294985250737465954e-01 5.257507694165885431e-15
6.331120943952806002e-01 4.865865226653646905e-15
6.367256637168146050e-01 4.505868609676534925e-15
6.403392330383486097e-01 4.174664160166001497e-15
6.439528023598821704e-01 3.869689023839887103e-15
6.475663716814161752e-01 3.588637749943304057e-15
6.511799410029501800e-01 3.329433166607236222e-15
6.547935103244841848e-01 3.090200941766727589e-15
6.584070796460181896e-01 2.869247311562819758e-15
6.620206489675521944e-01 2.665039538449800064e-15
6.656342182890857551e-01 2.476188727945625497e-15
6.692477876106197598e-01 2.301434688569216106e-15
6.728613569321537646e-01 2.139632566009442539e-15
6.764749262536877694e-01 1.989741021572110326e-15
6.800884955752217742e-01 1.850811757767698639e-15
6.837020648967553349e-01 1.721980221592283382e-15
6.873156342182893397e-01 1.602457339487286063e-15
6.909292035398233445e-01 1.491522157850421118e-15
6.945427728613573493e-01 1.388515279891635943e-15
6.981563421828913540e-01 1.292833004066055147e-15
7.017699115044253588e-01 1.203922081666508369e-15
7.053834808259589195e-01 1.121275021748744546e-15
7.089970501474929243e-01 1.044425880666905026e-15
7.126106194690269291e-01 9.729464813414303649e-16
7.162241887905609339e-01 9.064430141565042082e-16
7.198377581120949387e-01 8.445529772475542981e-16
7.234513274336284994e-01 7.869424190254899321e-16
7.270648967551625041e-01 7.333034502046539618e-16
7.306784660766965089e-01 6.833519964510278762e-16
7.342920353982305137e-01 6.368257661258708721e-16
7.379056047197645185e-01 5.934824105361243584e-16
7.415191740412985233e-01 5.530978566737937742e-16
7.451327433628320840e-01 5.154647946813126412e-16
7.487463126843660888e-01 4.803913042612376432e-16
7.523598820059000936e-01 4.476996059916625779e-16
7.559734513274340983e-01 4.172249250449100526e-16
7.595870206489681031e-01 3.888144561625186166e-16
7.632005899705016638e-01 3.623264199374393528e-16
7.668141592920356686e-01 3.376292015140006556e-16
7.704277286135696734e-01 3.146005637552065523e-16
7.740412979351036782e-01 2.931269277594038465e-16
7.776548672566376830e-01 2.731027143478517412e-16
7.812684365781712437e-01 2.544297408017166481e-16
7.848820058997052485e-01 2.370166677119288748e-16
7.884955752212392532e-01 2.207784913259533874e-16
7.921091445427732580e-01 2.056360772399261338e-16
7.957227138643072628e-01 1.915157316988290270e-16
7.993362831858412676e-01 1.783488071374375526e-16
8.029498525073748283e-01 1.660713389254804914e-16
8.065634218289088331e-01 1.546237105762819063e-16
8.101769911504428379e-01 1.439503449431734079e-16
8.137905604719768426e-01 1.339994191651833510e-16
8.174041297935108474e-01 1.247226013364748667e-16
8.210176991150444081e-01 1.160748070649501162e-16
8.246312684365784129e-01 1.080139742569841068e-16
8.282448377581124177e-01 1.005008546194632861e-16
8.318584070796464225e-01 9.349882050889666593e-17
8.354719764011804273e-01 8.697368588224915661e-17
8.390855457227144321e-01 8.089354021650885118e-17
8.426991150442479928e-01 7.522859436537935892e-17
8.463126843657819975e-01 6.995103741286461178e-17
8.499262536873160023e-01 6.503490366608620140e-17
8.535398230088500071e-01 6.045594900419992746e-17
8.571533923303840119e-01 5.619153586771610856e-17
8.607669616519175726e-01 5.222052623354038510e-17
8.643805309734515774e-01 4.852318197628204055e-17
8.679941002949855822e-01 4.508107206649607266e-17
8.716076696165195870e-01 4.187698610189997092e-17
8.752212389380535917e-01 3.889485370890941568e-17
8.788348082595875965e-01 3.611966938927408662e-17
8.824483775811211572e-01 3.353742242071413011e-17
8.860619469026551620e-01 3.113503145146734077e-17
8.896755162241891668e-01 2.890028345695381848e-17
8.932890855457231716e-01 2.682177675253464885e-17
8.969026548672571764e-01 2.488886777989484396e-17
9.005162241887907371e-01 2.309162140607770830e-17
9.041297935103247418e-01 2.142076449388243805e-17
9.077433628318587466e-01 1.986764252033571149e-17
9.113569321533927514e-01 1.842417903645383290e-17
9.149705014749267562e-01 1.708283777664827083e-17
9.185840707964607610e-01 1.583658724002713860e-17
9.221976401179943217e-01 1.467886757861233674e-17
9.258112094395283265e-01 1.360355963924215838e-17
9.294247787610623313e-01 1.260495601674931839e-17
9.330383480825963360e-01 1.167773398596822856e-17
9.366519174041303408e-01 1.081693018932653000e-17
9.402654867256639015e-01 1.001791696526794794e-17
9.438790560471979063e-01 9.276380210596478105e-18
9.474926253687319111e-01 8.588298677098022847e-18
9.511061946902659159e-01 7.949924609507987549e-18
9.547197640117999207e-01 7.357765638126732786e-18
9.583333333333339255e-01 6.808567845154416209e-18
9.619469026548674861e-01 6.299299929177828291e-18
9.655604719764014909e-01 5.827138397216512421e-18
9.691740412979354957e-01 5.389453718363215983e-18
9.727876106194695005e-01 4.983797377354118813e-18
9.764011799410035053e-01 4.607889770409175099e-18
9.800147492625370660e-01 4.259608889412996555e-18
9.836283185840710708e-01 3.936979743979708038e-18
9.872418879056050756e-01 3.638164474188417276e-18
9.908554572271390803e-01 3.361453109796503859e-18
9.944690265486730851e-01 3.105254934562481802e-18
9.980825958702070899e-01 2.868090416943127716e-18
1.001696165191740651e+00 2.648583670894367087e-18
1.005309734513274655e+00 2.445455412805303221e-18
1.008923303834808660e+00 2.257516382748465702e-18
1.012536873156342665e+00 2.083661200241854974e-18
1.016150442477876670e+00 1.922862626602723403e-18
1.019764011799410230e+00 1.774166207737328661e-18
1.023377581120944235e+00 1.636685272861130102e-18
1.026991150442478240e+00 1.509596266191698589e-18
1.030604719764012245e+00 1.392134390104257029e-18
1.034218289085546250e+00 1.283589539598719117e-18
1.037831858407080254e+00 1.183302509197997809e-18
1.041445427728613815e+00 1.090661454590942058e-18
1.045058997050147820e+00 1.005098592450343390e-18
1.048672566371681825e+00 9.260871229052605182e-19
1.052286135693215829e+00 8.531383601289183135e-19
1.055899705014749834e+00 7.857990574256411195e-19
1.059513274336283395e+00 7.236489140639460463e-19
1.063126843657817400e+00 6.662982519136203221e-19
1.066740412979351404e+00 6.133858507046892927e-19
1.070353982300885409e+00 5.645769314387947999e-19
1.073967551622419414e+00 5.195612781522351806e-19
1.077581120943953419e+00 4.780514888567605577e-19
1.081194690265486980e+00 4.397813470721949398e-19
1.084808259587020984e+00 4.045043059162844713e-19
1.088421828908554989e+00 3.719920772342424416e-19
1.092035398230088994e+00 3.420333187351256374e-19
1.095648967551622999e+00 3.144324125567893057e-19
1.099262536873156559e+00 2.890083291071117646e-19
1.102876106194690564e+00 2.655935704287225811e-19
1.106489675516224569e+00 2.440331877087639562e-19
1.110103244837758574e+00 2.241838679059747576e-19
1.113716814159292579e+00 2.059130847963298150e-19
1.117330383480826583e+00 1.890983100463090374e-19
1.120943952802360144e+00 1.736262802115692069e-19
1.124557522123894149e+00 1.593923158290093591e-19
1.128171091445428154e+00 1.462996890234346621e-19
1.131784660766962158e+00 1.342590362869670371e-19
1.135398230088496163e+00 1.231878133113961160e-19
1.139011799410029724e+00 1.130097889613115881e-19
1.142625368731563729e+00 1.036545756703635167e-19
1.146238938053097733e+00 9.505719372491580710e-20
1.149852507374631738e+00 8.715766706957836204e-20
1.153466076696165743e+00 7.990064842837867615e-20
1.157079646017699748e+00 7.323507168423360643e-20
1.160693215339233308e+00 6.711382959867019793e-20
1.164306784660767313e+00 6.149347508390660048e-20
1.167920353982301318e+00 5.633394436115811786e-20
1.171533923303835323e+00 5.159830045270851443e-20
1.175147492625369328e+00 4.725249556159251235e-20
1.178761061946902888e+00 4.326515099199117322e-20
1.182374631268436893e+00 3.960735335615912879e-20
1.185988200589970898e+00 3.625246590028768698e-20
1.189601769911504903e+00 3.317595386251927023e-20
1.193215339233038907e+00 3.035522285179227192e-20
1.196828908554572468e+00 2.776946930658904664e-20
1.200442477876106473e+00 2.539954215834469255e-20
1.204056047197640478e+00 2.322781488556631205e-20
1.207669616519174483e+00 2.123806720182572738e-20
1.211283185840708487e+00 1.941537567410702590e-20
1.214896755162242492e+00 1.774601261762904190e-20
1.218510324483776053e+00 1.621735265957310392e-20
1.222123893805310058e+00 1.481778640727464685e-20
1.225737463126844062e+00 1.353664069662338841e-20
1.229351032448378067e+00 1.236410493384076656e-20
1.232964601769912072e+00 1.129116307866168353e-20
1.236578171091445633e+00 1.030953084938845393e-20
1.240191740412979637e+00 9.411597760486025220e-21
1.243805309734513642e+00 8.590373631497000921e-21
1.247418879056047647e+00 7.839439232193089427e-21
1.251032448377581652e+00 7.152900753207013716e-21
1.254646017699115657e+00 6.525347814004021879e-21
1.258259587020649217e+00 5.951814741080378116e-21
1.261873156342183222e+00 5.427744868821589857e-21
1.265486725663717227e+00 4.948957633622299385e-21
1.269100294985251232e+00 4.511618248743354389e-21
1.272713864306785236e+00 4.112209763062991526e-21
1.276327433628318797e+00 3.747507321438549765e-21
1.279941002949852802e+00 3.414554457915320244e-21
1.283554572271386807e+00 3.110641265569179722e-21
1.287168141592920811e+00 2.833284298417810694e-21
1.290781710914454816e+00 2.580208071643568363e-21
1.294395280235988821e+00 2.349328036396964866e-21
1.298008849557522382e+00 2.138734914749374894e-21
1.301622418879056386e+00 1.946680288986363654e-21
1.305235988200590391e+00 1.771563347427087412e-21
1.308849557522124396e+00 1.611918696364043574e-21
1.312463126843658401e+00 1.466405154584086094e-21
1.316076696165191962e+00 1.333795453291554040e-21
1.319690265486725966e+00 1.212966770146593910e-21
1.323303834808259971e+00 1.102892031587580307e-21
1.326917404129793976e+00 1.002631922657051990e-21
1.330530973451327981e+00 9.113275482272195087e-22
1.334144542772861985e+00 8.281936938469577590e-22
1.337758112094395546e+00 7.525126384358147757e-22
1.341371681415929551e+00 6.836284747537860568e-22
1.344985250737463556e+00 6.209418969998888143e-22
1.348598820058997561e+00 5.639054180591241885e-22
1.352212389380531565e+00 5.120189818444499049e-22
1.355825958702065126e+00 4.648259388856286783e-22
1.359439528023599131e+00 4.219093558160453314e-22
1.363053097345133136e+00 3.828886317181557032e-22
1.366666666666667140e+00 3.474163964203573150e-22
1.370280235988201145e+00 3.151756678076122604e-22
1.373893805309735150e+00 2.858772470260593151e-22
1.377507374631268711e+00 2.592573321398103095e-22
1.381120943952802715e+00 2.350753323464430967e-22
1.384734513274336720e+00 2.131118662864229330e-22
1.388348082595870725e+00 1.931669292990626994e-22
1.391961651917404730e+00 1.750582156929605098e-22
1.395575221238938290e+00 1.586195832190171522e-22
1.399188790560472295e+00 1.436996479668562637e-22
1.402802359882006300e+00 1.301604988571600039e-22
1.406415929203540305e+00 1.178765217792549178e-22
1.410029498525074310e+00 1.067333242311008746e-22
1.413643067846608314e+00 9.662675206270665059e-23
1.417256637168141875e+00 8.746199060901260090e-23
1.420870206489675880e+00 7.915274312887989724e-23
1.424483775811209885e+00 7.162048004722092814e-23
1.428097345132743889e+00 6.479375303135286370e-23
1.431710914454277894e+00 5.860756842402813194e-23
1.435324483775811455e+00 5.300281500750993658e-23
1.438938053097345460e+00 4.792574148866028889e-23
1.442551622418879465e+00 4.332747947711773470e-23
1.446165191740413469e+00 3.916360807985037624e-23
1.449778761061947474e+00 3.539375655816671446e-23
1.453392330383481479e+00 3.198124178983639818e-23
1.457005899705015040e+00 2.889273755141342433e-23
1.460619469026549044e+00 2.609797288605580270e-23
1.464233038348083049e+00 2.356945705191271780e-23
1.467846607669617054e+00 2.128222875703766839e-23
1.471460176991151059e+00 1.921362758040579258e-23
1.475073746312684619e+00 1.734308565623594889e-23
1.478687315634218624e+00 1.565193786181310199e-23
1.482300884955752629e+00 1.412324889849479846e-23
1.485914454277286634e+00 1.274165579268200631e-23
1.489528023598820639e+00 1.149322446923082408e-23
1.493141592920354643e+00 1.036531916501116721e-23
1.496755162241888204e+00 9.346483555911608112e-24
1.500368731563422209e+00 8.426332567354757469e-24
1.503982300884956214e+00 7.595453927029441870e-24
1.507595870206490218e+00 6.845318599729425317e-24
1.511209439528024223e+00 6.168199318536029420e-24
1.514823008849557784e+00 5.557096494643556090e-24
1.518436578171091789e+00 5.005670850427484915e-24
1.522050147492625793e+00 4.508182177367853621e-24
1.525663716814159798e+00 4.059433672604388324e-24
1.529277286135693803e+00 3.654721355617513193e-24
1.532890855457227808e+00 3.289788110169692404e-24
1.536504424778761368e+00 2.960781936544722120e-24
1.540117994100295373e+00 2.664218035602550915e-24
1.543731563421829378e+00 2.396944379508463792e-24
1.547345132743363383e+00 2.156110454463909690e-24
1.550958702064897388e+00 1.939138888601106754e-24
1.554572271386430948e+00 1.743699703631026899e-24
1.558185840707964953e+00 1.567686952053018962e-24
1.561799410029498958e+00 1.409197522936004267e-24
1.565412979351032963e+00 1.266511918634218059e-24
1.569026548672566967e+00 1.138076822463965940e-24
1.572640117994100972e+00 1.022489293485440540e-24
1.576253687315634533e+00 9.184824392372330019e-25
1.579867256637168538e+00 8.249124306828116164e-25
1.583480825958702543e+00 7.407467358586639610e-25
1.587094395280236547e+00 6.650534598640840635e-25
1.590707964601770552e+00 5.969916889970651168e-25
1.594321533923304113e+00 5.358027461044449142e-25
1.597935103244838118e+00 4.808022726543025228e-25
1.601548672566372122e+00 4.313730607284442893e-25
1.605162241887906127e+00 3.869585651355333855e-25
1.608775811209440132e+00 3.470570322231050885e-25
1.612389380530973693e+00 3.112161877725305463e-25
1.616002949852507697e+00 2.790284316459084928e-25
1.619616519174041702e+00 2.501264916635430518e-25
1.623230088495575707e+00 2.241794935665263720e-25
1.626843657817109712e+00 2.008894078999329170e-25
1.630457227138643717e+00 1.799878382726856197e-25
1.634070796460177277e+00 1.612331187423032643e-25
1.637684365781711282e+00 1.444076910659378772e-25
1.641297935103245287e+00 1.293157352795759243e-25
1.644911504424779292e+00 1.157810295396104621e-25
1.648525073746313296e+00 1.036450174073579750e-25
1.652138643067846857e+00 9.276506279754416048e-26
1.655752212389380862e+00 8.301287466505846365e-26
1.659365781710914867e+00 7.427308518708240551e-26
1.662979351032448871e+00 6.644196672531855520e-26
1.666592920353982876e+00 5.942627423979608682e-26
1.670206489675516881e+00 5.314220108397561389e-26
1.673820058997050442e+00 4.751443725262616204e-26
1.677433628318584447e+00 4.247532018955641772e-26
1.681047197640118451e+00 3.796406920155224395e-26
1.684660766961652456e+00 3.392609537652770794e-26
1.688274336283186461e+00 3.031237967598841124e-26
1.691887905604720022e+00 2.707891257172855979e-26
1.695501474926254026e+00 2.418618923083467053e-26
1.699115044247788031e+00 2.159875482766301417e-26
1.702728613569322036e+00 1.928479508189772060e-26
1.706342182890856041e+00 1.721576759319539880e-26
1.709955752212390045e+00 1.536606996970736797e-26
1.713569321533923606e+00 1.371274113417683210e-26
1.717182890855457611e+00 1.223519254103235101e-26
1.720796460176991616e+00 1.091496635437773223e-26
1.724410029498525621e+00 9.735517923120684628e-27
1.728023598820059625e+00 8.682020148491018116e-27
1.731637168141593186e+00 7.741187573455500934e-27
1.735250737463127191e+00 6.901118235341103105e-27
1.738864306784661196e+00 6.151151514472682989e-27
1.742477876106195200e+00 5.481740384697117228e-27
1.746091445427729205e+00 4.884336628076326131e-27
1.749705014749263210e+00 4.351287717337298014e-27
1.753318584070796771e+00 3.875744197316432674e-27
1.756932153392330775e+00 3.451576511917686529e-27
1.760545722713864780e+00 3.073300327200876336e-27
1.764159292035398785e+00 2.736009495190100331e-27
1.767772861356932790e+00 2.435315887816951194e-27
1.771386430678466350e+00 2.167295406957032706e-27
1.775000000000000355e+00 1.928439545581674125e-27
1.778613569321534360e+00 1.715611937346348430e-27
1.782227138643068365e+00 1.526009388123209752e-27
1.785840707964602370e+00 1.357126933650193309e-27
1.789454277286136374e+00 1.206726513144350890e-27
1.793067846607669935e+00 1.072808889896634511e-27
1.796681415929203940e+00 9.535884869665941412e-28
1.800294985250737945e+00 8.474708395242265734e-28
1.803908554572271949e+00 7.530323954979718066e-28
1.807522123893805954e+00 6.690024233098750744e-28
1.811135693215339515e+00 5.942468099000713443e-28
1.814749262536873520e+00 5.277535542291944961e-28
1.818362831858407525e+00 4.686197812381325742e-28
1.821976401179941529e+00 4.160401190542552687e-28
1.825589970501475534e+00 3.692962982585796476e-28
1.829203539823009539e+00 3.277478464437401895e-28
1.832817109144543100e+00 2.908237642585492483e-28
1.836430678466077104e+00 2.580150807940469357e-28
1.840044247787611109e+00 2.288681966481459836e-28
1.843657817109145114e+00 2.029789324283588759e-28
1.847271386430679119e+00 1.799872089199950385e-28
1.850884955752212679e+00 1.595722927558318919e-28
1.854498525073746684e+00 1.414485482585887634e-28
1.858112094395280689e+00 1.253616422668595844e-28
1.861725663716814694e+00 1.110851542682250795e-28
1.865339233038348699e+00 9.841754911320486811e-29
1.868952802359882703e+00 8.717947402693361573e-29
1.872566371681416264e+00 7.721134562318205916e-29
1.876179941002950269e+00 6.837119620359100392e-29
1.879793510324484274e+00 6.053275183510608312e-29
1.883407079646018278e+00 5.358371757795623684e-29
1.887020648967552283e+00 4.742424781867114321e-29
1.890634218289085844e+00 4.196558197781614962e-29
1.894247787610619849e+00 3.712882793753746357e-29
1.897861356932153853e+00 3.284387739409054740e-29
1.901474926253687858e+00 2.904843900736568117e-29
1.905088495575221863e+00 2.568717671272645490e-29
1.908702064896755868e+00 2.271094189811787074e-29
1.912315634218289429e+00 2.007608934732283200e-29
1.915929203539823433e+00 1.774386792286150224e-29
1.919542772861357438e+00 1.567987792227838982e-29
1.923156342182891443e+00 1.385358790098325465e-29
1.926769911504425448e+00 1.223790452393463767e-29
1.930383480825959008e+00 1.080878969655224225e-29
1.933997050147493013e+00 9.544919840790207790e-30
1.937610619469027018e+00 8.427382732803279873e-30
1.941224188790561023e+00 7.439407810897663408e-30
1.944837758112095027e+00 6.566126302531916973e-30
1.948451327433629032e+00 5.794357912502748526e-30
1.952064896755162593e+00 5.112421165970060480e-30
1.955678466076696598e+00 4.509964814080530162e-30
1.959292035398230603e+00 3.977817990522651400e-30
1.962905604719764607e+00 3.507857057957965609e-30
1.966519174041298612e+00 3.092887307050626952e-30
1.970132743362832173e+00 2.726537870619011062e-30
1.973746312684366178e+00 2.403168393772307832e-30
1.977359882005900182e+00 2.117786160063563749e-30
1.980973451327434187e+00 1.865972515710996690e-30
1.984587020648968192e+00 1.643817560641712182e-30
1.988200589970502197e+00 1.447862188120872177e-30
1.991814159292035757e+00 1.275046655511579706e-30
1.995427728613569762e+00 1.122664958564991555e-30
1.999041297935103767e+00 9.883243617440180812e-31
2.002654867256637772e+00 8.699095084726639284e-31
2.006268436578171777e+00 7.655505988225290403e-31
2.009882005899705337e+00 6.735951788229156076e-31
2.013495575221239342e+00 5.925831360685718171e-31
2.017109144542773347e+00 5.212245412599994661e-31
2.020722713864307352e+00 4.583800153458566419e-31
2.024336283185841356e+00 4.030433375775719582e-31
2.027949852507374917e+00 3.543260415089551288e-31
2.031563421828908922e+00 3.114437742032448249e-31
2.035176991150442927e+00 2.737042190276978056e-31
2.038790560471976931e+00 2.404964047587813505e-31
2.042404129793510936e+00 2.112812435931766116e-31
2.046017699115044941e+00 1.855831583304710587e-31
2.049631268436578502e+00 1.629826747036008399e-31
2.053244837758112507e+00 1.431098687975628061e-31
2.056858407079646511e+00 1.256385719075835410e-31
2.060471976401180516e+00 1.102812462150759136e-31
2.064085545722714521e+00 9.678445445627221667e-32
2.067699115044248082e+00 8.492485545960677258e-32
2.071312684365782086e+00 7.450566515502586603e-32
2.074926253687316091e+00 6.535352951902485373e-32
2.078539823008850096e+00 5.731576200940022012e-32
2.082153392330384101e+00 5.025790344898246398e-32
2.085766961651918106e+00 4.406156711402875758e-32
2.089380530973451666e+00 3.862253603834230814e-32
2.092994100294985671e+00 3.384908331881201961e-32
2.096607669616519676e+00 2.966048955566800056e-32
2.100221238938053236e+00 2.598573452896804426e-32
2.103834808259587685e+00 2.276234284430806856e-32
2.107448377581121246e+00 1.993536561312350644e-32
2.111061946902655695e+00 1.745648229986641272e-32
2.114675516224189256e+00 1.528320869971469053e-32
2.118289085545722816e+00 1.337819863273484861e-32
2.121902654867257265e+00 1.170862837729574209e-32
2.125516224188790826e+00 1.024565413785506772e-32
2.129129793510325275e+00 8.963933968720972491e-33
2.132743362831858835e+00 7.841206572532082537e-33
2.136356932153393284e+00 6.857920274662638759e-33
2.139970501474926845e+00 5.996906255628718273e-33
2.143584070796460406e+00 5.243090814367843195e-33
2.147197640117994855e+00 4.583242046308464608e-33
2.150811209439528415e+00 4.005746860491815976e-33
2.154424778761062864e+00 3.500414737793763791e-33
2.158038348082596425e+00 3.058305054652603124e-33
2.161651917404129986e+00 2.671575170005889963e-33
2.165265486725664434e+00 2.333346803021443508e-33
2.168879056047197995e+00 2.037588520656096612e-33
2.172492625368732444e+00 1.779012411528269196e-33
2.176106194690266005e+00 1.552983249968741096e-33
2.179719764011799565e+00 1.355438654886752545e-33
2.183333333333334014e+00 1.182818925346559852e-33
2.186946902654867575e+00 1.032005391207413957e-33
2.190560471976402024e+00 9.002662552564768485e-34
2.194174041297935585e+00 7.852090250992452650e-34
2.197787610619469145e+00 6.847387405478343659e-34
2.201401179941003594e+00 5.970212970476397664e-34
2.205014749262537155e+00 5.204512492788513297e-34
2.208628318584071604e+00 4.536235527766489889e-34
2.212241887905605164e+00 3.953087663885701146e-34
2.215855457227138725e+00 3.444312956510297286e-34
2.219469026548673174e+00 3.000503076299473656e-34
2.223082595870206735e+00 2.613429922270023114e-34
2.226696165191741184e+00 2.275898841140906934e-34
2.230309734513274744e+00 1.981619939477666099e-34
2.233923303834809193e+00 1.725095278827808628e-34
2.237536873156342754e+00 1.501520011397950257e-34
2.241150442477876314e+00 1.306695749137494124e-34
2.244764011799410763e+00 1.136954666190251551e-34
2.248377581120944324e+00 9.890930168822687123e-35
2.251991150442478773e+00 8.603129117110688126e-35
2.255604719764012334e+00 7.481713347831523098e-35
2.259218289085545894e+00 6.505355101236836410e-35
2.262831858407080343e+00 5.655438332858181620e-35
2.266445427728613904e+00 4.915716805030724729e-35
2.270058997050148353e+00 4.272014918415055770e-35
2.273672566371681913e+00 3.711965988070877391e-35
2.277286135693215474e+00 3.224783318746029209e-35
2.280899705014749923e+00 2.801060005107982310e-35
2.284513274336283484e+00 2.432593884153938488e-35
2.288126843657817933e+00 2.112234507393457625e-35
2.291740412979351493e+00 1.833749386992243576e-35
2.295353982300885054e+00 1.591707109381026884e-35
2.298967551622419503e+00 1.381375207617150923e-35
2.302581120943953064e+00 1.198630945054236315e-35
2.306194690265487512e+00 1.039883392074353863e-35
2.309808259587021073e+00 9.020053786636011600e-36
2.313421828908555522e+00 7.822740818897211221e-36
2.317035398230089083e+00 6.783191618975781811e-36
2.320648967551622643e+00 5.880774955168459325e-36
2.324262536873157092e+00 5.097536753158663094e-36
2.327876106194690653e+00 4.417855459799810761e-36
2.331489675516225102e+00 3.828141410470818939e-36
2.335103244837758663e+00 3.316574628785049539e-36
2.338716814159292223e+00 2.872876186682436261e-36
2.342330383480826672e+00 2.488108865217844478e-36
2.345943952802360233e+00 2.154503392370583983e-36
2.349557522123894682e+00 1.865307003361642687e-36
2.353171091445428242e+00 1.614651479543961511e-36
2.356784660766961803e+00 1.397438181160187364e-36
2.360398230088496252e+00 1.209237903524178831e-36
2.364011799410029813e+00 1.046203661037230818e-36
2.367625368731564262e+00 9.049947438074022444e-37
2.371238938053097822e+00 7.827106017845557153e-37
2.374852507374631383e+00 6.768332950197509240e-37
2.378466076696165832e+00 5.851774092054308499e-37
2.382079646017699393e+00 5.058464759428779887e-37
2.385693215339233841e+00 4.371950597476809602e-37
2.389306784660767402e+00 3.777957808648805037e-37
2.392920353982301851e+00 3.264106364645143611e-37
2.396533923303835412e+00 2.819660644288449873e-37
2.400147492625368972e+00 2.435312652161327705e-37
2.403761061946903421e+00 2.102993594967448817e-37
2.407374631268436982e+00 1.815710135474518708e-37
2.410988200589971431e+00 1.567402117598975466e-37
2.414601769911504991e+00 1.352818969429146506e-37
2.418215339233038552e+00 1.167412351405327347e-37
2.421828908554573001e+00 1.007242931186517416e-37
2.425442477876106562e+00 8.688994407649895642e-38
2.429056047197641011e+00 7.494284102740545460e-38
2.432669616519174571e+00 6.462731811345119693e-38
2.436283185840708132e+00 5.572209826063887922e-38
2.439896755162242581e+00 4.803570138776144782e-38
2.443510324483776142e+00 4.140246115034729705e-38
2.447123893805310590e+00 3.567907019211504044e-38
2.450737463126844151e+00 3.074158431766331969e-38
2.454351032448377712e+00 2.648282509002282174e-38
2.457964601769912161e+00 2.281012826895312731e-38
2.461578171091445721e+00 1.964339239157685078e-38
2.465191740412980170e+00 1.691338778827520892e-38
2.468805309734513731e+00 1.456029153889609479e-38
2.472418879056048180e+00 1.253241840775847643e-38
2.476032448377581741e+00 1.078512173835480999e-38
2.479646017699115301e+00 9.279841716383341938e-39
2.483259587020649750e+00 7.983281389562698232e-39
2.486873156342183311e+00 6.866693422506472464e-39
2.490486725663717760e+00 5.905262815488862514e-39
2.494100294985251320e+00 5.077572771263961597e-39
2.497713864306784881e+00 4.365142592603351827e-39
2.501327433628319330e+00 3.752027968401248845e-39
2.504941002949852891e+00 3.224475287143041065e-39
2.508554572271387340e+00 2.770622728629318979e-39
2.512168141592920900e+00 2.380241850191419221e-39
2.515781710914454461e+00 2.044514221394090266e-39
2.519395280235988910e+00 1.755838388172777718e-39
2.523008849557522471e+00 1.507663077998693124e-39
2.526622418879056919e+00 1.294343104685390456e-39
2.530235988200590480e+00 1.111014905838068750e-39
2.533849557522124041e+00 9.534890572691566846e-40
2.537463126843658490e+00 8.181574652870880893e-40
2.541076696165192050e+00 7.019132468243734759e-40
2.544690265486726499e+00 6.020815752058326690e-40
2.548303834808260060e+00 5.163600014108183002e-40
2.551917404129794509e+00 4.427669617064263339e-40
2.555530973451328070e+00 3.795973566364680110e-40
2.559144542772861630e+00 3.253842371180211000e-40
2.562758112094396079e+00 2.788657639318754099e-40
2.566371681415929640e+00 2.389567198862564723e-40
2.569985250737464089e+00 2.047239517268775778e-40
2.573598820058997649e+00 1.753652034880136416e-40
2.577212389380531210e+00 1.501908761896288414e-40
2.580825958702065659e+00 1.286083121133802952e-40
2.584439528023599220e+00 1.101082566572843133e-40
2.588053097345133668e+00 9.425319812540795364e-41
2.591666666666667229e+00 8.066732674950726197e-41
2.595280235988200790e+00 6.902788962657290227e-41
2.598893805309735239e+00 5.905774883845963356e-41
2.602507374631268799e+00 5.051897644348111360e-41
2.606120943952803248e+00 4.320734285736724891e-41
2.609734513274336809e+00 3.694757485757921359e-41
2.613348082595870370e+00 3.158927647151659020e-41
2.616961651917404819e+00 2.700342071026106265e-41
2.620575221238938379e+00 2.307933280004571950e-41
2.624188790560472828e+00 1.972209651691451208e-41
2.627802359882006389e+00 1.685032468199709871e-41
2.631415929203539950e+00 1.439424302968196884e-41
2.635029498525074398e+00 1.229404369564943267e-41
2.638643067846607959e+00 1.049847063874167197e-41
2.642256637168142408e+00 8.963604542334160934e-42
2.645870206489675969e+00 7.651819251358900699e-42
2.649483775811210418e+00 6.530885689043779077e-42
2.653097345132743978e+00 5.573202548260739601e-42
2.656710914454277539e+00 4.755135939598801548e-42
2.660324483775811988e+00 4.056452665736718665e-42
2.663938053097345549e+00 3.459833934237060565e-42
2.667551622418879997e+00 2.950458166070821948e-42
2.671165191740413558e+00 2.515643145963278415e-42
2.674778761061947119e+00 2.144539128400579280e-42
2.678392330383481568e+00 1.827865690411112876e-42
2.682005899705015128e+00 1.557686135357791001e-42
2.685619469026549577e+00 1.327214123676690709e-42
2.689233038348083138e+00 1.130647956394769215e-42
2.692846607669616699e+00 9.630285822334759996e-43
2.696460176991151148e+00 8.201179537548817764e-43
2.700073746312684708e+00 6.982948348813119595e-43
2.703687315634219157e+00 5.944655720556817769e-43
2.707300884955752718e+00 5.059876936412381234e-43
2.710914454277286278e+00 4.306045049172800321e-43
2.714528023598820727e+00 3.663891061510861239e-43
2.718141592920354288e+00 3.116964846662669177e-43
2.721755162241888737e+00 2.651225237330735998e-43
2.725368731563422298e+00 2.254689358902004079e-43
2.728982300884956747e+00 1.917132697803783750e-43
2.732595870206490307e+00 1.629832610195618620e-43
2.736209439528023868e+00 1.385349018379459710e-43
2.739823008849558317e+00 1.177336936583866591e-43
2.743436578171091877e+00 1.000386234967304323e-43
2.747050147492626326e+00 8.498847087513940551e-44
2.750663716814159887e+00 7.219010837401273197e-44
2.754277286135693448e+00 6.130850733761093081e-44
2.757890855457227897e+00 5.205820173152505187e-44
2.761504424778761457e+00 4.419599870658057189e-44
2.765117994100295906e+00 3.751475489402503143e-44
2.768731563421829467e+00 3.183806356476204950e-44
2.772345132743363028e+00 2.701572015026501370e-44
2.775958702064897476e+00 2.291985277880049308e-44
2.779572271386431037e+00 1.944162088443261304e-44
2.783185840707965486e+00 1.648839899117683283e-44
2.786799410029499047e+00 1.398137479757217814e-44
2.790412979351032607e+00 1.185350097695477456e-44
2.794026548672567056e+00 1.004774891425028627e-44
2.797640117994100617e+00 8.515620133687476003e-45
2.801253687315635066e+00 7.215877616201609991e-45
2.804867256637168627e+00 6.113464716858847415e-45
2.808480825958703075e+00 5.178584105546619989e-45
2.812094395280236636e+00 4.385913183489862747e-45
2.815707964601770197e+00 3.713935872296154142e-45
2.819321533923304646e+00 3.144373615792400028e-45
2.822935103244838206e+00 2.661700950044385991e-45
2.826548672566372655e+00 2.252733145741931306e-45
2.830162241887906216e+00 1.906275262511535724e-45
2.833775811209439777e+00 1.612823522190321229e-45
2.837389380530974226e+00 1.364311246466523326e-45
2.841002949852507786e+00 1.153892746876465450e-45
2.844616519174042235e+00 9.757595303872972593e-46
2.848230088495575796e+00 8.249840160678594665e-46
2.851843657817109357e+00 6.973866684599356648e-46
2.855457227138643805e+00 5.894230590624268396e-46
2.859070796460177366e+00 4.980878840274716165e-46
2.862684365781711815e+00 4.208334067960138107e-46
2.866297935103245376e+00 3.555001700816396180e-46
2.869911504424778936e+00 3.002581418671683780e-46
2.873525073746313385e+00 2.535567330356794371e-46
2.877138643067846946e+00 2.140823568594530714e-46
2.880752212389381395e+00 1.807223987449748288e-46
2.884365781710914955e+00 1.525346334490887041e-46
2.887979351032449404e+00 1.287212707581387890e-46
2.891592920353982965e+00 1.086069330556818463e-46
2.895206489675516526e+00 9.161997244001094752e-47
2.898820058997050975e+00 7.727662378272955310e-47
2.902433628318584535e+00 6.516756563405961334e-47
2.906047197640118984e+00 5.494652513787354047e-47
2.909660766961652545e+00 4.632061778730746942e-47
2.913274336283186106e+00 3.904215935254155271e-47
2.916887905604720554e+00 3.290172685945186023e-47
2.920501474926254115e+00 2.772227912484328443e-47
2.924115044247788564e+00 2.335417594182233892e-47
2.927728613569322125e+00 1.967095930838366983e-47
2.931342182890855685e+00 1.656578074322755165e-47
2.934955752212390134e+00 1.394837627930129960e-47
2.938569321533923695e+00 1.174250563224870136e-47
2.942182890855458144e+00 9.883784702080676544e-48
2.945796460176991705e+00 8.317851318753897501e-48
2.949410029498525265e+00 6.998813271785187095e-48
2.953023598820059714e+00 5.887935414167881620e-48
2.956637168141593275e+00 4.952529208993046073e-48
2.960250737463127724e+00 4.165013669360220704e-48
2.963864306784661284e+00 3.502121378474599662e-48
2.967477876106195733e+00 2.944227294643776185e-48
2.971091445427729294e+00 2.474781453603783149e-48
2.974705014749262855e+00 2.079829570335130755e-48
2.978318584070797304e+00 1.747607992587526303e-48
2.981932153392330864e+00 1.468201535211720654e-48
2.985545722713865313e+00 1.233254484639899547e-48
2.989159292035398874e+00 1.035726554457816900e-48
2.992772861356932435e+00 8.696868367423189295e-49
2.996386430678466883e+00 7.301398643224223316e-49
3.000000000000000000e+00 6.128788057402825834e-49
