-7.000000000000000888e+00 1.369173651944371948e-47
-6.987389829497858251e+00 2.454791682445107491e-47
-6.974779658995713838e+00 4.394186425868615549e-47
-6.962169488493571201e+00 7.853261227343307712e-47
-6.949559317991428564e+00 1.401294268904614096e-46
-6.936949147489284151e+00 2.496412736335210493e-46
-6.924338976987141514e+00 4.440288422501863257e-46
-6.911728806484998877e+00 7.885218380371538219e-46
-6.899118635982854464e+00 1.398054266345394671e-45
-6.886508465480711827e+00 2.474811340529208623e-45
-6.873898294978569190e+00 4.373890802004849302e-45
-6.861288124476424777e+00 7.717942727843904283e-45
-6.848677953974282140e+00 1.359699534686063256e-44
-6.836067783472139503e+00 2.391619768181487486e-44
-6.823457612969995090e+00 4.199998294640865746e-44
-6.810847442467852453e+00 7.364001929982798958e-44
-6.798237271965709816e+00 1.289099616641130674e-43
-6.785627101463565403e+00 2.253029493215116233e-43
-6.773016930961422766e+00 3.931471145822773690e-43
-6.760406760459280129e+00 6.849377968880557309e-43
-6.747796589957135716e+00 1.191392886653936204e-42
-6.735186419454993079e+00 2.069029627068081930e-42
-6.722576248952850442e+00 3.587453321753217181e-42
-6.709966078450706028e+00 6.210315404301119312e-42
-6.697355907948563392e+00 1.073368660539363042e-41
-6.684745737446420755e+00 1.852217682840901327e-41
-6.672135566944276341e+00 3.191119067975428511e-41
-6.659525396442133705e+00 5.489109144057704313e-41
-6.646915225939991068e+00 9.426893576348064206e-41
-6.634305055437846654e+00 1.616379110980909461e-40
-6.621694884935704017e+00 2.767105693708897114e-40
-6.609084714433561381e+00 4.729510204649854027e-40
-6.596474543931416967e+00 8.070761107479252683e-40
-6.583864373429274330e+00 1.375057095631097485e-39
-6.571254202927131693e+00 2.339025144376966140e-39
-6.558644032424987280e+00 3.972436614305936835e-39
-6.546033861922844643e+00 6.735766060424893123e-39
-6.533423691420702006e+00 1.140315308335481146e-38
-6.520813520918557593e+00 1.927395589939832147e-38
-6.508203350416414956e+00 3.252555539285312111e-38
-6.495593179914272319e+00 5.480075502302081531e-38
-6.482983009412127906e+00 9.218416594580867086e-38
-6.470372838909985269e+00 1.548225064103847380e-37
-6.457762668407842632e+00 2.596090565309037326e-37
-6.445152497905698219e+00 4.346238679751458690e-37
-6.432542327403555582e+00 7.264660145646579591e-37
-6.419932156901412945e+00 1.212341674673066339e-36
-6.407321986399268532e+00 2.019960035187976092e-36
-6.394711815897125895e+00 3.360226380078074396e-36
-6.382101645394983258e+00 5.580875337858712318e-36
-6.369491474892838845e+00 9.254312021037431666e-36
-6.356881304390696208e+00 1.532124276838509376e-35
-6.344271133888551795e+00 2.532514244324710849e-35
-6.331660963386409158e+00 4.179437677888178595e-35
-6.319050792884266521e+00 6.886394082033991490e-35
-6.306440622382123884e+00 1.132854045315180882e-34
-6.293830451879979471e+00 1.860647588266300191e-34
-6.281220281377836834e+00 3.051141671099471161e-34
-6.268610110875692421e+00 4.995382113280101979e-34
-6.255999940373549784e+00 8.165506999456501399e-34
-6.243389769871407147e+00 1.332618088770374594e-33
-6.230779599369264510e+00 2.171382673635135064e-33
-6.218169428867120097e+00 3.532442941037298559e-33
-6.205559258364977460e+00 5.737491751093303248e-33
-6.192949087862833046e+00 9.304159183099007760e-33
-6.180338917360690409e+00 1.506400104709618885e-32
-6.167728746858547773e+00 2.435071387460213821e-32
-6.155118576356405136e+00 3.929987975804872198e-32
-6.142508405854260722e+00 6.332554223181743126e-32
-6.129898235352118085e+00 1.018766821203521078e-31
-6.117288064849973672e+00 1.636360004891048493e-31
-6.104677894347831035e+00 2.624164863463707136e-31
-6.092067723845688398e+00 4.201569782859547476e-31
-6.079457553343545761e+00 6.716457317464213031e-31
-6.066847382841401348e+00 1.071956492800078721e-30
-6.054237212339258711e+00 1.708135384799862368e-30
-6.041627041837114298e+00 2.717538206032246329e-30
-6.029016871334971661e+00 4.316554964553557933e-30
-6.016406700832829024e+00 6.845531108741012890e-30
-6.003796530330684611e+00 1.083890192241584377e-29
-5.991186359828541974e+00 1.713451036342442451e-29
-5.978576189326399337e+00 2.704371766596400724e-29
-5.965966018824254924e+00 4.261567578839929810e-29
-5.953355848322112287e+00 6.704720327471422834e-29
-5.940745677819969650e+00 1.053174327002702582e-28
-5.928135507317827013e+00 1.651688631859733013e-28
-5.915525336815682600e+00 2.586213792472622067e-28
-5.902915166313539963e+00 4.043048998135796943e-28
-5.890304995811395550e+00 6.310473282164623961e-28
-5.877694825309252913e+00 9.833841767539858691e-28
-5.865084654807110276e+00 1.530005052305229245e-27
-5.852474484304965863e+00 2.376680969564966825e-27
-5.839864313802823226e+00 3.686016686332618679e-27
-5.827254143300680589e+00 5.707581203727799901e-27
-5.814643972798536176e+00 8.823792869201985459e-27
-5.802033802296393539e+00 1.361968063636776674e-26
-5.789423631794250902e+00 2.098876893518124315e-26
-5.776813461292106489e+00 3.229352417027784834e-26
-5.764203290789963852e+00 4.960807332626718909e-26
-5.751593120287821215e+00 7.608476992325297184e-26
-5.738982949785676801e+00 1.165068783640180060e-25
-5.726372779283534165e+00 1.781204869474927118e-25
-5.713762608781391528e+00 2.718846348317363227e-25
-5.701152438279247114e+00 4.143467621170713951e-25
-5.688542267777104477e+00 6.304515809345707721e-25
-5.675932097274961841e+00 9.577409154160496241e-25
-5.663321926772818315e+00 1.452622842636294225e-24
-5.650711756270674790e+00 2.199714069837449583e-24
-5.638101585768532154e+00 3.325738838330570983e-24
-5.625491415266388628e+00 5.020172132152665355e-24
-5.612881244764245103e+00 7.565848531037648830e-24
-5.600271074262102466e+00 1.138427176705682936e-23
-5.587660903759958941e+00 1.710257314069635501e-23
-5.575050733257815416e+00 2.565229693527810100e-23
-5.562440562755672779e+00 3.841489688967196697e-23
-5.549830392253529254e+00 5.743567214957120741e-23
-5.537220221751385729e+00 8.573780832392113596e-23
-5.524610051249243092e+00 1.277825917879381157e-22
-5.511999880747099567e+00 1.901427032901228593e-22
-5.499389710244956042e+00 2.824855931096598756e-22
-5.486779539742813405e+00 4.190073319767399981e-22
-5.474169369240669880e+00 6.205197840722742580e-22
-5.461559198738526355e+00 9.174836756088371430e-22
-5.448949028236382830e+00 1.354408820937211767e-21
-5.436338857734240193e+00 1.996227011909284030e-21
-5.423728687232096668e+00 2.937506395862894539e-21
-5.411118516729953143e+00 4.315751840589007363e-21
-5.398508346227810506e+00 6.330570807462298813e-21
-5.385898175725666981e+00 9.271244876929584029e-21
-5.373288005223523456e+00 1.355632651591304480e-20
-5.360677834721380819e+00 1.979040987965166740e-20
-5.348067664219237294e+00 2.884538697002409576e-20
-5.335457493717093769e+00 4.197655321788793433e-20
-5.322847323214951132e+00 6.098822835431853172e-20
-5.310237152712807607e+00 8.846960960420896278e-20
-5.297626982210664082e+00 1.281300710795601573e-19
-5.285016811708520557e+00 1.852750330435293591e-19
-5.272406641206377920e+00 2.674801886736678385e-19
-5.259796470704234395e+00 3.855451503508356998e-19
-5.247186300202090870e+00 5.548400267181903343e-19
-5.234576129699948233e+00 7.972036018179651407e-19
-5.221965959197804708e+00 1.143614525286526935e-18
-5.209355788695661182e+00 1.637943923707701717e-18
-5.196745618193518546e+00 2.342218275492893044e-18
-5.184135447691375020e+00 3.343987802426825137e-18
-5.171525277189231495e+00 4.766625161052188278e-18
-5.158915106687088858e+00 6.783695238152504793e-18
-5.146304936184945333e+00 9.638971174739586491e-18
-5.133694765682801808e+00 1.367426756991488022e-17
-5.121084595180659171e+00 1.936807773202981395e-17
-5.108474424678515646e+00 2.738911712684723225e-17
-5.095864254176372121e+00 3.867039690005375793e-17
-5.083254083674229484e+00 5.451152388093467728e-17
-5.070643913172085959e+00 7.671974104508449483e-17
-5.058033742669942434e+00 1.078040458886178472e-16
-5.045423572167799797e+00 1.512419032084549962e-16
-5.032813401665656272e+00 2.118450711884023937e-16
-5.020203231163512747e+00 2.962605100932241925e-16
-5.007593060661370110e+00 4.136550737194156656e-16
-4.994982890159226585e+00 5.766498022925043863e-16
-4.982372719657083060e+00 8.025926116551742598e-16
-4.969762549154940423e+00 1.115288954934128749e-15
-4.957152378652796898e+00 1.547351194826179795e-15
-4.944542208150653373e+00 2.143382366208732616e-15
-4.931932037648510736e+00 2.964283207110047451e-15
-4.919321867146367211e+00 4.093068676860222671e-15
-4.906711696644223686e+00 5.642709385567394370e-15
-4.894101526142081049e+00 7.766684540315787517e-15
-4.881491355639937524e+00 1.067315938434477704e-14
-4.868881185137793999e+00 1.464399889930529193e-14
-4.856271014635651362e+00 2.006022318836486274e-14
-4.843660844133507837e+00 2.743602759709701699e-14
-4.831050673631364312e+00 3.746417003207425681e-14
-4.818440503129221675e+00 5.107641797323946180e-14
-4.805830332627078150e+00 6.952391143988124748e-14
-4.793220162124934625e+00 9.448381695969962623e-14
-4.780609991622791988e+00 1.282006259428361095e-13
-4.767999821120648463e+00 1.736730229210233340e-13
-4.755389650618504938e+00 2.349005866565694835e-13
-4.742779480116362301e+00 3.172089096749081998e-13
-4.730169309614218776e+00 4.276773092718678472e-13
-4.717559139112075250e+00 5.757005117428634237e-13
-4.704948968609932614e+00 7.737249738852556850e-13
-4.692338798107789088e+00 1.038212435042064788e-12
-4.679728627605645563e+00 1.390898594053757499e-12
-4.667118457103502926e+00 1.860434393264711039e-12
-4.654508286601359401e+00 2.484522418048036662e-12
-4.641898116099215876e+00 3.312692832382085437e-12
-4.629287945597073239e+00 4.409903883213378655e-12
-4.616677775094929714e+00 5.861203588371257219e-12
-4.604067604592786189e+00 7.777754607752440788e-12
-4.591457434090643552e+00 1.030460701382444777e-11
-4.578847263588500027e+00 1.363070811002960926e-11
-4.566237093086356502e+00 1.800177003105525204e-11
-4.553626922584213865e+00 2.373678132302960662e-11
-4.541016752082070340e+00 3.124915634606525169e-11
-4.528406581579926815e+00 4.107377638941027450e-11
-4.515796411077784178e+00 5.390150140136599517e-11
-4.503186240575640653e+00 7.062313660831045619e-11
-4.490576070073497128e+00 9.238534285796580933e-11
-4.477965899571354491e+00 1.206616062417015382e-10
-4.465355729069210966e+00 1.573421593863011093e-10
-4.452745558567067441e+00 2.048477077015477717e-10
-4.440135388064924804e+00 2.662729999393829915e-10
-4.427525217562781279e+00 3.455677433367838702e-10
-4.414915047060637754e+00 4.477641592461552406e-10
-4.402304876558495117e+00 5.792626774750639258e-10
-4.389694706056351592e+00 7.481899628646776346e-10
-4.377084535554208067e+00 9.648467591560376234e-10
-4.364474365052065430e+00 1.242267046056941465e-09
-4.351864194549921905e+00 1.596914882132548799e-09
-4.339254024047778380e+00 2.049551222528346484e-09
-4.326643853545635743e+00 2.626310162297165855e-09
-4.314033683043492218e+00 3.360032705979018280e-09
-4.301423512541348693e+00 4.291916587714051336e-09
-4.288813342039206056e+00 5.473553198716958261e-09
-4.276203171537062531e+00 6.969437712527589131e-09
-4.263593001034919006e+00 8.860056490477441603e-09
-4.250982830532776369e+00 1.124567733219857770e-08
-4.238372660030632844e+00 1.425099372545563401e-08
-4.225762489528489319e+00 1.803080465871325510e-08
-4.213152319026346682e+00 2.277694760966210739e-08
-4.200542148524203157e+00 2.872674495579988308e-08
-4.187931978022059631e+00 3.617327434742400041e-08
-4.175321807519916995e+00 4.547783276832813278e-08
-4.162711637017773469e+00 5.708503348156931123e-08
-4.150101466515629944e+00 7.154105639691248876e-08
-4.137491296013487307e+00 8.951566738440858068e-08
-4.124881125511343782e+00 1.118287326943225375e-07
-4.112270955009200257e+00 1.394820831627081615e-07
-4.099660784507057620e+00 1.736977317715742247e-07
-4.087050614004914095e+00 2.159636201484040489e-07
-4.074440443502770570e+00 2.680882677680240174e-07
-4.061830273000627933e+00 3.322659252909923835e-07
-4.049220102498484408e+00 4.111540942661400818e-07
-4.036609931996340883e+00 5.079655732756556463e-07
-4.023999761494198246e+00 6.265775297455564674e-07
-4.011389590992054721e+00 7.716604816111209972e-07
-3.998779420489911196e+00 9.488305086208016139e-07
-3.986169249987768559e+00 1.164828504332837687e-06
-3.973559079485625034e+00 1.427730832082288762e-06
-3.960948908983481509e+00 1.747196366752400866e-06
-3.948338738481338872e+00 2.134755594637020383e-06
-3.935728567979194459e+00 2.604148211478847052e-06
-3.923118397477051822e+00 3.171716509352131624e-06
-3.910508226974909185e+00 3.856862781602265688e-06
-3.897898056472764772e+00 4.682580006303054374e-06
-3.885287885970622135e+00 5.676066196981918228e-06
-3.872677715468479498e+00 6.869434038028319541e-06
-3.860067544966335085e+00 8.300528753844911120e-06
-3.847457374464192448e+00 1.001386859656260094e-05
-3.834847203962049811e+00 1.206172387673908354e-05
-3.822237033459905398e+00 1.450535210265015471e-05
-3.809626862957762761e+00 1.741640853217890506e-05
-3.797016692455620124e+00 2.087855326985856963e-05
-3.784406521953475711e+00 2.498927795028805772e-05
-3.771796351451333074e+00 2.986197702444735305e-05
-3.759186180949190437e+00 3.562829069010149804e-05
-3.746576010447046023e+00 4.244074855971758232e-05
-3.733965839944903387e+00 5.047574521285817854e-05
-3.721355669442760750e+00 5.993688080311539753e-05
-3.708745498940616336e+00 7.105870184510398955e-05
-3.696135328438473699e+00 8.411087915153926686e-05
-3.683525157936331063e+00 9.940286157464071405e-05
-3.670914987434186649e+00 1.172890456733596067e-04
-3.658304816932044012e+00 1.381745026159529762e-04
-3.645694646429901375e+00 1.625213044659210059e-04
-3.633084475927756962e+00 1.908554924119687318e-04
-3.620474305425614325e+00 2.237747294063881427e-04
-3.607864134923471688e+00 2.619566789818420882e-04
-3.595253964421327275e+00 3.061681506286976118e-04
-3.582643793919184638e+00 3.572750499350070812e-04
-3.570033623417041113e+00 4.162531686143079008e-04
-3.557423452914897588e+00 4.841998454680742844e-04
-3.544813282412754951e+00 5.623465241416421160e-04
-3.532203111910611426e+00 6.520722271304742190e-04
-3.519592941408467901e+00 7.549179577730083870e-04
-3.506982770906325264e+00 8.726020328317787367e-04
-3.494372600404181739e+00 1.007036337625376006e-03
-3.481762429902038214e+00 1.160343483452700494e-03
-3.469152259399895577e+00 1.334874833184952455e-03
-3.456542088897752052e+00 1.533229345344206025e-03
-3.443931918395608527e+00 1.758273169714720660e-03
-3.431321747893465890e+00 2.013159908550334835e-03
-3.418711577391322365e+00 2.301351436770755505e-03
-3.406101406889178840e+00 2.626639152256067620e-03
-3.393491236387036203e+00 2.993165503540943639e-03
-3.380881065884892678e+00 3.405445617027923113e-03
-3.368270895382749153e+00 3.868388819459687121e-03
-3.355660724880606516e+00 4.387319824049141191e-03
-3.343050554378462991e+00 4.967999320640788946e-03
-3.330440383876319466e+00 5.616643681888433895e-03
-3.317830213374176829e+00 6.339943469083464574e-03
-3.305220042872033304e+00 7.145080393357739444e-03
-3.292609872369889779e+00 8.039742361017218619e-03
-3.279999701867747142e+00 9.032136206276400112e-03
-3.267389531365603617e+00 1.013099769117058006e-02
-3.254779360863460091e+00 1.134559833163399645e-02
-3.242169190361317455e+00 1.268574859120356717e-02
-3.229559019859173929e+00 1.416179697024652455e-02
-3.216948849357030404e+00 1.578462450973077552e-02
-3.204338678854887767e+00 1.756563422494274163e-02
-3.191728508352744242e+00 1.951673498711692378e-02
-3.179118337850600717e+00 2.165031938000923709e-02
-3.166508167348458080e+00 2.397923507500338003e-02
-3.153897996846314555e+00 2.651674929270749284e-02
-3.141287826344171030e+00 2.927650595182908905e-02
-3.128677655842028393e+00 3.227247514778645160e-02
-3.116067485339884868e+00 3.551889465439103666e-02
-3.103457314837741343e+00 3.903020320219486444e-02
-3.090847144335598706e+00 4.282096535687719002e-02
-3.078236973833455181e+00 4.690578790021564248e-02
-3.065626803331311656e+00 5.129922770458829329e-02
-3.053016632829169019e+00 5.601569118914997980e-02
-3.040406462327025494e+00 6.106932555120200140e-02
-3.027796291824881969e+00 6.647390207917310001e-02
-3.015186121322739332e+00 7.224269197287962185e-02
-3.002575950820595807e+00 7.838833522142041321e-02
-2.989965780318452282e+00 8.492270321753428441e-02
-2.977355609816309645e+00 9.185675591827614783e-02
-2.964745439314166120e+00 9.920039449341139237e-02
-2.952135268812022595e+00 1.069623105333663837e-01
-2.939525098309879958e+00 1.151498330157088301e-01
-2.926914927807736433e+00 1.237687743509614663e-01
-2.914304757305592908e+00 1.328232769427092896e-01
-2.901694586803450271e+00 1.423156618013148023e-01
-2.889084416301306746e+00 1.522462808428184655e-01
-2.876474245799163221e+00 1.626133745822250232e-01
-2.863864075297020584e+00 1.734129369917778163e-01
-2.851253904794877059e+00 1.846385893371070841e-01
-2.838643734292733534e+00 1.962814648261726469e-01
-2.826033563790590897e+00 2.083301059053611071e-01
-2.813423393288447372e+00 2.207703760128891246e-01
-2.800813222786303847e+00 2.335853875503402233e-01
-2.788203052284161210e+00 2.467554477579910477e-01
-2.775592881782017685e+00 2.602580240781836585e-01
-2.762982711279874160e+00 2.740677304627727739e-01
-2.750372540777731523e+00 2.881563359269049274e-01
-2.737762370275587998e+00 3.024927964714582695e-01
-2.725152199773444472e+00 3.170433112932252717e-01
-2.712542029271301836e+00 3.317714039754382505e-01
-2.699931858769158310e+00 3.466380291047886364e-01
-2.687321688267014785e+00 3.616017044968325433e-01
-2.674711517764872148e+00 3.766186689322176262e-01
-2.662101347262728623e+00 3.916430650155626192e-01
-2.649491176760585098e+00 4.066271464701672333e-01
-2.636881006258442461e+00 4.215215088792556575e-01
-2.624270835756298936e+00 4.362753425823568953e-01
-2.611660665254155411e+00 4.508367061377936968e-01
-2.599050494752012774e+00 4.651528184741026695e-01
-2.586440324249869249e+00 4.791703675784932392e-01
-2.573830153747725724e+00 4.928358333135893776e-01
-2.561219983245583087e+00 5.060958217196130926e-01
-2.548609812743439562e+00 5.188974079510983994e-01
-2.535999642241296037e+00 5.311884848193456632e-01
-2.523389471739152512e+00 5.429181137678771307e-01
-2.510779301237009875e+00 5.540368750001807285e-01
-2.498169130734866350e+00 5.644972134105311623e-01
-2.485558960232722825e+00 5.742537769408471160e-01
-2.472948789730580188e+00 5.832637440008640040e-01
-2.460338619228436663e+00 5.914871366462671753e-01
-2.447728448726293138e+00 5.988871163093665295e-01
-2.435118278224150501e+00 6.054302590193700873e-01
-2.422508107722006976e+00 6.110868072319771693e-01
-2.409897937219863451e+00 6.158308956103025755e-01
-2.397287766717720814e+00 6.196407483565251617e-01
-2.384677596215577289e+00 6.224988459846739763e-01
-2.372067425713433764e+00 6.243920595739893553e-01
-2.359457255211291127e+00 6.253117521033642046e-01
-2.346847084709147602e+00 6.252538431186108747e-01
-2.334236914207004077e+00 6.242188396557308838e-01
-2.321626743704861440e+00 6.222118303390501426e-01
-2.309016573202717915e+00 6.192424438620023341e-01
-2.296406402700574390e+00 6.153247721319413666e-01
-2.283796232198431753e+00 6.104772589367027935e-01
-2.271186061696288228e+00 6.047225553627605388e-01
-2.258575891194144702e+00 5.980873435504389102e-01
-2.245965720692002066e+00 5.906021307043665125e-01
-2.233355550189858540e+00 5.823010155832534229e-01
-2.220745379687715015e+00 5.732214299685290948e-01
-2.208135209185572378e+00 5.634038578522223562e-01
-2.195525038683428853e+00 5.528915352868625233e-01
-2.182914868181285328e+00 5.417301340076626781e-01
-2.170304697679142691e+00 5.299674320541277739e-01
-2.157694527176999166e+00 5.176529747044255059e-01
-2.145084356674855641e+00 5.048377290701950848e-01
-2.132474186172713004e+00 4.915737356968034599e-01
-2.119864015670569479e+00 4.779137604664012717e-01
-2.107253845168425954e+00 4.639109500191227475e-01
-2.094643674666283317e+00 4.496184937817102600e-01
-2.082033504164139792e+00 4.350892955372941961e-01
-2.069423333661996267e+00 4.203756572804026037e-01
-2.056813163159853630e+00 4.055289778841090209e-01
-2.044202992657710105e+00 3.905994688650084035e-01
-2.031592822155566580e+00 3.756358892702599261e-01
-2.018982651653423943e+00 3.606853014339030938e-01
-2.006372481151280418e+00 3.457928490611140715e-01
-1.993762310649136893e+00 3.310015588037991674e-01
-1.981152140146994256e+00 3.163521661926730344e-01
-1.968541969644850731e+00 3.018829664947401126e-01
-1.955931799142707206e+00 2.876296907741302533e-01
-1.943321628640564569e+00 2.736254071528239074e-01
-1.930711458138421044e+00 2.599004469991017530e-01
-1.918101287636277519e+00 2.464823555188898341e-01
-1.905491117134134882e+00 2.333958659907907351e-01
-1.892880946631991357e+00 2.206628966725519558e-01
-1.880270776129847832e+00 2.083025690016297171e-01
-1.867660605627705195e+00 1.963312470629159645e-01
-1.855050435125561670e+00 1.847625935598369296e-01
-1.842440264623418145e+00 1.736076451438803847e-01
-1.829830094121275508e+00 1.628749020600992192e-01
-1.817219923619131983e+00 1.525704317298398893e-01
-1.804609753116988458e+00 1.426979842627238149e-01
-1.791999582614845821e+00 1.332591181037222627e-01
-1.779389412112702296e+00 1.242533340283392962e-01
-1.766779241610558771e+00 1.156782157273881367e-01
-1.754169071108415245e+00 1.075295752704032715e-01
-1.741558900606272609e+00 9.980160180185161656e-02
-1.728948730104129083e+00 9.248701190462475796e-02
-1.716338559601985558e+00 8.557720015882715192e-02
-1.703728389099842921e+00 7.906238852830932418e-02
-1.691118218597699396e+00 7.293177332065214902e-02
-1.678508048095555871e+00 6.717366858605855473e-02
-1.665897877593413234e+00 6.177564494489723446e-02
-1.653287707091269709e+00 5.672466296030825861e-02
-1.640677536589126184e+00 5.200720029960028551e-02
-1.628067366086983547e+00 4.760937205410711859e-02
-1.615457195584840022e+00 4.351704371057409787e-02
-1.602847025082696497e+00 3.971593638604437732e-02
-1.590236854580553860e+00 3.619172405188307573e-02
-1.577626684078410335e+00 3.293012257958676664e-02
-1.565016513576266810e+00 2.991697054074850259e-02
-1.552406343074124173e+00 2.713830178514210420e-02
-1.539796172571980648e+00 2.458040990449254781e-02
-1.527186002069837123e+00 2.222990475949317493e-02
-1.514575831567694486e+00 2.007376132825885659e-02
-1.501965661065550961e+00 1.809936115532051124e-02
-1.489355490563407436e+00 1.629452678097736973e-02
-1.476745320061264799e+00 1.464754951254143567e-02
-1.464135149559121274e+00 1.314721097013547141e-02
-1.451524979056977749e+00 1.178279884231923751e-02
-1.438914808554835112e+00 1.054411730692656965e-02
-1.426304638052691587e+00 9.421492579654607361e-03
-1.413694467550548062e+00 8.405774054511198912e-03
-1.401084297048405425e+00 7.488331496189479242e-03
-1.388474126546261900e+00 6.661048735444524867e-03
-1.375863956044118375e+00 5.916314305207525694e-03
-1.363253785541975738e+00 5.247009438258437748e-03
-1.350643615039832213e+00 4.646493823629474322e-03
-1.338033444537688688e+00 4.108589522446031914e-03
-1.325423274035546051e+00 3.627563341042478861e-03
-1.312813103533402526e+00 3.198108058193171923e-03
-1.300202933031259001e+00 2.815322777917826820e-03
-1.287592762529116364e+00 2.474692663367838216e-03
-1.274982592026972839e+00 2.172068331864066698e-03
-1.262372421524829313e+00 1.903645117479914502e-03
-1.249762251022686677e+00 1.665942399815032327e-03
-1.237152080520543151e+00 1.455783169974211562e-03
-1.224541910018399626e+00 1.270273980977210419e-03
-1.211931739516256989e+00 1.106785407323987360e-03
-1.199321569014113464e+00 9.629331173665035782e-04
-1.186711398511969939e+00 8.365596425780630905e-04
-1.174101228009827302e+00 7.257169098229586737e-04
-1.161491057507683777e+00 6.286495863425128503e-04
-1.148880887005540252e+00 5.437792723873134280e-04
-1.136270716503397615e+00 4.696895632175126351e-04
-1.123660546001254090e+00 4.051119905202489840e-04
-1.111050375499110565e+00 3.489128431075877554e-04
-1.098440204996967928e+00 3.000808579736453496e-04
-1.085830034494824403e+00 2.577157653108548313e-04
-1.073219863992680878e+00 2.210176648781355410e-04
-1.060609693490538241e+00 1.892772060246840859e-04
-1.047999522988394716e+00 1.618665396312368970e-04
-1.035389352486251191e+00 1.382310071348898453e-04
-1.022779181984108554e+00 1.178815338347995450e-04
-1.010169011481965029e+00 1.003876614076631215e-04
-9.975588409798215039e-01 8.537124860809134090e-05
-9.849486704776788670e-01 7.250070405254308633e-05
-9.723384999755353419e-01 6.148579834518733351e-05
-9.597283294733918169e-01 5.207295114762684513e-05
-9.471181589712491800e-01 4.404100952435880068e-05
-9.345079884691056549e-01 3.719744279266078992e-05
-9.218978179669621298e-01 3.137493468726245169e-05
-9.092876474648186047e-01 2.642833660895067219e-05
-8.966774769626759678e-01 2.223195024478101547e-05
-8.840673064605324427e-01 1.867710968071586888e-05
-8.714571359583889176e-01 1.567003500077821640e-05
-8.588469654562462807e-01 1.312993125085407680e-05
-8.462367949541027556e-01 1.098730851459319072e-05
-8.336266244519592306e-01 9.182500682221900082e-06
-8.210164539498165936e-01 7.664362273340901633e-06
-8.084062834476730686e-01 6.389124388383659664e-06
-7.957961129455295435e-01 5.319392499971584326e-06
-7.831859424433869066e-01 4.423270347331957053e-06
-7.705757719412433815e-01 3.673595659211455312e-06
-7.579656014390998564e-01 3.047274801773714193e-06
-7.453554309369572195e-01 2.524704721805274880e-06
-7.327452604348136944e-01 2.089271739482023715e-06
-7.201350899326701693e-01 1.726917836064400385e-06
-7.075249194305275324e-01 1.425766083329485090e-06
-6.949147489283840073e-01 1.175797777443692709e-06
-6.823045784262404823e-01 9.685746739981801079e-07
-6.696944079240978454e-01 7.970004774469003927e-07
-6.570842374219543203e-01 6.551164218605704858e-07
-6.444740669198107952e-01 5.379263955485751698e-07
-6.318638964176681583e-01 4.412476145735859206e-07
-6.192537259155246332e-01 3.615833448281175300e-07
-6.066435554133811081e-01 2.960146089239075414e-07
-5.940333849112384712e-01 2.421082196383392625e-07
-5.814232144090949461e-01 1.978388007264831302e-07
-5.688130439069514210e-01 1.615227974803033240e-07
-5.562028734048087841e-01 1.317627215458597491e-07
-5.435927029026652590e-01 1.074001276125121489e-07
-5.309825324005217340e-01 8.747600777271093549e-08
-5.183723618983790971e-01 7.119752191458780472e-08
-5.057621913962355720e-01 5.791005551244556418e-08
-4.931520208940920469e-01 4.707381304794205668e-08
-4.805418503919494100e-01 3.824424426809874569e-08
-4.679316798898058849e-01 3.105569157278231471e-08
-4.553215093876623598e-01 2.520775464590741656e-08
-4.427113388855197229e-01 2.045393870567581329e-08
-4.301011683833761978e-01 1.659221651943985461e-08
-4.174909978812326727e-01 1.345719498204845384e-08
-4.048808273790900358e-01 1.091362216683057657e-08
-3.922706568769465107e-01 8.851013622575451672e-09
-3.796604863748029857e-01 7.179211434931370426e-09
-3.670503158726603488e-01 5.824718614812494963e-09
-3.544401453705168237e-01 4.727679494713387583e-09
-3.418299748683732986e-01 3.839393229666708696e-09
-3.292198043662306617e-01 3.120270685538778789e-09
-3.166096338640871366e-01 2.538157461396843055e-09
-3.039994633619436115e-01 2.066958962339427643e-09
-2.913892928598009746e-01 1.685514747592880810e-09
-2.787791223576574495e-01 1.376678022618441796e-09
-2.661689518555139244e-01 1.126563730015219664e-09
-2.535587813533712875e-01 9.239352085844544820e-10
-2.409486108512277625e-01 7.597042842739773041e-10
-2.283384403490842374e-01 6.265244067574418898e-10
-2.157282698469416005e-01 5.184597642927314947e-10
-2.031180993447980754e-01 4.307165609608115546e-10
-1.907296212577645478e-01 3.605549437494206996e-10
-1.790751809198734557e-01 3.063815831793118920e-10
-1.681328766829025823e-01 2.641158672697538214e-10
-1.578591939883211837e-01 2.307544083899073657e-10
-1.482132772030496648e-01 2.041371935379674133e-10
-1.391567671477560997e-01 1.826903270569833926e-10
-1.306536485528615454e-01 1.652526175806224251e-10
-1.226701068356443602e-01 1.509571294625988237e-10
-1.151743936288669723e-01 1.391492527518453840e-10
-1.081367005261812397e-01 1.293293454285662666e-10
-1.015290405422311915e-01 1.211121124838622851e-10
-9.532513681604738720e-02 1.141975196411527461e-10
-8.950031811513789459e-02 1.083497459227471483e-10
-8.403142072473115953e-02 1.033817981826689443e-10
-7.889669633199995757e-02 9.914415569656582825e-11
-7.407572553895482026e-02 9.551631161490389498e-11
-6.954933666007066806e-02 9.240042493220345491e-11
-6.529952948172380867e-02 8.971645345558014208e-11
-6.130940368025181858e-02 8.739856552266450875e-11
-5.756309161397969026e-02 8.539220668148654701e-11
-5.404569522193657799e-02 8.365194384472204414e-11
-5.074322677833183887e-02 8.213973206388981549e-11
-4.764255326718694339e-02 8.082355638345961541e-11
-4.473134415591366320e-02 7.967635409602623909e-11
-4.199802236014917034e-02 7.867515365888647134e-11
-3.943171820485173729e-02 7.780038215500279618e-11
-3.702222619856760516e-02 7.703530473472830582e-11
-3.475996444897584692e-02 7.636556808089704027e-11
-3.263593655831751456e-02 7.577882638626929627e-11
-3.064169584717604811e-02 7.526443319045377396e-11
-2.876931176433708895e-02 7.481318610644626899e-11
-2.701133834915109624e-02 7.441711427521480422e-11
-2.536078462097863737e-02 7.406930054010518247e-11
-2.381108677796769241e-02 7.376373199314137531e-11
-2.235608209460499679e-02 7.349517383244315203e-11
-2.098998441423788677e-02 7.325906247320529279e-11
-1.970736113910750986e-02 7.305141464084229302e-11
-1.850311162639044910e-02 7.286874979425361340e-11
-1.737244690433337180e-02 7.270802371768109538e-11
-1.631087062781888183e-02 7.256657151022374830e-11
-1.531416119762810286e-02 7.244205851467274291e-11
-1.437835497229224616e-02 7.233243797892065511e-11
-1.349973050577157364e-02 7.223591444654805844e-11
-1.267479374828037013e-02 7.215091203873759260e-11
-1.190026415140387275e-02 7.207604692460345401e-11
-1.117306162225225469e-02 7.201010338810028981e-11
-1.049029427477177374e-02 7.195201299113414875e-11
-9.849246929502866038e-03 7.190083640831215375e-11
-9.247370316051994887e-03 7.185574757195023967e-11
-8.682270935339195597e-03 7.181601981869615619e-11
-8.151701541304996398e-03 7.178101377343812575e-11
-7.653552204225974771e-03 7.175016674349432662e-11
-7.185841920100037063e-03 7.172298342765676656e-11
-6.746710732733945948e-03 7.169902777144326596e-11
-6.334412337204842376e-03 7.167791582274460765e-11
-5.947307135282262590e-03 7.165930946152357107e-11
-5.583855715193143839e-03 7.164291089392315099e-11
-5.242612729801200168e-03 7.162845781546857216e-11
-4.922221148855803613e-03 7.161571916038481277e-11
-4.621406862452884928e-03 7.160449136470972692e-11
-4.338973614247355545e-03 7.159459508007216073e-11
-4.073798244268176869e-03 7.158587228298981296e-11
-3.824826222417472815e-03 7.157818373146548033e-11
-3.591067454892035368e-03 7.157140672665825317e-11
-3.371592346850472034e-03 7.156543314266904733e-11
-3.165528105668122608e-03 7.156016769201863716e-11
-2.972055270078842893e-03 7.155552639839471272e-11
-2.790404451401243442e-03 7.155143525171884980e-11
-2.619853273889739126e-03 7.154782902362896503e-11
-2.459723502043294555e-03 7.154465022412884091e-11
-2.309378343447928035e-03 7.154184818250384395e-11
-2.168219916426995363e-03 7.153937823762442873e-11
-2.035686872428882702e-03 7.153720102457809421e-11
-1.911252163696946192e-03 7.153528184611940611e-11
-1.794420947344431763e-03 7.153359011882731453e-11
-1.684728617499294890e-03 7.153209888506519334e-11
-1.581738957693386684e-03 7.153078438290350595e-11
-1.485042406148618429e-03 7.152962566711071518e-11
-1.394254427061488973e-03 7.152860427513282753e-11
-1.309013981409089993e-03 7.152770393271322908e-11
-1.228982091195453740e-03 7.152691029444605166e-11
-1.153840491428526288e-03 7.152621071510405709e-11
-1.083290364467113165e-03 7.152559404809336675e-11
-1.017051151704679570e-03 7.152505046781094495e-11
-9.548594378642998991e-04 7.152457131306681824e-11
-8.964679034679587247e-04 7.152414894907277711e-11
-8.416443413144891576e-04 7.152377664579510136e-11
-7.901707330548732918e-04 7.152344847072659439e-11
-7.418423821927417998e-04 7.152315919436934632e-11
-6.964671000622763746e-04 7.152290420692460528e-11
-6.538644415463101345e-04 7.152267944485525609e-11
-6.138649874953195544e-04 7.152248132614876561e-11
-5.763096709937077546e-04 7.152230669326035787e-11
-5.410491447940707658e-04 7.152215276281132093e-11
-5.079431874039339089e-04 7.152201708125278522e-11
-4.768601454631505969e-04 7.152189748577921651e-11
-4.476764101943878299e-04 7.152179206987987188e-11
-4.202759258447686459e-04 7.152169915296713158e-11
-3.945497281637799845e-04 7.152161725360623319e-11
-3.703955110821903832e-04 7.152154506591693316e-11
-3.477172198687347553e-04 7.152148143877141368e-11
-3.264246691466341703e-04 7.152142535745570143e-11
-3.064331842509692436e-04 7.152137592750801889e-11
-2.876632645006474724e-04 7.152133236046775486e-11
-2.700402670458676067e-04 7.152129396131326638e-11
-2.534941100338807115e-04 7.152126011739465446e-11
-2.379589939125882462e-04 7.152123028866682907e-11
-2.233731397636618432e-04 7.152120399909143188e-11
-2.096785436246481258e-04 7.152118082904844938e-11
-1.968207458230403738e-04 7.152116040865295543e-11
-1.847486144050079770e-04 7.152114241185992427e-11
-1.734141417975726429e-04 7.152112655127058318e-11
-1.627722538955931274e-04 7.152111257355102094e-11
-1.527806308143372189e-04 7.152110025539673553e-11
-1.433995385948514170e-04 7.152108939997348276e-11
-1.345916711928507147e-04 7.152107983377943120e-11
-1.263220021227506255e-04 7.152107140388258577e-11
-1.185576451668948804e-04 7.152106397547990699e-11
-1.112677235960431003e-04 7.152105742975068679e-11
-1.044232473810362147e-04 7.152105166196204646e-11
-9.799699790736354202e-05 7.152104657979770866e-11
-9.196341973416139544e-05 7.152104210188959673e-11
-8.629851896719176359e-05 7.152103815651655037e-11
-8.097976784167412539e-05 7.152103468046405716e-11
-7.598601513551331310e-05 7.152103161801358001e-11
-7.129740205665540287e-05 7.152102892005461753e-11
-6.689528327009240302e-05 7.152102654330248849e-11
-6.276215275045356852e-05 7.152102444960652443e-11
-5.888157416531500463e-05 7.152102260534222119e-11
-5.523811551239205268e-05 7.152102098087335179e-11
-5.181728775067791524e-05 7.152101955008007280e-11
-4.860548718147756638e-05 7.152101828994300760e-11
-4.558994135021126844e-05 7.152101718017353541e-11
-4.275865825384858419e-05 7.152101620289157861e-11
-4.010037865198160146e-05 7.152101534233824792e-11
-3.760453129189908716e-05 7.152101458462807599e-11
-3.526119086959958525e-05 7.152101391752059922e-11
-3.306103855956327154e-05 7.152101333023183811e-11
-3.099532495632644548e-05 7.152101281325715138e-11
-2.905583528048395544e-05 7.152101235822111561e-11
-2.723485671075096226e-05 7.152101195774330226e-11
-2.552514771217800657e-05 7.152101160532045611e-11
-2.391990923854284747e-05 7.152101129522224471e-11
-2.241275769439721272e-05 7.152101102239907939e-11
-2.099769954925015053e-05 7.152101078240226648e-11
-1.966910750293300909e-05 7.152101057131165490e-11
-1.842169810736080741e-05 7.152101038567386897e-11
-1.725051075570132930e-05 7.152101022244638332e-11
-1.615088795539561633e-05 7.152101007894849945e-11
-1.511845680657980123e-05 7.152100995281895274e-11
-1.414911161225593266e-05 7.152100984197769416e-11
-1.323899755105558475e-05 7.152100974459173024e-11
-1.238449534766613459e-05 7.152100965904829144e-11
-1.158220687996078599e-05 7.152100958392448491e-11
-1.082894166559426607e-05 7.152100951796939387e-11
-1.012170417432434343e-05 7.152100946007999880e-11
-9.457681915605696142e-06 7.152100940928539647e-11
-8.834234254082606896e-06 7.152100936473057940e-11
-8.248881908502043135e-06 7.152100932566190849e-11
-7.699297092288845179e-06 7.152100929141846644e-11
-7.183294256573823982e-06 7.152100926141559164e-11
-6.698821398861734940e-06 7.152100923513875192e-11
-6.243951902777456888e-06 7.152100921213767667e-11
-5.816876876438485798e-06 7.152100919201371653e-11
-5.415897958985060038e-06 7.152100917441621156e-11
-5.039420566662596439e-06 7.152100915903794170e-11
-4.685947551597296836e-06 7.152100914560681622e-11
-4.354073248047161842e-06 7.152100913388571864e-11
-4.042477882453245495e-06 7.152100912366379544e-11
-3.749922325059951160e-06 7.152100911475729622e-11
-3.475243162234227762e-06 7.152100910700338271e-11
-3.217348069887064443e-06 7.152100910025998663e-11
-2.975211469598384632e-06 7.152100909440185476e-11
-2.747870450171603521e-06 7.152100908931871357e-11
-2.534420938398601179e-06 7.152100908491348567e-11
-2.334014103807039897e-06 7.152100908110182449e-11
-2.145852983093271333e-06 7.152100907780852120e-11
-1.969189310816785935e-06 7.152100907496800883e-11
-1.803320543752548581e-06 7.152100907252337992e-11
-1.647587067068355029e-06 7.152100907042380166e-11
-1.501369571216668681e-06 7.152100906862481307e-11
-1.364086589109387048e-06 7.152100906708780810e-11
-1.235192183781944781e-06 7.152100906577896280e-11
-1.114173777351006344e-06 7.152100906466831773e-11
-1.000550112631961414e-06 7.152100906372944188e-11
-8.938693393104654022e-07 7.152100906293971704e-11
-7.937072170570570337e-07 7.152100906227932965e-11
-6.996654284390261791e-07 7.152100906173074088e-11
-6.113699949207071113e-07 7.152100906127820846e-11
-5.284697896529079203e-07 7.152100906090951855e-11
-4.506351411371571005e-07 7.152100906061146211e-11
-3.775565222121384326e-07 7.152100906037515988e-11
-3.089433191486484405e-07 7.152100906019118974e-11
-2.445226759580218821e-07 7.152100906005195198e-11
-1.840384093183425875e-07 7.152100905995031216e-11
-1.272499898032904365e-07 7.152100905988120380e-11
-7.393158536218592144e-08 7.152100905983952166e-11
-2.387116324756687046e-08 7.152100905982021216e-11
2.387116324756687046e-08 7.152100905982021216e-11
7.393158536217865548e-08 7.152100905983952166e-11
1.272499898032904365e-07 7.152100905988120380e-11
1.840384093183425875e-07 7.152100905995031216e-11
2.445226759580130942e-07 7.152100906005195198e-11
3.089433191486484405e-07 7.152100906019118974e-11
3.775565222121384326e-07 7.152100906037515988e-11
4.506351411371465126e-07 7.152100906061146211e-11
5.284697896529079203e-07 7.152100906090951855e-11
6.113699949207071113e-07 7.152100906127820846e-11
6.996654284390133677e-07 7.152100906173074088e-11
7.937072170570570337e-07 7.152100906227932965e-11
8.938693393104654022e-07 7.152100906293971704e-11
1.000550112631946167e-06 7.152100906372944188e-11
1.114173777351006344e-06 7.152100906466831773e-11
1.235192183781944781e-06 7.152100906577896280e-11
1.364086589109368413e-06 7.152100906708780810e-11
1.501369571216668681e-06 7.152100906862481307e-11
1.647587067068355029e-06 7.152100907042380166e-11
1.803320543752526134e-06 7.152100907252337992e-11
1.969189310816785935e-06 7.152100907496800883e-11
2.145852983093271333e-06 7.152100907780852120e-11
2.334014103807012369e-06 7.152100908110182449e-11
2.534420938398601179e-06 7.152100908491348567e-11
2.747870450171603521e-06 7.152100908931871357e-11
2.975211469598351597e-06 7.152100909440185476e-11
3.217348069887064443e-06 7.152100910025998663e-11
3.475243162234227762e-06 7.152100910700338271e-11
3.749922325059911349e-06 7.152100911475729622e-11
4.042477882453245495e-06 7.152100912366379544e-11
4.354073248047161842e-06 7.152100913388571864e-11
4.685947551597248555e-06 7.152100914560681622e-11
5.039420566662596439e-06 7.152100915903794170e-11
5.415897958985004981e-06 7.152100917441621156e-11
5.816876876438427352e-06 7.152100919201371653e-11
6.243951902777456888e-06 7.152100921213767667e-11
6.698821398861668871e-06 7.152100923513875192e-11
7.183294256573753678e-06 7.152100926141559164e-11
7.699297092288845179e-06 7.152100929141846644e-11
8.248881908501963514e-06 7.152100932566190849e-11
8.834234254082522193e-06 7.152100936473057940e-11
9.457681915605696142e-06 7.152100940928539647e-11
1.012170417432424687e-05 7.152100946007999880e-11
1.082894166559416273e-05 7.152100951796939387e-11
1.158220687996078599e-05 7.152100958392448491e-11
1.238449534766601939e-05 7.152100965904829144e-11
1.323899755105545939e-05 7.152100974459173024e-11
1.414911161225593266e-05 7.152100984197769416e-11
1.511845680657965724e-05 7.152100995281895274e-11
1.615088795539546725e-05 7.152101007894849945e-11
1.725051075570132930e-05 7.152101022244638332e-11
1.842169810736063801e-05 7.152101038567386897e-11
1.966910750293282952e-05 7.152101057131165490e-11
2.099769954925015053e-05 7.152101078240226648e-11
2.241275769439700604e-05 7.152101102239907939e-11
2.391990923854262385e-05 7.152101129522224471e-11
2.552514771217800657e-05 7.152101160532045611e-11
2.723485671075071492e-05 7.152101195774330226e-11
2.905583528048369117e-05 7.152101235822111561e-11
3.099532495632644548e-05 7.152101281325715138e-11
3.306103855956297338e-05 7.152101333023183811e-11
3.526119086959926676e-05 7.152101391752059922e-11
3.760453129189908716e-05 7.152101458462807599e-11
4.010037865198123555e-05 7.152101534233824792e-11
4.275865825384819795e-05 7.152101620289157861e-11
4.558994135021126844e-05 7.152101718017353541e-11
4.860548718147712592e-05 7.152101828994300760e-11
5.181728775067744768e-05 7.152101955008007280e-11
5.523811551239205268e-05 7.152102098087335179e-11
5.888157416531447608e-05 7.152102260534222119e-11
6.276215275045299931e-05 7.152102444960652443e-11
6.689528327009240302e-05 7.152102654330248849e-11
7.129740205665476590e-05 7.152102892005461753e-11
7.598601513551263547e-05 7.152103161801358001e-11
8.097976784167412539e-05 7.152103468046405716e-11
8.629851896719099109e-05 7.152103815651655037e-11
9.196341973416056873e-05 7.152104210188959673e-11
9.799699790736354202e-05 7.152104657979770866e-11
1.044232473810352796e-04 7.152105166196204646e-11
1.112677235960420974e-04 7.152105742975068679e-11
1.185576451668948804e-04 7.152106397547990699e-11
1.263220021227494871e-04 7.152107140388258577e-11
1.345916711928494950e-04 7.152107983377943120e-11
1.433995385948514170e-04 7.152108939997348276e-11
1.527806308143358637e-04 7.152110025539673553e-11
1.627722538955916909e-04 7.152111257355102094e-11
1.734141417975726429e-04 7.152112655127058318e-11
1.847486144050063236e-04 7.152114241185992427e-11
1.968207458230386390e-04 7.152116040865295543e-11
2.096785436246481258e-04 7.152118082904844938e-11
2.233731397636598375e-04 7.152120399909143188e-11
2.379589939125861320e-04 7.152123028866682907e-11
2.534941100338807115e-04 7.152126011739465446e-11
2.700402670458652214e-04 7.152129396131326638e-11
2.876632645006474724e-04 7.152133236046775486e-11
3.064331842509692436e-04 7.152137592750801889e-11
3.264246691466312429e-04 7.152142535745570143e-11
3.477172198687347553e-04 7.152148143877141368e-11
3.703955110821903832e-04 7.152154506591693316e-11
3.945497281637764609e-04 7.152161725360623319e-11
4.202759258447686459e-04 7.152169915296713158e-11
4.476764101943878299e-04 7.152179206987987188e-11
4.768601454631463685e-04 7.152189748577921651e-11
5.079431874039339089e-04 7.152201708125278522e-11
5.410491447940683806e-04 7.152215276281132093e-11
5.763096709937052609e-04 7.152230669326035787e-11
6.138649874953195544e-04 7.152248132614876561e-11
6.538644415463072072e-04 7.152267944485525609e-11
6.964671000622733388e-04 7.152290420692460528e-11
7.418423821927417998e-04 7.152315919436934632e-11
7.901707330548697139e-04 7.152344847072659439e-11
8.416443413144852545e-04 7.152377664579510136e-11
8.964679034679587247e-04 7.152414894907277711e-11
9.548594378642956708e-04 7.152457131306631417e-11
1.017051151704675017e-03 7.152505046781094495e-11
1.083290364467113165e-03 7.152559404809336675e-11
1.153840491428521084e-03 7.152621071510405709e-11
1.228982091195448319e-03 7.152691029444605166e-11
1.309013981409089993e-03 7.152770393271322908e-11
1.394254427061482901e-03 7.152860427513282753e-11
1.485042406148611707e-03 7.152962566711071518e-11
1.581738957693386684e-03 7.153078438290350595e-11
1.684728617499287517e-03 7.153209888506519334e-11
1.794420947344423523e-03 7.153359011882731453e-11
1.911252163696946192e-03 7.153528184611940611e-11
2.035686872428873594e-03 7.153720102457809421e-11
2.168219916426985822e-03 7.153937823762442873e-11
2.309378343447928035e-03 7.154184818250384395e-11
2.459723502043281544e-03 7.154465022412884091e-11
2.619853273889716141e-03 7.154782902362896503e-11
2.790404451401243442e-03 7.155143525171884980e-11
2.972055270078832485e-03 7.155552639839471272e-11
3.165528105668094852e-03 7.156016769201863716e-11
3.371592346850472034e-03 7.156543314266904733e-11
3.591067454892016286e-03 7.157140672665825317e-11
3.824826222417438987e-03 7.157818373146548033e-11
4.073798244268176869e-03 7.158587228298981296e-11
4.338973614247340800e-03 7.159459508007216073e-11
4.621406862452843295e-03 7.160449136470972692e-11
4.922221148855803613e-03 7.161571916038481277e-11
5.242612729801172412e-03 7.162845781546857216e-11
5.583855715193094399e-03 7.164291089392315099e-11
5.947307135282262590e-03 7.165930946152357107e-11
6.334412337204820692e-03 7.167791582274460765e-11
6.746710732733886100e-03 7.169902777144326596e-11
7.185841920100037063e-03 7.172298342765676656e-11
7.653552204225934005e-03 7.175016674349406812e-11
8.151701541304925275e-03 7.178101377343786726e-11
8.682270935339195597e-03 7.181601981869615619e-11
9.247370316051963662e-03 7.185574757195023967e-11
9.849246929502777567e-03 7.190083640831215375e-11
1.049029427477177374e-02 7.195201299113414875e-11
1.117306162225219397e-02 7.201010338810028981e-11
1.190026415140376694e-02 7.207604692460345401e-11
1.267479374828037013e-02 7.215091203873759260e-11
1.349973050577152334e-02 7.223591444654805844e-11
1.437835497229211779e-02 7.233243797892065511e-11
1.531416119762810286e-02 7.244205851467274291e-11
1.631087062781879510e-02 7.256657151022374830e-11
1.737244690433321567e-02 7.270802371768109538e-11
1.850311162639044910e-02 7.286874979425361340e-11
1.970736113910743700e-02 7.305141464084229302e-11
2.098998441423769942e-02 7.325906247320529279e-11
2.235608209460499679e-02 7.349517383244315203e-11
2.381108677796757098e-02 7.376373199314110389e-11
2.536078462097841185e-02 7.406930054010518247e-11
2.701133834915109624e-02 7.441711427521480422e-11
2.876931176433698834e-02 7.481318610644626899e-11
3.064169584717577749e-02 7.526443319045377396e-11
3.263593655831751456e-02 7.577882638626929627e-11
3.475996444897566651e-02 7.636556808089704027e-11
3.702222619856727903e-02 7.703530473472803440e-11
3.943171820485173729e-02 7.780038215500279618e-11
4.199802236014902462e-02 7.867515365888647134e-11
4.473134415591326768e-02 7.967635409602595475e-11
4.764255326718694339e-02 8.082355638345961541e-11
5.074322677833156825e-02 8.213973206388981549e-11
5.404569522193609227e-02 8.365194384472174687e-11
5.756309161397969026e-02 8.539220668148654701e-11
6.130940368025160347e-02 8.739856552266450875e-11
6.529952948172323968e-02 8.971645345557983188e-11
6.954933666007066806e-02 9.240042493220345491e-11
7.407572553895443168e-02 9.551631161490355894e-11
7.889669633199926368e-02 9.914415569656511739e-11
8.403142072473115953e-02 1.033817981826689443e-10
8.950031811513757540e-02 1.083497459227467605e-10
9.532513681604654066e-02 1.141975196411519318e-10
1.015290405422311915e-01 1.211121124838622851e-10
1.081367005261806707e-01 1.293293454285653619e-10
1.151743936288659592e-01 1.391492527518444017e-10
1.226701068356443602e-01 1.509571294625988237e-10
1.306536485528610736e-01 1.652526175806212619e-10
1.391567671477548507e-01 1.826903270569807818e-10
1.482132772030496648e-01 2.041371935379674133e-10
1.578591939883203232e-01 2.307544083899040828e-10
1.681328766829011112e-01 2.641158672697491168e-10
1.790751809198728173e-01 3.063815831793097206e-10
1.907296212577638539e-01 3.605549437494168221e-10
2.031180993447962990e-01 4.307165609608008530e-10
2.157282698469407123e-01 5.184597642927222923e-10
2.283384403490833492e-01 6.265244067574329976e-10
2.409486108512259861e-01 7.597042842739556940e-10
2.535587813533703994e-01 9.239352085844445558e-10
2.661689518555130363e-01 1.126563730015195675e-09
2.787791223576556732e-01 1.376678022618402712e-09
2.913892928598000864e-01 1.685514747592850825e-09
3.039994633619427233e-01 2.066958962339398278e-09
3.166096338640853602e-01 2.538157461396752892e-09
3.292198043662297735e-01 3.120270685538734121e-09
3.418299748683724104e-01 3.839393229666640040e-09
3.544401453705150473e-01 4.727679494713236209e-09
3.670503158726594606e-01 5.824718614812390738e-09
3.796604863748020975e-01 7.179211434931243040e-09
3.922706568769447344e-01 8.851013622575200209e-09
4.048808273790891477e-01 1.091362216683038136e-08
4.174909978812317846e-01 1.345719498204826359e-08
4.301011683833744215e-01 1.659221651943944102e-08
4.427113388855188347e-01 2.045393870567537654e-08
4.553215093876614716e-01 2.520775464590688055e-08
4.679316798898041085e-01 3.105569157278142797e-08
4.805418503919485218e-01 3.824424426809807071e-08
4.931520208940911587e-01 4.707381304794138832e-08
5.057621913962337956e-01 5.791005551244391644e-08
5.183723618983782089e-01 7.119752191458705033e-08
5.309825324005208458e-01 8.747600777270969141e-08
5.435927029026652590e-01 1.074001276125121489e-07
5.562028734048078960e-01 1.317627215458578697e-07
5.688130439069505329e-01 1.615227974803016034e-07
5.814232144090949461e-01 1.978388007264831302e-07
5.940333849112375830e-01 2.421082196383358215e-07
6.066435554133802199e-01 2.960146089239033592e-07
6.192537259155246332e-01 3.615833448281175300e-07
6.318638964176672701e-01 4.412476145735796737e-07
6.444740669198099070e-01 5.379263955485694523e-07
6.570842374219543203e-01 6.551164218605704858e-07
6.696944079240969572e-01 7.970004774468904401e-07
6.823045784262395941e-01 9.685746739981663436e-07
6.949147489283840073e-01 1.175797777443692709e-06
7.075249194305266442e-01 1.425766083329467514e-06
7.201350899326692812e-01 1.726917836064381962e-06
7.327452604348136944e-01 2.089271739482023715e-06
7.453554309369563313e-01 2.524704721805234646e-06
7.579656014390989682e-01 3.047274801773654477e-06
7.705757719412433815e-01 3.673595659211455312e-06
7.831859424433860184e-01 4.423270347331910466e-06
7.957961129455286553e-01 5.319392499971527575e-06
8.084062834476730686e-01 6.389124388383659664e-06
8.210164539498157055e-01 7.664362273340806766e-06
8.336266244519583424e-01 9.182500682221786579e-06
8.462367949541027556e-01 1.098730851459319072e-05
8.588469654562453925e-01 1.312993125085386673e-05
8.714571359583880295e-01 1.567003500077799279e-05
8.840673064605324427e-01 1.867710968071586888e-05
8.966774769626750796e-01 2.223195024478069698e-05
9.092876474648177165e-01 2.642833660895052989e-05
9.218978179669621298e-01 3.137493468726245169e-05
9.345079884691047667e-01 3.719744279266058663e-05
9.471181589712474036e-01 4.404100952435794009e-05
9.597283294733918169e-01 5.207295114762684513e-05
9.723384999755344538e-01 6.148579834518700825e-05
9.849486704776770907e-01 7.250070405254116187e-05
9.975588409798215039e-01 8.537124860809134090e-05
1.010169011481964141e+00 1.003876614076625929e-04
1.022779181984106778e+00 1.178815338347961975e-04
1.035389352486251191e+00 1.382310071348898453e-04
1.047999522988393828e+00 1.618665396312357586e-04
1.060609693490536465e+00 1.892772060246803996e-04
1.073219863992680878e+00 2.210176648781355410e-04
1.085830034494823515e+00 2.577157653108520666e-04
1.098440204996966152e+00 3.000808579736389528e-04
1.111050375499110565e+00 3.489128431075877554e-04
1.123660546001253202e+00 4.051119905202431835e-04
1.136270716503395839e+00 4.696895632174997331e-04
1.148880887005540252e+00 5.437792723873134280e-04
1.161491057507682889e+00 6.286495863425084051e-04
1.174101228009825526e+00 7.257169098229444707e-04
1.186711398511969939e+00 8.365596425780630905e-04
1.199321569014112576e+00 9.629331173664873152e-04
1.211931739516255213e+00 1.106785407323956786e-03
1.224541910018399626e+00 1.270273980977210419e-03
1.237152080520542263e+00 1.455783169974190746e-03
1.249762251022684900e+00 1.665942399814996982e-03
1.262372421524829313e+00 1.903645117479914502e-03
1.274982592026971950e+00 2.172068331864035907e-03
1.287592762529114587e+00 2.474692663367798751e-03
1.300202933031259001e+00 2.815322777917826820e-03
1.312813103533401637e+00 3.198108058193160647e-03
1.325423274035544274e+00 3.627563341042414242e-03
1.338033444537688688e+00 4.108589522446031914e-03
1.350643615039831325e+00 4.646493823629457842e-03
1.363253785541973961e+00 5.247009438258349277e-03
1.375863956044118375e+00 5.916314305207525694e-03
1.388474126546261012e+00 6.661048735444489305e-03
1.401084297048403648e+00 7.488331496189339596e-03
1.413694467550548062e+00 8.405774054511198912e-03
1.426304638052690699e+00 9.421492579654482460e-03
1.438914808554833336e+00 1.054411730692637189e-02
1.451524979056977749e+00 1.178279884231923751e-02
1.464135149559120386e+00 1.314721097013540202e-02
1.476745320061263023e+00 1.464754951254123964e-02
1.489355490563407436e+00 1.629452678097736973e-02
1.501965661065550073e+00 1.809936115532036552e-02
1.514575831567692710e+00 2.007376132825849230e-02
1.527186002069837123e+00 2.222990475949317493e-02
1.539796172571979760e+00 2.458040990449220087e-02
1.552406343074122397e+00 2.713830178514187522e-02
1.565016513576266810e+00 2.991697054074850259e-02
1.577626684078409447e+00 3.293012257958628786e-02
1.590236854580552084e+00 3.619172405188257613e-02
1.602847025082696497e+00 3.971593638604437732e-02
1.615457195584839134e+00 4.351704371057341786e-02
1.628067366086981771e+00 4.760937205410675777e-02
1.640677536589126184e+00 5.200720029960028551e-02
1.653287707091268821e+00 5.672466296030840432e-02
1.665897877593411458e+00 6.177564494489611036e-02
1.678508048095555871e+00 6.717366858605855473e-02
1.691118218597698508e+00 7.293177332065095553e-02
1.703728389099841145e+00 7.906238852830890784e-02
1.716338559601985558e+00 8.557720015882715192e-02
1.728948730104128195e+00 9.248701190462475796e-02
1.741558900606270832e+00 9.980160180185068675e-02
1.754169071108415245e+00 1.075295752704032715e-01
1.766779241610557882e+00 1.156782157273873179e-01
1.779389412112700519e+00 1.242533340283377558e-01
1.791999582614844932e+00 1.332591181037206807e-01
1.804609753116987569e+00 1.426979842627231765e-01
1.817219923619130206e+00 1.525704317298378354e-01
1.829830094121274620e+00 1.628749020600968322e-01
1.842440264623417256e+00 1.736076451438781920e-01
1.855050435125559893e+00 1.847625935598359026e-01
1.867660605627704307e+00 1.963312470629143547e-01
1.880270776129846944e+00 2.083025690016297171e-01
1.892880946631989580e+00 2.206628966725472929e-01
1.905491117134133994e+00 2.333958659907896527e-01
1.918101287636276631e+00 2.464823555188866699e-01
1.930711458138419268e+00 2.599004469990991439e-01
1.943321628640563681e+00 2.736254071528211318e-01
1.955931799142706318e+00 2.876296907741294762e-01
1.968541969644848955e+00 3.018829664947375035e-01
1.981152140146993368e+00 3.163521661926722017e-01
1.993762310649136005e+00 3.310015588037976686e-01
2.006372481151278642e+00 3.457928490611115180e-01
2.018982651653423055e+00 3.606853014339014285e-01
2.031592822155565692e+00 3.756358892702609253e-01
2.044202992657708329e+00 3.905994688650053503e-01
2.056813163159852742e+00 4.055289778841101311e-01
2.069423333661995379e+00 4.203756572804005498e-01
2.082033504164138016e+00 4.350892955372948068e-01
2.094643674666282429e+00 4.496184937817082061e-01
2.107253845168425066e+00 4.639109500191219149e-01
2.119864015670569479e+00 4.779137604664012717e-01
2.132474186172712116e+00 4.915737356968052363e-01
2.145084356674854753e+00 5.048377290701906439e-01
2.157694527176999166e+00 5.176529747044255059e-01
2.170304697679141803e+00 5.299674320541236661e-01
2.182914868181284440e+00 5.417301340076630112e-01
2.195525038683428853e+00 5.528915352868625233e-01
2.208135209185571490e+00 5.634038578522176932e-01
2.220745379687714127e+00 5.732214299685254311e-01
2.233355550189858540e+00 5.823010155832534229e-01
2.245965720692001177e+00 5.906021307043676227e-01
2.258575891194143814e+00 5.980873435504441282e-01
2.271186061696288228e+00 6.047225553627605388e-01
2.283796232198430864e+00 6.104772589367030156e-01
2.296406402700573501e+00 6.153247721319463626e-01
2.309016573202717915e+00 6.192424438620023341e-01
2.321626743704860552e+00 6.222118303390561378e-01
2.334236914207003188e+00 6.242188396557314389e-01
2.346847084709147602e+00 6.252538431186108747e-01
2.359457255211290239e+00 6.253117521033698667e-01
2.372067425713432876e+00 6.243920595739862467e-01
2.384677596215577289e+00 6.224988459846739763e-01
2.397287766717719926e+00 6.196407483565257168e-01
2.409897937219862563e+00 6.158308956103087928e-01
2.422508107722006976e+00 6.110868072319771693e-01
2.435118278224149613e+00 6.054302590193648692e-01
2.447728448726292250e+00 5.988871163093684169e-01
2.460338619228436663e+00 5.914871366462671753e-01
2.472948789730579300e+00 5.832637440008698881e-01
2.485558960232721937e+00 5.742537769408453396e-01
2.498169130734866350e+00 5.644972134105311623e-01
2.510779301237008987e+00 5.540368750001825049e-01
2.523389471739151624e+00 5.429181137678782409e-01
2.535999642241296037e+00 5.311884848193456632e-01
2.548609812743438674e+00 5.188974079510979553e-01
2.561219983245581311e+00 5.060958217196174225e-01
2.573830153747725724e+00 4.928358333135893776e-01
2.586440324249868361e+00 4.791703675784962924e-01
2.599050494752010998e+00 4.651528184741086092e-01
2.611660665254155411e+00 4.508367061377936968e-01
2.624270835756298048e+00 4.362753425823635012e-01
2.636881006258440685e+00 4.215215088792568232e-01
2.649491176760585098e+00 4.066271464701672333e-01
2.662101347262727735e+00 3.916430650155631743e-01
2.674711517764870372e+00 3.766186689322253422e-01
2.687321688267014785e+00 3.616017044968325433e-01
2.699931858769157422e+00 3.466380291047913009e-01
2.712542029271300059e+00 3.317714039754404154e-01
2.725152199773444472e+00 3.170433112932252717e-01
2.737762370275587109e+00 3.024927964714625994e-01
2.750372540777729746e+00 2.881563359269058155e-01
2.762982711279874160e+00 2.740677304627727739e-01
2.775592881782016796e+00 2.602580240781803278e-01
2.788203052284159433e+00 2.467554477579951278e-01
2.800813222786303847e+00 2.335853875503402233e-01
2.813423393288446483e+00 2.207703760128919002e-01
2.826033563790589120e+00 2.083301059053629944e-01
2.838643734292733534e+00 1.962814648261726469e-01
2.851253904794876171e+00 1.846385893371070841e-01
2.863864075297018807e+00 1.734129369917779828e-01
2.876474245799163221e+00 1.626133745822250232e-01
2.889084416301305858e+00 1.522462808428187431e-01
2.901694586803448495e+00 1.423156618013164953e-01
2.914304757305592908e+00 1.328232769427092896e-01
2.926914927807735545e+00 1.237687743509616883e-01
2.939525098309878182e+00 1.151498330157089411e-01
2.952135268812022595e+00 1.069623105333663837e-01
2.964745439314165232e+00 9.920039449341293281e-02
2.977355609816307869e+00 9.185675591827734132e-02
2.989965780318452282e+00 8.492270321753428441e-02
3.002575950820594919e+00 7.838833522142062138e-02
3.015186121322737556e+00 7.224269197288028799e-02
3.027796291824881969e+00 6.647390207917310001e-02
3.040406462327024606e+00 6.106932555120284101e-02
3.053016632829167243e+00 5.601569118915080553e-02
3.065626803331311656e+00 5.129922770458829329e-02
3.078236973833454293e+00 4.690578790021551758e-02
3.090847144335596930e+00 4.282096535687771738e-02
3.103457314837741343e+00 3.903020320219486444e-02
3.116067485339883980e+00 3.551889465439161953e-02
3.128677655842026617e+00 3.227247514778706916e-02
3.141287826344171030e+00 2.927650595182908905e-02
3.153897996846313667e+00 2.651674929270746855e-02
3.166508167348456304e+00 2.397923507500338003e-02
3.179118337850600717e+00 2.165031938000923709e-02
3.191728508352743354e+00 1.951673498711709726e-02
3.204338678854885991e+00 1.756563422494275897e-02
3.216948849357030404e+00 1.578462450973077552e-02
3.229559019859173041e+00 1.416179697024681425e-02
3.242169190361315678e+00 1.268574859120362441e-02
3.254779360863460091e+00 1.134559833163399645e-02
3.267389531365602728e+00 1.013099769117058006e-02
3.279999701867745365e+00 9.032136206276552767e-03
3.292609872369889779e+00 8.039742361017218619e-03
3.305220042872032415e+00 7.145080393357714291e-03
3.317830213374175052e+00 6.339943469083475849e-03
3.330440383876319466e+00 5.616643681888433895e-03
3.343050554378462103e+00 4.967999320640788946e-03
3.355660724880604739e+00 4.387319824049180222e-03
3.368270895382749153e+00 3.868388819459687121e-03
3.380881065884891790e+00 3.405445617027917041e-03
3.393491236387034427e+00 2.993165503541013028e-03
3.406101406889178840e+00 2.626639152256067620e-03
3.418711577391321477e+00 2.301351436770755505e-03
3.431321747893464114e+00 2.013159908550393815e-03
3.443931918395608527e+00 1.758273169714720660e-03
3.456542088897751164e+00 1.533229345344208627e-03
3.469152259399893801e+00 1.334874833184990402e-03
3.481762429902038214e+00 1.160343483452700494e-03
3.494372600404180851e+00 1.007036337625381427e-03
3.506982770906323488e+00 8.726020328317787367e-04
3.519592941408467901e+00 7.549179577730083870e-04
3.532203111910610538e+00 6.520722271304967704e-04
3.544813282412753175e+00 5.623465241416595716e-04
3.557423452914897588e+00 4.841998454680742844e-04
3.570033623417040225e+00 4.162531686143119665e-04
3.582643793919182862e+00 3.572750499350070812e-04
3.595253964421327275e+00 3.061681506286976118e-04
3.607864134923469912e+00 2.619566789818425761e-04
3.620474305425612549e+00 2.237747294063949189e-04
3.633084475927756962e+00 1.908554924119687318e-04
3.645694646429899599e+00 1.625213044659239061e-04
3.658304816932042236e+00 1.381745026159569064e-04
3.670914987434186649e+00 1.172890456733596067e-04
3.683525157936329286e+00 9.940286157464318061e-05
3.696135328438471923e+00 8.411087915154180118e-05
3.708745498940616336e+00 7.105870184510398955e-05
3.721355669442758973e+00 5.993688080311710515e-05
3.733965839944901610e+00 5.047574521285898492e-05
3.746576010447046023e+00 4.244074855971758232e-05
3.759186180949188660e+00 3.562829069010257547e-05
3.771796351451333074e+00 2.986197702444735305e-05
3.784406521953475711e+00 2.498927795028805772e-05
3.797016692455618347e+00 2.087855326985916255e-05
3.809626862957762761e+00 1.741640853217890506e-05
3.822237033459905398e+00 1.450535210265015471e-05
3.834847203962048034e+00 1.206172387673951214e-05
3.847457374464192448e+00 1.001386859656260094e-05
3.860067544966335085e+00 8.300528753844911120e-06
3.872677715468477722e+00 6.869434038028550781e-06
3.885287885970622135e+00 5.676066196981918228e-06
3.897898056472764772e+00 4.682580006303054374e-06
3.910508226974907409e+00 3.856862781602395284e-06
3.923118397477051822e+00 3.171716509352131624e-06
3.935728567979194459e+00 2.604148211478847052e-06
3.948338738481337096e+00 2.134755594637088570e-06
3.960948908983481509e+00 1.747196366752400866e-06
3.973559079485624146e+00 1.427730832082311420e-06
3.986169249987766783e+00 1.164828504332864581e-06
3.998779420489911196e+00 9.488305086208016139e-07
4.011389590992053833e+00 7.716604816111360320e-07
4.023999761494196470e+00 6.265775297455721375e-07
4.036609931996340883e+00 5.079655732756556463e-07
4.049220102498483520e+00 4.111540942661415641e-07
4.061830273000626157e+00 3.322659252910000597e-07
4.074440443502770570e+00 2.680882677680240174e-07
4.087050614004913207e+00 2.159636201484082841e-07
4.099660784507055844e+00 1.736977317715807098e-07
4.112270955009200257e+00 1.394820831627081615e-07
4.124881125511342894e+00 1.118287326943237287e-07
4.137491296013485531e+00 8.951566738440953359e-08
4.150101466515629944e+00 7.154105639691248876e-08
4.162711637017772581e+00 5.708503348156971489e-08
4.175321807519915218e+00 4.547783276832909892e-08
4.187931978022059631e+00 3.617327434742400041e-08
4.200542148524202268e+00 2.872674495580110731e-08
4.213152319026344905e+00 2.277694760966275590e-08
4.225762489528489319e+00 1.803080465871325510e-08
4.238372660030631955e+00 1.425099372545598804e-08
4.250982830532774592e+00 1.124567733219893670e-08
4.263593001034919006e+00 8.860056490477441603e-09
4.276203171537061642e+00 6.969437712527910905e-09
4.288813342039204279e+00 5.473553198717093919e-09
4.301423512541348693e+00 4.291916587714051336e-09
4.314033683043491330e+00 3.360032705979113406e-09
4.326643853545633966e+00 2.626310162297240715e-09
4.339254024047778380e+00 2.049551222528346484e-09
4.351864194549921017e+00 1.596914882132554383e-09
4.364474365052063654e+00 1.242267046056976827e-09
4.377084535554208067e+00 9.648467591560376234e-10
4.389694706056350704e+00 7.481899628647042078e-10
4.402304876558493341e+00 5.792626774750784015e-10
4.414915047060635978e+00 4.477641592461806764e-10
4.427525217562778614e+00 3.455677433367948820e-10
4.440135388064924804e+00 2.662729999393829915e-10
4.452745558567067441e+00 2.048477077015477717e-10
4.465355729069210078e+00 1.573421593863039010e-10
4.477965899571352715e+00 1.206616062417083883e-10
4.490576070073495352e+00 9.238534285797139280e-11
4.503186240575637989e+00 7.062313660831322208e-11
4.515796411077784178e+00 5.390150140136599517e-11
4.528406581579926815e+00 4.107377638941027450e-11
4.541016752082069452e+00 3.124915634606580745e-11
4.553626922584212089e+00 2.373678132302994590e-11
4.566237093086354726e+00 1.800177003105563655e-11
4.578847263588500915e+00 1.363070811002946385e-11
4.591457434090643552e+00 1.030460701382444777e-11
4.604067604592786189e+00 7.777754607752440788e-12
4.616677775094928826e+00 5.861203588371735433e-12
4.629287945597071463e+00 4.409903883213550715e-12
4.641898116099214100e+00 3.312692832382332622e-12
4.654508286601360290e+00 2.484522418047983752e-12
4.667118457103502926e+00 1.860434393264711039e-12
4.679728627605645563e+00 1.390898594053757499e-12
4.692338798107788200e+00 1.038212435042079530e-12
4.704948968609930837e+00 7.737249738852694175e-13
4.717559139112073474e+00 5.757005117428859409e-13
4.730169309614219664e+00 4.276773092718602237e-13
4.742779480116362301e+00 3.172089096749081998e-13
4.755389650618504938e+00 2.349005866565694835e-13
4.767999821120647574e+00 1.736730229210307556e-13
4.780609991622790211e+00 1.282006259428461312e-13
4.793220162124932848e+00 9.448381695970063597e-14
4.805830332627079038e+00 6.952391143988026299e-14
4.818440503129221675e+00 5.107641797323946180e-14
4.831050673631364312e+00 3.746417003207425681e-14
4.843660844133506949e+00 2.743602759709770172e-14
4.856271014635649586e+00 2.006022318836557271e-14
4.868881185137792222e+00 1.464399889930648784e-14
4.881491355639938412e+00 1.067315938434462558e-14
4.894101526142081049e+00 7.766684540315787517e-15
4.906711696644223686e+00 5.642709385567394370e-15
4.919321867146366323e+00 4.093068676860281047e-15
4.931932037648508960e+00 2.964283207110089655e-15
4.944542208150651597e+00 2.143382366208900249e-15
4.957152378652797786e+00 1.547351194826135816e-15
4.969762549154940423e+00 1.115288954934128749e-15
4.982372719657083060e+00 8.025926116551742598e-16
4.994982890159225697e+00 5.766498022925289396e-16
5.007593060661368334e+00 4.136550737194362252e-16
5.020203231163510971e+00 2.962605100932346942e-16
5.032813401665657160e+00 2.118450711883873561e-16
5.045423572167799797e+00 1.512419032084549962e-16
5.058033742669942434e+00 1.078040458886178472e-16
5.070643913172085071e+00 7.671974104508830355e-17
5.083254083674227708e+00 5.451152388093893590e-17
5.095864254176370345e+00 3.867039690005486110e-17
5.108474424678516534e+00 2.738911712684606436e-17
5.121084595180659171e+00 1.936807773202981395e-17
5.133694765682801808e+00 1.367426756991488022e-17
5.146304936184944445e+00 9.638971174739928536e-18
5.158915106687087082e+00 6.783695238152987046e-18
5.171525277189229719e+00 4.766625161052357760e-18
5.184135447691375909e+00 3.343987802426777374e-18
5.196745618193518546e+00 2.342218275492893044e-18
5.209355788695661182e+00 1.637943923707701717e-18
5.221965959197803819e+00 1.143614525286543113e-18
5.234576129699946456e+00 7.972036018180217631e-19
5.247186300202089093e+00 5.548400267182219196e-19
5.259796470704235283e+00 3.855451503508247220e-19
5.272406641206377920e+00 2.674801886736678385e-19
5.285016811708520557e+00 1.852750330435293591e-19
5.297626982210663193e+00 1.281300710795610721e-19
5.310237152712805830e+00 8.846960960421524612e-20
5.322847323214948467e+00 6.098822835432416506e-20
5.335457493717094657e+00 4.197655321788793433e-20
5.348067664219237294e+00 2.884538697002409576e-20
5.360677834721379931e+00 1.979040987965195027e-20
5.373288005223522568e+00 1.355632651591352629e-20
5.385898175725665205e+00 9.271244876929979747e-21
5.398508346227807841e+00 6.330570807462793837e-21
5.411118516729954031e+00 4.315751840589007363e-21
5.423728687232096668e+00 2.937506395862894539e-21
5.436338857734239305e+00 1.996227011909369417e-21
5.448949028236381942e+00 1.354408820937250323e-21
5.461559198738524579e+00 9.174836756089153839e-22
5.474169369240667216e+00 6.205197840723272023e-22
5.486779539742813405e+00 4.190073319767399981e-22
5.499389710244956042e+00 2.824855931096598756e-22
5.511999880747098679e+00 1.901427032901282666e-22
5.524610051249241316e+00 1.277825917879417597e-22
5.537220221751383953e+00 8.573780832392174722e-23
5.549830392253526590e+00 5.743567214957446353e-23
5.562440562755672779e+00 3.841489688967196697e-23
5.575050733257815416e+00 2.565229693527810100e-23
5.587660903759958053e+00 1.710257314069635501e-23
5.600271074262100690e+00 1.138427176705747588e-23
5.612881244764243327e+00 7.565848531038026458e-24
5.625491415266385964e+00 5.020172132152986412e-24
5.638101585768532154e+00 3.325738838330570983e-24
5.650711756270674790e+00 2.199714069837449583e-24
5.663321926772817427e+00 1.452622842636345836e-24
5.675932097274960064e+00 9.577409154161107865e-25
5.688542267777102701e+00 6.304515809345707721e-25
5.701152438279245338e+00 4.143467621170743338e-25
5.713762608781391528e+00 2.718846348317363227e-25
5.726372779283534165e+00 1.781204869474927118e-25
5.738982949785676801e+00 1.165068783640180060e-25
5.751593120287819438e+00 7.608476992325676006e-26
5.764203290789962075e+00 4.960807332627000729e-26
5.776813461292104712e+00 3.229352417028106259e-26
5.789423631794250902e+00 2.098876893518124315e-26
5.802033802296393539e+00 1.361968063636776674e-26
5.814643972798536176e+00 8.823792869201985459e-27
5.827254143300678813e+00 5.707581203728326520e-27
5.839864313802821449e+00 3.686016686332828179e-27
5.852474484304964086e+00 2.376680969565118928e-27
5.865084654807110276e+00 1.530005052305229245e-27
5.877694825309252913e+00 9.833841767539858691e-28
5.890304995811395550e+00 6.310473282164623961e-28
5.902915166313538187e+00 4.043048998135998730e-28
5.915525336815680824e+00 2.586213792472805918e-28
5.928135507317823460e+00 1.651688631859920674e-28
5.940745677819969650e+00 1.053174327002702582e-28
5.953355848322112287e+00 6.704720327471422834e-29
5.965966018824254924e+00 4.261567578839929810e-29
5.978576189326397561e+00 2.704371766596669774e-29
5.991186359828540198e+00 1.713451036342539982e-29
6.003796530330682835e+00 1.083890192241630620e-29
6.016406700832829024e+00 6.845531108741012890e-30
6.029016871334971661e+00 4.316554964553557933e-30
6.041627041837114298e+00 2.717538206032246329e-30
6.054237212339256935e+00 1.708135384799983931e-30
6.066847382841399572e+00 1.071956492800154917e-30
6.079457553343542209e+00 6.716457317464976739e-31
6.092067723845688398e+00 4.201569782859547476e-31
6.104677894347831035e+00 2.624164863463707136e-31
6.117288064849973672e+00 1.636360004891048493e-31
6.129898235352116309e+00 1.018766821203593333e-31
6.142508405854258946e+00 6.332554223181922668e-32
6.155118576356401583e+00 3.929987975805374695e-32
6.167728746858547773e+00 2.435071387460213821e-32
6.180338917360690409e+00 1.506400104709618885e-32
6.192949087862833046e+00 9.304159183099007760e-33
6.205559258364975683e+00 5.737491751093629624e-33
6.218169428867118320e+00 3.532442941037599619e-33
6.230779599369264510e+00 2.171382673635135064e-33
6.243389769871407147e+00 1.332618088770374594e-33
6.255999940373549784e+00 8.165506999456501399e-34
6.268610110875692421e+00 4.995382113280101979e-34
6.281220281377835057e+00 3.051141671099774787e-34
6.293830451879977694e+00 1.860647588266458846e-34
6.306440622382123884e+00 1.132854045315180882e-34
6.319050792884266521e+00 6.886394082033991490e-35
6.331660963386409158e+00 4.179437677888178595e-35
6.344271133888551795e+00 2.532514244324710849e-35
6.356881304390694432e+00 1.532124276838596508e-35
6.369491474892837068e+00 9.254312021038352433e-36
6.382101645394983258e+00 5.580875337858712318e-36
6.394711815897125895e+00 3.360226380078074396e-36
6.407321986399268532e+00 2.019960035187976092e-36
6.419932156901411169e+00 1.212341674673186948e-36
6.432542327403553806e+00 7.264660145647405643e-37
6.445152497905696443e+00 4.346238679751705921e-37
6.457762668407842632e+00 2.596090565309037326e-37
6.470372838909985269e+00 1.548225064103847380e-37
6.482983009412127906e+00 9.218416594580867086e-38
6.495593179914270543e+00 5.480075502302392658e-38
6.508203350416413180e+00 3.252555539285497429e-38
6.520813520918555817e+00 1.927395589939968917e-38
6.533423691420702006e+00 1.140315308335481146e-38
6.546033861922844643e+00 6.735766060424893123e-39
6.558644032424987280e+00 3.972436614305936835e-39
6.571254202927129917e+00 2.339025144377099256e-39
6.583864373429272554e+00 1.375057095631214777e-39
6.596474543931415191e+00 8.070761107479711085e-40
6.609084714433561381e+00 4.729510204649854027e-40
6.621694884935704017e+00 2.767105693708897114e-40
6.634305055437846654e+00 1.616379110980909461e-40
6.646915225939989291e+00 9.426893576348198790e-41
6.659525396442131928e+00 5.489109144058172300e-41
6.672135566944274565e+00 3.191119067975655367e-41
6.684745737446420755e+00 1.852217682840901327e-41
6.697355907948563392e+00 1.073368660539363042e-41
6.709966078450706028e+00 6.210315404301119312e-42
6.722576248952848665e+00 3.587453321753625013e-42
6.735186419454991302e+00 2.069029627068199500e-42
6.747796589957133939e+00 1.191392886654004069e-42
6.760406760459280129e+00 6.849377968880557309e-43
6.773016930961422766e+00 3.931471145822773690e-43
6.785627101463565403e+00 2.253029493215116233e-43
6.798237271965708040e+00 1.289099616641258918e-43
6.810847442467850676e+00 7.364001929983008051e-44
6.823457612969993313e+00 4.199998294641163953e-44
6.836067783472139503e+00 2.391619768181487486e-44
6.848677953974282140e+00 1.359699534686063256e-44
6.861288124476424777e+00 7.717942727843904283e-45
6.873898294978567414e+00 4.373890802005160453e-45
6.886508465480710051e+00 2.474811340529595694e-45
6.899118635982852688e+00 1.398054266345494083e-45
6.911728806484998877e+00 7.885218380371538219e-46
6.924338976987141514e+00 4.440288422501863257e-46
6.936949147489284151e+00 2.496412736335210493e-46
6.949559317991426788e+00 1.401294268904733695e-46
6.962169488493569425e+00 7.853261227344312145e-47
6.974779658995712062e+00 4.394186425869177565e-47
6.987389829497858251e+00 2.454791682445107491e-47
7.000000000000000888e+00 1.369173651944371948e-47
