-1.899999999999999911e+00 0.000000000000000000e+00
-1.896386430678465906e+00 0.000000000000000000e+00
-1.892772861356932124e+00 0.000000000000000000e+00
-1.889159292035398119e+00 0.000000000000000000e+00
-1.885545722713864114e+00 0.000000000000000000e+00
-1.881932153392330331e+00 0.000000000000000000e+00
-1.878318584070796327e+00 0.000000000000000000e+00
-1.874705014749262544e+00 0.000000000000000000e+00
-1.871091445427728539e+00 0.000000000000000000e+00
-1.867477876106194534e+00 0.000000000000000000e+00
-1.863864306784660752e+00 0.000000000000000000e+00
-1.860250737463126747e+00 0.000000000000000000e+00
-1.856637168141592742e+00 0.000000000000000000e+00
-1.853023598820058959e+00 0.000000000000000000e+00
-1.849410029498524954e+00 0.000000000000000000e+00
-1.845796460176990950e+00 0.000000000000000000e+00
-1.842182890855457167e+00 0.000000000000000000e+00
-1.838569321533923162e+00 0.000000000000000000e+00
-1.834955752212389379e+00 0.000000000000000000e+00
-1.831342182890855375e+00 0.000000000000000000e+00
-1.827728613569321370e+00 0.000000000000000000e+00
-1.824115044247787587e+00 0.000000000000000000e+00
-1.820501474926253582e+00 0.000000000000000000e+00
-1.816887905604719577e+00 0.000000000000000000e+00
-1.813274336283185795e+00 0.000000000000000000e+00
-1.809660766961651790e+00 0.000000000000000000e+00
-1.806047197640118007e+00 0.000000000000000000e+00
-1.802433628318584002e+00 0.000000000000000000e+00
-1.798820058997049998e+00 0.000000000000000000e+00
-1.795206489675516215e+00 0.000000000000000000e+00
-1.791592920353982210e+00 0.000000000000000000e+00
-1.787979351032448205e+00 0.000000000000000000e+00
-1.784365781710914423e+00 0.000000000000000000e+00
-1.780752212389380418e+00 0.000000000000000000e+00
-1.777138643067846413e+00 0.000000000000000000e+00
-1.773525073746312630e+00 0.000000000000000000e+00
-1.769911504424778625e+00 0.000000000000000000e+00
-1.766297935103244843e+00 0.000000000000000000e+00
-1.762684365781710838e+00 0.000000000000000000e+00
-1.759070796460176833e+00 0.000000000000000000e+00
-1.755457227138643050e+00 0.000000000000000000e+00
-1.751843657817109046e+00 0.000000000000000000e+00
-1.748230088495575041e+00 0.000000000000000000e+00
-1.744616519174041258e+00 0.000000000000000000e+00
-1.741002949852507253e+00 0.000000000000000000e+00
-1.737389380530973249e+00 0.000000000000000000e+00
-1.733775811209439466e+00 0.000000000000000000e+00
-1.730162241887905461e+00 0.000000000000000000e+00
-1.726548672566371678e+00 0.000000000000000000e+00
-1.722935103244837673e+00 0.000000000000000000e+00
-1.719321533923303669e+00 0.000000000000000000e+00
-1.715707964601769886e+00 0.000000000000000000e+00
-1.712094395280235881e+00 0.000000000000000000e+00
-1.708480825958701876e+00 0.000000000000000000e+00
-1.704867256637168094e+00 0.000000000000000000e+00
-1.701253687315634089e+00 0.000000000000000000e+00
-1.697640117994100084e+00 0.000000000000000000e+00
-1.694026548672566301e+00 0.000000000000000000e+00
-1.690412979351032297e+00 0.000000000000000000e+00
-1.686799410029498514e+00 0.000000000000000000e+00
-1.683185840707964509e+00 0.000000000000000000e+00
-1.679572271386430504e+00 0.000000000000000000e+00
-1.675958702064896721e+00 0.000000000000000000e+00
-1.672345132743362717e+00 0.000000000000000000e+00
-1.668731563421828712e+00 0.000000000000000000e+00
-1.665117994100294929e+00 0.000000000000000000e+00
-1.661504424778760924e+00 0.000000000000000000e+00
-1.657890855457226920e+00 0.000000000000000000e+00
-1.654277286135693137e+00 0.000000000000000000e+00
-1.650663716814159132e+00 0.000000000000000000e+00
-1.647050147492625349e+00 0.000000000000000000e+00
-1.643436578171091345e+00 0.000000000000000000e+00
-1.639823008849557340e+00 0.000000000000000000e+00
-1.636209439528023557e+00 0.000000000000000000e+00
-1.632595870206489552e+00 0.000000000000000000e+00
-1.628982300884955770e+00 0.000000000000000000e+00
-1.625368731563421765e+00 0.000000000000000000e+00
-1.621755162241887760e+00 0.000000000000000000e+00
-1.618141592920353755e+00 0.000000000000000000e+00
-1.614528023598819972e+00 0.000000000000000000e+00
-1.610914454277285968e+00 0.000000000000000000e+00
-1.607300884955752185e+00 0.000000000000000000e+00
-1.603687315634218180e+00 0.000000000000000000e+00
-1.600073746312684175e+00 0.000000000000000000e+00
-1.596460176991150393e+00 0.000000000000000000e+00
-1.592846607669616388e+00 0.000000000000000000e+00
-1.589233038348082605e+00 0.000000000000000000e+00
-1.585619469026548600e+00 0.000000000000000000e+00
-1.582005899705014595e+00 0.000000000000000000e+00
-1.578392330383480591e+00 0.000000000000000000e+00
-1.574778761061946808e+00 0.000000000000000000e+00
-1.571165191740412803e+00 0.000000000000000000e+00
-1.567551622418879020e+00 0.000000000000000000e+00
-1.563938053097345016e+00 0.000000000000000000e+00
-1.560324483775811011e+00 0.000000000000000000e+00
-1.556710914454277228e+00 0.000000000000000000e+00
-1.553097345132743223e+00 0.000000000000000000e+00
-1.549483775811209441e+00 0.000000000000000000e+00
-1.545870206489675436e+00 0.000000000000000000e+00
-1.542256637168141431e+00 0.000000000000000000e+00
-1.538643067846607426e+00 0.000000000000000000e+00
-1.535029498525073643e+00 0.000000000000000000e+00
-1.531415929203539639e+00 0.000000000000000000e+00
-1.527802359882005856e+00 0.000000000000000000e+00
-1.524188790560471851e+00 0.000000000000000000e+00
-1.520575221238937846e+00 0.000000000000000000e+00
-1.516961651917404064e+00 0.000000000000000000e+00
-1.513348082595870059e+00 0.000000000000000000e+00
-1.509734513274336276e+00 0.000000000000000000e+00
-1.506120943952802271e+00 0.000000000000000000e+00
-1.502507374631268267e+00 0.000000000000000000e+00
-1.498893805309734262e+00 0.000000000000000000e+00
-1.495280235988200479e+00 0.000000000000000000e+00
-1.491666666666666474e+00 0.000000000000000000e+00
-1.488053097345132691e+00 0.000000000000000000e+00
-1.484439528023598687e+00 0.000000000000000000e+00
-1.480825958702064682e+00 0.000000000000000000e+00
-1.477212389380530899e+00 0.000000000000000000e+00
-1.473598820058996894e+00 0.000000000000000000e+00
-1.469985250737463112e+00 0.000000000000000000e+00
-1.466371681415929107e+00 0.000000000000000000e+00
-1.462758112094395102e+00 0.000000000000000000e+00
-1.459144542772861097e+00 0.000000000000000000e+00
-1.455530973451327315e+00 0.000000000000000000e+00
-1.451917404129793310e+00 0.000000000000000000e+00
-1.448303834808259527e+00 0.000000000000000000e+00
-1.444690265486725522e+00 0.000000000000000000e+00
-1.441076696165191517e+00 0.000000000000000000e+00
-1.437463126843657735e+00 0.000000000000000000e+00
-1.433849557522123730e+00 0.000000000000000000e+00
-1.430235988200589947e+00 0.000000000000000000e+00
-1.426622418879055942e+00 0.000000000000000000e+00
-1.423008849557521938e+00 0.000000000000000000e+00
-1.419395280235987933e+00 0.000000000000000000e+00
-1.415781710914454150e+00 0.000000000000000000e+00
-1.412168141592920145e+00 0.000000000000000000e+00
-1.408554572271386363e+00 0.000000000000000000e+00
-1.404941002949852358e+00 0.000000000000000000e+00
-1.401327433628318353e+00 0.000000000000000000e+00
-1.397713864306784570e+00 0.000000000000000000e+00
-1.394100294985250565e+00 0.000000000000000000e+00
-1.390486725663716783e+00 0.000000000000000000e+00
-1.386873156342182778e+00 0.000000000000000000e+00
-1.383259587020648773e+00 0.000000000000000000e+00
-1.379646017699114768e+00 0.000000000000000000e+00
-1.376032448377580986e+00 0.000000000000000000e+00
-1.372418879056047203e+00 0.000000000000000000e+00
-1.368805309734513198e+00 0.000000000000000000e+00
-1.365191740412979193e+00 0.000000000000000000e+00
-1.361578171091445189e+00 0.000000000000000000e+00
-1.357964601769911406e+00 0.000000000000000000e+00
-1.354351032448377401e+00 0.000000000000000000e+00
-1.350737463126843618e+00 0.000000000000000000e+00
-1.347123893805309613e+00 0.000000000000000000e+00
-1.343510324483775609e+00 0.000000000000000000e+00
-1.339896755162241604e+00 0.000000000000000000e+00
-1.336283185840707821e+00 0.000000000000000000e+00
-1.332669616519174038e+00 0.000000000000000000e+00
-1.329056047197640034e+00 0.000000000000000000e+00
-1.325442477876106029e+00 0.000000000000000000e+00
-1.321828908554572024e+00 0.000000000000000000e+00
-1.318215339233038241e+00 0.000000000000000000e+00
-1.314601769911504237e+00 0.000000000000000000e+00
-1.310988200589970454e+00 0.000000000000000000e+00
-1.307374631268436449e+00 0.000000000000000000e+00
-1.303761061946902444e+00 0.000000000000000000e+00
-1.300147492625368439e+00 0.000000000000000000e+00
-1.296533923303834657e+00 0.000000000000000000e+00
-1.292920353982300874e+00 0.000000000000000000e+00
-1.289306784660766869e+00 0.000000000000000000e+00
-1.285693215339232864e+00 0.000000000000000000e+00
-1.282079646017698860e+00 0.000000000000000000e+00
-1.278466076696165077e+00 0.000000000000000000e+00
-1.274852507374631072e+00 0.000000000000000000e+00
-1.271238938053097289e+00 0.000000000000000000e+00
-1.267625368731563285e+00 0.000000000000000000e+00
-1.264011799410029280e+00 0.000000000000000000e+00
-1.260398230088495275e+00 0.000000000000000000e+00
-1.256784660766961492e+00 0.000000000000000000e+00
-1.253171091445427709e+00 0.000000000000000000e+00
-1.249557522123893705e+00 0.000000000000000000e+00
-1.245943952802359700e+00 0.000000000000000000e+00
-1.242330383480825695e+00 0.000000000000000000e+00
-1.238716814159291912e+00 0.000000000000000000e+00
-1.235103244837757908e+00 0.000000000000000000e+00
-1.231489675516224125e+00 0.000000000000000000e+00
-1.227876106194690120e+00 0.000000000000000000e+00
-1.224262536873156115e+00 0.000000000000000000e+00
-1.220648967551622111e+00 0.000000000000000000e+00
-1.217035398230088328e+00 0.000000000000000000e+00
-1.213421828908554545e+00 0.000000000000000000e+00
-1.209808259587020540e+00 0.000000000000000000e+00
-1.206194690265486535e+00 0.000000000000000000e+00
-1.202581120943952531e+00 0.000000000000000000e+00
-1.198967551622418748e+00 0.000000000000000000e+00
-1.195353982300884743e+00 0.000000000000000000e+00
-1.191740412979350960e+00 0.000000000000000000e+00
-1.188126843657816956e+00 0.000000000000000000e+00
-1.184513274336282951e+00 0.000000000000000000e+00
-1.180899705014748946e+00 0.000000000000000000e+00
-1.177286135693215163e+00 0.000000000000000000e+00
-1.173672566371681381e+00 0.000000000000000000e+00
-1.170058997050147376e+00 0.000000000000000000e+00
-1.166445427728613371e+00 0.000000000000000000e+00
-1.162831858407079366e+00 0.000000000000000000e+00
-1.159218289085545583e+00 0.000000000000000000e+00
-1.155604719764011579e+00 0.000000000000000000e+00
-1.151991150442477796e+00 0.000000000000000000e+00
-1.148377581120943791e+00 0.000000000000000000e+00
-1.144764011799409786e+00 0.000000000000000000e+00
-1.141150442477875782e+00 0.000000000000000000e+00
-1.137536873156341999e+00 0.000000000000000000e+00
-1.133923303834808216e+00 0.000000000000000000e+00
-1.130309734513274211e+00 0.000000000000000000e+00
-1.126696165191740207e+00 0.000000000000000000e+00
-1.123082595870206202e+00 0.000000000000000000e+00
-1.119469026548672419e+00 0.000000000000000000e+00
-1.115855457227138636e+00 0.000000000000000000e+00
-1.112241887905604631e+00 0.000000000000000000e+00
-1.108628318584070627e+00 0.000000000000000000e+00
-1.105014749262536622e+00 0.000000000000000000e+00
-1.101401179941002617e+00 0.000000000000000000e+00
-1.097787610619468834e+00 0.000000000000000000e+00
-1.094174041297935052e+00 0.000000000000000000e+00
-1.090560471976401047e+00 0.000000000000000000e+00
-1.086946902654867042e+00 0.000000000000000000e+00
-1.083333333333333037e+00 0.000000000000000000e+00
-1.079719764011799255e+00 0.000000000000000000e+00
-1.076106194690265472e+00 0.000000000000000000e+00
-1.072492625368731467e+00 0.000000000000000000e+00
-1.068879056047197462e+00 0.000000000000000000e+00
-1.065265486725663457e+00 0.000000000000000000e+00
-1.061651917404129453e+00 0.000000000000000000e+00
-1.058038348082595670e+00 0.000000000000000000e+00
-1.054424778761061887e+00 0.000000000000000000e+00
-1.050811209439527882e+00 0.000000000000000000e+00
-1.047197640117993878e+00 0.000000000000000000e+00
-1.043584070796459873e+00 0.000000000000000000e+00
-1.039970501474926090e+00 0.000000000000000000e+00
-1.036356932153392307e+00 0.000000000000000000e+00
-1.032743362831858303e+00 0.000000000000000000e+00
-1.029129793510324298e+00 0.000000000000000000e+00
-1.025516224188790293e+00 0.000000000000000000e+00
-1.021902654867256510e+00 0.000000000000000000e+00
-1.018289085545722505e+00 0.000000000000000000e+00
-1.014675516224188723e+00 0.000000000000000000e+00
-1.011061946902654718e+00 0.000000000000000000e+00
-1.007448377581120713e+00 0.000000000000000000e+00
-1.003834808259586708e+00 0.000000000000000000e+00
-1.000221238938052926e+00 0.000000000000000000e+00
-9.966076696165190318e-01 0.000000000000000000e+00
-9.929941002949850271e-01 0.000000000000000000e+00
-9.893805309734511333e-01 0.000000000000000000e+00
-9.857669616519172395e-01 0.000000000000000000e+00
-9.821533923303833458e-01 0.000000000000000000e+00
-9.785398230088493410e-01 0.000000000000000000e+00
-9.749262536873154472e-01 0.000000000000000000e+00
-9.713126843657815535e-01 0.000000000000000000e+00
-9.676991150442475487e-01 0.000000000000000000e+00
-9.640855457227136549e-01 0.000000000000000000e+00
-9.604719764011797611e-01 0.000000000000000000e+00
-9.568584070796458674e-01 0.000000000000000000e+00
-9.532448377581118626e-01 0.000000000000000000e+00
-9.496312684365779688e-01 0.000000000000000000e+00
-9.460176991150440751e-01 0.000000000000000000e+00
-9.424041297935101813e-01 0.000000000000000000e+00
-9.387905604719761765e-01 0.000000000000000000e+00
-9.351769911504422828e-01 0.000000000000000000e+00
-9.315634218289083890e-01 0.000000000000000000e+00
-9.279498525073743842e-01 0.000000000000000000e+00
-9.243362831858404904e-01 0.000000000000000000e+00
-9.207227138643065967e-01 0.000000000000000000e+00
-9.171091445427727029e-01 0.000000000000000000e+00
-9.134955752212386981e-01 0.000000000000000000e+00
-9.098820058997048044e-01 0.000000000000000000e+00
-9.062684365781709106e-01 0.000000000000000000e+00
-9.026548672566370168e-01 0.000000000000000000e+00
-8.990412979351030121e-01 0.000000000000000000e+00
-8.954277286135692293e-01 0.000000000000000000e+00
-8.918141592920352245e-01 0.000000000000000000e+00
-8.882005899705012197e-01 0.000000000000000000e+00
-8.845870206489674370e-01 0.000000000000000000e+00
-8.809734513274334322e-01 0.000000000000000000e+00
-8.773598820058994274e-01 0.000000000000000000e+00
-8.737463126843656447e-01 0.000000000000000000e+00
-8.701327433628316399e-01 0.000000000000000000e+00
-8.665191740412976351e-01 0.000000000000000000e+00
-8.629056047197638524e-01 0.000000000000000000e+00
-8.592920353982298476e-01 0.000000000000000000e+00
-8.556784660766960648e-01 0.000000000000000000e+00
-8.520648967551620601e-01 0.000000000000000000e+00
-8.484513274336280553e-01 0.000000000000000000e+00
-8.448377581120942725e-01 0.000000000000000000e+00
-8.412241887905602677e-01 0.000000000000000000e+00
-8.376106194690262630e-01 0.000000000000000000e+00
-8.339970501474924802e-01 0.000000000000000000e+00
-8.303834808259584754e-01 0.000000000000000000e+00
-8.267699115044244706e-01 0.000000000000000000e+00
-8.231563421828906879e-01 0.000000000000000000e+00
-8.195427728613566831e-01 0.000000000000000000e+00
-8.159292035398229004e-01 0.000000000000000000e+00
-8.123156342182888956e-01 0.000000000000000000e+00
-8.087020648967548908e-01 0.000000000000000000e+00
-8.050884955752211081e-01 0.000000000000000000e+00
-8.014749262536871033e-01 0.000000000000000000e+00
-7.978613569321530985e-01 0.000000000000000000e+00
-7.942477876106193158e-01 0.000000000000000000e+00
-7.906342182890853110e-01 0.000000000000000000e+00
-7.870206489675513062e-01 0.000000000000000000e+00
-7.834070796460175234e-01 0.000000000000000000e+00
-7.797935103244835187e-01 0.000000000000000000e+00
-7.761799410029497359e-01 0.000000000000000000e+00
-7.725663716814157311e-01 0.000000000000000000e+00
-7.689528023598817263e-01 0.000000000000000000e+00
-7.653392330383479436e-01 0.000000000000000000e+00
-7.617256637168139388e-01 0.000000000000000000e+00
-7.581120943952799340e-01 0.000000000000000000e+00
-7.544985250737461513e-01 0.000000000000000000e+00
-7.508849557522121465e-01 0.000000000000000000e+00
-7.472713864306783638e-01 0.000000000000000000e+00
-7.436578171091443590e-01 0.000000000000000000e+00
-7.400442477876103542e-01 0.000000000000000000e+00
-7.364306784660765715e-01 0.000000000000000000e+00
-7.328171091445425667e-01 0.000000000000000000e+00
-7.292035398230085619e-01 0.000000000000000000e+00
-7.255899705014747791e-01 0.000000000000000000e+00
-7.219764011799407744e-01 0.000000000000000000e+00
-7.183628318584067696e-01 0.000000000000000000e+00
-7.147492625368729868e-01 0.000000000000000000e+00
-7.111356932153389820e-01 0.000000000000000000e+00
-7.075221238938051993e-01 0.000000000000000000e+00
-7.039085545722711945e-01 0.000000000000000000e+00
-7.002949852507371897e-01 0.000000000000000000e+00
-6.966814159292034070e-01 0.000000000000000000e+00
-6.930678466076694022e-01 0.000000000000000000e+00
-6.894542772861353974e-01 0.000000000000000000e+00
-6.858407079646016147e-01 0.000000000000000000e+00
-6.822271386430676099e-01 0.000000000000000000e+00
-6.786135693215336051e-01 0.000000000000000000e+00
-6.749999999999998224e-01 0.000000000000000000e+00
-6.713864306784658176e-01 0.000000000000000000e+00
-6.677728613569320348e-01 0.000000000000000000e+00
-6.641592920353980301e-01 0.000000000000000000e+00
-6.605457227138640253e-01 0.000000000000000000e+00
-6.569321533923302425e-01 0.000000000000000000e+00
-6.533185840707962377e-01 0.000000000000000000e+00
-6.497050147492622330e-01 0.000000000000000000e+00
-6.460914454277284502e-01 0.000000000000000000e+00
-6.424778761061944454e-01 0.000000000000000000e+00
-6.388643067846604406e-01 0.000000000000000000e+00
-6.352507374631266579e-01 0.000000000000000000e+00
-6.316371681415926531e-01 0.000000000000000000e+00
-6.280235988200588704e-01 0.000000000000000000e+00
-6.244100294985248656e-01 0.000000000000000000e+00
-6.207964601769908608e-01 0.000000000000000000e+00
-6.171828908554570781e-01 0.000000000000000000e+00
-6.135693215339230733e-01 0.000000000000000000e+00
-6.099557522123890685e-01 0.000000000000000000e+00
-6.063421828908552857e-01 0.000000000000000000e+00
-6.027286135693212810e-01 0.000000000000000000e+00
-5.991150442477872762e-01 0.000000000000000000e+00
-5.955014749262534934e-01 0.000000000000000000e+00
-5.918879056047194887e-01 0.000000000000000000e+00
-5.882743362831857059e-01 0.000000000000000000e+00
-5.846607669616517011e-01 0.000000000000000000e+00
-5.810471976401176963e-01 0.000000000000000000e+00
-5.774336283185839136e-01 0.000000000000000000e+00
-5.738200589970499088e-01 0.000000000000000000e+00
-5.702064896755159040e-01 0.000000000000000000e+00
-5.665929203539821213e-01 0.000000000000000000e+00
-5.629793510324481165e-01 0.000000000000000000e+00
-5.593657817109143338e-01 0.000000000000000000e+00
-5.557522123893803290e-01 1.008631982421839355e-315
-5.521386430678463242e-01 1.008342818867040549e-297
-5.485250737463125414e-01 9.664159915669863348e-281
-5.449115044247785367e-01 1.013422042518445597e-264
-5.412979351032445319e-01 1.317188155417545134e-249
-5.376843657817107491e-01 2.386986289070536701e-235
-5.340707964601767443e-01 6.739596939611210074e-222
-5.304572271386427396e-01 3.292476087299080562e-209
-5.268436578171089568e-01 3.072394854672305297e-197
-5.232300884955749520e-01 6.012295698189664145e-186
-5.196165191740411693e-01 2.694473471380175548e-175
-5.160029498525071645e-01 3.005284660822413229e-165
-5.123893805309731597e-01 9.022997798505435807e-156
-5.087758112094393770e-01 7.852842525699147536e-147
-5.051622418879053722e-01 2.124519455153337476e-138
-5.015486725663713674e-01 1.908494144406468348e-130
-4.979351032448375847e-01 6.058196532605639906e-123
-4.943215339233035799e-01 7.206471703915079610e-116
-4.907079646017695751e-01 3.395447931797791010e-109
-4.870943952802357924e-01 6.676969999383946171e-103
-4.834808259587017876e-01 5.757096439612829834e-97
-4.798672566371680048e-01 2.280320551211135769e-91
-4.762536873156340000e-01 4.335547242798094108e-86
-4.726401179940999953e-01 4.124389605031816604e-81
-4.690265486725662125e-01 2.041458647849982111e-76
-4.654129793510322077e-01 5.455397625908767965e-72
-4.617994100294982029e-01 8.149916828539935691e-68
-4.581858407079644202e-01 7.034026533637219083e-64
-4.545722713864304154e-01 3.617904362647658505e-60
-4.509587020648964106e-01 1.141907646241277045e-56
-4.473451327433626279e-01 2.273669697430087830e-53
-4.437315634218286231e-01 2.931375050983398915e-50
-4.401179941002948404e-01 2.508127854883387830e-47
-4.365044247787608356e-01 1.457626751844806312e-44
-4.328908554572268308e-01 5.881347399612571692e-42
-4.292772861356930481e-01 1.681976865398928647e-39
-4.256637168141590433e-01 3.476548538348104083e-37
-4.220501474926250385e-01 5.290005974107428009e-35
-4.184365781710912557e-01 6.029580372583476798e-33
-4.148230088495572510e-01 5.233098667977231023e-31
-4.112094395280232462e-01 3.512269642107828430e-29
-4.075958702064894634e-01 1.849741337422605192e-27
-4.039823008849554586e-01 7.750108928196135522e-26
-4.003687315634216759e-01 2.617098844336681736e-24
-3.967551622418876711e-01 7.210597724747904247e-23
-3.931415929203536663e-01 1.639773730677535174e-21
-3.895280235988198836e-01 3.111695622459433315e-20
-3.859144542772858788e-01 4.978312176766694048e-19
-3.823008849557518740e-01 6.780436619162240350e-18
-3.786873156342180913e-01 7.934215684309708904e-17
-3.750737463126840865e-01 8.045934282872988609e-16
-3.714601769911500817e-01 7.128828089324971591e-15
-3.678466076696162990e-01 5.561240877378928644e-14
-3.642330383480822942e-01 3.847608383357492294e-13
-3.606194690265485114e-01 2.377118971863171666e-12
-3.570058997050145067e-01 1.319954184799365320e-11
-3.533923303834805019e-01 6.627699766024094176e-11
-3.497787610619467191e-01 3.026642264947562293e-10
-3.461651917404127143e-01 1.263893527094189858e-09
-3.425516224188787096e-01 4.851034893859156983e-09
-3.389380530973449268e-01 1.719611220554594156e-08
-3.353244837758109220e-01 5.655574526829206297e-08
-3.317109144542771393e-01 1.733166470179513076e-07
-3.280973451327431345e-01 4.969144440050188236e-07
-3.244837758112091297e-01 1.338017001028453412e-06
-3.208702064896753470e-01 3.395838219237851508e-06
-3.172566371681413422e-01 8.151086519709598138e-06
-3.136430678466073374e-01 1.856355309096337070e-05
-3.100294985250735547e-01 4.023449992619628705e-05
-3.064159292035395499e-01 8.322775204390942731e-05
-3.028023598820055451e-01 1.647553332200540248e-04
-2.991887905604717623e-01 3.129073761052133433e-04
-2.955752212389377576e-01 5.715281834721624510e-04
-2.919616519174039748e-01 1.006204823449897154e-03
-2.883480825958699700e-01 1.711147972655037994e-03
-2.847345132743359652e-01 2.816527741206301290e-03
-2.811209439528021825e-01 4.495613478015926187e-03
-2.775073746312681777e-01 6.970896718580175261e-03
-2.738938053097341729e-01 1.051828991763265921e-02
-2.702802359882003902e-01 1.546851959730826190e-02
-2.666666666666663854e-01 2.220498276036433558e-02
-2.630530973451323806e-01 3.115760054484072866e-02
-2.594395280235985979e-01 4.279255374656012328e-02
-2.558259587020645931e-01 5.759817676014988147e-02
-2.522123893805308104e-01 7.606766860688447818e-02
-2.485988200589968056e-01 9.867960304122384840e-02
-2.449852507374628008e-01 1.258774452475796002e-01
-2.413716814159290180e-01 1.580493867105593753e-01
-2.377581120943950133e-01 1.955097863675682168e-01
-2.341445427728610085e-01 2.384833656147121173e-01
-2.305309734513272257e-01 2.870930707566278217e-01
-2.269174041297932209e-01 3.413522209213020742e-01
-2.233038348082592162e-01 4.011612370923717807e-01
-2.196902654867254334e-01 4.663089316985368771e-01
-2.160766961651914286e-01 5.364780556316107729e-01
-2.124631268436576459e-01 6.112545704662638579e-01
-2.088495575221236411e-01 6.901399494052479211e-01
-2.052359882005896363e-01 7.725657144252084940e-01
-2.016224188790558536e-01 8.579093858447647269e-01
-1.980088495575218488e-01 9.455110456635326122e-01
-1.943952802359878440e-01 1.034689785997537692e+00
-1.907817109144540613e-01 1.124759415883905600e+00
-1.871681415929200565e-01 1.215042920890676337e+00
-1.835545722713860517e-01 1.304885298809077998e+00
-1.799410029498522690e-01 1.393664521600058492e+00
-1.763274336283182642e-01 1.480800491337453506e+00
-1.727138643067844814e-01 1.565761961051879814e+00
-1.691002949852504766e-01 1.648071477169544607e+00
-1.654867256637164719e-01 1.727308467508810841e+00
-1.618731563421826891e-01 1.803110647838940261e+00
-1.582595870206486843e-01 1.875173952164927105e+00
-1.546460176991146795e-01 1.943251209216103392e+00
-1.510324483775808968e-01 2.007149792495493301e+00
-1.474188790560468920e-01 2.066728466221698479e+00
-1.438053097345131093e-01 2.121893637023736012e+00
-1.401917404129791045e-01 2.172595203585150792e+00
-1.365781710914450997e-01 2.218822175538751384e+00
-1.329646017699113170e-01 2.260598210425151855e+00
-1.293510324483773122e-01 2.297977194741477103e+00
-1.257374631268433074e-01 2.331038972995234992e+00
-1.221238938053095247e-01 2.359885307917097386e+00
-1.185103244837755199e-01 2.384636135990827466e+00
-1.148967551622415151e-01 2.405426165423231399e+00
-1.112831858407077323e-01 2.422401848614076147e+00
-1.076696165191737276e-01 2.435718747967051012e+00
-1.040560471976399448e-01 2.445539302269529536e+00
-1.004424778761059400e-01 2.452030990553276446e+00
-9.682890855457193524e-02 2.455364880979999498e+00
-9.321533923303815250e-02 2.455714543523391580e+00
-8.960176991150414771e-02 2.453255296721796874e+00
-8.598820058997014293e-02 2.448163750307555731e+00
-8.237463126843636019e-02 2.440617596956165869e+00
-7.876106194690235540e-02 2.430795597785005313e+00
-7.514749262536835062e-02 2.418877697830616125e+00
-7.153392330383456788e-02 2.405045200067120081e+00
-6.792035398230056309e-02 2.389480920393241004e+00
-6.430678466076678035e-02 2.372369242476306983e+00
-6.069321533923277556e-02 2.353895991656202114e+00
-5.707964601769877078e-02 2.334248052611470392e+00
-5.346607669616498804e-02 2.313612667367963560e+00
-4.985250737463098325e-02 2.292176369281016424e+00
-4.623893805309697846e-02 2.270123534937763310e+00
-4.262536873156319572e-02 2.247634568605390459e+00
-3.901179941002919094e-02 2.224883770805668792e+00
-3.539823008849518615e-02 2.202036980526675514e+00
-3.178466076696140341e-02 2.179249115200307507e+00
-2.817109144542739863e-02 2.156661759103979392e+00
-2.455752212389361588e-02 2.134400964769228803e+00
-2.094395280235961110e-02 2.112575429910766189e+00
-1.733038348082560631e-02 2.091275192886386414e+00
-1.371681415929182357e-02 2.070570953809974579e+00
-1.010324483775781879e-02 2.050514079798094524e+00
-6.489675516223814000e-03 2.031137297203267966e+00
-2.876106194690031259e-03 2.012456018043908834e+00
7.374631268439735265e-04 1.994470157188448889e+00
4.351032448377978312e-03 1.977158196655665945e+00
7.964601769911761053e-03 1.960471013453056521e+00
1.157817109144576584e-02 1.944351510043801801e+00
1.519174041297954858e-02 1.928739411480852706e+00
1.880530973451355337e-02 1.913573349641544352e+00
2.241887905604755815e-02 1.898792695325045798e+00
2.603244837758134089e-02 1.884339078724558636e+00
2.964601769911534568e-02 1.870157571365378857e+00
3.325958702064935046e-02 1.856197530865416168e+00
3.687315634218313321e-02 1.842413131905573209e+00
4.048672566371713799e-02 1.828763621890332036e+00
4.410029498525114278e-02 1.815213348218513545e+00
4.771386430678492552e-02 1.801731606826075804e+00
5.132743362831893030e-02 1.788292360014096749e+00
5.494100294985271304e-02 1.774873866919293164e+00
5.855457227138671783e-02 1.761458263594161799e+00
6.216814159292072262e-02 1.748031122582798691e+00
6.578171091445450536e-02 1.734581014883426864e+00
6.939528023598851014e-02 1.721099090793305031e+00
7.300884955752251493e-02 1.707578690625766393e+00
7.662241887905629767e-02 1.694014991786468416e+00
8.023598820059030245e-02 1.680404695187689645e+00
8.384955752212408520e-02 1.666745751379192342e+00
8.746312684365808998e-02 1.653037124953856907e+00
9.107669616519209477e-02 1.639278594604116401e+00
9.469026548672587751e-02 1.625470585521427758e+00
9.830383480825988229e-02 1.611614030521829166e+00
1.019174041297938871e-01 1.597710256237287352e+00
1.055309734513278919e-01 1.583760890850686609e+00
1.091445427728614526e-01 1.569767790102758687e+00
1.127581120943954573e-01 1.555732978612312412e+00
1.163716814159294621e-01 1.541658603890003976e+00
1.199852507374634669e-01 1.527546900765523130e+00
1.235988200589974717e-01 1.513400164271955228e+00
1.272123893805314765e-01 1.499220729330088986e+00
1.308259587020650372e-01 1.485010955843481639e+00
1.344395280235990420e-01 1.470773218051617093e+00
1.380530973451330468e-01 1.456509897193398295e+00
1.416666666666670515e-01 1.442223376708009264e+00
1.452802359882010563e-01 1.427916039348481769e+00
1.488938053097346170e-01 1.413590265707084015e+00
1.525073746312686218e-01 1.399248433754383569e+00
1.561209439528026266e-01 1.384892919078396734e+00
1.597345132743366314e-01 1.370526095579580828e+00
1.633480825958706362e-01 1.356150336433169956e+00
1.669616519174046410e-01 1.341768015175794027e+00
1.705752212389382017e-01 1.327381506809359069e+00
1.741887905604722064e-01 1.312993188844000514e+00
1.778023598820062112e-01 1.298605442224500361e+00
1.814159292035402160e-01 1.284220652102460836e+00
1.850294985250742208e-01 1.269841208430098511e+00
1.886430678466077815e-01 1.255469506362375975e+00
1.922566371681417863e-01 1.241107946461907474e+00
1.958702064896757911e-01 1.226758934707331328e+00
1.994837758112097958e-01 1.212424882310069618e+00
2.030973451327438006e-01 1.198108205347608202e+00
2.067109144542778054e-01 1.183811324223547734e+00
2.103244837758113661e-01 1.169536662966127682e+00
2.139380530973453709e-01 1.155286648377667813e+00
2.175516224188793757e-01 1.141063709047887231e+00
2.211651917404133805e-01 1.126870274243959802e+00
2.247787610619473853e-01 1.112708772690101489e+00
2.283923303834809460e-01 1.098581631249117008e+00
2.320058997050149507e-01 1.084491273517851351e+00
2.356194690265489555e-01 1.070440118347900871e+00
2.392330383480829603e-01 1.056430578302472334e+00
2.428466076696169651e-01 1.042465058059527161e+00
2.464601769911509699e-01 1.028545952770802963e+00
2.500737463126845306e-01 1.014675646385720942e+00
2.536873156342185354e-01 1.000856509948472972e+00
2.573008849557525402e-01 9.870908998761522835e-01
2.609144542772865449e-01 9.733811562251378779e-01
2.645280235988205497e-01 9.597296009524474147e-01
2.681415929203541104e-01 9.461385361782960191e-01
2.717551622418881152e-01 9.326102424556306225e-01
2.753687315634221200e-01 9.191469770519250515e-01
2.789823008849561248e-01 9.057509722482295356e-01
2.825958702064901296e-01 8.924244336598675664e-01
2.862094395280241343e-01 8.791695385831439502e-01
2.898230088495576950e-01 8.659884343716954813e-01
2.934365781710916998e-01 8.528832368461790603e-01
2.970501474926257046e-01 8.398560287403955549e-01
3.006637168141597094e-01 8.269088581869086241e-01
3.042772861356937142e-01 8.140437372447794084e-01
3.078908554572272749e-01 8.012626404719042084e-01
3.115044247787612797e-01 7.885675035441775949e-01
3.151179941002952845e-01 7.759602219234917886e-01
3.187315634218292892e-01 7.634426495763716458e-01
3.223451327433632940e-01 7.510165977448930441e-01
3.259587020648972988e-01 7.386838337712789970e-01
3.295722713864308595e-01 7.264460799774755673e-01
3.331858407079648643e-01 7.143050126007987055e-01
3.367994100294988691e-01 7.022622607866187971e-01
3.404129793510328739e-01 6.903194056388382016e-01
3.440265486725668787e-01 6.784779793288944205e-01
3.476401179941004393e-01 6.667394642637591851e-01
3.512536873156344441e-01 6.551052923133666717e-01
3.548672566371684489e-01 6.435768440977515104e-01
3.584808259587024537e-01 6.321554483340582342e-01
3.620943952802364585e-01 6.208423812434495925e-01
3.657079646017700192e-01 6.096388660179213881e-01
3.693215339233040240e-01 5.985460723468011279e-01
3.729351032448380288e-01 5.875651160027403064e-01
3.765486725663720335e-01 5.766970584868026384e-01
3.801622418879060383e-01 5.659429067322485629e-01
3.837758112094400431e-01 5.553036128665015392e-01
3.873893805309736038e-01 5.447800740306661949e-01
3.910029498525076086e-01 5.343731322559363006e-01
3.946165191740416134e-01 5.240835743961709259e-01
3.982300884955756182e-01 5.139121321157638089e-01
4.018436578171096230e-01 5.038594819319632823e-01
4.054572271386431837e-01 4.939262453106783024e-01
4.090707964601771884e-01 4.841129888147339133e-01
4.126843657817111932e-01 4.744202243035797184e-01
4.162979351032451980e-01 4.648484091832479348e-01
4.199115044247792028e-01 4.553979467054526387e-01
4.235250737463132076e-01 4.460691863145801461e-01
4.271386430678467683e-01 4.368624240413426230e-01
4.307522123893807731e-01 4.277779029417552725e-01
4.343657817109147778e-01 4.188158135801520188e-01
4.379793510324487826e-01 4.099762945548223181e-01
4.415929203539827874e-01 4.012594330648888707e-01
4.452064896755163481e-01 3.926652655170043138e-01
4.488200589970503529e-01 3.841937781703866905e-01
4.524336283185843577e-01 3.758449078187625636e-01
4.560471976401183625e-01 3.676185425076651248e-01
4.596607669616523673e-01 3.595145222856085399e-01
4.632743362831863720e-01 3.515326399876245733e-01
4.668879056047199327e-01 3.436726420495752055e-01
4.705014749262539375e-01 3.359342293517504907e-01
4.741150442477879423e-01 3.283170580901660363e-01
4.777286135693219471e-01 3.208207406740054002e-01
4.813421828908559519e-01 3.134448466476663087e-01
4.849557522123895126e-01 3.061889036358456107e-01
4.885693215339235174e-01 2.990523983101058825e-01
4.921828908554575222e-01 2.920347773753975140e-01
4.957964601769915269e-01 2.851354485749764134e-01
4.994100294985255317e-01 2.783537817122041513e-01
5.030235988200595365e-01 2.716891096877105394e-01
5.066371681415930972e-01 2.651407295504263906e-01
5.102507374631271020e-01 2.587079035609832767e-01
5.138643067846611068e-01 2.523898602660384904e-01
5.174778761061951116e-01 2.461857955820642985e-01
5.210914454277291163e-01 2.400948738871736265e-01
5.247050147492626770e-01 2.341162291195958978e-01
5.283185840707966818e-01 2.282489658814057243e-01
5.319321533923306866e-01 2.224921605461769869e-01
5.355457227138646914e-01 2.168448623692118271e-01
5.391592920353986962e-01 2.113060945990736239e-01
5.427728613569327010e-01 2.058748555891411203e-01
5.463864306784662617e-01 2.005501199079606778e-01
5.500000000000002665e-01 1.953308394471875709e-01
5.536135693215342712e-01 1.902159445259501147e-01
5.572271386430682760e-01 1.852043449905016459e-01
5.608407079646022808e-01 1.802949313080509652e-01
5.644542772861358415e-01 1.754865756537186405e-01
5.680678466076698463e-01 1.707781329895820543e-01
5.716814159292038511e-01 1.661684421348107454e-01
5.752949852507378559e-01 1.616563268259468000e-01
5.789085545722718606e-01 1.572405967664069204e-01
5.825221238938058654e-01 1.529200486643147727e-01
5.861356932153394261e-01 1.486934672578398842e-01
5.897492625368734309e-01 1.445596263272203863e-01
5.933628318584074357e-01 1.405172896927134318e-01
5.969764011799414405e-01 1.365652121977404265e-01
6.005899705014754453e-01 1.327021406765386546e-01
6.042035398230090060e-01 1.289268149056660151e-01
6.078171091445430108e-01 1.252379685387480235e-01
6.114306784660770155e-01 1.216343300238938857e-01
6.150442477876110203e-01 1.181146235032352193e-01
6.186578171091450251e-01 1.146775696940981609e-01
6.222713864306790299e-01 1.113218867513391525e-01
6.258849557522125906e-01 1.080462911104204254e-01
6.294985250737465954e-01 1.048494983108403666e-01
6.331120943952806002e-01 1.017302237995519471e-01
6.367256637168146050e-01 9.868718371407012024e-02
6.403392330383486097e-01 9.571909564496285105e-02
6.439528023598821704e-01 9.282467937749819265e-02
6.475663716814161752e-01 9.000265761221000471e-02
6.511799410029501800e-01 8.725175666421822185e-02
6.547935103244841848e-01 8.457070714113756882e-02
6.584070796460181896e-01 8.195824459946694784e-02
6.620206489675521944e-01 7.941311017935742678e-02
6.656342182890857551e-01 7.693405121771489108e-02
6.692477876106197598e-01 7.451982183959117434e-02
6.728613569321537646e-01 7.216918352787440871e-02
6.764749262536877694e-01 6.988090567129386088e-02
6.800884955752217742e-01 6.765376609079776227e-02
6.837020648967553349e-01 6.548655154437554859e-02
6.873156342182893397e-01 6.337805821042780119e-02
6.909292035398233445e-01 6.132709214981169749e-02
6.945427728613573493e-01 5.933246974670475238e-02
6.981563421828913540e-01 5.739301812845862272e-02
7.017699115044253588e-01 5.550757556463632031e-02
7.053834808259589195e-01 5.367499184543700341e-02
7.089970501474929243e-01 5.189412863974286055e-02
7.126106194690269291e-01 5.016385983303499330e-02
7.162241887905609339e-01 4.848307184543870774e-02
7.198377581120949387e-01 4.685066393018326447e-02
7.234513274336284994e-01 4.526554845277188516e-02
7.270648967551625041e-01 4.372665115116673024e-02
7.306784660766965089e-01 4.223291137732187311e-02
7.342920353982305137e-01 4.078328232039155760e-02
7.379056047197645185e-01 3.937673121196534620e-02
7.415191740412985233e-01 3.801223951369134962e-02
7.451327433628320840e-01 3.668880308764924103e-02
7.487463126843660888e-01 3.540543234985710913e-02
7.523598820059000936e-01 3.416115240729322711e-02
7.559734513274340983e-01 3.295500317882856661e-02
7.595870206489681031e-01 3.178603950046633708e-02
7.632005899705016638e-01 3.065333121529782712e-02
7.668141592920356686e-01 2.955596324857909588e-02
7.704277286135696734e-01 2.849303566835028126e-02
7.740412979351036782e-01 2.746366373200792577e-02
7.776548672566376830e-01 2.646697791925565688e-02
7.812684365781712437e-01 2.550212395185425668e-02
7.848820058997052485e-01 2.456826280059615578e-02
7.884955752212392532e-01 2.366457067992802990e-02
7.921091445427732580e-01 2.279023903064769305e-02
7.957227138643072628e-01 2.194447449109939233e-02
7.993362831858412676e-01 2.112649885729155769e-02
8.029498525073748283e-01 2.033554903235859287e-02
8.065634218289088331e-01 1.957087696578594174e-02
8.101769911504428379e-01 1.883174958281802480e-02
8.137905604719768426e-01 1.811744870446111225e-02
8.174041297935108474e-01 1.742727095849171126e-02
8.210176991150444081e-01 1.676052768187831499e-02
8.246312684365784129e-01 1.611654481501813979e-02
8.282448377581124177e-01 1.549466278818502005e-02
8.318584070796464225e-01 1.489423640058357666e-02
8.354719764011804273e-01 1.431463469239115972e-02
8.390855457227144321e-01 1.375524081017414670e-02
8.426991150442479928e-01 1.321545186604808526e-02
8.463126843657819975e-01 1.269467879095238609e-02
8.499262536873160023e-01 1.219234618240053018e-02
8.535398230088500071e-01 1.170789214705857811e-02
8.571533923303840119e-01 1.124076813850089299e-02
8.607669616519175726e-01 1.079043879048147137e-02
8.643805309734515774e-01 1.035638174605300194e-02
8.679941002949855822e-01 9.938087482859238667e-03
8.716076696165195870e-01 9.535059134914975268e-03
8.752212389380535917e-01 9.146812311183374899e-03
8.788348082595875965e-01 8.772874911251062405e-03
8.824483775811211572e-01 8.412786938391857497e-03
8.860619469026551620e-01 8.066100310303537732e-03
8.896755162241891668e-01 7.732378667792957037e-03
8.932890855457231716e-01 7.411197181676653332e-03
8.969026548672571764e-01 7.102142358153761513e-03
9.005162241887907371e-01 6.804811842904422495e-03
9.041297935103247418e-01 6.518814224151405282e-03
9.077433628318587466e-01 6.243768834921420430e-03
9.113569321533927514e-01 5.979305554728545948e-03
9.149705014749267562e-01 5.725064610897082247e-03
9.185840707964607610e-01 5.480696379731755767e-03
9.221976401179943217e-01 5.245861187734501656e-03
9.258112094395283265e-01 5.020229113059847259e-03
9.294247787610623313e-01 4.803479787391947906e-03
9.330383480825963360e-01 4.595302198418580938e-03
9.366519174041303408e-01 4.395394493069517891e-03
9.402654867256639015e-01 4.203463781679062788e-03
9.438790560471979063e-01 4.019225943224132014e-03
9.474926253687319111e-01 3.842405431782288869e-03
9.511061946902659159e-01 3.672735084346855777e-03
9.547197640117999207e-01 3.509955930127669696e-03
9.583333333333339255e-01 3.353817001460441399e-03
9.619469026548674861e-01 3.204075146439613712e-03
9.655604719764014909e-01 3.060494843382569486e-03
9.691740412979354957e-01 2.922848017227416568e-03
9.727876106194695005e-01 2.790913857958404742e-03
9.764011799410035053e-01 2.664478641147901769e-03
9.800147492625370660e-01 2.543335550696947979e-03
9.836283185840710708e-01 2.427284503850228939e-03
9.872418879056050756e-01 2.316131978555822663e-03
9.908554572271390803e-01 2.209690843233822009e-03
9.944690265486730851e-01 2.107780189012437716e-03
9.980825958702070899e-01 2.010225164485067093e-03
1.001696165191740651e+00 1.916856813036039520e-03
1.005309734513274655e+00 1.827511912778014827e-03
1.008923303834808660e+00 1.742032819139106934e-03
1.012536873156342665e+00 1.660267310132585621e-03
1.016150442477876670e+00 1.582068434338090510e-03
1.019764011799410230e+00 1.507294361618441957e-03
1.023377581120944235e+00 1.435808236591824046e-03
1.026991150442478240e+00 1.367478034875591227e-03
1.030604719764012245e+00 1.302176422113218452e-03
1.034218289085546250e+00 1.239780615793005785e-03
1.037831858407080254e+00 1.180172249862895080e-03
1.041445427728613815e+00 1.123237242142751183e-03
1.045058997050147820e+00 1.068865664531991506e-03
1.048672566371681825e+00 1.016951616007568835e-03
1.052286135693215829e+00 9.673930984038539528e-04
1.055899705014749834e+00 9.200918949638300925e-04
1.059513274336283395e+00 8.749534516479216817e-04
1.063126843657817400e+00 8.318867611841874012e-04
1.066740412979351404e+00 7.908042498417327919e-04
1.070353982300885409e+00 7.516216669063304585e-04
1.073967551622419414e+00 7.142579768356294634e-04
1.077581120943953419e+00 6.786352540691320762e-04
1.081194690265486980e+00 6.446785804663036955e-04
1.084808259587020984e+00 6.123159453445368040e-04
1.088421828908554989e+00 5.814781480869891418e-04
1.092035398230088994e+00 5.520987032889210222e-04
1.095648967551622999e+00 5.241137484097822688e-04
1.099262536873156559e+00 4.974619538969930104e-04
1.102876106194690564e+00 4.720844357462758694e-04
1.106489675516224569e+00 4.479246704623179236e-04
1.110103244837758574e+00 4.249284123826204372e-04
1.113716814159292579e+00 4.030436133265422874e-04
1.117330383480826583e+00 3.822203445307313196e-04
1.120943952802360144e+00 3.624107208316005397e-04
1.124557522123894149e+00 3.435688270547666194e-04
1.128171091445428154e+00 3.256506465710412557e-04
1.131784660766962158e+00 3.086139919779448356e-04
1.135398230088496163e+00 2.924184378655724317e-04
1.139011799410029724e+00 2.770252556252399134e-04
1.142625368731563729e+00 2.623973502591570072e-04
1.146238938053097733e+00 2.484991991492742813e-04
1.149852507374631738e+00 2.352967927433462464e-04
1.153466076696165743e+00 2.227575771162198799e-04
1.157079646017699748e+00 2.108503983644411544e-04
1.160693215339233308e+00 1.995454487923344327e-04
1.164306784660767313e+00 1.888142148478617356e-04
1.167920353982301318e+00 1.786294267667552630e-04
1.171533923303835323e+00 1.689650098836450423e-04
1.175147492625369328e+00 1.597960375692138797e-04
1.178761061946902888e+00 1.510986857526764411e-04
1.182374631268436893e+00 1.428501889892699016e-04
1.185988200589970898e+00 1.350287980328385509e-04
1.189601769911504903e+00 1.276137388739496806e-04
1.193215339233038907e+00 1.205851732045259424e-04
1.196828908554572468e+00 1.139241602703598114e-04
1.200442477876106473e+00 1.076126200734315105e-04
1.204056047197640478e+00 1.016332978864738912e-04
1.207669616519174483e+00 9.596973004274353132e-05
1.211283185840708487e+00 9.060621096453935536e-05
1.214896755162242492e+00 8.552776139460339488e-05
1.218510324483776053e+00 8.072009779509992577e-05
1.222123893805310058e+00 7.616960287951636478e-05
1.225737463126844062e+00 7.186329724342815364e-05
1.229351032448378067e+00 6.778881206069688008e-05
1.232964601769912072e+00 6.393436281234197939e-05
1.236578171091445633e+00 6.028872401593618285e-05
1.240191740412979637e+00 5.684120492405811002e-05
1.243805309734513642e+00 5.358162616097983800e-05
1.247418879056047647e+00 5.050029726743136794e-05
1.251032448377581652e+00 4.758799512395741585e-05
1.254646017699115657e+00 4.483594322402940615e-05
1.258259587020649217e+00 4.223579176876364206e-05
1.261873156342183222e+00 3.977959855574260840e-05
1.265486725663717227e+00 3.745981063511416456e-05
1.269100294985251232e+00 3.526924670679118978e-05
1.272713864306785236e+00 3.320108023323748288e-05
1.276327433628318797e+00 3.124882324298239300e-05
1.279941002949852802e+00 2.940631080064579845e-05
1.283554572271386807e+00 2.766768611990308828e-05
1.287168141592920811e+00 2.602738629644972990e-05
1.290781710914454816e+00 2.448012863866063610e-05
1.294395280235988821e+00 2.302089757425480613e-05
1.298008849557522382e+00 2.164493211189394775e-05
1.301622418879056386e+00 2.034771383724186022e-05
1.305235988200590391e+00 1.912495542361842345e-05
1.308849557522124396e+00 1.797258963795540158e-05
1.312463126843658401e+00 1.688675882335248182e-05
1.316076696165191962e+00 1.586380484009035664e-05
1.319690265486725966e+00 1.490025944751716554e-05
1.323303834808259971e+00 1.399283510977946796e-05
1.326917404129793976e+00 1.313841620889433528e-05
1.330530973451327981e+00 1.233405064919495587e-05
1.334144542772861985e+00 1.157694183769459846e-05
1.337758112094395546e+00 1.086444102541810114e-05
1.341371681415929551e+00 1.019403999524502341e-05
1.344985250737463556e+00 9.563364082292200675e-06
1.348598820058997561e+00 8.970165513333054039e-06
1.352212389380531565e+00 8.412317052214460627e-06
1.355825958702065126e+00 7.887805938679123320e-06
1.359439528023599131e+00 7.394728108442148242e-06
1.363053097345133136e+00 6.931282682797366846e-06
1.366666666666667140e+00 6.495766716443869501e-06
1.370280235988201145e+00 6.086570192630708106e-06
1.373893805309735150e+00 5.702171255113166810e-06
1.377507374631268711e+00 5.341131666794121213e-06
1.381120943952802715e+00 5.002092485301727205e-06
1.384734513274336720e+00 4.683769946114827156e-06
1.388348082595870725e+00 4.384951544199885306e-06
1.391961651917404730e+00 4.104492305466173667e-06
1.395575221238938290e+00 3.841311239676808731e-06
1.399188790560472295e+00 3.594387966775838578e-06
1.402802359882006300e+00 3.362759508902840863e-06
1.406415929203540305e+00 3.145517240669290772e-06
1.410029498525074310e+00 2.941803990562978979e-06
1.413643067846608314e+00 2.750811286631517331e-06
1.417256637168141875e+00 2.571776739868323643e-06
1.420870206489675880e+00 2.403981558991539730e-06
1.424483775811209885e+00 2.246748190561774403e-06
1.428097345132743889e+00 2.099438078632188573e-06
1.431710914454277894e+00 1.961449538365181628e-06
1.435324483775811455e+00 1.832215738279411528e-06
1.438938053097345460e+00 1.711202786015289122e-06
1.442551622418879465e+00 1.597907912722113258e-06
1.446165191740413469e+00 1.491857751377175527e-06
1.449778761061947474e+00 1.392606704547991971e-06
1.453392330383481479e+00 1.299735397301565112e-06
1.457005899705015040e+00 1.212849211150110710e-06
1.460619469026549044e+00 1.131576895102227174e-06
1.464233038348083049e+00 1.055569250060413091e-06
1.467846607669617054e+00 9.844978829716812580e-07
1.471460176991151059e+00 9.180540272975620805e-07
1.475073746312684619e+00 8.559474265231977642e-07
1.478687315634218624e+00 7.979052775724000860e-07
1.482300884955752629e+00 7.436712311375573102e-07
1.485914454277286634e+00 6.930044460688257740e-07
1.489528023598820639e+00 6.456786950981495454e-07
1.493141592920354643e+00 6.014815192987388469e-07
1.496755162241888204e+00 5.602134288010187882e-07
1.500368731563422209e+00 5.216871474014940226e-07
1.503982300884956214e+00 4.857268988116573768e-07
1.507595870206490218e+00 4.521677323999847701e-07
1.511209439528024223e+00 4.208548863819083117e-07
1.514823008849557784e+00 3.916431865098432607e-07
1.518436578171091789e+00 3.643964784086803635e-07
1.522050147492625793e+00 3.389870917913667650e-07
1.525663716814159798e+00 3.152953348745789741e-07
1.529277286135693803e+00 2.932090173962800737e-07
1.532890855457227808e+00 2.726230007149948495e-07
1.536504424778761368e+00 2.534387735454320641e-07
1.540117994100295373e+00 2.355640519563971602e-07
1.543731563421829378e+00 2.189124023252721901e-07
1.547345132743363383e+00 2.034028860083907299e-07
1.550958702064897388e+00 1.889597245488889409e-07
1.554572271386430948e+00 1.755119843030852879e-07
1.558185840707964953e+00 1.629932794229792053e-07
1.561799410029498958e+00 1.513414921866545259e-07
1.565412979351032963e+00 1.404985097198586913e-07
1.569026548672566967e+00 1.304099762012294387e-07
1.572640117994100972e+00 1.210250596904840159e-07
1.576253687315634533e+00 1.122962327635540218e-07
1.579867256637168538e+00 1.041790661811358092e-07
1.583480825958702543e+00 9.663203485768504061e-08
1.587094395280236547e+00 8.961633543639301305e-08
1.590707964601770552e+00 8.309571481240081397e-08
1.594321533923304113e+00 7.703630898141179412e-08
1.597935103244838118e+00 7.140649162408079150e-08
1.601548672566372122e+00 6.617673186812486293e-08
1.605162241887906127e+00 6.131946070012714856e-08
1.608775811209440132e+00 5.680894552753341162e-08
1.612389380530973693e+00 5.262117241844702154e-08
1.616002949852507697e+00 4.873373557255783973e-08
1.619616519174041702e+00 4.512573360102126795e-08
1.623230088495575707e+00 4.177767221627399440e-08
1.626843657817109712e+00 3.867137295481189649e-08
1.630457227138643717e+00 3.578988757686125234e-08
1.634070796460177277e+00 3.311741780667316596e-08
1.637684365781711282e+00 3.063924009598375957e-08
1.641297935103245287e+00 2.834163511098687868e-08
1.644911504424779292e+00 2.621182166005565449e-08
1.648525073746313296e+00 2.423789479544868478e-08
1.652138643067846857e+00 2.240876783738728101e-08
1.655752212389380862e+00 2.071411808324250762e-08
1.659365781710914867e+00 1.914433597815615896e-08
1.662979351032448871e+00 1.769047753627387157e-08
1.666592920353982876e+00 1.634421981394391715e-08
1.670206489675516881e+00 1.509781924773146053e-08
1.673820058997050442e+00 1.394407268099492887e-08
1.677433628318584447e+00 1.287628091304985032e-08
1.681047197640118451e+00 1.188821461468427490e-08
1.684660766961652456e+00 1.097408246296815566e-08
1.688274336283186461e+00 1.012850135699223872e-08
1.691887905604720022e+00 9.346468584370389502e-09
1.695501474926254026e+00 8.623335816079520942e-09
1.699115044247788031e+00 7.954784814525748146e-09
1.702728613569322036e+00 7.336804746623191074e-09
1.706342182890856041e+00 6.765671000177625635e-09
1.709955752212390045e+00 6.237925408012038706e-09
1.713569321533923606e+00 5.750357790057335468e-09
1.717182890855457611e+00 5.299988729091296959e-09
1.720796460176991616e+00 4.884053500954121179e-09
1.724410029498525621e+00 4.499987084917486283e-09
1.728023598820059625e+00 4.145410184450356221e-09
1.731637168141593186e+00 3.818116192927793194e-09
1.735250737463127191e+00 3.516059042878283529e-09
1.738864306784661196e+00 3.237341881180491382e-09
1.742477876106195200e+00 2.980206516205548612e-09
1.746091445427729205e+00 2.743023586280847044e-09
1.749705014749263210e+00 2.524283402025959027e-09
1.753318584070796771e+00 2.322587418097995814e-09
1.756932153392330775e+00 2.136640292693490766e-09
1.760545722713864780e+00 1.965242495792839566e-09
1.764159292035398785e+00 1.807283429614166531e-09
1.767772861356932790e+00 1.661735027075111357e-09
1.771386430678466350e+00 1.527645796249041667e-09
1.775000000000000355e+00 1.404135280859512350e-09
1.778613569321534360e+00 1.290388908785923886e-09
1.782227138643068365e+00 1.185653202365310680e-09
1.785840707964602370e+00 1.089231325975338152e-09
1.789454277286136374e+00 1.000478947978469347e-09
1.793067846607669935e+00 9.188003956029510493e-10
1.796681415929203940e+00 8.436450827393775300e-10
1.800294985250737945e+00 7.745041919464002511e-10
1.803908554572271949e+00 7.109075931916604659e-10
1.807522123893805954e+00 6.524209830092386377e-10
1.811135693215339515e+00 5.986432288366046191e-10
1.814749262536873520e+00 5.492039043077252555e-10
1.818362831858407525e+00 5.037610022276170702e-10
1.821976401179941529e+00 4.619988128422224978e-10
1.825589970501475534e+00 4.236259558487093705e-10
1.829203539823009539e+00 3.883735553694604687e-10
1.832817109144543100e+00 3.559935478406113266e-10
1.836430678466077104e+00 3.262571134469526721e-10
1.840044247787611109e+00 2.989532223712660571e-10
1.843657817109145114e+00 2.738872877213550684e-10
1.847271386430679119e+00 2.508799175541142184e-10
1.850884955752212679e+00 2.297657589355964021e-10
1.854498525073746684e+00 2.103924274616130994e-10
1.858112094395280689e+00 1.926195161166988295e-10
1.861725663716814694e+00 1.763176777727366072e-10
1.865339233038348699e+00 1.613677760237367391e-10
1.868952802359882703e+00 1.476600994222523828e-10
1.872566371681416264e+00 1.350936345270333836e-10
1.876179941002950269e+00 1.235753934927773382e-10
1.879793510324484274e+00 1.130197922322834286e-10
1.883407079646018278e+00 1.033480754606580762e-10
1.887020648967552283e+00 9.448778519161690180e-11
1.890634218289085844e+00 8.637226949861031354e-11
1.894247787610619849e+00 7.894022857967265397e-11
1.897861356932153853e+00 7.213529537561223478e-11
1.901474926253687858e+00 6.590564818737154684e-11
1.905088495575221863e+00 6.020365292120876379e-11
1.908702064896755868e+00 5.498553276043506138e-11
1.912315634218289429e+00 5.021106322087622935e-11
1.915929203539823433e+00 4.584329069456138748e-11
1.919542772861357438e+00 4.184827272331536926e-11
1.923156342182891443e+00 3.819483837143633620e-11
1.926769911504425448e+00 3.485436718528823924e-11
1.930383480825959008e+00 3.180058533791681021e-11
1.933997050147493013e+00 2.900937765931228260e-11
1.937610619469027018e+00 2.645861434822478778e-11
1.941224188790561023e+00 2.412799124995399816e-11
1.944837758112095027e+00 2.199888266677859413e-11
1.948451327433629032e+00 2.005420574406086017e-11
1.952064896755162593e+00 1.827829554597647438e-11
1.955678466076696598e+00 1.665679000065063142e-11
1.959292035398230603e+00 1.517652395559005538e-11
1.962905604719764607e+00 1.382543164098518064e-11
1.966519174041298612e+00 1.259245689106406485e-11
1.970132743362832173e+00 1.146747052245915128e-11
1.973746312684366178e+00 1.044119431378942183e-11
1.977359882005900182e+00 9.505131072599640734e-12
1.980973451327434187e+00 8.651500314673422128e-12
1.984587020648968192e+00 7.873179116763840271e-12
1.988200589970502197e+00 7.163647737160343385e-12
1.991814159292035757e+00 6.516939629430946919e-12
1.995427728613569762e+00 5.927595503307783525e-12
1.999041297935103767e+00 5.390621113198917274e-12
2.002654867256637772e+00 4.901448479344649653e-12
2.006268436578171777e+00 4.455900269354139499e-12
2.009882005899705337e+00 4.050157088869534542e-12
2.013495575221239342e+00 3.680727449548654584e-12
2.017109144542773347e+00 3.344420200536717145e-12
2.020722713864307352e+00 3.038319226225466340e-12
2.024336283185841356e+00 2.759760228469366009e-12
2.027949852507374917e+00 2.506309425636852858e-12
2.031563421828908922e+00 2.275744014003244100e-12
2.035176991150442927e+00 2.066034249123784967e-12
2.038790560471976931e+00 1.875327016028564014e-12
2.042404129793510936e+00 1.701930767430005372e-12
2.046017699115044941e+00 1.544301718687461809e-12
2.049631268436578502e+00 1.401031197092900419e-12
2.053244837758112507e+00 1.270834051181465405e-12
2.056858407079646511e+00 1.152538033281707984e-12
2.060471976401180516e+00 1.045074075448591031e-12
2.064085545722714521e+00 9.474673853132536471e-13
2.067699115044248082e+00 8.588292942765513338e-13
2.071312684365782086e+00 7.783497959060435328e-13
2.074926253687316091e+00 7.052907174043416583e-13
2.078539823008850096e+00 6.389794716310306591e-13
2.082153392330384101e+00 5.788033414128661350e-13
2.085766961651918106e+00 5.242042517933137927e-13
2.089380530973451666e+00 4.746739894797595737e-13
2.092994100294985671e+00 4.297498320679873816e-13
2.096607669616519676e+00 3.890105526812577302e-13
2.100221238938053236e+00 3.520727684751014536e-13
2.103834808259587685e+00 3.185876040487636813e-13
2.107448377581121246e+00 2.882376431864820410e-13
2.111061946902655695e+00 2.607341445428812531e-13
2.114675516224189256e+00 2.358144989022754930e-13
2.118289085545722816e+00 2.132399074939729414e-13
2.121902654867257265e+00 1.927932625491885643e-13
2.125516224188790826e+00 1.742772128500813458e-13
2.129129793510325275e+00 1.575123984596730484e-13
2.132743362831858835e+00 1.423358401427574384e-13
2.136356932153393284e+00 1.285994702010876971e-13
2.139970501474926845e+00 1.161687925606656235e-13
2.143584070796460406e+00 1.049216609717517052e-13
2.147197640117994855e+00 9.474716512135696004e-14
2.150811209439528415e+00 8.554461531961277946e-14
2.154424778761062864e+00 7.722261721205927903e-14
2.158038348082596425e+00 6.969822869518131177e-14
2.161651917404129986e+00 6.289619187763238212e-14
2.165265486725664434e+00 5.674823353954594162e-14
2.168879056047197995e+00 5.119242810142969583e-14
2.172492625368732444e+00 4.617261762661902824e-14
2.176106194690266005e+00 4.163788385092525865e-14
2.179719764011799565e+00 3.754206766332078285e-14
2.183333333333334014e+00 3.384333185567187412e-14
2.186946902654867575e+00 3.050376332042084811e-14
2.190560471976402024e+00 2.748901120562328407e-14
2.194174041297935585e+00 2.476795783927061905e-14
2.197787610619469145e+00 2.231241951170937942e-14
2.201401179941003594e+00 2.009687445834454886e-14
2.205014749262537155e+00 1.809821561661323324e-14
2.208628318584071604e+00 1.629552594322212908e-14
2.212241887905605164e+00 1.466987427156580478e-14
2.215855457227138725e+00 1.320412986647896932e-14
2.219469026548673174e+00 1.188279399557001672e-14
2.223082595870206735e+00 1.069184698445998461e-14
2.226696165191741184e+00 9.618609358593494566e-15
2.230309734513274744e+00 8.651615797929117775e-15
2.233923303834809193e+00 7.780500743722450786e-15
2.237536873156342754e+00 6.995894599758611058e-15
2.241150442477876314e+00 6.289329564522361349e-15
2.244764011799410763e+00 5.653154216749661931e-15
2.248377581120944324e+00 5.080456055231358353e-15
2.251991150442478773e+00 4.564991265308483880e-15
2.255604719764012334e+00 4.101121049790336231e-15
2.259218289085545894e+00 3.683753921568494542e-15
2.262831858407080343e+00 3.308293409507498892e-15
2.266445427728613904e+00 2.970590678697752257e-15
2.270058997050148353e+00 2.666901611282155068e-15
2.273672566371681913e+00 2.393847935199980198e-15
2.277286135693215474e+00 2.148382025657611455e-15
2.280899705014749923e+00 1.927755038279168267e-15
2.284513274336283484e+00 1.729488063977517128e-15
2.288126843657817933e+00 1.551346023900270686e-15
2.291740412979351493e+00 1.391314048582468014e-15
2.295353982300885054e+00 1.247576108898673421e-15
2.298967551622419503e+00 1.118495687761905093e-15
2.302581120943953064e+00 1.002598300943448131e-15
2.306194690265487512e+00 8.985556930621491221e-16
2.309808259587021073e+00 8.051715508667546514e-16
2.313421828908555522e+00 7.213685905507408574e-16
2.317035398230089083e+00 6.461768891300930519e-16
2.320648967551622643e+00 5.787233419917902204e-16
2.324262536873157092e+00 5.182221397000724973e-16
2.327876106194690653e+00 4.639661671210503741e-16
2.331489675516225102e+00 4.153192369868592451e-16
2.335103244837758663e+00 3.717090782509198489e-16
2.338716814159292223e+00 3.326210070576093536e-16
2.342330383480826672e+00 2.975922149350034973e-16
2.345943952802360233e+00 2.662066149770162011e-16
2.349557522123894682e+00 2.380901923701049350e-16
2.353171091445428242e+00 2.129068106907369377e-16
2.356784660766961803e+00 1.903544299994958862e-16
2.360398230088496252e+00 1.701616969301665007e-16
2.364011799410029813e+00 1.520848707552514458e-16
2.367625368731564262e+00 1.359050528392737931e-16
2.371238938053097822e+00 1.214256900005249820e-16
2.374852507374631383e+00 1.084703251192453051e-16
2.378466076696165832e+00 9.688057088338682080e-17
2.382079646017699393e+00 8.651428487576437144e-17
2.385693215339233841e+00 7.724392630104609902e-17
2.389306784660767402e+00 6.895507654795820149e-17
2.392920353982301851e+00 6.154510749924394098e-17
2.396533923303835412e+00 5.492198305655080518e-17
2.400147492625368972e+00 4.900318075404797609e-17
2.403761061946903421e+00 4.371472160762874146e-17
2.407374631268436982e+00 3.899029749801768666e-17
2.410988200589971431e+00 3.477048642760551331e-17
2.414601769911504991e+00 3.100204693275153891e-17
2.418215339233038552e+00 2.763728378472126585e-17
2.421828908554573001e+00 2.463347788223627630e-17
2.425442477876106562e+00 2.195237393421164209e-17
2.429056047197641011e+00 1.955972015981193371e-17
2.432669616519174571e+00 1.742485480085323161e-17
2.436283185840708132e+00 1.552033475441400969e-17
2.439896755162242581e+00 1.382160209672695901e-17
2.443510324483776142e+00 1.230668468758014702e-17
2.447123893805310590e+00 1.095592742194033686e-17
2.450737463126844151e+00 9.751751036210492054e-18
2.454351032448377712e+00 8.678435683933853542e-18
2.457964601769912161e+00 7.721926773097996127e-18
2.461578171091445721e+00 6.869660807352488936e-18
2.465191740412980170e+00 6.110409199028435122e-18
2.468805309734513731e+00 5.434138225265801384e-18
2.472418879056048180e+00 4.831883481893013756e-18
2.476032448377581741e+00 4.295637354972157191e-18
2.479646017699115301e+00 3.818248178821609160e-18
2.483259587020649750e+00 3.393329883496791667e-18
2.486873156342183311e+00 3.015181055546294396e-18
2.490486725663717760e+00 2.678712444691300155e-18
2.494100294985251320e+00 2.379382047067671095e-18
2.497713864306784881e+00 2.113136983878109759e-18
2.501327433628319330e+00 1.876361473702144409e-18
2.504941002949852891e+00 1.665830268155077228e-18
2.508554572271387340e+00 1.478666984867136625e-18
2.512168141592920900e+00 1.312306829578018717e-18
2.515781710914454461e+00 1.164463251140452394e-18
2.519395280235988910e+00 1.033098119988438377e-18
2.523008849557522471e+00 9.163950626598793366e-19
2.526622418879056919e+00 8.127356227472807246e-19
2.530235988200590480e+00 7.206779526045623526e-19
2.533849557522124041e+00 6.389377706441562104e-19
2.537463126843658490e+00 5.663713464637991921e-19
2.541076696165192050e+00 5.019603006548217399e-19
2.544690265486726499e+00 4.447980282447036901e-19
2.548303834808260060e+00 3.940775745695115792e-19
2.551917404129794509e+00 3.490808101811596551e-19
2.555530973451328070e+00 3.091687673791423081e-19
2.559144542772861630e+00 2.737730152970536546e-19
2.562758112094396079e+00 2.423879633404041149e-19
2.566371681415929640e+00 2.145639943113512074e-19
2.569985250737464089e+00 1.899013389036549992e-19
2.573598820058997649e+00 1.680446125290527155e-19
2.577212389380531210e+00 1.486779437522124728e-19
2.580825958702065659e+00 1.315206310649353011e-19
2.584439528023599220e+00 1.163232714087082298e-19
2.588053097345133668e+00 1.028643098378164466e-19
2.591666666666667229e+00 9.094696507445055693e-20
2.595280235988200790e+00 8.039649050631322467e-20
2.598893805309735239e+00 7.105773447453894794e-20
2.602507374631268799e+00 6.279296754620215102e-20
2.606120943952803248e+00 5.547994790867326283e-20
2.609734513274336809e+00 4.901019910381165030e-20
2.613348082595870370e+00 4.328747707631846871e-20
2.616961651917404819e+00 3.822640597609094382e-20
2.620575221238938379e+00 3.375126435939355075e-20
2.624188790560472828e+00 2.979490540523642358e-20
2.627802359882006389e+00 2.629779652599101788e-20
2.631415929203539950e+00 2.320716532659481910e-20
2.635029498525074398e+00 2.047624027466623586e-20
2.638643067846607959e+00 1.806357570162777734e-20
2.642256637168142408e+00 1.593245187866437738e-20
2.645870206489675969e+00 1.405034191490402037e-20
2.649483775811210418e+00 1.238843812133876723e-20
2.653097345132743978e+00 1.092123128411367849e-20
2.656710914454277539e+00 9.626137004927116563e-21
2.660324483775811988e+00 8.483163903669320476e-21
2.663938053097345549e+00 7.474619047086212524e-21
2.667551622418879997e+00 6.584846474600304729e-21
2.671165191740413558e+00 5.799995144920050189e-21
2.674778761061947119e+00 5.107813030591886892e-21
2.678392330383481568e+00 4.497464447439613072e-21
2.682005899705015128e+00 3.959368026543602995e-21
2.685619469026549577e+00 3.485053022259700124e-21
2.689233038348083138e+00 3.067031904485237294e-21
2.692846607669616699e+00 2.698687410297325942e-21
2.696460176991151148e+00 2.374172432226753073e-21
2.700073746312684708e+00 2.088321300434530393e-21
2.703687315634219157e+00 1.836571176346593296e-21
2.707300884955752718e+00 1.614892417991323835e-21
2.710914454277286278e+00 1.419726904285138508e-21
2.714528023598820727e+00 1.247933418535572034e-21
2.718141592920354288e+00 1.096739291983983095e-21
2.721755162241888737e+00 9.636975976636633800e-22
2.725368731563422298e+00 8.466492644055545780e-22
2.728982300884956747e+00 7.436895515662578386e-22
2.732595870206490307e+00 6.531383879493629023e-22
2.736209439528023868e+00 5.735141342954078037e-22
2.739823008849558317e+00 5.035103784014575406e-22
2.743436578171091877e+00 4.419754160775080993e-22
2.747050147492626326e+00 3.878941103656421209e-22
2.750663716814159887e+00 3.403718562836101171e-22
2.754277286135693448e+00 2.986204092876124504e-22
2.757890855457227897e+00 2.619453631162906625e-22
2.761504424778761457e+00 2.297350870587002146e-22
2.765117994100295906e+00 2.014509543287466964e-22
2.768731563421829467e+00 1.766187124311346841e-22
2.772345132743363028e+00 1.548208634394656111e-22
2.775958702064897476e+00 1.356899372192949126e-22
2.779572271386431037e+00 1.189025540306226523e-22
2.783185840707965486e+00 1.041741848278089447e-22
2.786799410029499047e+00 9.125452811007429958e-23
2.790412979351032607e+00 7.992343151338945900e-23
2.794026548672567056e+00 6.998729460989914605e-23
2.797640117994100617e+00 6.127589671287809793e-23
2.801253687315635066e+00 5.363959998035979688e-23
2.804867256637168627e+00 4.694688386333198621e-23
2.808480825958703075e+00 4.108217203837290119e-23
2.812094395280236636e+00 3.594391747488020543e-23
2.815707964601770197e+00 3.144291527924538974e-23
2.819321533923304646e+00 2.750081649172529356e-23
2.822935103244838206e+00 2.404881913815465082e-23
2.826548672566372655e+00 2.102651560464122912e-23
2.830162241887906216e+00 1.838087784993628966e-23
2.833775811209439777e+00 1.606536413377745892e-23
2.837389380530974226e+00 1.403913285258293567e-23
2.841002949852507786e+00 1.226635076506544942e-23
2.844616519174042235e+00 1.071558438508766476e-23
2.848230088495575796e+00 9.359264640029049296e-24
2.851843657817109357e+00 8.173216059971795483e-24
2.855457227138643805e+00 7.136242793976592741e-24
2.859070796460177366e+00 6.229764660217864790e-24
2.862684365781711815e+00 5.437497240772056775e-24
2.866297935103245376e+00 4.745170741686385237e-24
2.869911504424778936e+00 4.140282965509930854e-24
2.873525073746313385e+00 3.611882296449178673e-24
2.877138643067846946e+00 3.150377086212257813e-24
2.880752212389381395e+00 2.747368259050408072e-24
2.884365781710914955e+00 2.395502334170364080e-24
2.887979351032449404e+00 2.088342398493822952e-24
2.891592920353982965e+00 1.820254857955021942e-24
2.895206489675516526e+00 1.586310055751636766e-24
2.898820058997050975e+00 1.382195075334594009e-24
2.902433628318584535e+00 1.204137248033936485e-24
2.906047197640118984e+00 1.048837063292633585e-24
2.909660766961652545e+00 9.134093363415330396e-25
2.913274336283186106e+00 7.953316262954580025e-25
2.916887905604720554e+00 6.923990192997569401e-25
2.920501474926254115e+00 6.026844984504855896e-25
2.924115044247788564e+00 5.245042164799269573e-25
2.927728613569322125e+00 4.563870701599541206e-25
2.931342182890855685e+00 3.970480483712390338e-25
2.934955752212390134e+00 3.453648900034263699e-25
2.938569321533923695e+00 3.003576443334604210e-25
2.942182890855458144e+00 2.611707761994720395e-25
2.945796460176991705e+00 2.270575019597518992e-25
2.949410029498525265e+00 1.973660806162054645e-25
2.953023598820059714e+00 1.715278182237140007e-25
2.956637168141593275e+00 1.490465733563860947e-25
2.960250737463127724e+00 1.294895774515255038e-25
2.963864306784661284e+00 1.124794067347188544e-25
2.967477876106195733e+00 9.768696252552113290e-26
2.971091445427729294e+00 8.482533436989040668e-26
2.974705014749262855e+00 7.364443593736846883e-26
2.978318584070797304e+00 6.392631721942124352e-26
2.981932153392330864e+00 5.548106849905589012e-26
2.985545722713865313e+00 4.814324203288522886e-26
2.989159292035398874e+00 4.176872657269808187e-26
2.992772861356932435e+00 3.623201791058210165e-26
2.996386430678466883e+00 3.142383569709529603e-26
3.000000000000000000e+00 2.724904297687036903e-26
