-1.899999999999999911e+00 0.000000000000000000e+00
-1.896386430678465906e+00 0.000000000000000000e+00
-1.892772861356932124e+00 0.000000000000000000e+00
-1.889159292035398119e+00 0.000000000000000000e+00
-1.885545722713864114e+00 0.000000000000000000e+00
-1.881932153392330331e+00 0.000000000000000000e+00
-1.878318584070796327e+00 0.000000000000000000e+00
-1.874705014749262544e+00 0.000000000000000000e+00
-1.871091445427728539e+00 0.000000000000000000e+00
-1.867477876106194534e+00 0.000000000000000000e+00
-1.863864306784660752e+00 0.000000000000000000e+00
-1.860250737463126747e+00 0.000000000000000000e+00
-1.856637168141592742e+00 0.000000000000000000e+00
-1.853023598820058959e+00 0.000000000000000000e+00
-1.849410029498524954e+00 0.000000000000000000e+00
-1.845796460176990950e+00 0.000000000000000000e+00
-1.842182890855457167e+00 0.000000000000000000e+00
-1.838569321533923162e+00 0.000000000000000000e+00
-1.834955752212389379e+00 0.000000000000000000e+00
-1.831342182890855375e+00 0.000000000000000000e+00
-1.827728613569321370e+00 0.000000000000000000e+00
-1.824115044247787587e+00 0.000000000000000000e+00
-1.820501474926253582e+00 0.000000000000000000e+00
-1.816887905604719577e+00 0.000000000000000000e+00
-1.813274336283185795e+00 0.000000000000000000e+00
-1.809660766961651790e+00 0.000000000000000000e+00
-1.806047197640118007e+00 0.000000000000000000e+00
-1.802433628318584002e+00 0.000000000000000000e+00
-1.798820058997049998e+00 0.000000000000000000e+00
-1.795206489675516215e+00 0.000000000000000000e+00
-1.791592920353982210e+00 0.000000000000000000e+00
-1.787979351032448205e+00 0.000000000000000000e+00
-1.784365781710914423e+00 0.000000000000000000e+00
-1.780752212389380418e+00 0.000000000000000000e+00
-1.777138643067846413e+00 0.000000000000000000e+00
-1.773525073746312630e+00 0.000000000000000000e+00
-1.769911504424778625e+00 0.000000000000000000e+00
-1.766297935103244843e+00 0.000000000000000000e+00
-1.762684365781710838e+00 0.000000000000000000e+00
-1.759070796460176833e+00 0.000000000000000000e+00
-1.755457227138643050e+00 0.000000000000000000e+00
-1.751843657817109046e+00 0.000000000000000000e+00
-1.748230088495575041e+00 0.000000000000000000e+00
-1.744616519174041258e+00 0.000000000000000000e+00
-1.741002949852507253e+00 0.000000000000000000e+00
-1.737389380530973249e+00 0.000000000000000000e+00
-1.733775811209439466e+00 0.000000000000000000e+00
-1.730162241887905461e+00 0.000000000000000000e+00
-1.726548672566371678e+00 0.000000000000000000e+00
-1.722935103244837673e+00 0.000000000000000000e+00
-1.719321533923303669e+00 0.000000000000000000e+00
-1.715707964601769886e+00 0.000000000000000000e+00
-1.712094395280235881e+00 0.000000000000000000e+00
-1.708480825958701876e+00 0.000000000000000000e+00
-1.704867256637168094e+00 0.000000000000000000e+00
-1.701253687315634089e+00 0.000000000000000000e+00
-1.697640117994100084e+00 0.000000000000000000e+00
-1.694026548672566301e+00 0.000000000000000000e+00
-1.690412979351032297e+00 0.000000000000000000e+00
-1.686799410029498514e+00 0.000000000000000000e+00
-1.683185840707964509e+00 0.000000000000000000e+00
-1.679572271386430504e+00 0.000000000000000000e+00
-1.675958702064896721e+00 0.000000000000000000e+00
-1.672345132743362717e+00 0.000000000000000000e+00
-1.668731563421828712e+00 0.000000000000000000e+00
-1.665117994100294929e+00 0.000000000000000000e+00
-1.661504424778760924e+00 0.000000000000000000e+00
-1.657890855457226920e+00 0.000000000000000000e+00
-1.654277286135693137e+00 0.000000000000000000e+00
-1.650663716814159132e+00 0.000000000000000000e+00
-1.647050147492625349e+00 0.000000000000000000e+00
-1.643436578171091345e+00 0.000000000000000000e+00
-1.639823008849557340e+00 0.000000000000000000e+00
-1.636209439528023557e+00 0.000000000000000000e+00
-1.632595870206489552e+00 0.000000000000000000e+00
-1.628982300884955770e+00 0.000000000000000000e+00
-1.625368731563421765e+00 0.000000000000000000e+00
-1.621755162241887760e+00 0.000000000000000000e+00
-1.618141592920353755e+00 0.000000000000000000e+00
-1.614528023598819972e+00 0.000000000000000000e+00
-1.610914454277285968e+00 0.000000000000000000e+00
-1.607300884955752185e+00 0.000000000000000000e+00
-1.603687315634218180e+00 0.000000000000000000e+00
-1.600073746312684175e+00 0.000000000000000000e+00
-1.596460176991150393e+00 0.000000000000000000e+00
-1.592846607669616388e+00 0.000000000000000000e+00
-1.589233038348082605e+00 0.000000000000000000e+00
-1.585619469026548600e+00 0.000000000000000000e+00
-1.582005899705014595e+00 0.000000000000000000e+00
-1.578392330383480591e+00 0.000000000000000000e+00
-1.574778761061946808e+00 0.000000000000000000e+00
-1.571165191740412803e+00 0.000000000000000000e+00
-1.567551622418879020e+00 0.000000000000000000e+00
-1.563938053097345016e+00 0.000000000000000000e+00
-1.560324483775811011e+00 0.000000000000000000e+00
-1.556710914454277228e+00 0.000000000000000000e+00
-1.553097345132743223e+00 0.000000000000000000e+00
-1.549483775811209441e+00 0.000000000000000000e+00
-1.545870206489675436e+00 0.000000000000000000e+00
-1.542256637168141431e+00 0.000000000000000000e+00
-1.538643067846607426e+00 0.000000000000000000e+00
-1.535029498525073643e+00 0.000000000000000000e+00
-1.531415929203539639e+00 0.000000000000000000e+00
-1.527802359882005856e+00 0.000000000000000000e+00
-1.524188790560471851e+00 0.000000000000000000e+00
-1.520575221238937846e+00 0.000000000000000000e+00
-1.516961651917404064e+00 0.000000000000000000e+00
-1.513348082595870059e+00 0.000000000000000000e+00
-1.509734513274336276e+00 0.000000000000000000e+00
-1.506120943952802271e+00 0.000000000000000000e+00
-1.502507374631268267e+00 0.000000000000000000e+00
-1.498893805309734262e+00 0.000000000000000000e+00
-1.495280235988200479e+00 0.000000000000000000e+00
-1.491666666666666474e+00 0.000000000000000000e+00
-1.488053097345132691e+00 0.000000000000000000e+00
-1.484439528023598687e+00 0.000000000000000000e+00
-1.480825958702064682e+00 0.000000000000000000e+00
-1.477212389380530899e+00 0.000000000000000000e+00
-1.473598820058996894e+00 0.000000000000000000e+00
-1.469985250737463112e+00 0.000000000000000000e+00
-1.466371681415929107e+00 0.000000000000000000e+00
-1.462758112094395102e+00 0.000000000000000000e+00
-1.459144542772861097e+00 0.000000000000000000e+00
-1.455530973451327315e+00 0.000000000000000000e+00
-1.451917404129793310e+00 0.000000000000000000e+00
-1.448303834808259527e+00 0.000000000000000000e+00
-1.444690265486725522e+00 0.000000000000000000e+00
-1.441076696165191517e+00 0.000000000000000000e+00
-1.437463126843657735e+00 0.000000000000000000e+00
-1.433849557522123730e+00 0.000000000000000000e+00
-1.430235988200589947e+00 0.000000000000000000e+00
-1.426622418879055942e+00 0.000000000000000000e+00
-1.423008849557521938e+00 0.000000000000000000e+00
-1.419395280235987933e+00 0.000000000000000000e+00
-1.415781710914454150e+00 0.000000000000000000e+00
-1.412168141592920145e+00 0.000000000000000000e+00
-1.408554572271386363e+00 0.000000000000000000e+00
-1.404941002949852358e+00 0.000000000000000000e+00
-1.401327433628318353e+00 0.000000000000000000e+00
-1.397713864306784570e+00 0.000000000000000000e+00
-1.394100294985250565e+00 0.000000000000000000e+00
-1.390486725663716783e+00 0.000000000000000000e+00
-1.386873156342182778e+00 0.000000000000000000e+00
-1.383259587020648773e+00 0.000000000000000000e+00
-1.379646017699114768e+00 0.000000000000000000e+00
-1.376032448377580986e+00 0.000000000000000000e+00
-1.372418879056047203e+00 0.000000000000000000e+00
-1.368805309734513198e+00 0.000000000000000000e+00
-1.365191740412979193e+00 0.000000000000000000e+00
-1.361578171091445189e+00 0.000000000000000000e+00
-1.357964601769911406e+00 0.000000000000000000e+00
-1.354351032448377401e+00 0.000000000000000000e+00
-1.350737463126843618e+00 0.000000000000000000e+00
-1.347123893805309613e+00 0.000000000000000000e+00
-1.343510324483775609e+00 0.000000000000000000e+00
-1.339896755162241604e+00 0.000000000000000000e+00
-1.336283185840707821e+00 0.000000000000000000e+00
-1.332669616519174038e+00 0.000000000000000000e+00
-1.329056047197640034e+00 0.000000000000000000e+00
-1.325442477876106029e+00 0.000000000000000000e+00
-1.321828908554572024e+00 0.000000000000000000e+00
-1.318215339233038241e+00 0.000000000000000000e+00
-1.314601769911504237e+00 0.000000000000000000e+00
-1.310988200589970454e+00 0.000000000000000000e+00
-1.307374631268436449e+00 0.000000000000000000e+00
-1.303761061946902444e+00 0.000000000000000000e+00
-1.300147492625368439e+00 0.000000000000000000e+00
-1.296533923303834657e+00 0.000000000000000000e+00
-1.292920353982300874e+00 0.000000000000000000e+00
-1.289306784660766869e+00 0.000000000000000000e+00
-1.285693215339232864e+00 0.000000000000000000e+00
-1.282079646017698860e+00 0.000000000000000000e+00
-1.278466076696165077e+00 0.000000000000000000e+00
-1.274852507374631072e+00 0.000000000000000000e+00
-1.271238938053097289e+00 0.000000000000000000e+00
-1.267625368731563285e+00 0.000000000000000000e+00
-1.264011799410029280e+00 0.000000000000000000e+00
-1.260398230088495275e+00 0.000000000000000000e+00
-1.256784660766961492e+00 0.000000000000000000e+00
-1.253171091445427709e+00 0.000000000000000000e+00
-1.249557522123893705e+00 0.000000000000000000e+00
-1.245943952802359700e+00 0.000000000000000000e+00
-1.242330383480825695e+00 0.000000000000000000e+00
-1.238716814159291912e+00 0.000000000000000000e+00
-1.235103244837757908e+00 0.000000000000000000e+00
-1.231489675516224125e+00 0.000000000000000000e+00
-1.227876106194690120e+00 0.000000000000000000e+00
-1.224262536873156115e+00 0.000000000000000000e+00
-1.220648967551622111e+00 0.000000000000000000e+00
-1.217035398230088328e+00 0.000000000000000000e+00
-1.213421828908554545e+00 0.000000000000000000e+00
-1.209808259587020540e+00 0.000000000000000000e+00
-1.206194690265486535e+00 0.000000000000000000e+00
-1.202581120943952531e+00 0.000000000000000000e+00
-1.198967551622418748e+00 0.000000000000000000e+00
-1.195353982300884743e+00 0.000000000000000000e+00
-1.191740412979350960e+00 0.000000000000000000e+00
-1.188126843657816956e+00 0.000000000000000000e+00
-1.184513274336282951e+00 0.000000000000000000e+00
-1.180899705014748946e+00 0.000000000000000000e+00
-1.177286135693215163e+00 0.000000000000000000e+00
-1.173672566371681381e+00 0.000000000000000000e+00
-1.170058997050147376e+00 0.000000000000000000e+00
-1.166445427728613371e+00 0.000000000000000000e+00
-1.162831858407079366e+00 0.000000000000000000e+00
-1.159218289085545583e+00 0.000000000000000000e+00
-1.155604719764011579e+00 0.000000000000000000e+00
-1.151991150442477796e+00 0.000000000000000000e+00
-1.148377581120943791e+00 0.000000000000000000e+00
-1.144764011799409786e+00 0.000000000000000000e+00
-1.141150442477875782e+00 0.000000000000000000e+00
-1.137536873156341999e+00 0.000000000000000000e+00
-1.133923303834808216e+00 0.000000000000000000e+00
-1.130309734513274211e+00 0.000000000000000000e+00
-1.126696165191740207e+00 0.000000000000000000e+00
-1.123082595870206202e+00 0.000000000000000000e+00
-1.119469026548672419e+00 0.000000000000000000e+00
-1.115855457227138636e+00 0.000000000000000000e+00
-1.112241887905604631e+00 0.000000000000000000e+00
-1.108628318584070627e+00 0.000000000000000000e+00
-1.105014749262536622e+00 0.000000000000000000e+00
-1.101401179941002617e+00 0.000000000000000000e+00
-1.097787610619468834e+00 0.000000000000000000e+00
-1.094174041297935052e+00 0.000000000000000000e+00
-1.090560471976401047e+00 0.000000000000000000e+00
-1.086946902654867042e+00 0.000000000000000000e+00
-1.083333333333333037e+00 0.000000000000000000e+00
-1.079719764011799255e+00 0.000000000000000000e+00
-1.076106194690265472e+00 0.000000000000000000e+00
-1.072492625368731467e+00 0.000000000000000000e+00
-1.068879056047197462e+00 0.000000000000000000e+00
-1.065265486725663457e+00 0.000000000000000000e+00
-1.061651917404129453e+00 0.000000000000000000e+00
-1.058038348082595670e+00 0.000000000000000000e+00
-1.054424778761061887e+00 0.000000000000000000e+00
-1.050811209439527882e+00 0.000000000000000000e+00
-1.047197640117993878e+00 0.000000000000000000e+00
-1.043584070796459873e+00 0.000000000000000000e+00
-1.039970501474926090e+00 0.000000000000000000e+00
-1.036356932153392307e+00 0.000000000000000000e+00
-1.032743362831858303e+00 0.000000000000000000e+00
-1.029129793510324298e+00 0.000000000000000000e+00
-1.025516224188790293e+00 0.000000000000000000e+00
-1.021902654867256510e+00 0.000000000000000000e+00
-1.018289085545722505e+00 0.000000000000000000e+00
-1.014675516224188723e+00 0.000000000000000000e+00
-1.011061946902654718e+00 0.000000000000000000e+00
-1.007448377581120713e+00 0.000000000000000000e+00
-1.003834808259586708e+00 0.000000000000000000e+00
-1.000221238938052926e+00 0.000000000000000000e+00
-9.966076696165190318e-01 0.000000000000000000e+00
-9.929941002949850271e-01 0.000000000000000000e+00
-9.893805309734511333e-01 0.000000000000000000e+00
-9.857669616519172395e-01 0.000000000000000000e+00
-9.821533923303833458e-01 0.000000000000000000e+00
-9.785398230088493410e-01 0.000000000000000000e+00
-9.749262536873154472e-01 0.000000000000000000e+00
-9.713126843657815535e-01 0.000000000000000000e+00
-9.676991150442475487e-01 0.000000000000000000e+00
-9.640855457227136549e-01 0.000000000000000000e+00
-9.604719764011797611e-01 0.000000000000000000e+00
-9.568584070796458674e-01 0.000000000000000000e+00
-9.532448377581118626e-01 0.000000000000000000e+00
-9.496312684365779688e-01 0.000000000000000000e+00
-9.460176991150440751e-01 0.000000000000000000e+00
-9.424041297935101813e-01 0.000000000000000000e+00
-9.387905604719761765e-01 0.000000000000000000e+00
-9.351769911504422828e-01 0.000000000000000000e+00
-9.315634218289083890e-01 0.000000000000000000e+00
-9.279498525073743842e-01 0.000000000000000000e+00
-9.243362831858404904e-01 0.000000000000000000e+00
-9.207227138643065967e-01 0.000000000000000000e+00
-9.171091445427727029e-01 0.000000000000000000e+00
-9.134955752212386981e-01 0.000000000000000000e+00
-9.098820058997048044e-01 0.000000000000000000e+00
-9.062684365781709106e-01 0.000000000000000000e+00
-9.026548672566370168e-01 0.000000000000000000e+00
-8.990412979351030121e-01 0.000000000000000000e+00
-8.954277286135692293e-01 0.000000000000000000e+00
-8.918141592920352245e-01 0.000000000000000000e+00
-8.882005899705012197e-01 0.000000000000000000e+00
-8.845870206489674370e-01 0.000000000000000000e+00
-8.809734513274334322e-01 0.000000000000000000e+00
-8.773598820058994274e-01 0.000000000000000000e+00
-8.737463126843656447e-01 0.000000000000000000e+00
-8.701327433628316399e-01 0.000000000000000000e+00
-8.665191740412976351e-01 0.000000000000000000e+00
-8.629056047197638524e-01 0.000000000000000000e+00
-8.592920353982298476e-01 0.000000000000000000e+00
-8.556784660766960648e-01 0.000000000000000000e+00
-8.520648967551620601e-01 0.000000000000000000e+00
-8.484513274336280553e-01 0.000000000000000000e+00
-8.448377581120942725e-01 0.000000000000000000e+00
-8.412241887905602677e-01 0.000000000000000000e+00
-8.376106194690262630e-01 0.000000000000000000e+00
-8.339970501474924802e-01 0.000000000000000000e+00
-8.303834808259584754e-01 0.000000000000000000e+00
-8.267699115044244706e-01 0.000000000000000000e+00
-8.231563421828906879e-01 0.000000000000000000e+00
-8.195427728613566831e-01 0.000000000000000000e+00
-8.159292035398229004e-01 0.000000000000000000e+00
-8.123156342182888956e-01 0.000000000000000000e+00
-8.087020648967548908e-01 0.000000000000000000e+00
-8.050884955752211081e-01 0.000000000000000000e+00
-8.014749262536871033e-01 0.000000000000000000e+00
-7.978613569321530985e-01 0.000000000000000000e+00
-7.942477876106193158e-01 0.000000000000000000e+00
-7.906342182890853110e-01 0.000000000000000000e+00
-7.870206489675513062e-01 0.000000000000000000e+00
-7.834070796460175234e-01 0.000000000000000000e+00
-7.797935103244835187e-01 0.000000000000000000e+00
-7.761799410029497359e-01 0.000000000000000000e+00
-7.725663716814157311e-01 0.000000000000000000e+00
-7.689528023598817263e-01 0.000000000000000000e+00
-7.653392330383479436e-01 0.000000000000000000e+00
-7.617256637168139388e-01 0.000000000000000000e+00
-7.581120943952799340e-01 0.000000000000000000e+00
-7.544985250737461513e-01 0.000000000000000000e+00
-7.508849557522121465e-01 0.000000000000000000e+00
-7.472713864306783638e-01 0.000000000000000000e+00
-7.436578171091443590e-01 0.000000000000000000e+00
-7.400442477876103542e-01 0.000000000000000000e+00
-7.364306784660765715e-01 0.000000000000000000e+00
-7.328171091445425667e-01 0.000000000000000000e+00
-7.292035398230085619e-01 0.000000000000000000e+00
-7.255899705014747791e-01 0.000000000000000000e+00
-7.219764011799407744e-01 0.000000000000000000e+00
-7.183628318584067696e-01 0.000000000000000000e+00
-7.147492625368729868e-01 0.000000000000000000e+00
-7.111356932153389820e-01 0.000000000000000000e+00
-7.075221238938051993e-01 0.000000000000000000e+00
-7.039085545722711945e-01 0.000000000000000000e+00
-7.002949852507371897e-01 0.000000000000000000e+00
-6.966814159292034070e-01 0.000000000000000000e+00
-6.930678466076694022e-01 0.000000000000000000e+00
-6.894542772861353974e-01 0.000000000000000000e+00
-6.858407079646016147e-01 0.000000000000000000e+00
-6.822271386430676099e-01 0.000000000000000000e+00
-6.786135693215336051e-01 0.000000000000000000e+00
-6.749999999999998224e-01 0.000000000000000000e+00
-6.713864306784658176e-01 0.000000000000000000e+00
-6.677728613569320348e-01 0.000000000000000000e+00
-6.641592920353980301e-01 0.000000000000000000e+00
-6.605457227138640253e-01 0.000000000000000000e+00
-6.569321533923302425e-01 0.000000000000000000e+00
-6.533185840707962377e-01 0.000000000000000000e+00
-6.497050147492622330e-01 0.000000000000000000e+00
-6.460914454277284502e-01 0.000000000000000000e+00
-6.424778761061944454e-01 0.000000000000000000e+00
-6.388643067846604406e-01 0.000000000000000000e+00
-6.352507374631266579e-01 0.000000000000000000e+00
-6.316371681415926531e-01 0.000000000000000000e+00
-6.280235988200588704e-01 0.000000000000000000e+00
-6.244100294985248656e-01 0.000000000000000000e+00
-6.207964601769908608e-01 0.000000000000000000e+00
-6.171828908554570781e-01 0.000000000000000000e+00
-6.135693215339230733e-01 0.000000000000000000e+00
-6.099557522123890685e-01 0.000000000000000000e+00
-6.063421828908552857e-01 0.000000000000000000e+00
-6.027286135693212810e-01 0.000000000000000000e+00
-5.991150442477872762e-01 0.000000000000000000e+00
-5.955014749262534934e-01 0.000000000000000000e+00
-5.918879056047194887e-01 0.000000000000000000e+00
-5.882743362831857059e-01 0.000000000000000000e+00
-5.846607669616517011e-01 0.000000000000000000e+00
-5.810471976401176963e-01 0.000000000000000000e+00
-5.774336283185839136e-01 0.000000000000000000e+00
-5.738200589970499088e-01 0.000000000000000000e+00
-5.702064896755159040e-01 0.000000000000000000e+00
-5.665929203539821213e-01 0.000000000000000000e+00
-5.629793510324481165e-01 0.000000000000000000e+00
-5.593657817109143338e-01 0.000000000000000000e+00
-5.557522123893803290e-01 1.686502198331359318e-312
-5.521386430678463242e-01 1.411210412626046213e-294
-5.485250737463125414e-01 1.137265829503473782e-277
-5.449115044247785367e-01 1.007252623420048773e-261
-5.412979351032445319e-01 1.110539340147013619e-246
-5.376843657817107491e-01 1.714411883768853489e-232
-5.340707964601767443e-01 4.140698339879614953e-219
-5.304572271386427396e-01 1.737350358828549105e-206
-5.268436578171089568e-01 1.397893474294174259e-194
-5.232300884955749520e-01 2.367741879524132802e-183
-5.196165191740411693e-01 9.219093478630761055e-173
-5.160029498525071645e-01 8.966090981505954610e-163
-5.123893805309731597e-01 2.355673887339268455e-153
-5.087758112094393770e-01 1.800292900949124710e-144
-5.051622418879053722e-01 4.291377103157931283e-136
-5.015486725663713674e-01 3.407828030168092051e-128
-4.979351032448375847e-01 9.593489386583674830e-121
-4.943215339233035799e-01 1.015226766631946864e-113
-4.907079646017695751e-01 4.268461171449411284e-107
-4.870943952802357924e-01 7.512442221424218156e-101
-4.834808259587017876e-01 5.814251926991220097e-95
-4.798672566371680048e-01 2.073024108732095261e-89
-4.762536873156340000e-01 3.557697499084579311e-84
-4.726401179940999953e-01 3.063160059978944758e-79
-4.690265486725662125e-01 1.375859776302392829e-74
-4.654129793510322077e-01 3.344978190324034607e-70
-4.617994100294982029e-01 4.557584520047271467e-66
-4.581858407079644202e-01 3.596283195133288462e-62
-4.545722713864304154e-01 1.695125266859961333e-58
-4.509587020648964106e-01 4.914399489203643609e-55
-4.473451327433626279e-01 9.008147912201870026e-52
-4.437315634218286231e-01 1.071510872615401990e-48
-4.401179941002948404e-01 8.476476272854225906e-46
-4.365044247787608356e-01 4.564061068219197085e-43
-4.328908554572268308e-01 1.709607290282173167e-40
-4.292772861356930481e-01 4.547842701911540229e-38
-4.256637168141590433e-01 8.760483066702628404e-36
-4.220501474926250385e-01 1.244618193933611350e-33
-4.184365781710912557e-01 1.326939333567851640e-31
-4.148230088495572510e-01 1.079118153420158466e-29
-4.112094395280232462e-01 6.798058293376889017e-28
-4.075958702064894634e-01 3.366007274672459591e-26
-4.039823008849554586e-01 1.328062565793968923e-24
-4.003687315634216759e-01 4.229774643815437203e-23
-3.967551622418876711e-01 1.100816362869868132e-21
-3.931415929203536663e-01 2.368181640229246782e-20
-3.895280235988198836e-01 4.257335525288346647e-19
-3.859144542772858788e-01 6.461545725648310924e-18
-3.823008849557518740e-01 8.360097524056055900e-17
-3.786873156342180913e-01 9.305192043751639126e-16
-3.750737463126840865e-01 8.987036992678946333e-15
-3.714601769911500817e-01 7.592960089574673071e-14
-3.678466076696162990e-01 5.655035828060090373e-13
-3.642330383480822942e-01 3.739614644251891545e-12
-3.606194690265485114e-01 2.210778164584552321e-11
-3.570058997050145067e-01 1.175931209204679701e-10
-3.533923303834805019e-01 5.662004817870627471e-10
-3.497787610619467191e-01 2.481953973403418707e-09
-3.461651917404127143e-01 9.958522400849519449e-09
-3.425516224188787096e-01 3.676065053807686748e-08
-3.389380530973449268e-01 1.254418343190422910e-07
-3.353244837758109220e-01 3.975006642629637400e-07
-3.317109144542771393e-01 1.174689577755863343e-06
-3.280973451327431345e-01 3.250470543045583951e-06
-3.244837758112091297e-01 8.453874146481621756e-06
-3.208702064896753470e-01 2.073988914819384631e-05
-3.172566371681413422e-01 4.815754191684223126e-05
-3.136430678466073374e-01 1.061724854925810322e-04
-3.100294985250735547e-01 2.229221328170590997e-04
-3.064159292035395499e-01 4.470100678695365605e-04
-3.028023598820055451e-01 8.583483097256923476e-04
-2.991887905604717623e-01 1.582286026211431485e-03
-2.955752212389377576e-01 2.806804950316873788e-03
-2.919616519174039748e-01 4.801943087233602643e-03
-2.883480825958699700e-01 7.939908404611959250e-03
-2.847345132743359652e-01 1.271368531786208622e-02
-2.811209439528021825e-01 1.975146189246976269e-02
-2.775073746312681777e-01 2.982404646338939966e-02
-2.738938053097341729e-01 4.384268614731288982e-02
-2.702802359882003902e-01 6.284536482493659204e-02
-2.666666666666663854e-01 8.797068474125591120e-02
-2.630530973451323806e-01 1.204196946978236815e-01
-2.594395280235985979e-01 1.614073446019242686e-01
-2.558259587020645931e-01 2.121064347762564029e-01
-2.522123893805308104e-01 2.735878249722878408e-01
-2.485988200589968056e-01 3.467611579249141873e-01
-2.449852507374628008e-01 4.323203858707341807e-01
-2.413716814159290180e-01 5.306979830530602626e-01
-2.377581120943950133e-01 6.420309574249097873e-01
-2.341445427728610085e-01 7.661407544647579337e-01
-2.305309734513272257e-01 9.025280071086356770e-01
-2.269174041297932209e-01 1.050381957497869445e+00
-2.233038348082592162e-01 1.208603368618776042e+00
-2.196902654867254334e-01 1.375838937266835815e+00
-2.160766961651914286e-01 1.550524660226654028e+00
-2.124631268436576459e-01 1.730935306139923302e+00
-2.088495575221236411e-01 1.915237091229275990e+00
-2.052359882005896363e-01 2.101540812234962363e+00
-2.016224188790558536e-01 2.287953006522102317e+00
-1.980088495575218488e-01 2.472623134430629310e+00
-1.943952802359878440e-01 2.653785261169443466e+00
-1.907817109144540613e-01 2.829793209561862088e+00
-1.871681415929200565e-01 2.999148624219730053e+00
-1.835545722713860517e-01 3.160521805718678579e+00
-1.799410029498522690e-01 3.312765523359908482e+00
-1.763274336283182642e-01 3.454922289220514031e+00
-1.727138643067844814e-01 3.586225773721092747e+00
-1.691002949852504766e-01 3.706097168614030490e+00
-1.654867256637164719e-01 3.814137365525382961e+00
-1.618731563421826891e-01 3.910115827453978010e+00
-1.582595870206486843e-01 3.993956998215324017e+00
-1.546460176991146795e-01 4.065725031761084907e+00
-1.510324483775808968e-01 4.125607539745467456e+00
-1.474188790560468920e-01 4.173898960442365080e+00
-1.438053097345131093e-01 4.210984052391867571e+00
-1.401917404129791045e-01 4.237321917644113256e+00
-1.365781710914450997e-01 4.253430866343943961e+00
-1.329646017699113170e-01 4.259874349505714974e+00
-1.293510324483773122e-01 4.257248111864647022e+00
-1.257374631268433074e-01 4.246168652453335746e+00
-1.221238938053095247e-01 4.227263027113029814e+00
-1.185103244837755199e-01 4.201159984073022713e+00
-1.148967551622415151e-01 4.168482390222229661e+00
-1.112831858407077323e-01 4.129840880749117815e+00
-1.076696165191737276e-01 4.085828647321305240e+00
-1.040560471976399448e-01 4.037017268777388423e+00
-1.004424778761059400e-01 3.983953482306066718e+00
-9.682890855457193524e-02 3.927156791266477320e+00
-9.321533923303815250e-02 3.867117807230403326e+00
-8.960176991150414771e-02 3.804297227694617423e+00
-8.598820058997014293e-02 3.739125356520459853e+00
-8.237463126843636019e-02 3.672002080931120460e+00
-7.876106194690235540e-02 3.603297226359658545e+00
-7.514749262536835062e-02 3.533351218213852452e+00
-7.153392330383456788e-02 3.462475987416504974e+00
-6.792035398230056309e-02 3.390956064170425055e+00
-6.430678466076678035e-02 3.319049811628037361e+00
-6.069321533923277556e-02 3.246990757909443470e+00
-5.707964601769877078e-02 3.174988991141610040e+00
-5.346607669616498804e-02 3.103232587852274627e+00
-4.985250737463098325e-02 3.031889050135011310e+00
-4.623893805309697846e-02 2.961106731516113477e+00
-4.262536873156319572e-02 2.891016235422282588e+00
-3.901179941002919094e-02 2.821731773602877968e+00
-3.539823008849518615e-02 2.753352474839014796e+00
-3.178466076696140341e-02 2.685963636815734912e+00
-2.817109144542739863e-02 2.619637916184321291e+00
-2.455752212389361588e-02 2.554436453642193072e+00
-2.094395280235961110e-02 2.490409932347477096e+00
-1.733038348082560631e-02 2.427599569202862462e+00
-1.371681415929182357e-02 2.366038039524049452e+00
-1.010324483775781879e-02 2.305750336384317922e+00
-6.489675516223814000e-03 2.246754566529058028e+00
-2.876106194690031259e-03 2.189062685207320502e+00
7.374631268439735265e-04 2.132681127734425086e+00
4.351032448377978312e-03 2.077602828189598849e+00
7.964601769911761053e-03 2.023799605105612631e+00
1.157817109144576584e-02 1.971241535387350252e+00
1.519174041297954858e-02 1.919899680273387199e+00
1.880530973451355337e-02 1.869746036156092694e+00
2.241887905604755815e-02 1.820753488180242075e+00
2.603244837758134089e-02 1.772895766457811551e+00
2.964601769911534568e-02 1.726147404746861014e+00
3.325958702064935046e-02 1.680483701451204182e+00
3.687315634218313321e-02 1.635880682806098108e+00
4.048672566371713799e-02 1.592315068122855948e+00
4.410029498525114278e-02 1.549764236972511977e+00
4.771386430678492552e-02 1.508206198195178871e+00
5.132743362831893030e-02 1.467619560627669628e+00
5.494100294985271304e-02 1.427983505447812274e+00
5.855457227138671783e-02 1.389277760038520437e+00
6.216814159292072262e-02 1.351482573279742194e+00
6.578171091445450536e-02 1.314578692180074615e+00
6.939528023598851014e-02 1.278547339764111612e+00
7.300884955752251493e-02 1.243370194134590490e+00
7.662241887905629767e-02 1.209029368631563850e+00
8.023598820059030245e-02 1.175507393013349944e+00
8.384955752212408520e-02 1.142787195586462579e+00
8.746312684365808998e-02 1.110852086213452994e+00
9.107669616519209477e-02 1.079685740129430194e+00
9.469026548672587751e-02 1.049272182499163319e+00
9.830383480825988229e-02 1.019595773647875792e+00
1.019174041297938871e-01 9.906411948994954253e-01
1.055309734513278919e-01 9.623934349566014568e-01
1.091445427728614526e-01 9.348377767567418450e-01
1.127581120943954573e-01 9.079597847395832755e-01
1.163716814159294621e-01 8.817452924595368113e-01
1.199852507374634669e-01 8.561803904778209073e-01
1.235988200589974717e-01 8.312514144678895267e-01
1.272123893805314765e-01 8.069449334672864627e-01
1.308259587020650372e-01 7.832477382086362461e-01
1.344395280235990420e-01 7.601468294617758081e-01
1.380530973451330468e-01 7.376294063185754313e-01
1.416666666666670515e-01 7.156828543515811880e-01
1.452802359882010563e-01 6.942947335774061202e-01
1.488938053097346170e-01 6.734527661559311928e-01
1.525073746312686218e-01 6.531448237568170390e-01
1.561209439528026266e-01 6.333589145259900244e-01
1.597345132743366314e-01 6.140831695862841721e-01
1.633480825958706362e-01 5.953058290092529958e-01
1.669616519174046410e-01 5.770152271985230508e-01
1.705752212389382017e-01 5.591997776304037382e-01
1.741887905604722064e-01 5.418479569037586430e-01
1.778023598820062112e-01 5.249482880601549217e-01
1.814159292035402160e-01 5.084893231461511398e-01
1.850294985250742208e-01 4.924596250040031986e-01
1.886430678466077815e-01 4.768477482948231261e-01
1.922566371681417863e-01 4.616422197805516436e-01
1.958702064896757911e-01 4.468315179190066044e-01
1.994837758112097958e-01 4.324040518604940209e-01
2.030973451327438006e-01 4.183481399767981501e-01
2.067109144542778054e-01 4.046519881052161316e-01
2.103244837758113661e-01 3.913036677533551777e-01
2.139380530973453709e-01 3.782910945872078878e-01
2.175516224188793757e-01 3.656020076176054179e-01
2.211651917404133805e-01 3.532239496116398869e-01
2.247787610619473853e-01 3.411442493886841509e-01
2.283923303834809460e-01 3.293500068189393892e-01
2.320058997050149507e-01 3.178280815285899896e-01
2.356194690265489555e-01 3.065650865337261610e-01
2.392330383480829603e-01 2.955473882768154814e-01
2.428466076696169651e-01 2.847611148275534521e-01
2.464601769911509699e-01 2.741921743336975248e-01
2.500737463126845306e-01 2.638262861652184155e-01
2.536873156342185354e-01 2.536490275807835593e-01
2.573008849557525402e-01 2.436458991477672420e-01
2.609144542772865449e-01 2.338024125474180148e-01
2.645280235988205497e-01 2.241042047673273419e-01
2.681415929203541104e-01 2.145371829831050903e-01
2.717551622418881152e-01 2.050877046038209472e-01
2.753687315634221200e-01 1.957427969257688471e-01
2.789823008849561248e-01 1.864904205085722577e-01
2.825958702064901296e-01 1.773197796349452460e-01
2.862094395280241343e-01 1.682216818941145720e-01
2.898230088495576950e-01 1.591889468723271250e-01
2.934365781710916998e-01 1.502168609630951390e-01
2.970501474926257046e-01 1.413036712516074767e-01
3.006637168141597094e-01 1.324511061413802260e-01
3.042772861356937142e-01 1.236649038108890292e-01
3.078908554572272749e-01 1.149553217786565967e-01
3.115044247787612797e-01 1.063375920850131162e-01
3.151179941002952845e-01 9.783227742139664895e-02
3.187315634218292892e-01 8.946547487516327835e-02
3.223451327433632940e-01 8.126880716371211177e-02
3.259587020648972988e-01 7.327913810660063865e-02
3.295722713864308595e-01 6.553795180171628765e-02
3.331858407079648643e-01 5.809034586892124902e-02
3.367994100294988691e-01 5.098361032037124901e-02
3.404129793510328739e-01 4.426539643496064241e-02
3.440265486725668787e-01 3.798152425087816808e-02
3.476401179941004393e-01 3.217353043104471955e-02
3.512536873156344441e-01 2.687611485772356881e-02
3.548672566371684489e-01 2.211469584342297054e-02
3.584808259587024537e-01 1.790331932330463047e-02
3.620943952802364585e-01 1.424317507422915956e-02
3.657079646017700192e-01 1.112194312038945233e-02
3.693215339233040240e-01 8.514121635654424425e-03
3.729351032448380288e-01 6.382377942339596821e-03
3.765486725663720335e-01 4.679830866794582565e-03
3.801622418879060383e-01 3.353038987800808623e-03
3.837758112094400431e-01 2.345363013613938584e-03
3.873893805309736038e-01 1.600316860866688763e-03
3.910029498525076086e-01 1.064535732983106419e-03
3.946165191740416134e-01 6.900692207148796100e-04
3.982300884955756182e-01 4.358347979867953641e-04
4.018436578171096230e-01 2.682116454558095388e-04
4.054572271386431837e-01 1.608833254953070968e-04
4.090707964601771884e-01 9.412463620586733460e-05
4.126843657817111932e-01 5.376150474177147963e-05
4.162979351032451980e-01 3.001722887045155268e-05
4.199115044247792028e-01 1.640942116165259565e-05
4.235250737463132076e-01 8.799620039513069827e-06
4.271386430678467683e-01 4.639061037203666730e-06
4.307522123893807731e-01 2.410178805954883435e-06
4.343657817109147778e-01 1.237292316164892824e-06
4.379793510324487826e-01 6.293957132709492940e-07
4.415929203539827874e-01 3.181850744684428270e-07
4.452064896755163481e-01 1.603409925831650487e-07
4.488200589970503529e-01 8.078414521403144877e-08
4.524336283185843577e-01 4.081432843636390811e-08
4.560471976401183625e-01 2.073718811391710973e-08
4.596607669616523673e-01 1.062479790142998115e-08
4.632743362831863720e-01 5.503354700842833635e-09
4.668879056047199327e-01 2.888536461015073431e-09
4.705014749262539375e-01 1.539477729045736489e-09
4.741150442477879423e-01 8.346467737012967768e-10
4.777286135693219471e-01 4.610386455179747140e-10
4.813421828908559519e-01 2.597952058081929029e-10
4.849557522123895126e-01 1.494935415504614663e-10
4.885693215339235174e-01 8.790999920251771440e-11
4.921828908554575222e-01 5.285675234742766203e-11
4.957964601769915269e-01 3.250369548629401949e-11
4.994100294985255317e-01 2.044412336992978579e-11
5.030235988200595365e-01 1.315100478733933788e-11
5.066371681415930972e-01 8.649303435218548100e-12
5.102507374631271020e-01 5.813610955086019402e-12
5.138643067846611068e-01 3.991222485966550784e-12
5.174778761061951116e-01 2.796809558784601779e-12
5.210914454277291163e-01 1.998829384803612868e-12
5.247050147492626770e-01 1.455687325970104034e-12
5.283185840707966818e-01 1.079285315650415165e-12
5.319321533923306866e-01 8.138733133368579172e-13
5.355457227138646914e-01 6.235829408225710954e-13
5.391592920353986962e-01 4.849625270636054294e-13
5.427728613569327010e-01 3.824372323867691139e-13
5.463864306784662617e-01 3.055057742094623298e-13
5.500000000000002665e-01 2.469835270064363236e-13
5.536135693215342712e-01 2.018853312547317184e-13
5.572271386430682760e-01 1.667049933674792180e-13
5.608407079646022808e-01 1.389442155283327289e-13
5.644542772861358415e-01 1.168004944287135565e-13
5.680678466076698463e-01 9.895767425843972245e-14
5.716814159292038511e-01 8.444363816945992453e-14
5.752949852507378559e-01 7.253245483226008905e-14
5.789085545722718606e-01 6.267631371865981244e-14
5.825221238938058654e-01 5.445765278785562717e-14
5.861356932153394261e-01 4.755512683069237049e-14
5.897492625368734309e-01 4.171916513881728917e-14
5.933628318584074357e-01 3.675424214525583730e-14
5.969764011799414405e-01 3.250589458149394726e-14
6.005899705014754453e-01 2.885112715518374899e-14
6.042035398230090060e-01 2.569125978856031398e-14
6.078171091445430108e-01 2.294654986065823710e-14
6.114306784660770155e-01 2.055211600593929500e-14
6.150442477876110203e-01 1.845482423766762112e-14
6.186578171091450251e-01 1.661089127692551420e-14
6.222713864306790299e-01 1.498402652697685040e-14
6.258849557522125906e-01 1.354398159523552246e-14
6.294985250737465954e-01 1.226541038138925563e-14
6.331120943952806002e-01 1.112696746290700046e-14
6.367256637168146050e-01 1.011059054394282933e-14
6.403392330383486097e-01 9.200925990087814551e-15
6.439528023598821704e-01 8.384866283499435086e-15
6.475663716814161752e-01 7.651175544558815169e-15
6.511799410029501800e-01 6.990184750091032433e-15
6.547935103244841848e-01 6.393542417138675784e-15
6.584070796460181896e-01 5.854009664219587699e-15
6.620206489675521944e-01 5.365290962685728903e-15
6.656342182890857551e-01 4.921893735019327202e-15
6.692477876106197598e-01 4.519011381483136392e-15
6.728613569321537646e-01 4.152425422881869366e-15
6.764749262536877694e-01 3.818423310851593123e-15
6.800884955752217742e-01 3.513729134717232968e-15
6.837020648967553349e-01 3.235444988222025317e-15
6.873156342182893397e-01 2.981001182670368226e-15
6.909292035398233445e-01 2.748113829861862666e-15
6.945427728613573493e-01 2.534748587466746237e-15
6.981563421828913540e-01 2.339089575698100870e-15
7.017699115044253588e-01 2.159512648460803569e-15
7.053834808259589195e-01 1.994562343297327931e-15
7.089970501474929243e-01 1.842931949128357802e-15
7.126106194690269291e-01 1.703446224744739984e-15
7.162241887905609339e-01 1.575046376651178454e-15
7.198377581120949387e-01 1.456776969646826510e-15
7.234513274336284994e-01 1.347774493758374535e-15
7.270648967551625041e-01 1.247257355265669973e-15
7.306784660766965089e-01 1.154517094948295299e-15
7.342920353982305137e-01 1.068910666522151615e-15
7.379056047197645185e-01 9.898536331544461445e-16
7.415191740412985233e-01 9.168141606578218815e-16
7.451327433628320840e-01 8.493077039888344517e-16
7.487463126843660888e-01 7.868922976590295598e-16
7.523598820059000936e-01 7.291643739910251108e-16
7.559734513274340983e-01 6.757550432497676851e-16
7.595870206489681031e-01 6.263267788519003692e-16
7.632005899705016638e-01 5.805704585003490920e-16
7.668141592920356686e-01 5.382027186373952851e-16
7.704277286135696734e-01 4.989635852109433503e-16
7.740412979351036782e-01 4.626143485512446640e-16
7.776548672566376830e-01 4.289356542823911000e-16
7.812684365781712437e-01 3.977257857460366796e-16
7.848820058997052485e-01 3.687991164802177239e-16
7.884955752212392532e-01 3.419847139457578815e-16
7.921091445427732580e-01 3.171250779869324171e-16
7.957227138643072628e-01 2.940749995035396594e-16
7.993362831858412676e-01 2.727005265409375991e-16
8.029498525073748283e-01 2.528780265103081140e-16
8.065634218289088331e-01 2.344933345639693927e-16
8.101769911504428379e-01 2.174409792970393275e-16
8.137905604719768426e-01 2.016234779495404239e-16
8.174041297935108474e-01 1.869506941614091394e-16
8.210176991150444081e-01 1.733392521037388812e-16
8.246312684365784129e-01 1.607120014867719039e-16
8.282448377581124177e-01 1.489975285411401085e-16
8.318584070796464225e-01 1.381297085940676560e-16
8.354719764011804273e-01 1.280472963257012113e-16
8.390855457227144321e-01 1.186935502003875207e-16
8.426991150442479928e-01 1.100158879301475963e-16
8.463126843657819975e-01 1.019655701488938027e-16
8.499262536873160023e-01 9.449740976093530098e-17
8.535398230088500071e-01 8.756950468065562238e-17
8.571533923303840119e-01 8.114299190561942829e-17
8.607669616519175726e-01 7.518182106615569570e-17
8.643805309734515774e-01 6.965254577360472291e-17
8.679941002949855822e-01 6.452413124945996990e-17
8.716076696165195870e-01 5.976777686072378831e-17
8.752212389380535917e-01 5.535675231500815538e-17
8.788348082595875965e-01 5.126624638382618204e-17
8.824483775811211572e-01 4.747322712573558299e-17
8.860619469026551620e-01 4.395631267374016956e-17
8.896755162241891668e-01 4.069565173486327370e-17
8.932890855457231716e-01 3.767281302503167833e-17
8.969026548672571764e-01 3.487068293030241133e-17
9.005162241887907371e-01 3.227337074676227876e-17
9.041297935103247418e-01 2.986612090689476780e-17
9.077433628318587466e-01 2.763523165040005241e-17
9.113569321533927514e-01 2.556797964295812342e-17
9.149705014749267562e-01 2.365255008771413715e-17
9.185840707964607610e-01 2.187797191177324634e-17
9.221976401179943217e-01 2.023405764409267120e-17
9.258112094395283265e-01 1.871134763221603119e-17
9.294247787610623313e-01 1.730105827357865062e-17
9.330383480825963360e-01 1.599503396292418801e-17
9.366519174041303408e-01 1.478570248093653158e-17
9.402654867256639015e-01 1.366603357072602024e-17
9.438790560471979063e-01 1.262950046850954419e-17
9.474926253687319111e-01 1.167004417286128480e-17
9.511061946902659159e-01 1.078204025344205367e-17
9.547197640117999207e-01 9.960268015275428129e-18
9.583333333333339255e-01 9.199881848556422621e-18
9.619469026548674861e-01 8.496384606765084688e-18
9.655604719764014909e-01 7.845602867609305482e-18
9.691740412979354957e-01 7.243663942140699613e-18
9.727876106194695005e-01 6.686974507340793742e-18
9.764011799410035053e-01 6.172200746653620649e-18
9.800147492625370660e-01 5.696249891397389009e-18
9.836283185840710708e-01 5.256253063793078419e-18
9.872418879056050756e-01 4.849549329551817207e-18
9.908554572271390803e-01 4.473670874616436889e-18
9.944690265486730851e-01 4.126329226803119184e-18
9.980825958702070899e-01 3.805402448774815724e-18
1.001696165191740651e+00 3.508923234038799040e-18
1.005309734513274655e+00 3.235067842530288228e-18
1.008923303834808660e+00 2.982145816852884189e-18
1.012536873156342665e+00 2.748590424423073289e-18
1.016150442477876670e+00 2.532949774638431599e-18
1.019764011799410230e+00 2.333878563777435559e-18
1.023377581120944235e+00 2.150130403668512062e-18
1.026991150442478240e+00 1.980550693254685010e-18
1.030604719764012245e+00 1.824069995046150532e-18
1.034218289085546250e+00 1.679697881115938145e-18
1.037831858407080254e+00 1.546517215763837374e-18
1.041445427728613815e+00 1.423678844271186164e-18
1.045058997050147820e+00 1.310396659301429268e-18
1.048672566371681825e+00 1.205943018484284890e-18
1.052286135693215829e+00 1.109644488564255636e-18
1.055899705014749834e+00 1.020877893207665342e-18
1.059513274336283395e+00 9.390666431557980105e-19
1.063126843657817400e+00 8.636773288936424872e-19
1.066740412979351404e+00 7.942165573823798389e-19
1.070353982300885409e+00 7.302280156861624267e-19
1.073967551622419414e+00 6.712897455170553728e-19
1.077581120943953419e+00 6.170116138326165291e-19
1.081194690265486980e+00 5.670329656539228643e-19
1.084808259587020984e+00 5.210204462337685490e-19
1.088421828908554989e+00 4.786659806001378492e-19
1.092035398230088994e+00 4.396848993333721228e-19
1.095648967551622999e+00 4.038142002114577978e-19
1.099262536873156559e+00 3.708109360799073107e-19
1.102876106194690564e+00 3.404507199754378044e-19
1.106489675516224569e+00 3.125263391583874997e-19
1.110103244837758574e+00 2.868464702918637193e-19
1.113716814159292579e+00 2.632344885481729563e-19
1.117330383480826583e+00 2.415273639283233260e-19
1.120943952802360144e+00 2.215746385507151143e-19
1.124557522123894149e+00 2.032374791031009520e-19
1.128171091445428154e+00 1.863877990594964756e-19
1.131784660766962158e+00 1.709074456432630409e-19
1.135398230088496163e+00 1.566874468708835040e-19
1.139011799410029724e+00 1.436273143397876278e-19
1.142625368731563729e+00 1.316343977296950685e-19
1.146238938053097733e+00 1.206232872718473878e-19
1.149852507374631738e+00 1.105152607056443238e-19
1.153466076696165743e+00 1.012377714889783451e-19
1.157079646017699748e+00 9.272397525815922950e-20
1.160693215339233308e+00 8.491229174698443693e-20
1.164306784660767313e+00 7.774599957329669910e-20
1.167920353982301318e+00 7.117286148630323070e-20
1.171533923303835323e+00 6.514477783993965748e-20
1.175147492625369328e+00 5.961746621757894624e-20
1.178761061946902888e+00 5.455016528220056741e-20
1.182374631268436893e+00 4.990536106449129817e-20
1.185988200589970898e+00 4.564853403005880949e-20
1.189601769911504903e+00 4.174792538652231343e-20
1.193215339233038907e+00 3.817432120248906535e-20
1.196828908554572468e+00 3.490085301377012188e-20
1.200442477876106473e+00 3.190281368825799907e-20
1.204056047197640478e+00 2.915748741017017274e-20
1.207669616519174483e+00 2.664399272728543096e-20
1.211283185840708487e+00 2.434313768187835439e-20
1.214896755162242492e+00 2.223728611761879809e-20
1.218510324483776053e+00 2.031023432118448476e-20
1.222123893805310058e+00 1.854709721906743395e-20
1.225737463126844062e+00 1.693420340737252901e-20
1.229351032448378067e+00 1.545899834561189694e-20
1.232964601769912072e+00 1.410995509490018850e-20
1.236578171091445633e+00 1.287649202678146801e-20
1.240191740412979637e+00 1.174889697146514604e-20
1.243805309734513642e+00 1.071825731370588061e-20
1.247418879056047647e+00 9.776395581169862382e-21
1.251032448377581652e+00 8.915810104088159180e-21
1.254646017699115657e+00 8.129620356481212948e-21
1.258259587020649217e+00 7.411516618435625834e-21
1.261873156342183222e+00 6.755713625977946802e-21
1.265486725663717227e+00 6.156907900178459047e-21
1.269100294985251232e+00 5.610238470363660806e-21
1.272713864306785236e+00 5.111250727860797254e-21
1.276327433628318797e+00 4.655863166653364157e-21
1.279941002949852802e+00 4.240336785811666832e-21
1.283554572271386807e+00 3.861246945682969146e-21
1.287168141592920811e+00 3.515457485676955381e-21
1.290781710914454816e+00 3.200096926158115281e-21
1.294395280235988821e+00 2.912536590541095848e-21
1.298008849557522382e+00 2.650370496255519076e-21
1.301622418879056386e+00 2.411396874880721134e-21
1.305235988200590391e+00 2.193601192511808409e-21
1.308849557522124396e+00 1.995140551371981909e-21
1.312463126843658401e+00 1.814329362893590414e-21
1.316076696165191962e+00 1.649626191000337920e-21
1.319690265486725966e+00 1.499621672193628375e-21
1.323303834808259971e+00 1.363027426318655843e-21
1.326917404129793976e+00 1.238665878607507052e-21
1.330530973451327981e+00 1.125460919807085360e-21
1.334144542772861985e+00 1.022429336937119643e-21
1.337758112094395546e+00 9.286729525219041590e-22
1.341371681415929551e+00 8.433714150332970264e-22
1.344985250737463556e+00 7.657755878003263173e-22
1.348598820058997561e+00 6.952014878109992277e-22
1.352212389380531565e+00 6.310247296814095828e-22
1.355825958702065126e+00 5.726754336187033979e-22
1.359439528023599131e+00 5.196335594815581251e-22
1.363053097345133136e+00 4.714246320643439152e-22
1.366666666666667140e+00 4.276158255185211293e-22
1.370280235988201145e+00 3.878123773954236848e-22
1.373893805309735150e+00 3.516543051638181466e-22
1.377507374631268711e+00 3.188134002398172495e-22
1.381120943952802715e+00 2.889904765792236514e-22
1.384734513274336720e+00 2.619128527368909497e-22
1.388348082595870725e+00 2.373320480057382826e-22
1.391961651917404730e+00 2.150216748213990177e-22
1.395575221238938290e+00 1.947755110671863029e-22
1.399188790560472295e+00 1.764057372477549877e-22
1.402802359882006300e+00 1.597413247275927953e-22
1.406415929203540305e+00 1.446265623601954968e-22
1.410029498525074310e+00 1.309197098734212150e-22
1.413643067846608314e+00 1.184917673328492075e-22
1.417256637168141875e+00 1.072253508845485637e-22
1.420870206489675880e+00 9.701366578750975211e-23
1.424483775811209885e+00 8.775956848972501220e-23
1.428097345132743889e+00 7.937471018541468694e-23
1.431710914454277894e+00 7.177875491923871170e-23
1.435324483775811455e+00 6.489866588054703476e-23
1.438938053097345460e+00 5.866805406109434551e-23
1.442551622418879465e+00 5.302658393677609279e-23
1.446165191740413469e+00 4.791943128123927111e-23
1.449778761061947474e+00 4.329678862997382593e-23
1.453392330383481479e+00 3.911341429050302402e-23
1.457005899705015040e+00 3.532822114032093072e-23
1.460619469026549044e+00 3.190390177173201424e-23
1.464233038348083049e+00 2.880658683408179954e-23
1.467846607669617054e+00 2.600553369100519820e-23
1.471460176991151059e+00 2.347284275540838416e-23
1.475073746312684619e+00 2.118319908952845996e-23
1.478687315634218624e+00 1.911363706338594828e-23
1.482300884955752629e+00 1.724332605370436621e-23
1.485914454277286634e+00 1.555337533833643150e-23
1.489528023598820639e+00 1.402665649971187609e-23
1.493141592920354643e+00 1.264764179597192291e-23
1.496755162241888204e+00 1.140225709139399799e-23
1.500368731563422209e+00 1.027774805941735163e-23
1.503982300884956214e+00 9.262558483020539839e-24
1.507595870206490218e+00 8.346219579164658697e-24
1.511209439528024223e+00 7.519249367356099026e-24
1.514823008849557784e+00 6.773061187750708883e-24
1.518436578171091789e+00 6.099880552327224111e-24
1.522050147492625793e+00 5.492669584079937492e-24
1.525663716814159798e+00 4.945058364487246301e-24
1.529277286135693803e+00 4.451282569218910598e-24
1.532890855457227808e+00 4.006126826609729362e-24
1.536504424778761368e+00 3.604873283294857211e-24
1.540117994100295373e+00 3.243254906959815644e-24
1.543731563421829378e+00 2.917413097775372422e-24
1.547345132743363383e+00 2.623859218092712225e-24
1.550958702064897388e+00 2.359439684679709474e-24
1.554572271386430948e+00 2.121304299460385946e-24
1.558185840707964953e+00 1.906877523636074249e-24
1.561799410029498958e+00 1.713832426456546968e-24
1.565412979351032963e+00 1.540067063983854270e-24
1.569026548672566967e+00 1.383683065154555479e-24
1.572640117994100972e+00 1.242966222476121043e-24
1.576253687315634533e+00 1.116368902955928336e-24
1.579867256637168538e+00 1.002494111512521746e-24
1.583480825958702543e+00 9.000810542947633947e-25
1.587094395280236547e+00 8.079920631643744385e-25
1.590707964601770552e+00 7.252007551983393096e-25
1.594321533923304113e+00 6.507813125464026080e-25
1.597935103244838118e+00 5.838987784323204723e-25
1.601548672566372122e+00 5.238002746075242882e-25
1.605162241887906127e+00 4.698070542315762613e-25
1.608775811209440132e+00 4.213073120424058101e-25
1.612389380530973693e+00 3.777496808576137360e-25
1.616002949852507697e+00 3.386373499797398181e-25
1.619616519174041702e+00 3.035227470199973101e-25
1.623230088495575707e+00 2.720027300586118382e-25
1.626843657817109712e+00 2.437142419739195888e-25
1.630457227138643717e+00 2.183303832396997537e-25
1.634070796460177277e+00 1.955568635507988636e-25
1.637684365781711282e+00 1.751287963274483908e-25
1.641297935103245287e+00 1.568078035016983234e-25
1.644911504424779292e+00 1.403794010352180828e-25
1.648525073746313296e+00 1.256506383843663863e-25
1.652138643067846857e+00 1.124479676404289468e-25
1.655752212389380862e+00 1.006153203537777857e-25
1.659365781710914867e+00 9.001237212097605925e-26
1.662979351032448871e+00 8.051297689264347494e-26
1.666592920353982876e+00 7.200375466474853454e-26
1.670206489675516881e+00 6.438281776249087992e-26
1.673820058997050442e+00 5.755862232867016245e-26
1.677433628318584447e+00 5.144893290043417058e-26
1.681047197640118451e+00 4.597988911158421204e-26
1.684660766961652456e+00 4.108516460298028454e-26
1.688274336283186461e+00 3.670520917103043790e-26
1.691887905604720022e+00 3.278656604272973826e-26
1.695501474926254026e+00 2.928125694341304798e-26
1.699115044247788031e+00 2.614622832784347058e-26
1.702728613569322036e+00 2.334285278313127687e-26
1.706342182890856041e+00 2.083648018958553985e-26
1.709955752212390045e+00 1.859603374839602139e-26
1.713569321533923606e+00 1.659364645824952684e-26
1.717182890855457611e+00 1.480433405114066923e-26
1.720796460176991616e+00 1.320570078501034876e-26
1.724410029498525621e+00 1.177767484121311259e-26
1.728023598820059625e+00 1.050227039167948384e-26
1.731637168141593186e+00 9.363373687131252484e-27
1.735250737463127191e+00 8.346550776690161034e-27
1.738864306784661196e+00 7.438874703300875091e-27
1.742477876106195200e+00 6.628770230897346048e-27
1.746091445427729205e+00 5.905874350348951886e-27
1.749705014749263210e+00 5.260910983829910978e-27
1.753318584070796771e+00 4.685578463147997788e-27
1.756932153392330775e+00 4.172448498325058809e-27
1.760545722713864780e+00 3.714875479791878886e-27
1.764159292035398785e+00 3.306915072247881675e-27
1.767772861356932790e+00 2.943251161734408819e-27
1.771386430678466350e+00 2.619130310847128887e-27
1.775000000000000355e+00 2.330302961244308071e-27
1.778613569321534360e+00 2.072970698573739822e-27
1.782227138643068365e+00 1.843738963440186894e-27
1.785840707964602370e+00 1.639574653788612636e-27
1.789454277286136374e+00 1.457768119739971144e-27
1.793067846607669935e+00 1.295899102077362336e-27
1.796681415929203940e+00 1.151806210774999635e-27
1.800294985250737945e+00 1.023559580675951527e-27
1.803908554572271949e+00 9.094363780919290880e-28
1.807522123893805954e+00 8.078988651179344400e-28
1.811135693215339515e+00 7.175747581809684882e-28
1.814749262536873520e+00 6.372396441003414176e-28
1.818362831858407525e+00 5.658012410180547352e-28
1.821976401179941529e+00 5.022853132251684762e-28
1.825589970501475534e+00 4.458230684026906016e-28
1.829203539823009539e+00 3.956398833271275208e-28
1.832817109144543100e+00 3.510452198569566062e-28
1.836430678466077104e+00 3.114236071907574031e-28
1.840044247787611109e+00 2.762265791297983147e-28
1.843657817109145114e+00 2.449654665292123775e-28
1.847271386430679119e+00 2.172049554119837634e-28
1.850884955752212679e+00 1.925573304642875022e-28
1.854498525073746684e+00 1.706773319340977593e-28
1.858112094395280689e+00 1.512575614120019120e-28
1.861725663716814694e+00 1.340243786681631975e-28
1.865339233038348699e+00 1.187342377299957376e-28
1.868952802359882703e+00 1.051704157792722987e-28
1.872566371681416264e+00 9.314009328825288079e-29
1.876179941002950269e+00 8.247174815721540678e-29
1.879793510324484274e+00 7.301283051152933506e-29
1.883407079646018278e+00 6.462768831009169279e-29
1.887020648967552283e+00 5.719571704965844877e-29
1.890634218289085844e+00 5.060970965803810835e-29
1.894247787610619849e+00 4.477438518633624833e-29
1.897861356932153853e+00 3.960507716623679952e-29
1.901474926253687858e+00 3.502656451946553554e-29
1.905088495575221863e+00 3.097202971705930184e-29
1.908702064896755868e+00 2.738213050767545848e-29
1.912315634218289429e+00 2.420417298616518549e-29
1.915929203539823433e+00 2.139137507362786150e-29
1.919542772861357438e+00 1.890221064379670521e-29
1.923156342182891443e+00 1.669982557196329530e-29
1.926769911504425448e+00 1.475151791444688367e-29
1.930383480825959008e+00 1.302827526019070861e-29
1.933997050147493013e+00 1.150436304163140958e-29
1.937610619469027018e+00 1.015695825872482333e-29
1.941224188790561023e+00 8.965823666111992698e-30
1.944837758112095027e+00 7.913018006294459469e-30
1.948451327433629032e+00 6.982638347922865979e-30
1.952064896755162593e+00 6.160591013874750691e-30
1.955678466076696598e+00 5.434387963985493080e-30
1.959292035398230603e+00 4.792965836905724986e-30
1.962905604719764607e+00 4.226525158836714939e-30
1.966519174041298612e+00 3.726387497696719993e-30
1.970132743362832173e+00 3.284868583019221702e-30
1.973746312684366178e+00 2.895165627648965375e-30
1.977359882005900182e+00 2.551257279855220263e-30
1.980973451327434187e+00 2.247814806270470695e-30
1.984587020648968192e+00 1.980123259308114488e-30
1.988200589970502197e+00 1.744011519388384014e-30
1.991814159292035757e+00 1.535790224171195903e-30
1.995427728613569762e+00 1.352196705647302861e-30
1.999041297935103767e+00 1.190346152786468560e-30
2.002654867256637772e+00 1.047688303749854016e-30
2.006268436578171777e+00 9.219690485769207957e-31
2.009882005899705337e+00 8.111963917657697230e-31
2.013495575221239342e+00 7.136102851847777015e-31
2.017109144542773347e+00 6.276558960917409690e-31
2.020722713864307352e+00 5.519599234156089903e-31
2.024336283185841356e+00 4.853096185219941693e-31
2.027949852507374917e+00 4.266342050122187147e-31
2.031563421828908922e+00 3.749884262115349266e-31
2.035176991150442927e+00 3.295379793452776221e-31
2.038790560471976931e+00 2.895466223910428652e-31
2.042404129793510936e+00 2.543647635983201115e-31
2.046017699115044941e+00 2.234193650086670742e-31
2.049631268436578502e+00 1.962050102827146991e-31
2.053244837758112507e+00 1.722760040037578032e-31
2.056858407079646511e+00 1.512393846134745796e-31
2.060471976401180516e+00 1.327487464499518863e-31
2.064085545722714521e+00 1.164987781857071696e-31
2.067699115044248082e+00 1.022204354681298627e-31
2.071312684365782086e+00 8.967667489245304662e-32
2.074926253687316091e+00 7.865868471897620166e-32
2.078539823008850096e+00 6.898255509692281735e-32
2.082153392330384101e+00 6.048633708122831925e-32
2.085766961651918106e+00 5.302744551702351842e-32
2.089380530973451666e+00 4.648036600184841206e-32
2.092994100294985671e+00 4.073463069047347487e-32
2.096607669616519676e+00 3.569303174639652876e-32
2.100221238938053236e+00 3.127004482546153379e-32
2.103834808259587685e+00 2.739043815174343187e-32
2.107448377581121246e+00 2.398804555964702058e-32
2.111061946902655695e+00 2.100468436952492079e-32
2.114675516224189256e+00 1.838920117321111674e-32
2.118289085545722816e+00 1.609663056259454739e-32
2.121902654867257265e+00 1.408745356741207161e-32
2.125516224188790826e+00 1.232694410289052466e-32
2.129129793510325275e+00 1.078459308638640045e-32
2.132743362831858835e+00 9.433601084630934198e-33
2.136356932153393284e+00 8.250431417285226187e-33
2.139970501474926845e+00 7.214416584081211330e-33
2.143584070796460406e+00 6.307411715711291439e-33
2.147197640117994855e+00 5.513489485335069960e-33
2.150811209439528415e+00 4.818671569011677074e-33
2.154424778761062864e+00 4.210692319338844931e-33
2.158038348082596425e+00 3.678790825720400052e-33
2.161651917404129986e+00 3.213527984656709770e-33
2.165265486725664434e+00 2.806625601071474132e-33
2.168879056047197995e+00 2.450824892968690114e-33
2.172492625368732444e+00 2.139762081998316286e-33
2.176106194690266005e+00 1.867859026541386623e-33
2.179719764011799565e+00 1.630227095876090761e-33
2.183333333333334014e+00 1.422582697594108808e-33
2.186946902654867575e+00 1.241173058965763897e-33
2.190560471976402024e+00 1.082711029329822954e-33
2.194174041297935585e+00 9.443178173791521922e-34
2.197787610619469145e+00 8.234727067067742725e-34
2.201401179941003594e+00 7.179689071883891899e-34
2.205014749262537155e+00 6.258748004903089630e-34
2.208628318584071604e+00 5.454999267844902232e-34
2.212241887905605164e+00 4.753651380230289736e-34
2.215855457227138725e+00 4.141764121036945452e-34
2.219469026548673174e+00 3.608018830414515499e-34
2.223082595870206735e+00 3.142516958090163154e-34
2.226696165191741184e+00 2.736603416757251000e-34
2.230309734513274744e+00 2.382711714129157688e-34
2.233923303834809193e+00 2.074228203063454700e-34
2.237536873156342754e+00 1.805373111143945699e-34
2.241150442477876314e+00 1.571096294481897637e-34
2.244764011799410763e+00 1.366985909886746246e-34
2.248377581120944324e+00 1.189188418962877217e-34
2.251991150442478773e+00 1.034338530702133024e-34
2.255604719764012334e+00 8.994978588974026598e-35
2.259218289085545894e+00 7.821012199722407745e-35
2.262831858407080343e+00 6.799096280607720686e-35
2.266445427728613904e+00 5.909691595300087187e-35
2.270058997050148353e+00 5.135749605200970239e-35
2.273672566371681913e+00 4.462397601632802528e-35
2.277286135693215474e+00 3.876663304033722996e-35
2.280899705014749923e+00 3.367234020814460670e-35
2.284513274336283484e+00 2.924246073216826050e-35
2.288126843657817933e+00 2.539100712583339149e-35
2.291740412979351493e+00 2.204303226765637290e-35
2.295353982300885054e+00 1.913322339819345966e-35
2.298967551622419503e+00 1.660467367535028110e-35
2.302581120943953064e+00 1.440780905808383504e-35
2.306194690265487512e+00 1.249945104695525523e-35
2.309808259587021073e+00 1.084199822931379479e-35
2.313421828908555522e+00 9.402711698285768802e-36
2.317035398230089083e+00 8.153091274716934143e-36
2.320648967551622643e+00 7.068331091505366613e-36
2.324262536873157092e+00 6.126844528617523401e-36
2.327876106194690653e+00 5.309849739050430301e-36
2.331489675516225102e+00 4.601008102833831774e-36
2.335103244837758663e+00 3.986108906898197113e-36
2.338716814159292223e+00 3.452794389974825151e-36
2.342330383480826672e+00 2.990320028381015736e-36
2.345943952802360233e+00 2.589345583431955946e-36
2.349557522123894682e+00 2.241752995684747383e-36
2.353171091445428242e+00 1.940487705171007297e-36
2.356784660766961803e+00 1.679420408947340135e-36
2.360398230088496252e+00 1.453226645355174663e-36
2.364011799410029813e+00 1.257281925028094986e-36
2.367625368731564262e+00 1.087570417823535087e-36
2.371238938053097822e+00 9.406054576460662836e-37
2.374852507374631383e+00 8.133603480952115428e-37
2.378466076696165832e+00 7.032081449907344501e-37
2.382079646017699393e+00 6.078692605737118243e-37
2.385693215339233841e+00 5.253658816045807537e-37
2.389306784660767402e+00 4.539823223508812803e-37
2.392920353982301851e+00 3.922305459131551485e-37
2.396533923303835412e+00 3.388201855309113607e-37
2.400147492625368972e+00 2.926324832300954932e-37
2.403761061946903421e+00 2.526976379943171193e-37
2.407374631268436982e+00 2.181751209339013996e-37
2.410988200589971431e+00 1.883365718952860931e-37
2.414601769911504991e+00 1.625509416495117804e-37
2.418215339233038552e+00 1.402715871419786498e-37
2.421828908554573001e+00 1.210250650830394773e-37
2.425442477876106562e+00 1.044014021123710553e-37
2.429056047197641011e+00 9.004564849565197705e-38
2.432669616519174571e+00 7.765054734790907137e-38
2.436283185840708132e+00 6.695017319297652179e-38
2.439896755162242581e+00 5.771441267468864092e-38
2.443510324483776142e+00 4.974417679052731439e-38
2.447123893805310590e+00 4.286724843634242171e-38
2.450737463126844151e+00 3.693468160495906351e-38
2.454351032448377712e+00 3.181767951065325111e-38
2.457964601769912161e+00 2.740488842462966023e-38
2.461578171091445721e+00 2.360005228519517236e-38
2.465191740412980170e+00 2.031998034963609187e-38
2.468805309734513731e+00 1.749278642112123807e-38
2.472418879056048180e+00 1.505636363416735456e-38
2.476032448377581741e+00 1.295706352184955726e-38
2.479646017699115301e+00 1.114855220876009000e-38
2.483259587020649750e+00 9.590820155933673833e-39
2.486873156342183311e+00 8.249324997374337152e-39
2.490486725663717760e+00 7.094249713250528752e-39
2.494100294985251320e+00 6.099860735372620107e-39
2.497713864306784881e+00 5.243952622328857055e-39
2.501327433628319330e+00 4.507367714937504820e-39
2.504941002949852891e+00 3.873580722438419371e-39
2.508554572271387340e+00 3.328339526644305854e-39
2.512168141592920900e+00 2.859354651620400908e-39
2.515781710914454461e+00 2.456030853460865699e-39
2.519395280235988910e+00 2.109235158509031469e-39
2.523008849557522471e+00 1.811096436387604609e-39
2.526622418879056919e+00 1.554832251691580503e-39
2.530235988200590480e+00 1.334599308383801286e-39
2.533849557522124041e+00 1.145364295302093550e-39
2.537463126843658490e+00 9.827923697672286778e-40
2.541076696165192050e+00 8.431508877325024975e-40
2.544690265486726499e+00 7.232263108152355669e-40
2.548303834808260060e+00 6.202524994466997903e-40
2.551917404129794509e+00 5.318488429689808510e-40
2.555530973451328070e+00 4.559668867559336277e-40
2.559144542772861630e+00 3.908442976262159480e-40
2.562758112094396079e+00 3.349651656900997132e-40
2.566371681415929640e+00 2.870257765653397207e-40
2.569985250737464089e+00 2.459051054192046435e-40
2.573598820058997649e+00 2.106393859887345594e-40
2.577212389380531210e+00 1.804001957089054435e-40
2.580825958702065659e+00 1.544755741804880980e-40
2.584439528023599220e+00 1.322537580224524304e-40
2.588053097345133668e+00 1.132091720615630441e-40
2.591666666666667229e+00 9.689036600825286437e-41
2.595280235988200790e+00 8.290962829144503480e-41
2.598893805309735239e+00 7.093404547314199506e-41
2.602507374631268799e+00 6.067780741562007057e-41
2.606120943952803248e+00 5.189558580339309655e-41
2.609734513274336809e+00 4.437683731392526214e-41
2.613348082595870370e+00 3.794090318971148786e-41
2.616961651917404819e+00 3.243279462886841712e-41
2.620575221238938379e+00 2.771956865984332752e-41
2.624188790560472828e+00 2.368721232672152296e-41
2.627802359882006389e+00 2.023796436845492301e-41
2.631415929203539950e+00 1.728801337359861570e-41
2.635029498525074398e+00 1.476551984438320236e-41
2.638643067846607959e+00 1.260891689343378507e-41
2.642256637168142408e+00 1.076545058227982716e-41
2.645870206489675969e+00 9.189926330005955888e-42
2.649483775811210418e+00 7.843632491594760205e-42
2.653097345132743978e+00 6.693416231357413980e-42
2.656710914454277539e+00 5.710890285676556839e-42
2.660324483775811988e+00 4.871752197794333684e-42
2.663938053097345549e+00 4.155200181462153731e-42
2.667551622418879997e+00 3.543431987095062593e-42
2.671165191740413558e+00 3.021215052824416626e-42
2.674778761061947119e+00 2.575517866037252746e-42
2.678392330383481568e+00 2.195193875337618175e-42
2.682005899705015128e+00 1.870710509987162767e-42
2.685619469026549577e+00 1.593916911111074893e-42
2.689233038348083138e+00 1.357844879830009399e-42
2.692846607669616699e+00 1.156538322309901016e-42
2.696460176991151148e+00 9.849071380378204680e-43
2.700073746312684708e+00 8.386020705005767619e-43
2.703687315634219157e+00 7.139075319080320259e-43
2.707300884955752718e+00 6.076498368502750572e-43
2.710914454277286278e+00 5.171186434785478537e-43
2.714528023598820727e+00 4.399997132795372122e-43
2.718141592920354288e+00 3.743173689225626632e-43
2.721755162241888737e+00 3.183852601863988340e-43
2.725368731563422298e+00 2.707642459198429615e-43
2.728982300884956747e+00 2.302263699304807255e-43
2.732595870206490307e+00 1.957240545721851397e-43
2.736209439528023868e+00 1.663637609898692496e-43
2.739823008849558317e+00 1.413834724015520486e-43
2.743436578171091877e+00 1.201334489527884331e-43
2.747050147492626326e+00 1.020597817245455550e-43
2.750663716814159887e+00 8.669034126456401740e-44
2.754277286135693448e+00 7.362277413580573455e-44
2.757890855457227897e+00 6.251425080449967675e-44
2.761504424778761457e+00 5.307271089858996703e-44
2.765117994100295906e+00 4.504938846735049262e-44
2.768731563421829467e+00 3.823243123199840062e-44
2.772345132743363028e+00 3.244145468047673076e-44
2.775958702064897476e+00 2.752289486848238305e-44
2.779572271386431037e+00 2.334604349169281710e-44
2.783185840707965486e+00 1.979966566371738171e-44
2.786799410029499047e+00 1.678911527509536915e-44
2.790412979351032607e+00 1.423387516796264533e-44
2.794026548672567056e+00 1.206545993723405506e-44
2.797640117994100617e+00 1.022562821767848800e-44
2.801253687315635066e+00 8.664859056383896133e-45
2.804867256637168627e+00 7.341053589915410894e-45
2.808480825958703075e+00 6.218428905978858874e-45
2.812094395280236636e+00 5.266575808792839234e-45
2.815707964601770197e+00 4.459656344013094617e-45
2.819321533923304646e+00 3.775720474353169968e-45
2.822935103244838206e+00 3.196124317822573676e-45
2.826548672566372655e+00 2.705034941254802201e-45
2.830162241887906216e+00 2.289008906141100081e-45
2.833775811209439777e+00 1.936633646330492079e-45
2.837389380530974226e+00 1.638222364568286578e-45
2.841002949852507786e+00 1.385554507080725295e-45
2.844616519174042235e+00 1.171655046684384328e-45
2.848230088495575796e+00 9.906068044394605302e-46
2.851843657817109357e+00 8.373908927112310012e-46
2.855457227138643805e+00 7.077510900435856195e-46
2.859070796460177366e+00 5.980785787858176529e-46
2.862684365781711815e+00 5.053140055886452779e-46
2.866297935103245376e+00 4.268642760647151798e-46
2.869911504424778936e+00 3.605318795234897365e-46
2.873525073746313385e+00 3.044548674971297384e-46
2.877138643067846946e+00 2.570558891154300700e-46
2.880752212389381395e+00 2.169989243847358086e-46
2.884365781710914955e+00 1.831525591625300199e-46
2.887979351032449404e+00 1.545588182854870463e-46
2.891592920353982965e+00 1.304067203421581223e-46
2.895206489675516526e+00 1.100098427597098887e-46
2.898820058997050975e+00 9.278729243104247510e-47
2.902433628318584535e+00 7.824756779459104740e-47
2.906047197640118984e+00 6.597487544595253003e-47
2.909660766961652545e+00 5.561753001029046516e-47
2.913274336283186106e+00 4.687812184766439636e-47
2.916887905604720554e+00 3.950518465442312354e-47
2.920501474926254115e+00 3.328613540614045968e-47
2.924115044247788564e+00 2.804129341791221981e-47
2.927728613569322125e+00 2.361881447868181752e-47
2.931342182890855685e+00 1.989040081499540635e-47
2.934955752212390134e+00 1.674766871074081360e-47
2.938569321533923695e+00 1.409907351017500731e-47
2.942182890855458144e+00 1.186730693565098240e-47
2.945796460176991705e+00 9.987094563548332296e-48
2.949410029498525265e+00 8.403332264818850272e-48
2.953023598820059714e+00 7.069509723381134800e-48
2.956637168141593275e+00 5.946377044731044014e-48
2.960250737463127724e+00 5.000817170482209311e-48
2.963864306784661284e+00 4.204892502019181052e-48
2.967477876106195733e+00 3.535038961119150596e-48
2.971091445427729294e+00 2.971384807462660978e-48
2.974705014749262855e+00 2.497175002988873097e-48
2.978318584070797304e+00 2.098284855101932560e-48
2.981932153392330864e+00 1.762809164666028357e-48
2.985545722713865313e+00 1.480715218434843463e-48
2.989159292035398874e+00 1.243549756669330393e-48
2.992772861356932435e+00 1.044191564192180545e-48
2.996386430678466883e+00 8.766426185380807755e-49
3.000000000000000000e+00 7.358518175295748817e-49
