1.000000000000000000e+00
1.000000000000000000e+00
1.000000000000000000e+00
1.000000000000000000e+00
1.000000000000000000e+00
1.000000000000000000e+00
1.000000000000000000e+00
9.173947183470917421e-01
7.783109519808640853e-01
6.262790006693693678e-01
4.909966486636712091e-01
4.139082430610426799e-01
3.270918682559394441e-01
2.527107128278452408e-01
2.399342617784288034e-01
2.327193597340259656e-01
2.556760302319365796e-01
3.087702502635757962e-01
3.438662521401503191e-01
3.802582905688894899e-01
3.787154229498526647e-01
3.701240515431700739e-01
3.763239182085246770e-01
3.579884366805315965e-01
3.273618861886606890e-01
3.240012089102640713e-01
3.051415068585791590e-01
2.830122638432763238e-01
2.740789650481608719e-01
2.853686465497739522e-01
3.071556957101491681e-01
3.243257683453436013e-01
3.412465710985257972e-01
3.554957116264998440e-01
3.735348419014416499e-01
3.627726067248173147e-01
3.733038231060543666e-01
3.597865664414947040e-01
3.448664517274505625e-01
3.333423882191531851e-01
3.197216734337147703e-01
3.110975680188023951e-01
2.956360490898200521e-01
2.849019955808688720e-01
2.720702189215880584e-01
2.679390624670763832e-01
2.754227176383606257e-01
2.962372707283955076e-01
3.041701536039649878e-01
3.418627897463095144e-01
3.391070565814358062e-01
3.579230471809795588e-01
3.503757226137022562e-01
3.613589513223059435e-01
3.497609851454558938e-01
3.255788857376507583e-01
3.200998975394604429e-01
3.123070023770019854e-01
3.105530863967104205e-01
3.220631456464513320e-01
3.322095464304087864e-01
3.167561120133871033e-01
3.018448704038798613e-01
3.303903306053969091e-01
3.317655004272402341e-01
3.495141707262385822e-01
3.399269656196187706e-01
3.373692840602129928e-01
3.402871109222607160e-01
3.384497582223369161e-01
3.265616973585368510e-01
2.964932360967322267e-01
2.862674589150065452e-01
2.733772342118422904e-01
2.681470499076905600e-01
2.581112513046995849e-01
2.698048144578067964e-01
2.732345775986764203e-01
2.863342279039034488e-01
3.034696544019036546e-01
3.076556196162244516e-01
2.994718621351474819e-01
3.228864018906618116e-01
3.424618463393273582e-01
3.453629422419076112e-01
3.353954362977879522e-01
3.123539648003672009e-01
2.943856384670233695e-01
3.040677040555627708e-01
3.049445298324946485e-01
2.949526912233573217e-01
3.094241950450945522e-01
3.164822422390868306e-01
3.173212997844978567e-01
3.267188125295948931e-01
3.315026537830448317e-01
3.348236182169304076e-01
3.349957304126110480e-01
3.460151235621735655e-01
3.399999168068036370e-01
3.372689533360610503e-01
3.229978978239237408e-01
3.217223538894769530e-01
2.977612768556153755e-01
2.989061269323444181e-01
3.062919154882565720e-01
3.019777449997675944e-01
3.100539635495148660e-01
3.018738917294269131e-01
3.122827416796503663e-01
3.030923668707241614e-01
3.069530272615620392e-01
3.125787198189216576e-01
3.265254808737038661e-01
3.109770736816956371e-01
3.022760102141913707e-01
3.115830321682451776e-01
3.292939955807076546e-01
3.307114977839298864e-01
3.164606219068817894e-01
3.131559289679545777e-01
3.199943276467321907e-01
3.055805411108755698e-01
3.134294268669138295e-01
3.251669766060596434e-01
3.257173244340318408e-01
3.336131262385192420e-01
3.290562393369474981e-01
3.244872983782292608e-01
3.270521066848408598e-01
3.223160111028787189e-01
3.037760126870129307e-01
3.055243745074032180e-01
2.888513205454069643e-01
2.902580570711886798e-01
2.669439531809270072e-01
2.599322605605276504e-01
2.612942169332405085e-01
2.624484821687713132e-01
2.741483298732675933e-01
2.906572485530078964e-01
2.960826960445469558e-01
3.230222748765644303e-01
3.428673737062362115e-01
3.418030284270519581e-01
3.611753433429121252e-01
3.577484144732753779e-01
3.548582873719304254e-01
3.535533837707882099e-01
3.425349491805160795e-01
3.167115963710233073e-01
3.121682315405854835e-01
2.911004722619371932e-01
2.853831253673059232e-01
2.926883593309617670e-01
2.886629040896289133e-01
2.909266258620126777e-01
3.109461566955835643e-01
3.176467798480140381e-01
3.047703668231713792e-01
3.121622140827397529e-01
3.351336815361797838e-01
3.346700359631952781e-01
3.339522917078578401e-01
3.253054303181422413e-01
3.399571952111271056e-01
3.181082340811243747e-01
3.153768804972287287e-01
2.991781720500988340e-01
2.953769771839485081e-01
2.883107465281329329e-01
3.059430575643126149e-01
3.049343071447644937e-01
3.005588220698612867e-01
3.074002170116419963e-01
3.201997368459729154e-01
3.434445902797204631e-01
3.542075178994285589e-01
3.592519633822504610e-01
3.586810704417471296e-01
3.528104143968065487e-01
3.565618409719847337e-01
3.601682634398937211e-01
3.324603901497952818e-01
3.253470185616569310e-01
3.199408677489213315e-01
2.980684103404708796e-01
2.967992211408555514e-01
2.883941202678987903e-01
2.727200640816745403e-01
2.811693225818238107e-01
2.715406121583093246e-01
3.000566416821878746e-01
2.948023043066831383e-01
3.127376951974975006e-01
3.077448917504760351e-01
3.187638000258144477e-01
3.325501323389332686e-01
3.255154822954241522e-01
3.459790557248501042e-01
3.441473016561987230e-01
3.465858024144726768e-01
3.331374620979947743e-01
3.363320572857023127e-01
3.151978136684356890e-01
3.108077459999417091e-01
2.997743057887181650e-01
3.138947277434372962e-01
3.073219225989699543e-01
3.103660609704679829e-01
3.081691972339252183e-01
3.075553653106017915e-01
3.087175723803833316e-01
3.175528563111779112e-01
3.234171493155056920e-01
3.144246573008175338e-01
3.117063561097419000e-01
3.267337232042937800e-01
3.361189896642615138e-01
3.282313053414017689e-01
3.341096248869742658e-01
3.194569845870348090e-01
3.197815313434215212e-01
3.149315005545212376e-01
3.162913149899552745e-01
3.041764537691301618e-01
2.953182968818802157e-01
2.950938821062207285e-01
3.025895005135461613e-01
3.118620267155484682e-01
3.199016075809549831e-01
3.011621034289595489e-01
2.902973872686641088e-01
2.940892382928309012e-01
3.109946471001147072e-01
3.191223265081106764e-01
3.251140634442210020e-01
3.331057510728617221e-01
3.353010218166186940e-01
3.356290521931488691e-01
3.313961430708555200e-01
3.184172247025387481e-01
3.254939012521447794e-01
3.312807430467563652e-01
3.345751915148668099e-01
3.389123928924882012e-01
3.415741708730904991e-01
3.345935164209631330e-01
3.335747180515293286e-01
3.408043493189042983e-01
