1.000000000000000000e+00
9.883599203497969166e-01
9.637296169314935046e-01
9.495402428215770074e-01
9.040067435325476186e-01
8.829812697159736823e-01
8.630225195163564456e-01
8.548805588485304252e-01
8.545247820690762275e-01
8.538361007603236796e-01
8.398050091002556838e-01
8.398050091002556838e-01
8.402656663215322119e-01
8.390763293908447551e-01
8.390763293908447551e-01
8.395238961448601156e-01
8.395238961448601156e-01
8.395238961448601156e-01
8.395238961448601156e-01
8.395238961448601156e-01
8.395238961448601156e-01
8.395238961448601156e-01
8.395238961448601156e-01
8.395238961448601156e-01
8.395238961448601156e-01
8.395238961448601156e-01
8.395238961448601156e-01
8.395238961448601156e-01
8.395238961448601156e-01
8.395238961448601156e-01
8.395238961448601156e-01
8.395238961448601156e-01
8.395238961448601156e-01
8.395238961448601156e-01
8.395238961448601156e-01
8.395238961448601156e-01
8.395238961448601156e-01
8.395238961448601156e-01
8.395238961448601156e-01
8.395238961448601156e-01
8.395238961448601156e-01
8.395238961448601156e-01
8.395238961448601156e-01
8.395238961448601156e-01
8.395238961448601156e-01
8.395238961448601156e-01
8.395238961448601156e-01
8.395238961448601156e-01
8.395238961448601156e-01
8.395238961448601156e-01
8.395238961448601156e-01
8.395238961448601156e-01
8.395238961448601156e-01
8.395238961448601156e-01
8.395238961448601156e-01
8.395238961448601156e-01
8.395238961448601156e-01
8.395238961448601156e-01
8.395238961448601156e-01
8.395238961448601156e-01
8.395238961448601156e-01
8.395238961448601156e-01
8.395238961448601156e-01
8.395238961448601156e-01
8.395238961448601156e-01
8.395238961448601156e-01
8.395238961448601156e-01
8.395238961448601156e-01
8.395238961448601156e-01
8.395238961448601156e-01
8.395238961448601156e-01
8.395238961448601156e-01
8.395238961448601156e-01
8.395238961448601156e-01
8.395238961448601156e-01
8.395238961448601156e-01
8.395238961448601156e-01
8.395238961448601156e-01
8.395238961448601156e-01
8.395238961448601156e-01
8.395238961448601156e-01
8.395238961448601156e-01
8.395238961448601156e-01
8.395238961448601156e-01
8.395238961448601156e-01
8.395238961448601156e-01
8.395238961448601156e-01
8.395238961448601156e-01
8.395238961448601156e-01
8.395238961448601156e-01
8.395238961448601156e-01
8.395238961448601156e-01
8.395238961448601156e-01
8.395238961448601156e-01
8.395238961448601156e-01
8.395238961448601156e-01
8.395238961448601156e-01
8.395238961448601156e-01
8.395238961448601156e-01
8.395238961448601156e-01
8.395238961448601156e-01
8.395238961448601156e-01
8.395238961448601156e-01
8.395238961448601156e-01
8.395238961448601156e-01
8.395238961448601156e-01
8.395238961448601156e-01
8.395238961448601156e-01
8.395238961448601156e-01
8.395238961448601156e-01
8.395238961448601156e-01
8.395238961448601156e-01
8.395238961448601156e-01
8.395238961448601156e-01
8.395238961448601156e-01
8.395238961448601156e-01
8.395238961448601156e-01
8.395238961448601156e-01
8.395238961448601156e-01
8.395238961448601156e-01
8.395238961448601156e-01
8.395238961448601156e-01
8.395238961448601156e-01
8.395238961448601156e-01
8.395238961448601156e-01
8.395238961448601156e-01
8.395238961448601156e-01
8.395238961448601156e-01
8.395238961448601156e-01
8.395238961448601156e-01
8.395238961448601156e-01
8.395238961448601156e-01
8.395238961448601156e-01
8.395238961448601156e-01
8.395238961448601156e-01
8.395238961448601156e-01
8.395238961448601156e-01
8.395238961448601156e-01
8.395238961448601156e-01
8.395238961448601156e-01
8.395238961448601156e-01
8.395238961448601156e-01
8.395238961448601156e-01
8.395238961448601156e-01
8.395238961448601156e-01
8.395238961448601156e-01
8.395238961448601156e-01
8.395238961448601156e-01
8.395238961448601156e-01
8.395238961448601156e-01
8.395238961448601156e-01
8.395238961448601156e-01
8.395238961448601156e-01
8.395238961448601156e-01
8.395238961448601156e-01
8.395238961448601156e-01
8.395238961448601156e-01
8.395238961448601156e-01
8.395238961448601156e-01
8.395238961448601156e-01
8.395238961448601156e-01
8.395238961448601156e-01
8.395238961448601156e-01
8.395238961448601156e-01
8.395238961448601156e-01
8.395238961448601156e-01
8.395238961448601156e-01
8.395238961448601156e-01
8.395238961448601156e-01
8.395238961448601156e-01
8.395238961448601156e-01
8.395238961448601156e-01
8.395238961448601156e-01
8.395238961448601156e-01
8.395238961448601156e-01
8.395238961448601156e-01
8.395238961448601156e-01
8.395238961448601156e-01
8.395238961448601156e-01
8.395238961448601156e-01
8.395238961448601156e-01
8.395238961448601156e-01
8.395238961448601156e-01
8.395238961448601156e-01
8.395238961448601156e-01
8.395238961448601156e-01
8.395238961448601156e-01
8.395238961448601156e-01
8.395238961448601156e-01
8.395238961448601156e-01
8.395238961448601156e-01
8.395238961448601156e-01
8.395238961448601156e-01
8.395238961448601156e-01
8.395238961448601156e-01
8.395238961448601156e-01
8.395238961448601156e-01
8.395238961448601156e-01
8.395238961448601156e-01
8.395238961448601156e-01
8.395238961448601156e-01
8.395238961448601156e-01
8.395238961448601156e-01
8.395238961448601156e-01
8.395238961448601156e-01
8.395238961448601156e-01
8.395238961448601156e-01
8.395238961448601156e-01
8.395238961448601156e-01
8.395238961448601156e-01
8.395238961448601156e-01
8.395238961448601156e-01
8.395238961448601156e-01
8.395238961448601156e-01
8.395238961448601156e-01
8.395238961448601156e-01
8.395238961448601156e-01
8.395238961448601156e-01
8.395238961448601156e-01
8.395238961448601156e-01
8.395238961448601156e-01
8.395238961448601156e-01
8.395238961448601156e-01
8.395238961448601156e-01
8.395238961448601156e-01
8.395238961448601156e-01
8.395238961448601156e-01
8.395238961448601156e-01
8.395238961448601156e-01
8.395238961448601156e-01
8.395238961448601156e-01
8.395238961448601156e-01
8.395238961448601156e-01
8.395238961448601156e-01
8.395238961448601156e-01
8.395238961448601156e-01
8.395238961448601156e-01
8.395238961448601156e-01
8.395238961448601156e-01
8.395238961448601156e-01
8.395238961448601156e-01
8.395238961448601156e-01
8.395238961448601156e-01
8.395238961448601156e-01
8.395238961448601156e-01
8.395238961448601156e-01
8.395238961448601156e-01
8.395238961448601156e-01
8.395238961448601156e-01
8.395238961448601156e-01
