0.000000000000000000e+00
3.816252088587217955e-02
3.816252088587217955e-02
3.816252088587217955e-02
3.816252088587217955e-02
3.816252088587217955e-02
3.816252088587217955e-02
3.816252088587217955e-02
3.816252088587217955e-02
3.816252088587217955e-02
3.816252088587217955e-02
3.816252088587217955e-02
3.816252088587217955e-02
3.816252088587217955e-02
3.816252088587217955e-02
3.816252088587217955e-02
3.816252088587217955e-02
3.531597915085434719e-02
3.771186890984759565e-02
4.323006576782476712e-02
4.588817271524456287e-02
4.168085606794850323e-02
4.168085606794850323e-02
3.968943878561628086e-02
3.848818666361215890e-02
3.739904374110616936e-02
3.553678412498333800e-02
3.443482264199877046e-02
3.077214613205327132e-02
2.808962554956559096e-02
2.323768153725254415e-02
2.076297174549245408e-02
2.114216898400036668e-02
1.969961760132259154e-02
2.518703876867257538e-02
2.456425020030041095e-02
2.389270820498318529e-02
2.539787507696836255e-02
2.313718822299427533e-02
2.412869150710869603e-02
2.120969219321575117e-02
2.802665644666555919e-02
2.998036002523959617e-02
3.091227908738373650e-02
2.736110258314579380e-02
2.693493511961572717e-02
2.791103661140570055e-02
2.505277658838714339e-02
1.823719651926850038e-02
1.857148667408646189e-02
2.065373860271007764e-02
2.257859341570332343e-02
2.448105721785665337e-02
2.327375382871146869e-02
2.469132452246383669e-02
2.553440019433692379e-02
3.042649579477653757e-02
3.001154013559856684e-02
2.394159106146631980e-02
2.486491682139229872e-02
1.914628269949681175e-02
2.093313153521212180e-02
2.877704375346550048e-02
2.867011173642529387e-02
3.122317773965998730e-02
3.654188277417569353e-02
3.595840458876250340e-02
3.561828542223095806e-02
3.681956883237549188e-02
-4.089076498698138856e-02
-3.804116666150886283e-02
-4.218613881304023733e-02
-4.462167127484212292e-02
-5.057782467096993279e-02
-5.495354353592075275e-02
-5.158246928979032253e-02
-4.608891682579679960e-02
-4.572102675721240878e-02
-4.218555227103499422e-02
-2.535114304874194410e-02
-2.744552717699828490e-02
-3.844108117037084438e-02
-3.565957545574569704e-02
-3.815395453691988736e-02
-3.623903395985679510e-02
-3.851589284500273741e-02
-4.510859568795402147e-02
-4.214395574865605759e-02
-4.281414382031090149e-02
-3.660866876987541041e-02
-3.431142694036758145e-02
-3.624383186624189485e-02
-4.370814474530939492e-02
-3.978507433042961089e-02
-3.410119110811777460e-02
-3.836840748826846059e-02
-3.648916877530933300e-02
-3.866677481108558162e-02
-3.712749781347705197e-02
-4.236062298815520405e-02
-4.135569191412720447e-02
-4.645093499174968166e-02
-4.771611414345839491e-02
-4.251099705491093173e-02
-3.643299346146112311e-02
-4.781452232909021854e-02
-4.359267274510819634e-02
-4.841810615273813706e-02
-4.841555874912931157e-02
-5.070196297098687049e-02
-5.534552247950191850e-02
-5.056897323174441156e-02
-4.910297209044465344e-02
5.389839857338448587e-02
-5.213034302621252086e-02
-5.378010061168858602e-02
5.061204775872266831e-02
5.480582331119652345e-02
5.572598084939132251e-02
6.039667638308535841e-02
5.896268557435854069e-02
5.557273960132692175e-02
5.260166638299471759e-02
4.448368652189490374e-02
4.714246169569469985e-02
4.226274762183104827e-02
4.377978733035151060e-02
4.445369142940192725e-02
3.710707957715277117e-02
3.478741539877599348e-02
3.028213496543289904e-02
3.338314368403027393e-02
2.624129365883878795e-02
2.677028168081119208e-02
2.435826071924317507e-02
3.083222221861904588e-02
3.128081840558707971e-02
3.147395100841647586e-02
3.443492561986350592e-02
3.504687851284581795e-02
3.733868963772506155e-02
4.115067827942837236e-02
4.424870749414927529e-02
4.391456855664921388e-02
4.137659943913450655e-02
4.272737009020582261e-02
4.780169146667936214e-02
4.668428972903718166e-02
4.787176534830745595e-02
4.543303804470191082e-02
4.669833747998341361e-02
4.548019394228879769e-02
4.551831419901853498e-02
5.019874398243296537e-02
4.683944819410496702e-02
4.487397556729478404e-02
4.277264557555449792e-02
4.400856468592787007e-02
4.220981438089013021e-02
3.328808011221918994e-02
3.077217703995438827e-02
3.039963892221560562e-02
2.974967593723765527e-02
3.074047512756832370e-02
2.986766440654312071e-02
2.966265201364830240e-02
-1.845367317152944719e-02
1.615033341763494334e-02
1.907311753515203781e-02
-2.124840212752130905e-02
2.641479506779683198e-02
-3.159444132020787499e-02
2.669202954473916603e-02
2.693990796278322719e-02
2.846102528298061207e-02
3.052514732661753757e-02
3.253777787208495670e-02
3.422719411453215010e-02
2.987678896015208072e-02
3.175153080696552221e-02
3.196126574426438882e-02
-2.972649694261558784e-02
-2.395838736056614057e-02
-2.791690652673740891e-02
-2.860827642397825374e-02
-2.920509046006529441e-02
-3.194393237311164008e-02
-2.627949831041151083e-02
-3.022418862717319091e-02
-3.020962560611545680e-02
-3.531281253677032855e-02
-3.277491054057197345e-02
-2.928611983300758240e-02
-2.893689845107802472e-02
-2.530507592358631486e-02
-2.830039348857028500e-02
-2.454384472540017958e-02
-2.251988382255709978e-02
-2.597130260002842791e-02
-2.547088943035419328e-02
-2.762025466832651599e-02
-2.763318645611187452e-02
-2.852696013453844340e-02
-2.801264416767740642e-02
-2.860234082711883563e-02
-3.098619942198371779e-02
-2.518847032193617316e-02
-2.213833392316218174e-02
-2.958057546542834301e-02
-2.788174057230890027e-02
-3.054566564790578073e-02
-4.448619409353355564e-02
-4.161212383671661352e-02
-4.183360663351021885e-02
-3.758331615409272325e-02
-4.186150370494236966e-02
-3.942096415333209980e-02
-3.515344800612261317e-02
-3.590277828739420890e-02
-3.717721409498218194e-02
-3.957836755901978504e-02
-3.947112705449972586e-02
-4.012759877997357921e-02
-4.119014680733676381e-02
-4.045979153813430984e-02
-3.929042542059853205e-02
4.688002205981775528e-02
-4.489562340476326713e-02
-4.707480992590552110e-02
-4.391030260732122631e-02
-4.158801303804986887e-02
4.265232096525207323e-02
-3.967797719658647942e-02
4.072954675991903584e-02
3.773945262016229624e-02
3.381689893601414615e-02
-3.506738752563457601e-02
-3.367669421715299705e-02
-3.981753867046993606e-02
-3.706620590283606770e-02
3.705745024205116256e-02
3.983954761224303698e-02
4.088988003678312166e-02
4.313307190622129444e-02
-4.189266856642080011e-02
-3.921617020869200970e-02
-4.054620321081638806e-02
-3.831504784774706490e-02
3.811308651959634947e-02
4.172656673100274410e-02
