0.000000000000000000e+00
8.127482079319368891e-02
8.150475819790307941e-02
8.139203065010638949e-02
8.092923900169315954e-02
8.100004322154388814e-02
8.052473176939410615e-02
7.972539619084977047e-02
7.976816768613206876e-02
7.845578836045641324e-02
7.726392934699394255e-02
7.677833684394200220e-02
7.661827261006191880e-02
7.613275121245301202e-02
7.591127799725393144e-02
7.583858054630150669e-02
7.629130875755937846e-02
7.620013576665939092e-02
7.621307534551839680e-02
7.574600830912006644e-02
7.597759805950972389e-02
7.668576758593907694e-02
7.668576758593907694e-02
7.660812499020390465e-02
7.660812499020390465e-02
7.660812499020390465e-02
7.660812499020390465e-02
7.642402305587622791e-02
7.642402305587622791e-02
7.642402305587622791e-02
7.642402305587622791e-02
7.642402305587622791e-02
7.642402305587622791e-02
7.642402305587622791e-02
7.642402305587622791e-02
7.642402305587622791e-02
7.642402305587622791e-02
7.642402305587622791e-02
7.642402305587622791e-02
7.642402305587622791e-02
7.642402305587622791e-02
7.642402305587622791e-02
7.642402305587622791e-02
7.642402305587622791e-02
7.642402305587622791e-02
7.642402305587622791e-02
7.642402305587622791e-02
7.642402305587622791e-02
7.642402305587622791e-02
7.642402305587622791e-02
7.642402305587622791e-02
7.642402305587622791e-02
7.642402305587622791e-02
7.642402305587622791e-02
7.642402305587622791e-02
7.642402305587622791e-02
7.642402305587622791e-02
7.642402305587622791e-02
7.642402305587622791e-02
7.642402305587622791e-02
7.642402305587622791e-02
7.642402305587622791e-02
7.642402305587622791e-02
7.642402305587622791e-02
7.642402305587622791e-02
7.642402305587622791e-02
7.642402305587622791e-02
7.642402305587622791e-02
7.642402305587622791e-02
7.642402305587622791e-02
7.642402305587622791e-02
7.642402305587622791e-02
7.642402305587622791e-02
7.642402305587622791e-02
7.642402305587622791e-02
7.642402305587622791e-02
7.642402305587622791e-02
7.642402305587622791e-02
7.642402305587622791e-02
7.642402305587622791e-02
7.642402305587622791e-02
7.642402305587622791e-02
7.642402305587622791e-02
7.642402305587622791e-02
7.642402305587622791e-02
7.642402305587622791e-02
7.642402305587622791e-02
7.642402305587622791e-02
7.642402305587622791e-02
7.642402305587622791e-02
7.642402305587622791e-02
7.642402305587622791e-02
7.642402305587622791e-02
7.642402305587622791e-02
7.642402305587622791e-02
7.642402305587622791e-02
7.642402305587622791e-02
7.642402305587622791e-02
7.642402305587622791e-02
7.642402305587622791e-02
7.642402305587622791e-02
7.642402305587622791e-02
7.642402305587622791e-02
7.642402305587622791e-02
7.642402305587622791e-02
7.642402305587622791e-02
7.642402305587622791e-02
7.642402305587622791e-02
7.642402305587622791e-02
7.642402305587622791e-02
7.642402305587622791e-02
7.642402305587622791e-02
7.642402305587622791e-02
7.642402305587622791e-02
7.642402305587622791e-02
7.642402305587622791e-02
7.642402305587622791e-02
7.642402305587622791e-02
7.642402305587622791e-02
7.642402305587622791e-02
7.642402305587622791e-02
7.642402305587622791e-02
7.642402305587622791e-02
7.642402305587622791e-02
7.642402305587622791e-02
7.642402305587622791e-02
7.642402305587622791e-02
7.642402305587622791e-02
7.642402305587622791e-02
7.642402305587622791e-02
7.642402305587622791e-02
7.642402305587622791e-02
7.642402305587622791e-02
7.642402305587622791e-02
7.642402305587622791e-02
7.642402305587622791e-02
7.642402305587622791e-02
7.642402305587622791e-02
7.642402305587622791e-02
7.642402305587622791e-02
7.642402305587622791e-02
7.642402305587622791e-02
7.642402305587622791e-02
7.642402305587622791e-02
7.642402305587622791e-02
7.642402305587622791e-02
7.642402305587622791e-02
7.642402305587622791e-02
7.642402305587622791e-02
7.642402305587622791e-02
7.642402305587622791e-02
7.642402305587622791e-02
7.642402305587622791e-02
7.642402305587622791e-02
7.642402305587622791e-02
7.642402305587622791e-02
7.642402305587622791e-02
7.642402305587622791e-02
7.642402305587622791e-02
7.642402305587622791e-02
7.642402305587622791e-02
7.642402305587622791e-02
7.642402305587622791e-02
7.642402305587622791e-02
7.642402305587622791e-02
7.642402305587622791e-02
7.642402305587622791e-02
7.642402305587622791e-02
7.642402305587622791e-02
7.642402305587622791e-02
7.642402305587622791e-02
7.642402305587622791e-02
7.642402305587622791e-02
7.642402305587622791e-02
7.642402305587622791e-02
7.642402305587622791e-02
7.642402305587622791e-02
7.642402305587622791e-02
7.642402305587622791e-02
7.642402305587622791e-02
7.642402305587622791e-02
7.642402305587622791e-02
7.642402305587622791e-02
7.642402305587622791e-02
7.642402305587622791e-02
7.642402305587622791e-02
7.642402305587622791e-02
7.642402305587622791e-02
7.642402305587622791e-02
7.642402305587622791e-02
7.642402305587622791e-02
7.642402305587622791e-02
7.642402305587622791e-02
7.642402305587622791e-02
7.642402305587622791e-02
7.642402305587622791e-02
7.642402305587622791e-02
7.642402305587622791e-02
7.642402305587622791e-02
7.642402305587622791e-02
7.642402305587622791e-02
7.642402305587622791e-02
7.642402305587622791e-02
7.642402305587622791e-02
7.642402305587622791e-02
7.642402305587622791e-02
7.642402305587622791e-02
7.642402305587622791e-02
7.642402305587622791e-02
7.642402305587622791e-02
7.642402305587622791e-02
7.642402305587622791e-02
7.642402305587622791e-02
7.642402305587622791e-02
7.642402305587622791e-02
7.642402305587622791e-02
7.642402305587622791e-02
7.642402305587622791e-02
7.642402305587622791e-02
7.642402305587622791e-02
7.642402305587622791e-02
7.642402305587622791e-02
7.642402305587622791e-02
7.642402305587622791e-02
7.642402305587622791e-02
7.642402305587622791e-02
7.642402305587622791e-02
7.642402305587622791e-02
7.642402305587622791e-02
7.642402305587622791e-02
7.642402305587622791e-02
7.642402305587622791e-02
7.642402305587622791e-02
7.642402305587622791e-02
7.642402305587622791e-02
7.642402305587622791e-02
7.642402305587622791e-02
7.642402305587622791e-02
7.642402305587622791e-02
7.642402305587622791e-02
7.642402305587622791e-02
7.642402305587622791e-02
7.642402305587622791e-02
7.642402305587622791e-02
7.642402305587622791e-02
7.642402305587622791e-02
7.642402305587622791e-02
7.642402305587622791e-02
7.642402305587622791e-02
7.642402305587622791e-02
