1.000000000000000000e+00
1.000000000000000000e+00
1.000000000000000000e+00
1.000000000000000000e+00
1.000000000000000000e+00
1.000000000000000000e+00
1.000000000000000000e+00
1.000000000000000000e+00
1.000000000000000000e+00
1.000000000000000000e+00
1.000000000000000000e+00
1.000000000000000000e+00
1.000000000000000000e+00
1.000000000000000000e+00
1.000000000000000000e+00
1.000000000000000000e+00
1.000000000000000000e+00
1.000000000000000000e+00
1.000000000000000000e+00
1.000000000000000000e+00
1.000000000000000000e+00
1.000000000000000000e+00
1.000000000000000000e+00
1.000000000000000000e+00
1.000000000000000000e+00
1.000000000000000000e+00
1.000000000000000000e+00
1.000000000000000000e+00
1.000000000000000000e+00
1.000000000000000000e+00
1.000000000000000000e+00
1.000000000000000000e+00
1.000000000000000000e+00
1.000000000000000000e+00
1.000000000000000000e+00
1.000000000000000000e+00
1.000000000000000000e+00
1.000000000000000000e+00
1.000000000000000000e+00
1.000000000000000000e+00
1.000000000000000000e+00
1.000000000000000000e+00
1.000000000000000000e+00
1.000000000000000000e+00
1.000000000000000000e+00
1.000000000000000000e+00
1.000000000000000000e+00
1.000000000000000000e+00
1.000000000000000000e+00
1.000000000000000000e+00
1.000000000000000000e+00
1.000000000000000000e+00
9.916699224546704494e-01
9.916699224546704494e-01
9.916699224546704494e-01
9.916699224546704494e-01
9.916699224546704494e-01
9.916699224546704494e-01
9.841638862578211411e-01
9.841638862578211411e-01
9.841638862578211411e-01
9.769748292668369860e-01
9.699211856560319145e-01
9.699211856560319145e-01
9.632205812336592787e-01
9.632205812336592787e-01
9.632205812336592787e-01
9.632205812336592787e-01
9.632205812336592787e-01
9.506627960538328592e-01
9.506627960538328592e-01
9.444833640518217610e-01
9.385330235710013236e-01
9.326051763525800009e-01
9.268089803519370395e-01
9.154022452754945194e-01
9.154022452754945194e-01
9.096964424063579413e-01
9.041056033248520141e-01
9.041056033248520141e-01
8.932337983366206435e-01
8.932337983366206435e-01
8.827405255776481496e-01
8.568736298934732654e-01
8.363376854187102305e-01
8.211890218466049163e-01
8.162017553200745512e-01
8.162017553200745512e-01
8.162017553200745512e-01
8.064797448731826357e-01
8.017043559337756475e-01
8.017043559337756475e-01
8.017043559337756475e-01
7.971522000932128593e-01
7.926081482706103243e-01
7.835459693989674790e-01
7.745235059782247244e-01
7.570098256528693392e-01
7.570098256528693392e-01
7.483350379600808289e-01
7.483350379600808289e-01
7.483350379600808289e-01
7.440741065340001903e-01
7.272590892441629373e-01
7.231748871044060278e-01
7.191019928167035058e-01
7.150472374689041954e-01
7.069132774296588151e-01
7.029300754888436753e-01
7.029300754888436753e-01
6.951120418389816757e-01
6.912669225767703596e-01
6.835501886568720042e-01
6.664048248639757865e-01
6.513001325138709774e-01
6.437943892386454037e-01
6.437943892386454037e-01
6.326964382013963162e-01
6.326964382013963162e-01
6.218275269421690288e-01
6.146538454656240713e-01
6.146538454656240713e-01
6.075784851027359323e-01
5.936189382171546125e-01
5.901366326318392419e-01
5.901366326318392419e-01
5.833740518646939321e-01
5.800133277376354757e-01
5.732980742398605667e-01
5.633360682589568791e-01
5.468687675579746443e-01
5.435789697907085216e-01
5.338425994125571838e-01
5.338425994125571838e-01
5.338425994125571838e-01
5.147211246785782235e-01
5.052714032270487765e-01
4.958780563358991533e-01
4.865518655071945364e-01
4.772753838779604241e-01
4.742119573104554564e-01
4.711686719234483567e-01
4.651255207881619391e-01
4.591274273548626161e-01
4.591274273548626161e-01
4.561793465718224083e-01
4.532331145274240969e-01
4.474016457246878242e-01
4.387021712845629584e-01
4.386051723256573776e-01
4.386051723256573776e-01
4.357723856978648058e-01
4.300976605301290445e-01
4.189144089876152832e-01
4.133578054318428063e-01
4.105845572425644852e-01
4.105845572425644852e-01
4.051181896506895197e-01
4.051181896506895197e-01
4.051181896506895197e-01
4.024353634292342496e-01
3.997654262580455087e-01
3.944819467762372689e-01
3.944819467762372689e-01
3.892578424335359499e-01
3.814569183657186557e-01
3.840474220068845201e-01
3.917398607593701176e-01
3.866456069733066880e-01
3.790401277265563751e-01
3.739972570013464503e-01
3.764742806086886495e-01
3.690154064967897662e-01
3.665374521474306646e-01
3.665374521474306646e-01
3.640856719371138306e-01
3.616549719419762110e-01
3.664632998674017816e-01
3.616572836204917651e-01
3.616572836204917651e-01
3.568893785778924355e-01
3.474135767447003031e-01
3.450425046096144421e-01
3.403611410643856416e-01
3.357067907561772091e-01
3.287603799713614827e-01
3.286586622859680729e-01
3.195077775533211040e-01
3.195077775533211040e-01
3.172453650617598764e-01
3.104870491487605189e-01
2.948199493612213562e-01
2.948199493612213562e-01
2.925975204940772234e-01
2.925975204940772234e-01
2.925975204940772234e-01
2.882301163956638712e-01
2.882301163956638712e-01
2.882301163956638712e-01
2.882301163956638712e-01
2.860834992758992112e-01
2.796784948260534476e-01
2.796784948260534476e-01
2.775691629605990807e-01
2.733685942117758949e-01
2.671065895383598066e-01
2.671065895383598066e-01
2.650377406050677398e-01
2.691106348927703174e-01
2.691106348927703174e-01
2.711304137480027299e-01
2.690989518864800312e-01
2.670670754325610852e-01
2.630513640059847780e-01
2.630513640059847780e-01
2.590709113526818985e-01
2.590882739171916360e-01
2.590882739171916360e-01
2.590882739171916360e-01
2.551768012929783724e-01
2.512457399989403428e-01
2.454432645937363600e-01
2.415889013901523497e-01
2.396236999195472950e-01
2.415019720091336475e-01
2.453526935553431432e-01
2.491536305877111168e-01
2.491536305877111168e-01
2.472778215008024638e-01
2.472778215008024638e-01
2.472778215008024638e-01
2.454298337123078100e-01
2.454298337123078100e-01
2.417607073777237325e-01
2.399310516414684680e-01
2.399310516414684680e-01
2.363020136141823768e-01
2.326945032548892178e-01
2.363079349175149224e-01
2.384485936039093257e-01
2.384485936039093257e-01
2.384485936039093257e-01
2.384485936039093257e-01
2.419838567553785069e-01
2.384775119954247735e-01
2.367331434016921032e-01
2.367331434016921032e-01
2.367331434016921032e-01
2.350098080786698629e-01
2.332943422510670439e-01
2.263804850536947633e-01
2.263804850536947633e-01
2.195894632262420931e-01
2.179011302606568001e-01
2.179011302606568001e-01
2.179011302606568001e-01
2.179011302606568001e-01
2.129326427181708059e-01
2.112754505810808814e-01
2.112793163097861360e-01
2.112763091182819075e-01
2.096394354020763851e-01
2.063744408519231077e-01
2.063744408519231077e-01
2.063744408519231077e-01
2.047625060317150303e-01
2.047625060317150303e-01
2.015627962995027722e-01
1.999660090576854399e-01
1.983756713878652711e-01
1.968023846806189747e-01
1.968023846806189747e-01
1.983794110875700401e-01
1.999556883524160888e-01
1.999556883524160888e-01
2.014975474676783951e-01
1.999517431763462583e-01
1.984069243979037223e-01
1.984069243979037223e-01
1.968769495574812511e-01
2.015114754142928455e-01
2.015114754142928455e-01
2.015114754142928455e-01
2.015114754142928455e-01
2.000076076682229809e-01
2.000076076682229809e-01
2.015154205479804117e-01
2.015154205479804117e-01
2.000296150440382392e-01
2.000296150440382392e-01
1.985579932287457883e-01
1.985646875409937395e-01
1.985646875409937395e-01
1.985646875409937395e-01
2.029428001267536141e-01
2.058499086901748321e-01
2.073012715843090825e-01
2.073012715843090825e-01
2.058691842790992266e-01
2.058691842790992266e-01
2.058691842790992266e-01
2.058691842790992266e-01
2.058691842790992266e-01
2.030534665022495355e-01
2.058191485286391675e-01
2.072667612013240346e-01
2.030790468380929692e-01
2.016873156048776539e-01
2.016906348133640781e-01
2.003084488299805288e-01
2.003084488299805288e-01
2.003084488299805288e-01
1.962342558900943834e-01
1.948720648864239180e-01
1.935109590810027147e-01
1.935109590810027147e-01
1.921593963898649560e-01
1.908137034663449916e-01
1.908137034663449916e-01
1.908137034663449916e-01
1.908137034663449916e-01
1.908137034663449916e-01
1.908137034663449916e-01
1.908137034663449916e-01
1.921378752648417176e-01
1.921378752648417176e-01
1.882037103060025529e-01
1.882037103060025529e-01
1.908089328672320506e-01
1.895106517797432166e-01
1.895106517797432166e-01
1.895106517797432166e-01
1.895106517797432166e-01
1.908269041083842099e-01
1.895465202971418628e-01
1.921057956434751857e-01
1.921057956434751857e-01
1.921057956434751857e-01
1.908407329418577159e-01
1.908494555513837454e-01
1.908494555513837454e-01
1.908494555513837454e-01
1.908494555513837454e-01
1.908494555513837454e-01
1.958210209981542660e-01
1.945829828402645401e-01
1.945829828402645401e-01
1.933533731315863202e-01
1.933533731315863202e-01
1.945824501350604530e-01
1.945824501350604530e-01
1.945824501350604530e-01
1.970131501301980448e-01
1.970131501301980448e-01
1.970131501301980448e-01
1.958119578312564613e-01
1.909979990935607164e-01
1.909979990935607164e-01
1.933980004249237217e-01
1.910169496742012141e-01
1.910169496742012141e-01
1.933893445990264304e-01
1.945817587135618698e-01
1.945817587135618698e-01
1.910617875769072826e-01
1.898975965605239347e-01
1.898975965605239347e-01
1.898975965605239347e-01
1.922094066942190427e-01
1.945257761170751387e-01
1.945257761170751387e-01
1.910717484458936410e-01
1.934117641156058720e-01
1.934117641156058720e-01
1.956956492161202044e-01
1.956956492161202044e-01
1.956956492161202044e-01
1.956956492161202044e-01
2.024238103212401274e-01
2.046807623538548226e-01
2.046807623538548226e-01
2.046807623538548226e-01
2.046807623538548226e-01
2.058165459043681811e-01
2.058165459043681811e-01
2.036326509979957677e-01
2.025566825084323119e-01
2.025566825084323119e-01
2.025566825084323119e-01
2.014595702443964242e-01
2.014595702443964242e-01
2.003681255483135970e-01
2.003681255483135970e-01
1.981947306628742689e-01
1.981947306628742689e-01
1.971438790083651360e-01
1.971438790083651360e-01
1.960689850589026340e-01
1.960689850589026340e-01
1.971448770567332531e-01
1.960776408501041512e-01
1.971451467804044289e-01
1.971451467804044289e-01
1.960873473406054002e-01
1.982357489026070896e-01
2.003450807680614287e-01
2.003450807680614287e-01
2.003450807680614287e-01
2.003450807680614287e-01
1.992920998782285735e-01
2.013794431546472030e-01
2.013794431546472030e-01
2.013794431546472030e-01
2.024156816835989969e-01
2.024156816835989969e-01
2.024156816835989969e-01
2.024156816835989969e-01
2.024156816835989969e-01
2.038689129957797497e-01
2.008054864282747543e-01
1.997900355672497519e-01
1.997900355672497519e-01
2.008128457604131112e-01
1.967095187219783103e-01
1.976922607378524821e-01
1.976922607378524821e-01
1.946892058645125767e-01
1.946892058645125767e-01
1.946892058645125767e-01
1.946892058645125767e-01
1.966789140399972935e-01
1.986613055112638471e-01
1.986613055112638471e-01
1.966902016296205313e-01
1.957081952778400025e-01
1.957081952778400025e-01
1.957081952778400025e-01
1.976616358755856617e-01
1.976616358755856617e-01
1.976616358755856617e-01
1.976616358755856617e-01
2.024677434249844976e-01
1.995606348615633074e-01
1.995606348615633074e-01
2.014856427701275932e-01
2.014856427701275932e-01
1.985911327651733171e-01
1.976360926063472079e-01
1.976360926063472079e-01
1.976360926063472079e-01
1.996012940769521793e-01
1.996012940769521793e-01
1.996012940769521793e-01
1.996012940769521793e-01
1.996012940769521793e-01
1.996012940769521793e-01
1.986659375129589677e-01
1.986659375129589677e-01
1.948872226080473058e-01
1.948872226080473058e-01
1.948872226080473058e-01
1.948872226080473058e-01
1.958111719750893209e-01
1.958111719750893209e-01
1.958111719750893209e-01
1.930741951584401539e-01
1.930741951584401539e-01
1.921604687311756487e-01
1.912436963342574459e-01
1.912436963342574459e-01
1.912436963342574459e-01
1.912389883747145081e-01
1.939639913414093197e-01
1.939639913414093197e-01
1.939639913414093197e-01
1.966792307739719525e-01
1.966792307739719525e-01
1.966792307739719525e-01
1.966792307739719525e-01
1.957891227923993505e-01
1.957891227923993505e-01
1.957891227923993505e-01
1.957891227923993505e-01
1.949067800430987762e-01
1.940260683352187931e-01
1.940260683352187931e-01
1.940260683352187931e-01
1.940260683352187931e-01
1.940260683352187931e-01
1.922822579704167312e-01
1.922822579704167312e-01
1.922822579704167312e-01
1.922822579704167312e-01
1.914170586978133082e-01
1.914170586978133082e-01
1.914170586978133082e-01
1.914170586978133082e-01
1.905588656980142237e-01
1.905588656980142237e-01
1.888508671514684267e-01
1.888508671514684267e-01
1.888508671514684267e-01
1.845923593008715891e-01
1.845923593008715891e-01
1.837467594441908048e-01
1.820564290285111020e-01
1.820564290285111020e-01
1.820564290285111020e-01
1.795289397428365685e-01
1.811671050748460410e-01
1.811671050748460410e-01
1.801773856237074145e-01
1.801773856237074145e-01
1.801773856237074145e-01
1.801773856237074145e-01
1.793485837834272179e-01
1.743770183366566973e-01
1.743770183366566973e-01
1.743770183366566973e-01
1.760240806196116947e-01
1.760240806196116947e-01
1.760240806196116947e-01
1.752073476788708895e-01
1.760253842131317692e-01
1.760253842131317692e-01
1.752124750843100098e-01
1.752124750843100098e-01
1.744029752730490990e-01
1.744029752730490990e-01
1.744029752730490990e-01
1.744029752730490990e-01
1.735997554004700683e-01
1.735997554004700683e-01
1.735997554004700683e-01
1.735997554004700683e-01
1.735997554004700683e-01
1.735997554004700683e-01
1.751900930702902925e-01
1.751900930702902925e-01
1.727900917389272872e-01
1.727900917389272872e-01
1.727900917389272872e-01
1.727900917389272872e-01
1.704185186582057587e-01
1.696349676635930670e-01
1.696349676635930670e-01
1.727776790175733490e-01
1.727776790175733490e-01
1.704066068824875158e-01
1.704066068824875158e-01
1.696308495345641987e-01
1.696308495345641987e-01
1.688590617755343637e-01
1.688590617755343637e-01
1.696656343180278914e-01
1.688972537484136616e-01
1.688972537484136616e-01
1.681324176627836120e-01
1.696623925032060554e-01
1.696623925032060554e-01
1.696623925032060554e-01
1.674495002611153527e-01
1.674495002611153527e-01
1.674495002611153527e-01
1.674495002611153527e-01
1.674495002611153527e-01
1.674495002611153527e-01
1.674495002611153527e-01
1.720489040210449738e-01
1.720489040210449738e-01
1.735374365540842123e-01
1.735374365540842123e-01
1.735374365540842123e-01
1.727907336288034001e-01
1.727907336288034001e-01
1.727907336288034001e-01
1.727907336288034001e-01
1.727907336288034001e-01
1.727907336288034001e-01
1.727907336288034001e-01
1.727907336288034001e-01
1.757302713609537603e-01
1.757302713609537603e-01
1.734907648881297282e-01
1.727270282300003013e-01
1.727270282300003013e-01
1.727270282300003013e-01
1.727270282300003013e-01
1.727270282300003013e-01
1.727270282300003013e-01
1.727270282300003013e-01
1.727270282300003013e-01
1.720072054878353240e-01
1.720072054878353240e-01
1.720072054878353240e-01
1.712909418616086199e-01
1.698377105494278672e-01
1.691221252031251399e-01
1.720166352080793326e-01
1.720166352080793326e-01
1.713059834969775097e-01
1.705968547847477867e-01
1.705968547847477867e-01
1.698902292995289054e-01
1.698902292995289054e-01
1.698902292995289054e-01
1.691864306986359812e-01
1.663362683706172129e-01
1.663362683706172129e-01
1.663362683706172129e-01
1.705840228459375718e-01
1.705840228459375718e-01
1.719787434357387956e-01
1.712770499881974828e-01
1.705825451869512621e-01
1.705825451869512621e-01
1.705825451869512621e-01
1.705825451869512621e-01
1.705825451869512621e-01
1.685136962536592786e-01
1.685136962536592786e-01
1.678269352355541144e-01
1.678269352355541144e-01
1.678269352355541144e-01
1.691951051829502783e-01
1.685130131660347308e-01
1.685130131660347308e-01
1.698741189714559341e-01
1.698741189714559341e-01
1.698741189714559341e-01
1.698741189714559341e-01
1.698741189714559341e-01
1.698741189714559341e-01
1.698741189714559341e-01
1.698741189714559341e-01
1.698741189714559341e-01
1.658072660249700903e-01
1.658072660249700903e-01
1.658072660249700903e-01
1.658072660249700903e-01
1.644761995783048103e-01
1.644761995783048103e-01
1.644761995783048103e-01
1.644761995783048103e-01
1.644761995783048103e-01
1.624864914028200658e-01
1.624864914028200658e-01
1.624864914028200658e-01
1.624864914028200658e-01
1.624864914028200658e-01
1.618310061343478101e-01
1.618310061343478101e-01
1.618310061343478101e-01
1.618310061343478101e-01
1.618310061343478101e-01
1.598775655366021786e-01
1.598775655366021786e-01
1.598775655366021786e-01
1.598775655366021786e-01
1.598775655366021786e-01
1.598775655366021786e-01
1.598775655366021786e-01
1.598775655366021786e-01
1.598775655366021786e-01
1.592352353604794268e-01
1.592352353604794268e-01
1.573102274519150856e-01
1.573102274519150856e-01
1.573102274519150856e-01
1.573102274519150856e-01
1.573102274519150856e-01
1.573102274519150856e-01
1.573102274519150856e-01
1.598695027982484362e-01
1.598695027982484362e-01
1.598695027982484362e-01
1.598695027982484362e-01
1.629554462451699715e-01
1.629554462451699715e-01
1.629554462451699715e-01
1.623288498027469218e-01
1.623288498027469218e-01
1.623288498027469218e-01
1.623288498027469218e-01
1.623288498027469218e-01
1.623288498027469218e-01
1.623288498027469218e-01
1.623288498027469218e-01
1.648142544566390255e-01
1.648142544566390255e-01
1.648142544566390255e-01
1.641979860435846261e-01
1.641979860435846261e-01
1.641979860435846261e-01
1.641979860435846261e-01
1.641979860435846261e-01
1.641979860435846261e-01
1.666497662539014601e-01
1.666497662539014601e-01
1.666497662539014601e-01
1.666497662539014601e-01
1.660421943802471989e-01
1.660421943802471989e-01
1.654365638439216912e-01
1.636299268517717176e-01
1.636299268517717176e-01
1.636299268517717176e-01
1.618180930252345884e-01
1.600008888244855432e-01
1.587991021533720903e-01
1.587991021533720903e-01
1.587991021533720903e-01
1.587991021533720903e-01
1.582014612899533268e-01
1.551059252760935980e-01
1.551059252760935980e-01
1.545106576447888291e-01
1.545106576447888291e-01
1.545106576447888291e-01
1.545106576447888291e-01
1.545106576447888291e-01
1.539200614363774866e-01
1.539200614363774866e-01
1.539200614363774866e-01
1.539200614363774866e-01
1.539200614363774866e-01
1.533336570507073393e-01
1.533336570507073393e-01
1.533336570507073393e-01
1.533336570507073393e-01
1.533336570507073393e-01
1.533336570507073393e-01
1.527514838568683475e-01
1.527514838568683475e-01
1.527514838568683475e-01
1.521719190889119500e-01
1.521719190889119500e-01
1.521719190889119500e-01
1.521719190889119500e-01
1.521719190889119500e-01
1.521719190889119500e-01
1.543848113310026249e-01
1.555351164250245721e-01
1.555351164250245721e-01
1.549626563171761229e-01
1.543964876341323289e-01
1.543964876341323289e-01
1.543964876341323289e-01
1.543964876341323289e-01
1.543964876341323289e-01
1.543964876341323289e-01
1.543964876341323289e-01
1.543964876341323289e-01
1.543964876341323289e-01
1.538315145719989507e-01
1.538315145719989507e-01
1.538315145719989507e-01
1.538315145719989507e-01
1.538315145719989507e-01
1.538315145719989507e-01
1.538315145719989507e-01
1.538315145719989507e-01
1.516340719423793781e-01
1.516340719423793781e-01
1.516340719423793781e-01
1.516340719423793781e-01
1.516340719423793781e-01
1.516340719423793781e-01
1.516340719423793781e-01
1.516340719423793781e-01
1.516340719423793781e-01
1.538441272080204036e-01
1.549554330664245361e-01
1.549554330664245361e-01
1.549554330664245361e-01
1.564086643786052888e-01
1.558597997693236259e-01
1.558597997693236259e-01
1.569106514238327588e-01
1.569106514238327588e-01
1.569106514238327588e-01
1.569106514238327588e-01
1.574572877412319383e-01
1.574572877412319383e-01
1.552811883364443590e-01
1.552811883364443590e-01
1.552811883364443590e-01
1.552811883364443590e-01
1.552811883364443590e-01
1.563672219405030650e-01
1.563672219405030650e-01
1.563672219405030650e-01
1.563672219405030650e-01
1.563672219405030650e-01
1.563672219405030650e-01
1.563672219405030650e-01
1.563672219405030650e-01
1.558326536890704828e-01
1.558326536890704828e-01
1.558326536890704828e-01
1.553001485362417722e-01
1.553001485362417722e-01
1.553001485362417722e-01
1.553001485362417722e-01
1.553001485362417722e-01
1.537098108664215756e-01
1.547676103062206043e-01
1.542395363498536287e-01
1.542395363498536287e-01
1.542395363498536287e-01
1.542395363498536287e-01
1.542395363498536287e-01
1.537389164180535950e-01
1.537389164180535950e-01
1.537389164180535950e-01
1.532165849410988268e-01
1.532165849410988268e-01
1.532165849410988268e-01
1.547855329888619680e-01
1.547855329888619680e-01
1.547855329888619680e-01
1.547855329888619680e-01
1.547855329888619680e-01
1.547855329888619680e-01
1.547855329888619680e-01
1.547855329888619680e-01
1.558181433932021853e-01
1.558181433932021853e-01
1.558181433932021853e-01
1.558181433932021853e-01
1.558181433932021853e-01
1.553047091306960503e-01
1.547931000258756240e-01
1.547931000258756240e-01
1.547931000258756240e-01
1.547931000258756240e-01
1.547931000258756240e-01
1.547931000258756240e-01
1.558085508869006264e-01
1.558085508869006264e-01
1.558085508869006264e-01
1.558085508869006264e-01
1.553025250234399690e-01
1.553025250234399690e-01
1.553025250234399690e-01
1.553025250234399690e-01
1.502157603914321127e-01
1.522476368453510587e-01
1.522476368453510587e-01
1.517462601917207166e-01
1.512459157420887601e-01
1.497420479960188122e-01
1.497420479960188122e-01
1.497420479960188122e-01
1.497420479960188122e-01
1.497420479960188122e-01
1.497420479960188122e-01
1.497420479960188122e-01
1.497420479960188122e-01
1.497420479960188122e-01
1.472566433421266807e-01
1.472566433421266807e-01
1.483057777801715105e-01
1.483057777801715105e-01
1.483057777801715105e-01
1.483057777801715105e-01
1.483057777801715105e-01
1.483057777801715105e-01
1.492877841319520393e-01
1.478170277329639570e-01
1.478170277329639570e-01
1.478170277329639570e-01
1.478170277329639570e-01
1.478170277329639570e-01
1.478170277329639570e-01
1.478170277329639570e-01
1.478170277329639570e-01
1.478170277329639570e-01
1.478170277329639570e-01
1.478170277329639570e-01
1.473331602339686963e-01
1.473331602339686963e-01
1.473331602339686963e-01
1.473331602339686963e-01
1.473331602339686963e-01
1.473331602339686963e-01
1.473331602339686963e-01
1.473331602339686963e-01
1.473331602339686963e-01
1.473331602339686963e-01
1.473331602339686963e-01
1.473331602339686963e-01
1.473331602339686963e-01
1.473331602339686963e-01
1.473331602339686963e-01
1.473331602339686963e-01
1.473331602339686963e-01
1.473331602339686963e-01
1.468458152851008225e-01
1.468458152851008225e-01
1.468458152851008225e-01
1.468458152851008225e-01
1.468458152851008225e-01
1.468458152851008225e-01
1.468458152851008225e-01
1.468458152851008225e-01
1.468458152851008225e-01
1.468458152851008225e-01
1.468458152851008225e-01
1.468458152851008225e-01
1.468458152851008225e-01
1.468458152851008225e-01
1.477811718490940895e-01
1.477811718490940895e-01
1.477811718490940895e-01
1.477811718490940895e-01
1.459282025008872274e-01
1.459282025008872274e-01
1.445334819110860036e-01
1.445334819110860036e-01
1.423205896689953565e-01
1.418585731386381721e-01
1.418585731386381721e-01
1.418585731386381721e-01
1.413978179575766103e-01
1.413978179575766103e-01
1.413978179575766103e-01
1.413978179575766103e-01
1.413978179575766103e-01
1.413978179575766103e-01
1.413978179575766103e-01
1.413978179575766103e-01
1.413978179575766103e-01
1.418552677632603232e-01
1.418552677632603232e-01
1.418552677632603232e-01
1.418552677632603232e-01
1.436619047554102968e-01
1.436619047554102968e-01
1.436619047554102968e-01
1.436619047554102968e-01
1.432070808328056999e-01
1.432070808328056999e-01
1.450189146593428569e-01
1.468361188600918465e-01
1.468361188600918465e-01
1.468361188600918465e-01
1.468361188600918465e-01
1.468361188600918465e-01
1.468361188600918465e-01
1.468361188600918465e-01
1.468361188600918465e-01
1.476812990111984469e-01
1.476812990111984469e-01
1.462280676990177219e-01
1.462280676990177219e-01
1.457829001677355962e-01
1.457829001677355962e-01
1.457829001677355962e-01
1.457829001677355962e-01
1.453393678857618498e-01
1.453393678857618498e-01
1.453393678857618498e-01
1.453393678857618498e-01
1.453393678857618498e-01
1.453393678857618498e-01
1.453393678857618498e-01
1.453393678857618498e-01
1.462200795936418329e-01
1.457808590846735031e-01
1.457808590846735031e-01
1.457808590846735031e-01
1.457808590846735031e-01
1.457808590846735031e-01
1.457808590846735031e-01
1.457808590846735031e-01
1.457808590846735031e-01
1.457808590846735031e-01
1.453458008257109968e-01
1.453458008257109968e-01
1.453458008257109968e-01
1.453458008257109968e-01
1.453458008257109968e-01
1.453458008257109968e-01
1.453458008257109968e-01
1.453458008257109968e-01
1.453458008257109968e-01
1.453458008257109968e-01
1.453458008257109968e-01
1.453458008257109968e-01
1.453458008257109968e-01
1.453458008257109968e-01
1.453458008257109968e-01
1.453458008257109968e-01
1.453458008257109968e-01
1.453458008257109968e-01
1.453458008257109968e-01
1.453458008257109968e-01
1.453458008257109968e-01
1.453458008257109968e-01
1.453458008257109968e-01
1.453458008257109968e-01
1.453458008257109968e-01
1.453458008257109968e-01
1.461948867125484330e-01
1.461948867125484330e-01
1.461948867125484330e-01
1.461948867125484330e-01
1.461948867125484330e-01
1.470400369771215354e-01
1.470400369771215354e-01
1.470400369771215354e-01
1.470400369771215354e-01
1.470400369771215354e-01
1.466203926362498189e-01
1.466203926362498189e-01
1.466203926362498189e-01
1.466203926362498189e-01
1.466203926362498189e-01
1.466203926362498189e-01
1.466203926362498189e-01
1.466203926362498189e-01
1.466203926362498189e-01
1.466203926362498189e-01
1.466203926362498189e-01
1.466203926362498189e-01
1.466203926362498189e-01
1.466203926362498189e-01
1.466203926362498189e-01
1.466203926362498189e-01
1.466203926362498189e-01
1.466203926362498189e-01
1.466203926362498189e-01
1.491057972901419504e-01
1.491057972901419504e-01
1.491057972901419504e-01
1.491057972901419504e-01
1.491057972901419504e-01
1.491057972901419504e-01
1.491057972901419504e-01
1.491057972901419504e-01
1.491057972901419504e-01
1.491057972901419504e-01
1.487182375771357035e-01
1.487182375771357035e-01
1.487182375771357035e-01
1.487182375771357035e-01
1.483116371123318344e-01
1.483116371123318344e-01
1.483116371123318344e-01
1.483116371123318344e-01
1.483116371123318344e-01
1.483116371123318344e-01
1.491245462411535938e-01
1.491245462411535938e-01
1.491245462411535938e-01
1.491245462411535938e-01
1.491245462411535938e-01
1.491245462411535938e-01
1.491245462411535938e-01
1.491245462411535938e-01
1.491245462411535938e-01
1.491245462411535938e-01
1.491245462411535938e-01
1.491245462411535938e-01
1.491245462411535938e-01
1.491245462411535938e-01
1.491245462411535938e-01
1.487259475279988641e-01
1.487259475279988641e-01
1.487259475279988641e-01
1.483115721007680354e-01
1.483115721007680354e-01
1.479150909056053953e-01
1.479150909056053953e-01
1.479150909056053953e-01
1.479150909056053953e-01
1.479150909056053953e-01
1.479150909056053953e-01
1.479150909056053953e-01
1.479150909056053953e-01
1.479150909056053953e-01
1.479150909056053953e-01
1.479150909056053953e-01
1.479150909056053953e-01
1.479150909056053953e-01
1.479150909056053953e-01
1.479150909056053953e-01
1.479150909056053953e-01
1.479150909056053953e-01
1.479150909056053953e-01
1.479150909056053953e-01
1.479150909056053953e-01
1.475256991867325007e-01
1.475256991867325007e-01
1.475256991867325007e-01
1.475256991867325007e-01
1.483014565346558178e-01
1.483014565346558178e-01
1.483014565346558178e-01
1.483014565346558178e-01
1.492911759857944443e-01
1.492911759857944443e-01
1.492911759857944443e-01
1.492911759857944443e-01
1.492911759857944443e-01
1.492911759857944443e-01
1.492911759857944443e-01
1.492911759857944443e-01
1.492911759857944443e-01
1.492911759857944443e-01
1.492911759857944443e-01
1.492911759857944443e-01
1.492911759857944443e-01
1.500560120714245216e-01
1.500560120714245216e-01
1.500560120714245216e-01
1.500560120714245216e-01
1.500560120714245216e-01
1.500560120714245216e-01
1.500560120714245216e-01
1.500560120714245216e-01
1.500560120714245216e-01
1.496770445217418255e-01
1.492985655330007211e-01
1.492985655330007211e-01
1.492985655330007211e-01
1.492985655330007211e-01
1.492985655330007211e-01
1.492985655330007211e-01
1.492985655330007211e-01
1.492985655330007211e-01
1.492985655330007211e-01
1.492985655330007211e-01
1.508024332790706412e-01
1.508024332790706412e-01
1.508024332790706412e-01
1.508024332790706412e-01
1.508024332790706412e-01
1.508024332790706412e-01
1.508024332790706412e-01
1.508024332790706412e-01
1.508024332790706412e-01
1.508024332790706412e-01
1.508024332790706412e-01
1.508024332790706412e-01
1.508024332790706412e-01
1.508024332790706412e-01
1.508024332790706412e-01
1.508024332790706412e-01
1.508024332790706412e-01
1.508024332790706412e-01
1.508024332790706412e-01
1.508024332790706412e-01
1.508024332790706412e-01
1.508024332790706412e-01
1.522731896780587235e-01
1.522731896780587235e-01
1.511618838196545911e-01
1.511618838196545911e-01
1.511618838196545911e-01
1.511618838196545911e-01
1.511618838196545911e-01
1.511618838196545911e-01
1.511618838196545911e-01
1.511618838196545911e-01
1.511618838196545911e-01
1.511618838196545911e-01
1.511618838196545911e-01
1.511618838196545911e-01
1.511618838196545911e-01
1.507987272037302762e-01
1.507987272037302762e-01
1.507987272037302762e-01
1.505279981483085838e-01
1.505279981483085838e-01
1.505279981483085838e-01
1.505279981483085838e-01
1.505279981483085838e-01
1.505279981483085838e-01
1.505279981483085838e-01
1.505279981483085838e-01
1.505279981483085838e-01
1.505279981483085838e-01
1.501982465235724429e-01
1.501982465235724429e-01
1.498394031288650119e-01
1.487533695248063614e-01
1.487533695248063614e-01
1.487533695248063614e-01
1.487533695248063614e-01
1.487533695248063614e-01
1.487533695248063614e-01
1.487533695248063614e-01
1.487533695248063614e-01
1.495171061829357606e-01
1.495171061829357606e-01
1.495171061829357606e-01
1.495171061829357606e-01
1.495171061829357606e-01
1.495171061829357606e-01
1.495171061829357606e-01
1.495171061829357606e-01
1.502262348951654558e-01
1.502262348951654558e-01
1.477408302412733243e-01
1.480947963145989865e-01
1.480947963145989865e-01
1.480947963145989865e-01
1.480947963145989865e-01
1.480947963145989865e-01
1.487985949154918552e-01
1.487985949154918552e-01
1.487985949154918552e-01
1.487985949154918552e-01
1.487985949154918552e-01
1.487985949154918552e-01
1.487985949154918552e-01
1.487985949154918552e-01
1.487985949154918552e-01
1.487985949154918552e-01
1.487985949154918552e-01
1.487985949154918552e-01
1.487985949154918552e-01
1.487985949154918552e-01
1.487985949154918552e-01
1.487985949154918552e-01
1.487985949154918552e-01
1.487985949154918552e-01
1.487985949154918552e-01
1.487985949154918552e-01
1.487985949154918552e-01
1.487985949154918552e-01
1.487985949154918552e-01
1.487985949154918552e-01
1.487985949154918552e-01
1.487985949154918552e-01
1.487985949154918552e-01
1.487985949154918552e-01
1.487985949154918552e-01
1.487985949154918552e-01
1.487985949154918552e-01
1.487985949154918552e-01
1.487985949154918552e-01
1.487985949154918552e-01
1.487985949154918552e-01
1.487985949154918552e-01
1.487985949154918552e-01
1.487985949154918552e-01
1.487985949154918552e-01
