0.000000000000000000e+00
3.511239890962672416e-02
3.478851991774321167e-02
3.487324053910728638e-02
3.463766134784152656e-02
3.595797467930185454e-02
3.657089220834581350e-02
3.580689852990349281e-02
3.578903792112596988e-02
3.719240170487652514e-02
3.320559088545315535e-02
3.545064732008481462e-02
3.396471468588604936e-02
3.155442014122269295e-02
3.408779652963225132e-02
3.177923898126677749e-02
3.102789594641544579e-02
3.130117901445758632e-02
3.240435573064499863e-02
3.389433144302135548e-02
3.338516794653793168e-02
2.974141937074294140e-02
3.025512126491511702e-02
3.583829939044815699e-02
3.683794692531342646e-02
3.572449301514155073e-02
3.526489360957318908e-02
3.936930431415607001e-02
3.943141962264871958e-02
3.870783079983738245e-02
3.831631260615517287e-02
3.989023521398337574e-02
3.977733220318198371e-02
4.287156694197952200e-02
4.306188793387116798e-02
4.217700749768249491e-02
4.012915096566226775e-02
4.025441767597650461e-02
3.923586687586001071e-02
3.678049551812617030e-02
3.541959997384418884e-02
3.502857861213328622e-02
3.502857861213328622e-02
3.473567295957375595e-02
3.471929942323179891e-02
3.748192653627965137e-02
3.760848525753981292e-02
3.766162817444883987e-02
3.657794487246747439e-02
3.635672438474394502e-02
3.635672438474394502e-02
3.635672438474394502e-02
3.635672438474394502e-02
3.635672438474394502e-02
3.427321603152977403e-02
3.462245766935821006e-02
3.462245766935821006e-02
3.462245766935821006e-02
3.295259741306959950e-02
3.285116628271150113e-02
3.297988079226459729e-02
3.297988079226459729e-02
3.331523106715482407e-02
3.701782184895011790e-02
3.701782184895011790e-02
3.706196279054151110e-02
3.706196279054151110e-02
3.706196279054151110e-02
3.706196279054151110e-02
3.706196279054151110e-02
3.706196279054151110e-02
3.706196279054151110e-02
3.862366219416640822e-02
3.717041111506014933e-02
3.641588407173076275e-02
3.568289649705078809e-02
3.568289649705078809e-02
3.540571988555961391e-02
3.521669726590242328e-02
3.521669726590242328e-02
3.442047523792334668e-02
3.420396145652821601e-02
3.710399139401285296e-02
3.735726712762134361e-02
3.904269704284226566e-02
3.904269704284226566e-02
3.904269704284226566e-02
3.904269704284226566e-02
3.904269704284226566e-02
3.904269704284226566e-02
3.904269704284226566e-02
3.904269704284226566e-02
3.904269704284226566e-02
3.904269704284226566e-02
3.904269704284226566e-02
3.735726712762134361e-02
3.735726712762134361e-02
3.735726712762134361e-02
3.735726712762134361e-02
3.820518796334417683e-02
3.820518796334417683e-02
3.820518796334417683e-02
3.820518796334417683e-02
3.820518796334417683e-02
3.657568348853440510e-02
3.662025589802297976e-02
3.803697577947712932e-02
3.803697577947712932e-02
3.803697577947712932e-02
3.803697577947712932e-02
3.803697577947712932e-02
3.803697577947712932e-02
3.781627628589440820e-02
3.781627628589440820e-02
3.781627628589440820e-02
3.781627628589440820e-02
3.781627628589440820e-02
3.781627628589440820e-02
3.781627628589440820e-02
3.629288358977883489e-02
3.629288358977883489e-02
3.629288358977883489e-02
3.523189024501546113e-02
3.523189024501546113e-02
3.523189024501546113e-02
3.523189024501546113e-02
3.523189024501546113e-02
3.605772231177972048e-02
3.765393016277607946e-02
3.765393016277607946e-02
3.765393016277607946e-02
3.765393016277607946e-02
3.765393016277607946e-02
3.927698810152298325e-02
3.927698810152298325e-02
3.927698810152298325e-02
3.927698810152298325e-02
4.031620037839468013e-02
4.031620037839468013e-02
4.031620037839468013e-02
4.031620037839468013e-02
4.031620037839468013e-02
4.031620037839468013e-02
4.031456924948968734e-02
4.031456924948968734e-02
4.031456924948968734e-02
4.031456924948968734e-02
4.031456924948968734e-02
4.031456924948968734e-02
3.869712971808624002e-02
3.869712971808624002e-02
3.869712971808624002e-02
3.710121458398078081e-02
3.710121458398078081e-02
3.710121458398078081e-02
3.710121458398078081e-02
3.710121458398078081e-02
3.710121458398078081e-02
3.710121458398078081e-02
3.710121458398078081e-02
3.710121458398078081e-02
3.710121458398078081e-02
3.710121458398078081e-02
3.710121458398078081e-02
3.710121458398078081e-02
3.710121458398078081e-02
3.710121458398078081e-02
3.710121458398078081e-02
3.710121458398078081e-02
3.710121458398078081e-02
3.850338617608931729e-02
3.850338617608931729e-02
3.850338617608931729e-02
3.850338617608931729e-02
3.850338617608931729e-02
3.850338617608931729e-02
3.850338617608931729e-02
3.850338617608931729e-02
3.850338617608931729e-02
3.850338617608931729e-02
3.850338617608931729e-02
3.850338617608931729e-02
3.850338617608931729e-02
3.850338617608931729e-02
3.850338617608931729e-02
4.031456924948968734e-02
4.031456924948968734e-02
4.031456924948968734e-02
4.031456924948968734e-02
4.031456924948968734e-02
4.031456924948968734e-02
4.031456924948968734e-02
4.031456924948968734e-02
4.031456924948968734e-02
4.031456924948968734e-02
4.031456924948968734e-02
4.031456924948968734e-02
4.031456924948968734e-02
4.031456924948968734e-02
4.031456924948968734e-02
4.031456924948968734e-02
3.869712971808624002e-02
3.869712971808624002e-02
3.869712971808624002e-02
3.869712971808624002e-02
3.869712971808624002e-02
3.869712971808624002e-02
3.869712971808624002e-02
3.869712971808624002e-02
3.869712971808624002e-02
3.869712971808624002e-02
3.869712971808624002e-02
3.869712971808624002e-02
3.869712971808624002e-02
3.869712971808624002e-02
3.869712971808624002e-02
3.869712971808624002e-02
3.869712971808624002e-02
3.869712971808624002e-02
3.869712971808624002e-02
3.869712971808624002e-02
3.869712971808624002e-02
3.869712971808624002e-02
3.869712971808624002e-02
3.869712971808624002e-02
3.869712971808624002e-02
3.869712971808624002e-02
4.031456924948968734e-02
4.031456924948968734e-02
4.031456924948968734e-02
4.031456924948968734e-02
4.031456924948968734e-02
4.031456924948968734e-02
4.031456924948968734e-02
4.031456924948968734e-02
4.031456924948968734e-02
4.031456924948968734e-02
4.031456924948968734e-02
4.031456924948968734e-02
4.031456924948968734e-02
4.031456924948968734e-02
4.031456924948968734e-02
4.031456924948968734e-02
3.850338617608931729e-02
3.850338617608931729e-02
3.850338617608931729e-02
3.850338617608931729e-02
3.850338617608931729e-02
3.850338617608931729e-02
3.850338617608931729e-02
3.850338617608931729e-02
3.850338617608931729e-02
3.850338617608931729e-02
3.850338617608931729e-02
3.850338617608931729e-02
3.850338617608931729e-02
3.850338617608931729e-02
3.850338617608931729e-02
3.850338617608931729e-02
3.850338617608931729e-02
3.850338617608931729e-02
3.850338617608931729e-02
3.850338617608931729e-02
3.850338617608931729e-02
3.850338617608931729e-02
3.850338617608931729e-02
3.850338617608931729e-02
3.850338617608931729e-02
3.850338617608931729e-02
3.850338617608931729e-02
3.850338617608931729e-02
3.850338617608931729e-02
3.850338617608931729e-02
3.850338617608931729e-02
3.850338617608931729e-02
3.850338617608931729e-02
3.850338617608931729e-02
3.850338617608931729e-02
3.850338617608931729e-02
3.850338617608931729e-02
3.850338617608931729e-02
3.850338617608931729e-02
3.850338617608931729e-02
3.850338617608931729e-02
3.850338617608931729e-02
3.850338617608931729e-02
3.850338617608931729e-02
3.850338617608931729e-02
3.850338617608931729e-02
3.850338617608931729e-02
3.850338617608931729e-02
3.850338617608931729e-02
3.850338617608931729e-02
3.850338617608931729e-02
3.850338617608931729e-02
3.850338617608931729e-02
3.850338617608931729e-02
3.850338617608931729e-02
3.850338617608931729e-02
3.850338617608931729e-02
3.850338617608931729e-02
3.850338617608931729e-02
3.850338617608931729e-02
3.850338617608931729e-02
3.850338617608931729e-02
3.850338617608931729e-02
3.850338617608931729e-02
3.850338617608931729e-02
3.850338617608931729e-02
3.850338617608931729e-02
3.850338617608931729e-02
3.850338617608931729e-02
3.850338617608931729e-02
3.850338617608931729e-02
3.850338617608931729e-02
3.850338617608931729e-02
3.850338617608931729e-02
3.850338617608931729e-02
3.850338617608931729e-02
3.850338617608931729e-02
3.850338617608931729e-02
3.850338617608931729e-02
3.850338617608931729e-02
3.850338617608931729e-02
3.850338617608931729e-02
3.850338617608931729e-02
3.850338617608931729e-02
3.850338617608931729e-02
3.850338617608931729e-02
3.850338617608931729e-02
3.850338617608931729e-02
3.850338617608931729e-02
3.850338617608931729e-02
3.850338617608931729e-02
3.850338617608931729e-02
3.850338617608931729e-02
3.850338617608931729e-02
3.850338617608931729e-02
3.850338617608931729e-02
3.850338617608931729e-02
3.850338617608931729e-02
3.850338617608931729e-02
3.850338617608931729e-02
3.850338617608931729e-02
3.850338617608931729e-02
3.850338617608931729e-02
3.850338617608931729e-02
3.850338617608931729e-02
3.850338617608931729e-02
3.850338617608931729e-02
3.850338617608931729e-02
3.850338617608931729e-02
3.850338617608931729e-02
3.850338617608931729e-02
3.850338617608931729e-02
3.850338617608931729e-02
3.850338617608931729e-02
3.850338617608931729e-02
3.850338617608931729e-02
3.850338617608931729e-02
3.850338617608931729e-02
3.850338617608931729e-02
3.850338617608931729e-02
3.850338617608931729e-02
3.850338617608931729e-02
3.850338617608931729e-02
3.850338617608931729e-02
3.850338617608931729e-02
3.850338617608931729e-02
3.850338617608931729e-02
3.850338617608931729e-02
3.850338617608931729e-02
3.850338617608931729e-02
3.850338617608931729e-02
3.850338617608931729e-02
3.850338617608931729e-02
3.850338617608931729e-02
3.850338617608931729e-02
3.850338617608931729e-02
3.850338617608931729e-02
3.850338617608931729e-02
3.850338617608931729e-02
3.850338617608931729e-02
3.850338617608931729e-02
3.850338617608931729e-02
3.850338617608931729e-02
3.850338617608931729e-02
3.850338617608931729e-02
3.850338617608931729e-02
3.850338617608931729e-02
3.850338617608931729e-02
3.850338617608931729e-02
3.850338617608931729e-02
3.850338617608931729e-02
3.850338617608931729e-02
3.850338617608931729e-02
3.850338617608931729e-02
3.850338617608931729e-02
3.850338617608931729e-02
3.850338617608931729e-02
3.850338617608931729e-02
3.850338617608931729e-02
3.850338617608931729e-02
3.850338617608931729e-02
3.850338617608931729e-02
3.850338617608931729e-02
3.850338617608931729e-02
3.850338617608931729e-02
3.850338617608931729e-02
3.850338617608931729e-02
3.850338617608931729e-02
3.850338617608931729e-02
3.850338617608931729e-02
3.850338617608931729e-02
3.850338617608931729e-02
3.850338617608931729e-02
3.850338617608931729e-02
3.850338617608931729e-02
3.850338617608931729e-02
3.850338617608931729e-02
3.850338617608931729e-02
3.850338617608931729e-02
3.850338617608931729e-02
3.850338617608931729e-02
3.850338617608931729e-02
3.850338617608931729e-02
3.850338617608931729e-02
3.850338617608931729e-02
3.850338617608931729e-02
3.850338617608931729e-02
3.850338617608931729e-02
3.850338617608931729e-02
3.850338617608931729e-02
3.850338617608931729e-02
3.850338617608931729e-02
3.850338617608931729e-02
3.850338617608931729e-02
3.850338617608931729e-02
3.850338617608931729e-02
3.850338617608931729e-02
3.850338617608931729e-02
3.850338617608931729e-02
3.850338617608931729e-02
3.850338617608931729e-02
3.850338617608931729e-02
3.850338617608931729e-02
3.850338617608931729e-02
3.850338617608931729e-02
3.850338617608931729e-02
3.850338617608931729e-02
3.850338617608931729e-02
3.850338617608931729e-02
3.850338617608931729e-02
3.850338617608931729e-02
3.850338617608931729e-02
3.850338617608931729e-02
3.850338617608931729e-02
3.850338617608931729e-02
3.850338617608931729e-02
3.850338617608931729e-02
3.850338617608931729e-02
3.850338617608931729e-02
3.850338617608931729e-02
3.850338617608931729e-02
3.850338617608931729e-02
3.850338617608931729e-02
3.850338617608931729e-02
3.850338617608931729e-02
3.850338617608931729e-02
3.850338617608931729e-02
3.850338617608931729e-02
3.850338617608931729e-02
3.850338617608931729e-02
3.850338617608931729e-02
3.850338617608931729e-02
3.850338617608931729e-02
3.850338617608931729e-02
3.850338617608931729e-02
3.850338617608931729e-02
3.850338617608931729e-02
3.850338617608931729e-02
3.850338617608931729e-02
3.850338617608931729e-02
3.850338617608931729e-02
3.850338617608931729e-02
3.850338617608931729e-02
3.850338617608931729e-02
3.850338617608931729e-02
3.850338617608931729e-02
3.850338617608931729e-02
3.850338617608931729e-02
3.850338617608931729e-02
3.850338617608931729e-02
3.850338617608931729e-02
3.850338617608931729e-02
3.850338617608931729e-02
3.850338617608931729e-02
3.850338617608931729e-02
3.850338617608931729e-02
3.850338617608931729e-02
3.850338617608931729e-02
3.850338617608931729e-02
3.850338617608931729e-02
3.850338617608931729e-02
3.850338617608931729e-02
3.850338617608931729e-02
3.850338617608931729e-02
3.850338617608931729e-02
3.850338617608931729e-02
3.850338617608931729e-02
3.850338617608931729e-02
3.850338617608931729e-02
3.850338617608931729e-02
3.850338617608931729e-02
3.850338617608931729e-02
3.850338617608931729e-02
3.850338617608931729e-02
3.850338617608931729e-02
3.850338617608931729e-02
3.850338617608931729e-02
3.850338617608931729e-02
3.850338617608931729e-02
3.850338617608931729e-02
3.850338617608931729e-02
3.850338617608931729e-02
3.850338617608931729e-02
3.850338617608931729e-02
3.850338617608931729e-02
3.850338617608931729e-02
3.850338617608931729e-02
3.850338617608931729e-02
3.850338617608931729e-02
3.850338617608931729e-02
3.850338617608931729e-02
3.850338617608931729e-02
3.850338617608931729e-02
3.850338617608931729e-02
3.850338617608931729e-02
3.850338617608931729e-02
3.850338617608931729e-02
3.850338617608931729e-02
3.850338617608931729e-02
3.850338617608931729e-02
3.850338617608931729e-02
3.850338617608931729e-02
3.850338617608931729e-02
3.850338617608931729e-02
3.850338617608931729e-02
3.850338617608931729e-02
3.850338617608931729e-02
3.850338617608931729e-02
3.850338617608931729e-02
3.850338617608931729e-02
3.850338617608931729e-02
3.850338617608931729e-02
3.850338617608931729e-02
3.850338617608931729e-02
3.850338617608931729e-02
3.850338617608931729e-02
3.850338617608931729e-02
3.850338617608931729e-02
3.850338617608931729e-02
3.850338617608931729e-02
3.850338617608931729e-02
3.850338617608931729e-02
3.850338617608931729e-02
3.850338617608931729e-02
3.850338617608931729e-02
3.850338617608931729e-02
3.850338617608931729e-02
3.850338617608931729e-02
3.850338617608931729e-02
3.850338617608931729e-02
3.850338617608931729e-02
3.850338617608931729e-02
3.850338617608931729e-02
3.850338617608931729e-02
3.850338617608931729e-02
3.850338617608931729e-02
3.850338617608931729e-02
3.850338617608931729e-02
3.850338617608931729e-02
3.850338617608931729e-02
3.850338617608931729e-02
3.850338617608931729e-02
3.850338617608931729e-02
3.850338617608931729e-02
3.850338617608931729e-02
3.850338617608931729e-02
3.850338617608931729e-02
3.850338617608931729e-02
3.850338617608931729e-02
3.850338617608931729e-02
3.850338617608931729e-02
3.850338617608931729e-02
3.850338617608931729e-02
3.850338617608931729e-02
3.850338617608931729e-02
3.850338617608931729e-02
3.850338617608931729e-02
3.850338617608931729e-02
3.850338617608931729e-02
3.850338617608931729e-02
3.850338617608931729e-02
3.850338617608931729e-02
3.850338617608931729e-02
3.850338617608931729e-02
3.850338617608931729e-02
3.850338617608931729e-02
3.850338617608931729e-02
3.850338617608931729e-02
3.850338617608931729e-02
3.850338617608931729e-02
3.850338617608931729e-02
3.850338617608931729e-02
3.850338617608931729e-02
3.850338617608931729e-02
3.850338617608931729e-02
3.850338617608931729e-02
3.850338617608931729e-02
3.850338617608931729e-02
3.850338617608931729e-02
3.850338617608931729e-02
3.850338617608931729e-02
3.850338617608931729e-02
3.850338617608931729e-02
3.850338617608931729e-02
3.850338617608931729e-02
3.850338617608931729e-02
3.850338617608931729e-02
3.850338617608931729e-02
3.850338617608931729e-02
3.850338617608931729e-02
3.850338617608931729e-02
3.850338617608931729e-02
3.850338617608931729e-02
3.850338617608931729e-02
3.850338617608931729e-02
3.850338617608931729e-02
3.850338617608931729e-02
3.850338617608931729e-02
3.850338617608931729e-02
3.850338617608931729e-02
3.850338617608931729e-02
3.850338617608931729e-02
3.850338617608931729e-02
3.850338617608931729e-02
3.850338617608931729e-02
3.850338617608931729e-02
3.850338617608931729e-02
3.850338617608931729e-02
3.850338617608931729e-02
3.850338617608931729e-02
3.850338617608931729e-02
3.850338617608931729e-02
3.850338617608931729e-02
3.850338617608931729e-02
3.850338617608931729e-02
3.850338617608931729e-02
3.850338617608931729e-02
3.850338617608931729e-02
3.850338617608931729e-02
3.850338617608931729e-02
3.850338617608931729e-02
3.850338617608931729e-02
3.850338617608931729e-02
3.850338617608931729e-02
3.850338617608931729e-02
3.850338617608931729e-02
3.850338617608931729e-02
3.850338617608931729e-02
3.850338617608931729e-02
3.850338617608931729e-02
3.850338617608931729e-02
3.850338617608931729e-02
3.850338617608931729e-02
3.850338617608931729e-02
3.850338617608931729e-02
3.850338617608931729e-02
3.850338617608931729e-02
3.850338617608931729e-02
3.850338617608931729e-02
3.850338617608931729e-02
3.850338617608931729e-02
3.850338617608931729e-02
3.850338617608931729e-02
3.850338617608931729e-02
3.850338617608931729e-02
3.850338617608931729e-02
3.850338617608931729e-02
3.850338617608931729e-02
3.850338617608931729e-02
3.850338617608931729e-02
3.850338617608931729e-02
3.850338617608931729e-02
3.850338617608931729e-02
3.850338617608931729e-02
3.850338617608931729e-02
3.850338617608931729e-02
3.850338617608931729e-02
3.850338617608931729e-02
3.850338617608931729e-02
3.850338617608931729e-02
3.850338617608931729e-02
3.850338617608931729e-02
3.850338617608931729e-02
3.850338617608931729e-02
3.850338617608931729e-02
3.850338617608931729e-02
3.850338617608931729e-02
3.850338617608931729e-02
3.850338617608931729e-02
3.850338617608931729e-02
3.850338617608931729e-02
3.850338617608931729e-02
3.850338617608931729e-02
3.850338617608931729e-02
3.850338617608931729e-02
3.850338617608931729e-02
3.850338617608931729e-02
3.850338617608931729e-02
3.850338617608931729e-02
3.850338617608931729e-02
3.850338617608931729e-02
3.850338617608931729e-02
3.850338617608931729e-02
3.850338617608931729e-02
3.850338617608931729e-02
3.850338617608931729e-02
3.850338617608931729e-02
3.850338617608931729e-02
3.850338617608931729e-02
3.850338617608931729e-02
3.850338617608931729e-02
3.850338617608931729e-02
3.850338617608931729e-02
3.850338617608931729e-02
3.850338617608931729e-02
3.850338617608931729e-02
3.850338617608931729e-02
3.850338617608931729e-02
3.850338617608931729e-02
3.850338617608931729e-02
3.850338617608931729e-02
3.850338617608931729e-02
3.850338617608931729e-02
3.850338617608931729e-02
3.850338617608931729e-02
3.850338617608931729e-02
3.850338617608931729e-02
3.850338617608931729e-02
3.850338617608931729e-02
3.850338617608931729e-02
3.850338617608931729e-02
3.850338617608931729e-02
3.850338617608931729e-02
3.850338617608931729e-02
3.850338617608931729e-02
3.850338617608931729e-02
3.850338617608931729e-02
3.850338617608931729e-02
3.850338617608931729e-02
3.850338617608931729e-02
3.850338617608931729e-02
3.850338617608931729e-02
3.850338617608931729e-02
3.850338617608931729e-02
3.850338617608931729e-02
3.850338617608931729e-02
3.850338617608931729e-02
3.850338617608931729e-02
3.850338617608931729e-02
3.850338617608931729e-02
3.850338617608931729e-02
3.850338617608931729e-02
3.850338617608931729e-02
3.850338617608931729e-02
3.850338617608931729e-02
3.850338617608931729e-02
3.850338617608931729e-02
3.850338617608931729e-02
3.850338617608931729e-02
3.850338617608931729e-02
3.850338617608931729e-02
3.850338617608931729e-02
3.850338617608931729e-02
3.850338617608931729e-02
3.850338617608931729e-02
3.850338617608931729e-02
3.850338617608931729e-02
3.850338617608931729e-02
3.850338617608931729e-02
3.850338617608931729e-02
3.850338617608931729e-02
3.850338617608931729e-02
3.850338617608931729e-02
3.850338617608931729e-02
3.850338617608931729e-02
3.850338617608931729e-02
3.850338617608931729e-02
3.850338617608931729e-02
3.850338617608931729e-02
3.850338617608931729e-02
3.850338617608931729e-02
3.850338617608931729e-02
3.850338617608931729e-02
3.850338617608931729e-02
3.850338617608931729e-02
3.850338617608931729e-02
3.850338617608931729e-02
3.850338617608931729e-02
3.850338617608931729e-02
3.850338617608931729e-02
3.850338617608931729e-02
3.850338617608931729e-02
3.850338617608931729e-02
3.850338617608931729e-02
3.850338617608931729e-02
3.850338617608931729e-02
3.850338617608931729e-02
3.850338617608931729e-02
3.850338617608931729e-02
3.850338617608931729e-02
3.850338617608931729e-02
3.850338617608931729e-02
3.850338617608931729e-02
3.850338617608931729e-02
3.850338617608931729e-02
3.850338617608931729e-02
3.850338617608931729e-02
3.850338617608931729e-02
3.850338617608931729e-02
3.850338617608931729e-02
3.850338617608931729e-02
3.850338617608931729e-02
3.850338617608931729e-02
3.850338617608931729e-02
3.850338617608931729e-02
3.850338617608931729e-02
3.850338617608931729e-02
3.850338617608931729e-02
3.850338617608931729e-02
3.850338617608931729e-02
3.850338617608931729e-02
3.850338617608931729e-02
3.850338617608931729e-02
3.850338617608931729e-02
3.850338617608931729e-02
3.850338617608931729e-02
3.850338617608931729e-02
3.850338617608931729e-02
3.850338617608931729e-02
3.850338617608931729e-02
3.850338617608931729e-02
3.850338617608931729e-02
3.850338617608931729e-02
3.850338617608931729e-02
3.850338617608931729e-02
3.850338617608931729e-02
3.850338617608931729e-02
3.850338617608931729e-02
3.850338617608931729e-02
3.850338617608931729e-02
3.850338617608931729e-02
3.850338617608931729e-02
3.850338617608931729e-02
3.850338617608931729e-02
3.850338617608931729e-02
3.850338617608931729e-02
3.850338617608931729e-02
3.850338617608931729e-02
3.850338617608931729e-02
3.850338617608931729e-02
3.850338617608931729e-02
3.850338617608931729e-02
3.850338617608931729e-02
3.850338617608931729e-02
3.850338617608931729e-02
3.850338617608931729e-02
3.850338617608931729e-02
3.850338617608931729e-02
3.850338617608931729e-02
3.850338617608931729e-02
3.850338617608931729e-02
3.850338617608931729e-02
3.850338617608931729e-02
3.850338617608931729e-02
3.850338617608931729e-02
3.850338617608931729e-02
3.850338617608931729e-02
3.850338617608931729e-02
3.850338617608931729e-02
3.850338617608931729e-02
3.850338617608931729e-02
3.850338617608931729e-02
3.850338617608931729e-02
3.850338617608931729e-02
3.850338617608931729e-02
3.850338617608931729e-02
3.850338617608931729e-02
3.850338617608931729e-02
3.850338617608931729e-02
3.850338617608931729e-02
3.850338617608931729e-02
3.850338617608931729e-02
3.850338617608931729e-02
3.850338617608931729e-02
3.850338617608931729e-02
3.850338617608931729e-02
3.850338617608931729e-02
3.850338617608931729e-02
3.850338617608931729e-02
3.850338617608931729e-02
3.850338617608931729e-02
3.850338617608931729e-02
3.850338617608931729e-02
3.850338617608931729e-02
3.850338617608931729e-02
3.850338617608931729e-02
3.850338617608931729e-02
3.850338617608931729e-02
3.850338617608931729e-02
3.850338617608931729e-02
3.850338617608931729e-02
3.850338617608931729e-02
3.850338617608931729e-02
3.850338617608931729e-02
3.850338617608931729e-02
3.850338617608931729e-02
3.850338617608931729e-02
3.850338617608931729e-02
3.850338617608931729e-02
3.850338617608931729e-02
3.850338617608931729e-02
3.850338617608931729e-02
3.850338617608931729e-02
3.850338617608931729e-02
3.850338617608931729e-02
3.850338617608931729e-02
3.850338617608931729e-02
3.850338617608931729e-02
3.850338617608931729e-02
3.850338617608931729e-02
3.850338617608931729e-02
3.850338617608931729e-02
3.850338617608931729e-02
3.850338617608931729e-02
3.850338617608931729e-02
3.850338617608931729e-02
3.850338617608931729e-02
3.850338617608931729e-02
3.850338617608931729e-02
3.850338617608931729e-02
3.850338617608931729e-02
3.850338617608931729e-02
3.850338617608931729e-02
3.850338617608931729e-02
3.850338617608931729e-02
3.850338617608931729e-02
3.850338617608931729e-02
3.850338617608931729e-02
3.850338617608931729e-02
3.850338617608931729e-02
3.850338617608931729e-02
3.850338617608931729e-02
3.850338617608931729e-02
3.850338617608931729e-02
3.850338617608931729e-02
3.850338617608931729e-02
3.850338617608931729e-02
3.850338617608931729e-02
3.850338617608931729e-02
3.850338617608931729e-02
3.850338617608931729e-02
3.850338617608931729e-02
3.850338617608931729e-02
3.850338617608931729e-02
3.850338617608931729e-02
3.850338617608931729e-02
3.850338617608931729e-02
3.850338617608931729e-02
3.850338617608931729e-02
3.850338617608931729e-02
3.850338617608931729e-02
3.850338617608931729e-02
3.850338617608931729e-02
3.850338617608931729e-02
3.850338617608931729e-02
3.850338617608931729e-02
3.850338617608931729e-02
3.850338617608931729e-02
3.850338617608931729e-02
3.850338617608931729e-02
3.850338617608931729e-02
3.850338617608931729e-02
3.850338617608931729e-02
3.850338617608931729e-02
3.850338617608931729e-02
3.850338617608931729e-02
3.850338617608931729e-02
3.850338617608931729e-02
3.850338617608931729e-02
3.850338617608931729e-02
3.850338617608931729e-02
3.850338617608931729e-02
3.850338617608931729e-02
3.850338617608931729e-02
3.850338617608931729e-02
3.850338617608931729e-02
3.850338617608931729e-02
3.850338617608931729e-02
3.850338617608931729e-02
3.850338617608931729e-02
3.850338617608931729e-02
3.850338617608931729e-02
3.850338617608931729e-02
3.850338617608931729e-02
3.850338617608931729e-02
3.850338617608931729e-02
3.850338617608931729e-02
3.850338617608931729e-02
3.850338617608931729e-02
3.850338617608931729e-02
3.850338617608931729e-02
3.850338617608931729e-02
3.850338617608931729e-02
3.850338617608931729e-02
3.850338617608931729e-02
3.850338617608931729e-02
3.850338617608931729e-02
3.850338617608931729e-02
3.850338617608931729e-02
3.850338617608931729e-02
3.850338617608931729e-02
3.850338617608931729e-02
3.850338617608931729e-02
3.850338617608931729e-02
3.850338617608931729e-02
3.850338617608931729e-02
3.850338617608931729e-02
3.850338617608931729e-02
3.850338617608931729e-02
3.850338617608931729e-02
3.850338617608931729e-02
3.850338617608931729e-02
3.850338617608931729e-02
3.850338617608931729e-02
3.850338617608931729e-02
3.850338617608931729e-02
3.850338617608931729e-02
3.850338617608931729e-02
3.850338617608931729e-02
3.850338617608931729e-02
3.850338617608931729e-02
3.850338617608931729e-02
3.850338617608931729e-02
3.850338617608931729e-02
3.850338617608931729e-02
3.850338617608931729e-02
3.850338617608931729e-02
3.850338617608931729e-02
3.850338617608931729e-02
3.850338617608931729e-02
3.850338617608931729e-02
3.850338617608931729e-02
3.850338617608931729e-02
3.850338617608931729e-02
3.850338617608931729e-02
3.850338617608931729e-02
3.850338617608931729e-02
3.850338617608931729e-02
3.850338617608931729e-02
3.850338617608931729e-02
3.850338617608931729e-02
3.850338617608931729e-02
3.850338617608931729e-02
3.850338617608931729e-02
3.850338617608931729e-02
3.850338617608931729e-02
3.850338617608931729e-02
3.850338617608931729e-02
3.850338617608931729e-02
3.850338617608931729e-02
3.850338617608931729e-02
3.850338617608931729e-02
3.850338617608931729e-02
3.850338617608931729e-02
3.850338617608931729e-02
3.850338617608931729e-02
3.850338617608931729e-02
3.850338617608931729e-02
3.850338617608931729e-02
3.850338617608931729e-02
3.850338617608931729e-02
3.850338617608931729e-02
3.850338617608931729e-02
3.850338617608931729e-02
3.850338617608931729e-02
3.850338617608931729e-02
3.850338617608931729e-02
3.850338617608931729e-02
3.850338617608931729e-02
3.850338617608931729e-02
3.850338617608931729e-02
3.850338617608931729e-02
3.850338617608931729e-02
3.850338617608931729e-02
3.850338617608931729e-02
3.850338617608931729e-02
3.850338617608931729e-02
3.850338617608931729e-02
3.850338617608931729e-02
3.850338617608931729e-02
3.850338617608931729e-02
3.850338617608931729e-02
3.850338617608931729e-02
3.850338617608931729e-02
3.850338617608931729e-02
3.850338617608931729e-02
3.850338617608931729e-02
3.850338617608931729e-02
3.850338617608931729e-02
3.850338617608931729e-02
3.850338617608931729e-02
3.850338617608931729e-02
3.850338617608931729e-02
3.850338617608931729e-02
3.850338617608931729e-02
3.850338617608931729e-02
3.850338617608931729e-02
3.850338617608931729e-02
3.850338617608931729e-02
3.850338617608931729e-02
3.850338617608931729e-02
3.850338617608931729e-02
3.850338617608931729e-02
3.850338617608931729e-02
3.850338617608931729e-02
3.850338617608931729e-02
3.850338617608931729e-02
3.850338617608931729e-02
3.850338617608931729e-02
3.850338617608931729e-02
3.850338617608931729e-02
3.850338617608931729e-02
3.850338617608931729e-02
3.850338617608931729e-02
3.850338617608931729e-02
3.850338617608931729e-02
3.850338617608931729e-02
3.850338617608931729e-02
3.850338617608931729e-02
3.850338617608931729e-02
3.850338617608931729e-02
3.850338617608931729e-02
3.850338617608931729e-02
3.850338617608931729e-02
3.850338617608931729e-02
3.850338617608931729e-02
3.850338617608931729e-02
3.850338617608931729e-02
3.850338617608931729e-02
3.850338617608931729e-02
3.850338617608931729e-02
3.850338617608931729e-02
3.850338617608931729e-02
3.850338617608931729e-02
3.850338617608931729e-02
3.850338617608931729e-02
3.850338617608931729e-02
3.850338617608931729e-02
3.850338617608931729e-02
3.850338617608931729e-02
3.850338617608931729e-02
3.850338617608931729e-02
3.850338617608931729e-02
3.850338617608931729e-02
3.850338617608931729e-02
3.850338617608931729e-02
3.850338617608931729e-02
3.850338617608931729e-02
3.850338617608931729e-02
3.850338617608931729e-02
3.850338617608931729e-02
3.850338617608931729e-02
3.850338617608931729e-02
3.850338617608931729e-02
3.850338617608931729e-02
3.850338617608931729e-02
3.850338617608931729e-02
3.850338617608931729e-02
3.850338617608931729e-02
3.850338617608931729e-02
3.850338617608931729e-02
3.850338617608931729e-02
3.850338617608931729e-02
3.850338617608931729e-02
3.850338617608931729e-02
3.850338617608931729e-02
3.850338617608931729e-02
3.850338617608931729e-02
3.850338617608931729e-02
3.850338617608931729e-02
3.850338617608931729e-02
3.850338617608931729e-02
3.850338617608931729e-02
3.850338617608931729e-02
3.850338617608931729e-02
3.850338617608931729e-02
3.850338617608931729e-02
3.850338617608931729e-02
3.850338617608931729e-02
3.850338617608931729e-02
3.850338617608931729e-02
3.850338617608931729e-02
3.850338617608931729e-02
3.850338617608931729e-02
3.850338617608931729e-02
3.850338617608931729e-02
3.850338617608931729e-02
3.850338617608931729e-02
3.850338617608931729e-02
3.850338617608931729e-02
3.850338617608931729e-02
3.850338617608931729e-02
3.850338617608931729e-02
3.850338617608931729e-02
3.850338617608931729e-02
3.850338617608931729e-02
3.850338617608931729e-02
3.850338617608931729e-02
3.850338617608931729e-02
3.850338617608931729e-02
3.850338617608931729e-02
3.850338617608931729e-02
3.850338617608931729e-02
3.850338617608931729e-02
3.850338617608931729e-02
3.850338617608931729e-02
3.850338617608931729e-02
3.850338617608931729e-02
3.850338617608931729e-02
3.850338617608931729e-02
3.850338617608931729e-02
3.850338617608931729e-02
3.850338617608931729e-02
3.850338617608931729e-02
3.850338617608931729e-02
3.850338617608931729e-02
3.850338617608931729e-02
