1.000000000000000000e+00
9.978090952463449792e-01
9.898569064032785025e-01
8.983584301350487911e-01
8.807612225687214691e-01
9.168079045214730938e-01
8.948069640753333331e-01
8.626387683383833771e-01
7.836615790993606279e-01
7.480559534478716799e-01
7.524638702848390759e-01
7.168125855747596864e-01
6.778181180813257489e-01
6.044480642717289243e-01
5.751300919821972224e-01
5.815414293662223288e-01
5.282661428699959583e-01
4.948471845479306963e-01
4.297568573788927426e-01
3.737929976693449285e-01
3.631557992977331173e-01
3.128428649964932751e-01
2.802564014421721206e-01
2.235917381514726798e-01
1.953205433368142563e-01
2.043659343337737300e-01
1.868744735402415313e-01
1.494068388556254456e-01
1.195626204744907883e-01
1.059201823096581202e-01
1.115731262195940043e-01
9.544972821405997565e-02
6.785718283163198750e-02
4.504600584852424400e-02
2.815298505103434532e-02
4.406094463919792842e-02
4.406094463919792842e-02
2.608102113151452087e-02
2.966843160170178420e-02
2.362837992717757227e-02
3.893562897805329798e-02
3.893562897805329798e-02
6.747870582607797506e-03
6.747870582607797506e-03
6.747870582607797506e-03
2.386484759534992020e-02
2.009390260966715039e-02
4.184011242565947863e-03
4.184011242565947863e-03
4.184011242565947863e-03
2.009390260966715039e-02
2.009390260966715039e-02
4.184011242565947863e-03
4.184011242565947863e-03
1.553950951299613512e-02
2.009390260966715039e-02
2.009390260966715039e-02
4.184011242565947863e-03
4.184011242565947863e-03
2.009390260966715039e-02
2.009390260966715039e-02
2.009390260966715039e-02
4.184011242565947863e-03
4.184011242565947863e-03
2.009390260966715039e-02
2.009390260966715039e-02
2.009390260966715039e-02
4.184011242565947863e-03
4.184011242565947863e-03
2.009390260966715039e-02
2.009390260966715039e-02
2.009390260966715039e-02
4.184011242565947863e-03
4.184011242565947863e-03
1.553950951299613512e-02
1.553950951299613512e-02
1.553950951299613512e-02
7.035591335934537893e-03
7.035591335934537893e-03
1.553950951299613512e-02
1.553950951299613512e-02
7.035591335934537893e-03
7.035591335934537893e-03
7.035591335934537893e-03
1.553950951299613512e-02
1.553950951299613512e-02
1.073589634232962643e-02
1.073589634232962643e-02
1.073589634232962643e-02
1.553950951299613512e-02
1.183920450660104658e-02
7.035591335934537893e-03
7.035591335934537893e-03
7.035591335934537893e-03
1.183920450660104658e-02
1.183920450660104658e-02
7.035591335934537893e-03
1.117647904066244868e-02
1.117647904066244868e-02
1.371412135646630018e-02
1.371412135646630018e-02
1.117647904066244868e-02
1.117647904066244868e-02
1.117647904066244868e-02
1.371412135646630018e-02
1.371412135646630018e-02
1.117647904066244868e-02
1.117647904066244868e-02
1.371412135646630018e-02
1.598009221132895910e-02
1.598009221132895910e-02
1.344244989552510240e-02
1.344244989552510240e-02
1.598009221132895910e-02
1.598009221132895910e-02
1.598009221132895910e-02
1.344244989552510240e-02
1.344244989552510240e-02
1.598009221132895910e-02
1.598009221132895910e-02
1.598009221132895910e-02
1.344244989552510240e-02
1.344244989552510240e-02
1.598009221132895910e-02
1.598009221132895910e-02
1.598009221132895910e-02
1.344244989552510240e-02
1.344244989552510240e-02
1.598009221132895910e-02
1.598009221132895910e-02
1.598009221132895910e-02
1.344244989552510240e-02
1.344244989552510240e-02
1.598009221132895910e-02
1.598009221132895910e-02
1.598009221132895910e-02
1.598009221132895910e-02
1.598009221132895910e-02
1.598009221132895910e-02
1.598009221132895910e-02
1.598009221132895910e-02
1.598009221132895910e-02
1.598009221132895910e-02
1.598009221132895910e-02
1.598009221132895910e-02
1.598009221132895910e-02
1.344244989552510240e-02
1.344244989552510240e-02
1.344244989552510240e-02
1.344244989552510240e-02
1.344244989552510240e-02
1.344244989552510240e-02
1.344244989552510240e-02
1.344244989552510240e-02
1.344244989552510240e-02
1.344244989552510240e-02
1.344244989552510240e-02
1.344244989552510240e-02
1.344244989552510240e-02
1.344244989552510240e-02
1.344244989552510240e-02
1.344244989552510240e-02
1.344244989552510240e-02
1.344244989552510240e-02
1.344244989552510240e-02
1.344244989552510240e-02
1.344244989552510240e-02
1.344244989552510240e-02
1.344244989552510240e-02
1.344244989552510240e-02
1.344244989552510240e-02
1.344244989552510240e-02
1.344244989552510240e-02
1.344244989552510240e-02
1.344244989552510240e-02
1.344244989552510240e-02
1.344244989552510240e-02
1.344244989552510240e-02
1.344244989552510240e-02
1.344244989552510240e-02
1.344244989552510240e-02
1.344244989552510240e-02
1.344244989552510240e-02
1.344244989552510240e-02
1.344244989552510240e-02
1.344244989552510240e-02
1.344244989552510240e-02
1.344244989552510240e-02
1.344244989552510240e-02
1.344244989552510240e-02
1.344244989552510240e-02
1.344244989552510240e-02
1.344244989552510240e-02
1.344244989552510240e-02
1.344244989552510240e-02
1.344244989552510240e-02
1.344244989552510240e-02
1.344244989552510240e-02
1.344244989552510240e-02
1.344244989552510240e-02
1.344244989552510240e-02
1.344244989552510240e-02
1.344244989552510240e-02
1.344244989552510240e-02
1.344244989552510240e-02
1.344244989552510240e-02
1.344244989552510240e-02
1.344244989552510240e-02
1.344244989552510240e-02
1.344244989552510240e-02
1.344244989552510240e-02
1.344244989552510240e-02
1.344244989552510240e-02
1.344244989552510240e-02
1.344244989552510240e-02
1.344244989552510240e-02
1.344244989552510240e-02
1.344244989552510240e-02
1.344244989552510240e-02
1.344244989552510240e-02
1.344244989552510240e-02
1.344244989552510240e-02
1.344244989552510240e-02
1.344244989552510240e-02
1.344244989552510240e-02
1.344244989552510240e-02
1.344244989552510240e-02
1.344244989552510240e-02
1.344244989552510240e-02
1.344244989552510240e-02
1.344244989552510240e-02
1.344244989552510240e-02
1.344244989552510240e-02
1.344244989552510240e-02
1.344244989552510240e-02
1.344244989552510240e-02
1.344244989552510240e-02
1.344244989552510240e-02
1.344244989552510240e-02
1.344244989552510240e-02
1.344244989552510240e-02
1.344244989552510240e-02
1.344244989552510240e-02
1.344244989552510240e-02
1.344244989552510240e-02
1.344244989552510240e-02
1.344244989552510240e-02
1.344244989552510240e-02
1.344244989552510240e-02
1.344244989552510240e-02
1.344244989552510240e-02
1.344244989552510240e-02
1.344244989552510240e-02
1.344244989552510240e-02
1.344244989552510240e-02
1.344244989552510240e-02
1.344244989552510240e-02
1.344244989552510240e-02
1.344244989552510240e-02
1.344244989552510240e-02
1.344244989552510240e-02
1.344244989552510240e-02
1.344244989552510240e-02
1.344244989552510240e-02
1.344244989552510240e-02
1.344244989552510240e-02
1.344244989552510240e-02
1.344244989552510240e-02
1.344244989552510240e-02
1.344244989552510240e-02
1.344244989552510240e-02
1.344244989552510240e-02
1.344244989552510240e-02
1.344244989552510240e-02
1.344244989552510240e-02
1.344244989552510240e-02
1.344244989552510240e-02
1.344244989552510240e-02
1.344244989552510240e-02
1.344244989552510240e-02
1.344244989552510240e-02
1.344244989552510240e-02
1.344244989552510240e-02
1.344244989552510240e-02
1.344244989552510240e-02
1.344244989552510240e-02
1.344244989552510240e-02
1.344244989552510240e-02
1.344244989552510240e-02
1.344244989552510240e-02
1.344244989552510240e-02
1.344244989552510240e-02
1.344244989552510240e-02
1.344244989552510240e-02
1.344244989552510240e-02
1.344244989552510240e-02
1.344244989552510240e-02
1.344244989552510240e-02
1.344244989552510240e-02
1.344244989552510240e-02
1.344244989552510240e-02
1.344244989552510240e-02
1.344244989552510240e-02
1.344244989552510240e-02
1.344244989552510240e-02
1.344244989552510240e-02
1.344244989552510240e-02
1.344244989552510240e-02
1.344244989552510240e-02
1.344244989552510240e-02
1.344244989552510240e-02
1.344244989552510240e-02
1.344244989552510240e-02
1.344244989552510240e-02
1.344244989552510240e-02
1.344244989552510240e-02
1.344244989552510240e-02
1.344244989552510240e-02
1.344244989552510240e-02
1.344244989552510240e-02
1.344244989552510240e-02
1.344244989552510240e-02
1.344244989552510240e-02
1.344244989552510240e-02
1.344244989552510240e-02
1.344244989552510240e-02
1.344244989552510240e-02
1.344244989552510240e-02
1.344244989552510240e-02
1.344244989552510240e-02
1.344244989552510240e-02
1.344244989552510240e-02
1.344244989552510240e-02
1.344244989552510240e-02
1.344244989552510240e-02
1.344244989552510240e-02
1.344244989552510240e-02
1.344244989552510240e-02
1.344244989552510240e-02
1.344244989552510240e-02
1.344244989552510240e-02
1.344244989552510240e-02
1.344244989552510240e-02
1.344244989552510240e-02
1.344244989552510240e-02
1.344244989552510240e-02
1.344244989552510240e-02
1.344244989552510240e-02
1.344244989552510240e-02
1.344244989552510240e-02
1.344244989552510240e-02
1.344244989552510240e-02
1.344244989552510240e-02
1.344244989552510240e-02
1.344244989552510240e-02
1.344244989552510240e-02
1.344244989552510240e-02
1.344244989552510240e-02
1.344244989552510240e-02
1.344244989552510240e-02
1.344244989552510240e-02
1.344244989552510240e-02
1.344244989552510240e-02
1.344244989552510240e-02
1.344244989552510240e-02
1.344244989552510240e-02
1.344244989552510240e-02
1.344244989552510240e-02
1.344244989552510240e-02
1.344244989552510240e-02
1.344244989552510240e-02
1.344244989552510240e-02
1.344244989552510240e-02
1.344244989552510240e-02
1.344244989552510240e-02
1.344244989552510240e-02
1.344244989552510240e-02
1.344244989552510240e-02
1.344244989552510240e-02
1.344244989552510240e-02
1.344244989552510240e-02
1.344244989552510240e-02
1.344244989552510240e-02
1.344244989552510240e-02
1.344244989552510240e-02
1.344244989552510240e-02
1.344244989552510240e-02
1.344244989552510240e-02
1.344244989552510240e-02
1.344244989552510240e-02
1.344244989552510240e-02
1.344244989552510240e-02
1.344244989552510240e-02
1.344244989552510240e-02
1.344244989552510240e-02
1.344244989552510240e-02
1.344244989552510240e-02
1.344244989552510240e-02
1.344244989552510240e-02
1.344244989552510240e-02
1.344244989552510240e-02
1.344244989552510240e-02
1.344244989552510240e-02
1.344244989552510240e-02
1.344244989552510240e-02
1.344244989552510240e-02
1.344244989552510240e-02
1.344244989552510240e-02
1.344244989552510240e-02
1.344244989552510240e-02
1.344244989552510240e-02
1.344244989552510240e-02
1.344244989552510240e-02
1.344244989552510240e-02
1.344244989552510240e-02
1.344244989552510240e-02
1.344244989552510240e-02
1.344244989552510240e-02
1.344244989552510240e-02
1.344244989552510240e-02
1.344244989552510240e-02
1.344244989552510240e-02
1.344244989552510240e-02
1.344244989552510240e-02
1.344244989552510240e-02
1.344244989552510240e-02
1.344244989552510240e-02
1.344244989552510240e-02
1.344244989552510240e-02
1.344244989552510240e-02
1.344244989552510240e-02
1.344244989552510240e-02
1.344244989552510240e-02
1.344244989552510240e-02
1.344244989552510240e-02
1.344244989552510240e-02
1.344244989552510240e-02
1.344244989552510240e-02
1.344244989552510240e-02
1.344244989552510240e-02
1.344244989552510240e-02
1.344244989552510240e-02
1.344244989552510240e-02
1.344244989552510240e-02
1.344244989552510240e-02
1.344244989552510240e-02
1.344244989552510240e-02
1.344244989552510240e-02
1.344244989552510240e-02
1.344244989552510240e-02
1.344244989552510240e-02
1.344244989552510240e-02
1.344244989552510240e-02
1.344244989552510240e-02
1.344244989552510240e-02
1.344244989552510240e-02
1.344244989552510240e-02
1.344244989552510240e-02
1.344244989552510240e-02
1.344244989552510240e-02
1.344244989552510240e-02
1.344244989552510240e-02
1.344244989552510240e-02
1.344244989552510240e-02
1.344244989552510240e-02
1.344244989552510240e-02
1.344244989552510240e-02
1.344244989552510240e-02
1.344244989552510240e-02
1.344244989552510240e-02
1.344244989552510240e-02
1.344244989552510240e-02
1.344244989552510240e-02
1.344244989552510240e-02
1.344244989552510240e-02
1.344244989552510240e-02
1.344244989552510240e-02
1.344244989552510240e-02
1.344244989552510240e-02
1.344244989552510240e-02
1.344244989552510240e-02
1.344244989552510240e-02
1.344244989552510240e-02
1.344244989552510240e-02
1.344244989552510240e-02
1.344244989552510240e-02
1.344244989552510240e-02
1.344244989552510240e-02
1.344244989552510240e-02
1.344244989552510240e-02
1.344244989552510240e-02
1.344244989552510240e-02
1.344244989552510240e-02
1.344244989552510240e-02
1.344244989552510240e-02
1.344244989552510240e-02
1.344244989552510240e-02
1.344244989552510240e-02
1.344244989552510240e-02
1.344244989552510240e-02
1.344244989552510240e-02
1.344244989552510240e-02
1.344244989552510240e-02
1.344244989552510240e-02
1.344244989552510240e-02
1.344244989552510240e-02
1.344244989552510240e-02
1.344244989552510240e-02
1.344244989552510240e-02
1.344244989552510240e-02
1.344244989552510240e-02
1.344244989552510240e-02
1.344244989552510240e-02
1.344244989552510240e-02
1.344244989552510240e-02
1.344244989552510240e-02
1.344244989552510240e-02
1.344244989552510240e-02
1.344244989552510240e-02
1.344244989552510240e-02
1.344244989552510240e-02
1.344244989552510240e-02
1.344244989552510240e-02
1.344244989552510240e-02
1.344244989552510240e-02
1.344244989552510240e-02
1.344244989552510240e-02
1.344244989552510240e-02
1.344244989552510240e-02
1.344244989552510240e-02
1.344244989552510240e-02
1.344244989552510240e-02
1.344244989552510240e-02
1.344244989552510240e-02
1.344244989552510240e-02
1.344244989552510240e-02
1.344244989552510240e-02
1.344244989552510240e-02
1.344244989552510240e-02
1.344244989552510240e-02
1.344244989552510240e-02
1.344244989552510240e-02
1.344244989552510240e-02
1.344244989552510240e-02
1.344244989552510240e-02
1.344244989552510240e-02
1.344244989552510240e-02
1.344244989552510240e-02
1.344244989552510240e-02
1.344244989552510240e-02
1.344244989552510240e-02
1.344244989552510240e-02
1.344244989552510240e-02
1.344244989552510240e-02
1.344244989552510240e-02
1.344244989552510240e-02
1.344244989552510240e-02
1.344244989552510240e-02
1.344244989552510240e-02
1.344244989552510240e-02
1.344244989552510240e-02
1.344244989552510240e-02
1.344244989552510240e-02
1.344244989552510240e-02
1.344244989552510240e-02
1.344244989552510240e-02
1.344244989552510240e-02
1.344244989552510240e-02
1.344244989552510240e-02
1.344244989552510240e-02
1.344244989552510240e-02
1.344244989552510240e-02
1.344244989552510240e-02
1.344244989552510240e-02
1.344244989552510240e-02
1.344244989552510240e-02
1.344244989552510240e-02
1.344244989552510240e-02
1.344244989552510240e-02
1.344244989552510240e-02
1.344244989552510240e-02
1.344244989552510240e-02
1.344244989552510240e-02
1.344244989552510240e-02
1.344244989552510240e-02
1.344244989552510240e-02
1.344244989552510240e-02
1.344244989552510240e-02
1.344244989552510240e-02
1.344244989552510240e-02
1.344244989552510240e-02
1.344244989552510240e-02
1.344244989552510240e-02
1.344244989552510240e-02
1.344244989552510240e-02
1.344244989552510240e-02
1.344244989552510240e-02
1.344244989552510240e-02
1.344244989552510240e-02
1.344244989552510240e-02
1.344244989552510240e-02
1.344244989552510240e-02
1.344244989552510240e-02
1.344244989552510240e-02
1.344244989552510240e-02
1.344244989552510240e-02
1.344244989552510240e-02
1.344244989552510240e-02
1.344244989552510240e-02
1.344244989552510240e-02
1.344244989552510240e-02
1.344244989552510240e-02
1.344244989552510240e-02
1.344244989552510240e-02
1.344244989552510240e-02
1.344244989552510240e-02
1.344244989552510240e-02
1.344244989552510240e-02
1.344244989552510240e-02
1.344244989552510240e-02
1.344244989552510240e-02
1.344244989552510240e-02
1.344244989552510240e-02
1.344244989552510240e-02
1.344244989552510240e-02
1.344244989552510240e-02
1.344244989552510240e-02
1.344244989552510240e-02
1.344244989552510240e-02
1.344244989552510240e-02
1.344244989552510240e-02
1.344244989552510240e-02
1.344244989552510240e-02
1.344244989552510240e-02
1.344244989552510240e-02
1.344244989552510240e-02
1.344244989552510240e-02
1.344244989552510240e-02
1.344244989552510240e-02
1.344244989552510240e-02
1.344244989552510240e-02
1.344244989552510240e-02
1.344244989552510240e-02
1.344244989552510240e-02
1.344244989552510240e-02
1.344244989552510240e-02
1.344244989552510240e-02
1.344244989552510240e-02
1.344244989552510240e-02
1.344244989552510240e-02
1.344244989552510240e-02
1.344244989552510240e-02
1.344244989552510240e-02
1.344244989552510240e-02
1.344244989552510240e-02
1.344244989552510240e-02
1.344244989552510240e-02
1.344244989552510240e-02
1.344244989552510240e-02
1.344244989552510240e-02
1.344244989552510240e-02
1.344244989552510240e-02
1.344244989552510240e-02
1.344244989552510240e-02
1.344244989552510240e-02
1.344244989552510240e-02
1.344244989552510240e-02
1.344244989552510240e-02
1.344244989552510240e-02
1.344244989552510240e-02
1.344244989552510240e-02
1.344244989552510240e-02
1.344244989552510240e-02
1.344244989552510240e-02
1.344244989552510240e-02
1.344244989552510240e-02
1.344244989552510240e-02
1.344244989552510240e-02
1.344244989552510240e-02
1.344244989552510240e-02
1.344244989552510240e-02
1.344244989552510240e-02
1.344244989552510240e-02
1.344244989552510240e-02
1.344244989552510240e-02
1.344244989552510240e-02
1.344244989552510240e-02
1.344244989552510240e-02
1.344244989552510240e-02
1.344244989552510240e-02
1.344244989552510240e-02
1.344244989552510240e-02
1.344244989552510240e-02
1.344244989552510240e-02
1.344244989552510240e-02
1.344244989552510240e-02
1.344244989552510240e-02
1.344244989552510240e-02
1.344244989552510240e-02
1.344244989552510240e-02
1.344244989552510240e-02
1.344244989552510240e-02
1.344244989552510240e-02
1.344244989552510240e-02
1.344244989552510240e-02
1.344244989552510240e-02
1.344244989552510240e-02
1.344244989552510240e-02
1.344244989552510240e-02
1.344244989552510240e-02
1.344244989552510240e-02
1.344244989552510240e-02
1.344244989552510240e-02
1.344244989552510240e-02
1.344244989552510240e-02
1.344244989552510240e-02
1.344244989552510240e-02
1.344244989552510240e-02
1.344244989552510240e-02
1.344244989552510240e-02
1.344244989552510240e-02
1.344244989552510240e-02
1.344244989552510240e-02
1.344244989552510240e-02
1.344244989552510240e-02
1.344244989552510240e-02
1.344244989552510240e-02
1.344244989552510240e-02
1.344244989552510240e-02
1.344244989552510240e-02
1.344244989552510240e-02
1.344244989552510240e-02
1.344244989552510240e-02
1.344244989552510240e-02
1.344244989552510240e-02
1.344244989552510240e-02
1.344244989552510240e-02
1.344244989552510240e-02
1.344244989552510240e-02
1.344244989552510240e-02
1.344244989552510240e-02
1.344244989552510240e-02
1.344244989552510240e-02
1.344244989552510240e-02
1.344244989552510240e-02
1.344244989552510240e-02
1.344244989552510240e-02
1.344244989552510240e-02
1.344244989552510240e-02
1.344244989552510240e-02
1.344244989552510240e-02
1.344244989552510240e-02
1.344244989552510240e-02
1.344244989552510240e-02
1.344244989552510240e-02
1.344244989552510240e-02
1.344244989552510240e-02
1.344244989552510240e-02
1.344244989552510240e-02
1.344244989552510240e-02
1.344244989552510240e-02
1.344244989552510240e-02
1.344244989552510240e-02
1.344244989552510240e-02
1.344244989552510240e-02
1.344244989552510240e-02
1.344244989552510240e-02
1.344244989552510240e-02
1.344244989552510240e-02
1.344244989552510240e-02
1.344244989552510240e-02
1.344244989552510240e-02
1.344244989552510240e-02
1.344244989552510240e-02
1.344244989552510240e-02
1.344244989552510240e-02
1.344244989552510240e-02
1.344244989552510240e-02
1.344244989552510240e-02
1.344244989552510240e-02
1.344244989552510240e-02
1.344244989552510240e-02
1.344244989552510240e-02
1.344244989552510240e-02
1.344244989552510240e-02
1.344244989552510240e-02
1.344244989552510240e-02
1.344244989552510240e-02
1.344244989552510240e-02
1.344244989552510240e-02
1.344244989552510240e-02
1.344244989552510240e-02
1.344244989552510240e-02
1.344244989552510240e-02
1.344244989552510240e-02
1.344244989552510240e-02
1.344244989552510240e-02
1.344244989552510240e-02
1.344244989552510240e-02
1.344244989552510240e-02
1.344244989552510240e-02
1.344244989552510240e-02
1.344244989552510240e-02
1.344244989552510240e-02
1.344244989552510240e-02
1.344244989552510240e-02
1.344244989552510240e-02
1.344244989552510240e-02
1.344244989552510240e-02
1.344244989552510240e-02
1.344244989552510240e-02
1.344244989552510240e-02
1.344244989552510240e-02
1.344244989552510240e-02
1.344244989552510240e-02
1.344244989552510240e-02
1.344244989552510240e-02
1.344244989552510240e-02
1.344244989552510240e-02
1.344244989552510240e-02
1.344244989552510240e-02
1.344244989552510240e-02
1.344244989552510240e-02
1.344244989552510240e-02
1.344244989552510240e-02
1.344244989552510240e-02
1.344244989552510240e-02
1.344244989552510240e-02
1.344244989552510240e-02
1.344244989552510240e-02
1.344244989552510240e-02
1.344244989552510240e-02
1.344244989552510240e-02
1.344244989552510240e-02
1.344244989552510240e-02
1.344244989552510240e-02
1.344244989552510240e-02
1.344244989552510240e-02
1.344244989552510240e-02
1.344244989552510240e-02
1.344244989552510240e-02
1.344244989552510240e-02
1.344244989552510240e-02
1.344244989552510240e-02
1.344244989552510240e-02
1.344244989552510240e-02
1.344244989552510240e-02
1.344244989552510240e-02
1.344244989552510240e-02
1.344244989552510240e-02
1.344244989552510240e-02
1.344244989552510240e-02
1.344244989552510240e-02
1.344244989552510240e-02
1.344244989552510240e-02
1.344244989552510240e-02
1.344244989552510240e-02
1.344244989552510240e-02
1.344244989552510240e-02
1.344244989552510240e-02
1.344244989552510240e-02
1.344244989552510240e-02
1.344244989552510240e-02
1.344244989552510240e-02
1.344244989552510240e-02
1.344244989552510240e-02
1.344244989552510240e-02
1.344244989552510240e-02
1.344244989552510240e-02
1.344244989552510240e-02
1.344244989552510240e-02
1.344244989552510240e-02
1.344244989552510240e-02
1.344244989552510240e-02
1.344244989552510240e-02
1.344244989552510240e-02
1.344244989552510240e-02
1.344244989552510240e-02
1.344244989552510240e-02
1.344244989552510240e-02
1.344244989552510240e-02
1.344244989552510240e-02
1.344244989552510240e-02
1.344244989552510240e-02
1.344244989552510240e-02
1.344244989552510240e-02
1.344244989552510240e-02
1.344244989552510240e-02
1.344244989552510240e-02
1.344244989552510240e-02
1.344244989552510240e-02
1.344244989552510240e-02
1.344244989552510240e-02
1.344244989552510240e-02
1.344244989552510240e-02
1.344244989552510240e-02
1.344244989552510240e-02
1.344244989552510240e-02
1.344244989552510240e-02
1.344244989552510240e-02
1.344244989552510240e-02
1.344244989552510240e-02
1.344244989552510240e-02
1.344244989552510240e-02
1.344244989552510240e-02
1.344244989552510240e-02
1.344244989552510240e-02
1.344244989552510240e-02
1.344244989552510240e-02
1.344244989552510240e-02
1.344244989552510240e-02
1.344244989552510240e-02
1.344244989552510240e-02
1.344244989552510240e-02
1.344244989552510240e-02
1.344244989552510240e-02
1.344244989552510240e-02
1.344244989552510240e-02
1.344244989552510240e-02
1.344244989552510240e-02
1.344244989552510240e-02
1.344244989552510240e-02
1.344244989552510240e-02
1.344244989552510240e-02
1.344244989552510240e-02
1.344244989552510240e-02
1.344244989552510240e-02
1.344244989552510240e-02
1.344244989552510240e-02
1.344244989552510240e-02
1.344244989552510240e-02
1.344244989552510240e-02
1.344244989552510240e-02
1.344244989552510240e-02
1.344244989552510240e-02
1.344244989552510240e-02
1.344244989552510240e-02
1.344244989552510240e-02
1.344244989552510240e-02
1.344244989552510240e-02
1.344244989552510240e-02
1.344244989552510240e-02
1.344244989552510240e-02
1.344244989552510240e-02
1.344244989552510240e-02
1.344244989552510240e-02
1.344244989552510240e-02
1.344244989552510240e-02
1.344244989552510240e-02
1.344244989552510240e-02
1.344244989552510240e-02
1.344244989552510240e-02
1.344244989552510240e-02
1.344244989552510240e-02
1.344244989552510240e-02
1.344244989552510240e-02
1.344244989552510240e-02
1.344244989552510240e-02
1.344244989552510240e-02
1.344244989552510240e-02
1.344244989552510240e-02
1.344244989552510240e-02
1.344244989552510240e-02
1.344244989552510240e-02
1.344244989552510240e-02
1.344244989552510240e-02
1.344244989552510240e-02
1.344244989552510240e-02
1.344244989552510240e-02
1.344244989552510240e-02
1.344244989552510240e-02
1.344244989552510240e-02
1.344244989552510240e-02
1.344244989552510240e-02
1.344244989552510240e-02
1.344244989552510240e-02
1.344244989552510240e-02
1.344244989552510240e-02
1.344244989552510240e-02
1.344244989552510240e-02
1.344244989552510240e-02
1.344244989552510240e-02
1.344244989552510240e-02
1.344244989552510240e-02
1.344244989552510240e-02
1.344244989552510240e-02
1.344244989552510240e-02
1.344244989552510240e-02
1.344244989552510240e-02
1.344244989552510240e-02
1.344244989552510240e-02
1.344244989552510240e-02
1.344244989552510240e-02
1.344244989552510240e-02
1.344244989552510240e-02
1.344244989552510240e-02
1.344244989552510240e-02
1.344244989552510240e-02
1.344244989552510240e-02
1.344244989552510240e-02
1.344244989552510240e-02
1.344244989552510240e-02
1.344244989552510240e-02
1.344244989552510240e-02
1.344244989552510240e-02
1.344244989552510240e-02
1.344244989552510240e-02
1.344244989552510240e-02
1.344244989552510240e-02
1.344244989552510240e-02
1.344244989552510240e-02
1.344244989552510240e-02
1.344244989552510240e-02
1.344244989552510240e-02
1.344244989552510240e-02
1.344244989552510240e-02
1.344244989552510240e-02
1.344244989552510240e-02
1.344244989552510240e-02
1.344244989552510240e-02
1.344244989552510240e-02
1.344244989552510240e-02
1.344244989552510240e-02
1.344244989552510240e-02
1.344244989552510240e-02
1.344244989552510240e-02
1.344244989552510240e-02
1.344244989552510240e-02
1.344244989552510240e-02
1.344244989552510240e-02
1.344244989552510240e-02
1.344244989552510240e-02
1.344244989552510240e-02
1.344244989552510240e-02
1.344244989552510240e-02
1.344244989552510240e-02
1.344244989552510240e-02
1.344244989552510240e-02
1.344244989552510240e-02
1.344244989552510240e-02
1.344244989552510240e-02
1.344244989552510240e-02
1.344244989552510240e-02
1.344244989552510240e-02
1.344244989552510240e-02
1.344244989552510240e-02
1.344244989552510240e-02
1.344244989552510240e-02
1.344244989552510240e-02
1.344244989552510240e-02
1.344244989552510240e-02
1.344244989552510240e-02
1.344244989552510240e-02
1.344244989552510240e-02
1.344244989552510240e-02
1.344244989552510240e-02
1.344244989552510240e-02
1.344244989552510240e-02
1.344244989552510240e-02
1.344244989552510240e-02
1.344244989552510240e-02
1.344244989552510240e-02
1.344244989552510240e-02
1.344244989552510240e-02
1.344244989552510240e-02
1.344244989552510240e-02
1.344244989552510240e-02
1.344244989552510240e-02
1.344244989552510240e-02
1.344244989552510240e-02
1.344244989552510240e-02
1.344244989552510240e-02
1.344244989552510240e-02
1.344244989552510240e-02
1.344244989552510240e-02
1.344244989552510240e-02
1.344244989552510240e-02
1.344244989552510240e-02
1.344244989552510240e-02
1.344244989552510240e-02
1.344244989552510240e-02
1.344244989552510240e-02
1.344244989552510240e-02
1.344244989552510240e-02
1.344244989552510240e-02
1.344244989552510240e-02
1.344244989552510240e-02
1.344244989552510240e-02
1.344244989552510240e-02
1.344244989552510240e-02
1.344244989552510240e-02
1.344244989552510240e-02
1.344244989552510240e-02
1.344244989552510240e-02
1.344244989552510240e-02
1.344244989552510240e-02
1.344244989552510240e-02
1.344244989552510240e-02
1.344244989552510240e-02
1.344244989552510240e-02
1.344244989552510240e-02
1.344244989552510240e-02
1.344244989552510240e-02
1.344244989552510240e-02
1.344244989552510240e-02
1.344244989552510240e-02
1.344244989552510240e-02
1.344244989552510240e-02
1.344244989552510240e-02
1.344244989552510240e-02
1.344244989552510240e-02
1.344244989552510240e-02
1.344244989552510240e-02
1.344244989552510240e-02
1.344244989552510240e-02
1.344244989552510240e-02
1.344244989552510240e-02
1.344244989552510240e-02
1.344244989552510240e-02
1.344244989552510240e-02
1.344244989552510240e-02
1.344244989552510240e-02
1.344244989552510240e-02
1.344244989552510240e-02
1.344244989552510240e-02
1.344244989552510240e-02
1.344244989552510240e-02
1.344244989552510240e-02
1.344244989552510240e-02
1.344244989552510240e-02
1.344244989552510240e-02
1.344244989552510240e-02
1.344244989552510240e-02
1.344244989552510240e-02
1.344244989552510240e-02
1.344244989552510240e-02
1.344244989552510240e-02
1.344244989552510240e-02
1.344244989552510240e-02
1.344244989552510240e-02
1.344244989552510240e-02
1.344244989552510240e-02
1.344244989552510240e-02
1.344244989552510240e-02
1.344244989552510240e-02
1.344244989552510240e-02
1.344244989552510240e-02
1.344244989552510240e-02
1.344244989552510240e-02
1.344244989552510240e-02
1.344244989552510240e-02
1.344244989552510240e-02
1.344244989552510240e-02
1.344244989552510240e-02
1.344244989552510240e-02
1.344244989552510240e-02
1.344244989552510240e-02
1.344244989552510240e-02
1.344244989552510240e-02
1.344244989552510240e-02
1.344244989552510240e-02
1.344244989552510240e-02
1.344244989552510240e-02
1.344244989552510240e-02
1.344244989552510240e-02
1.344244989552510240e-02
1.344244989552510240e-02
1.344244989552510240e-02
1.344244989552510240e-02
1.344244989552510240e-02
1.344244989552510240e-02
1.344244989552510240e-02
1.344244989552510240e-02
1.344244989552510240e-02
1.344244989552510240e-02
1.344244989552510240e-02
1.344244989552510240e-02
1.344244989552510240e-02
1.344244989552510240e-02
1.344244989552510240e-02
1.344244989552510240e-02
1.344244989552510240e-02
1.344244989552510240e-02
1.344244989552510240e-02
1.344244989552510240e-02
1.344244989552510240e-02
1.344244989552510240e-02
1.344244989552510240e-02
1.344244989552510240e-02
1.344244989552510240e-02
1.344244989552510240e-02
1.344244989552510240e-02
1.344244989552510240e-02
1.344244989552510240e-02
1.344244989552510240e-02
1.344244989552510240e-02
1.344244989552510240e-02
1.344244989552510240e-02
1.344244989552510240e-02
1.344244989552510240e-02
1.344244989552510240e-02
1.344244989552510240e-02
1.344244989552510240e-02
1.344244989552510240e-02
1.344244989552510240e-02
1.344244989552510240e-02
1.344244989552510240e-02
1.344244989552510240e-02
1.344244989552510240e-02
1.344244989552510240e-02
1.344244989552510240e-02
1.344244989552510240e-02
1.344244989552510240e-02
1.344244989552510240e-02
1.344244989552510240e-02
1.344244989552510240e-02
1.344244989552510240e-02
1.344244989552510240e-02
1.344244989552510240e-02
1.344244989552510240e-02
1.344244989552510240e-02
1.344244989552510240e-02
1.344244989552510240e-02
1.344244989552510240e-02
1.344244989552510240e-02
1.344244989552510240e-02
1.344244989552510240e-02
1.344244989552510240e-02
1.344244989552510240e-02
1.344244989552510240e-02
1.344244989552510240e-02
1.344244989552510240e-02
1.344244989552510240e-02
1.344244989552510240e-02
1.344244989552510240e-02
1.344244989552510240e-02
1.344244989552510240e-02
1.344244989552510240e-02
1.344244989552510240e-02
1.344244989552510240e-02
1.344244989552510240e-02
1.344244989552510240e-02
1.344244989552510240e-02
1.344244989552510240e-02
1.344244989552510240e-02
1.344244989552510240e-02
1.344244989552510240e-02
1.344244989552510240e-02
1.344244989552510240e-02
1.344244989552510240e-02
