1.000000000000000000e+00
9.995823068701888969e-01
9.973210737461654096e-01
9.945686502893905656e-01
9.911640426098752288e-01
9.900833707880786205e-01
9.831305176085436415e-01
9.758177016279980798e-01
9.681133031491319096e-01
9.625367166635503402e-01
9.468691329358362996e-01
9.263120297800140346e-01
9.050169960377209000e-01
8.658463432458796127e-01
6.653714610653134187e-01
-3.153254950435037673e-01
-6.124878183919758579e-01
-6.760526367386930913e-01
-7.066726081624095102e-01
-7.209631838247677615e-01
-7.234693556615133803e-01
-7.235881108287242069e-01
-7.356541147868894681e-01
-7.373674899289318629e-01
-7.411836570579827255e-01
-7.456186297420728248e-01
-7.493607322544876270e-01
-7.496942817612729515e-01
-7.372420876438866566e-01
-2.432185349106618100e-01
7.715703484784086630e-01
7.954849754985205967e-01
8.035690116684898188e-01
7.936681936614952138e-01
7.939821564993245762e-01
7.936944532166616550e-01
7.931562319175873288e-01
7.926064531811441993e-01
7.839340262055582986e-01
7.819235603120610056e-01
7.824574800813778319e-01
7.772790043210420219e-01
7.562341368734979419e-01
5.958830712037652688e-01
-3.124079467871855864e-01
-6.511771172927081075e-01
-7.096914283079928110e-01
-7.298130808083006515e-01
-7.361421047706954157e-01
-7.390012566494051915e-01
-7.402271814941437933e-01
-7.400106171680356226e-01
-7.396170828229674532e-01
-7.389905649812122945e-01
-7.434740692052312916e-01
-7.415357739595898057e-01
-7.353624270508991589e-01
-7.109058366068002899e-01
-3.612056459585067936e-01
6.721098199804187434e-01
7.406704479223635840e-01
7.499845676012976137e-01
7.530804743199797091e-01
7.548223517119535542e-01
7.556191076276840279e-01
7.553756480396931483e-01
7.555316319910102552e-01
7.545148778950180324e-01
7.529859570554243708e-01
7.503464913004164183e-01
7.434266495583962131e-01
7.308462062130961501e-01
6.435225671365191191e-01
-2.287969074637330458e-01
-6.325316568112492321e-01
-6.993352298634413211e-01
-7.167002637010143618e-01
-7.227771384789694054e-01
-7.239511994163945197e-01
-7.247925734269542453e-01
-7.259015809766016236e-01
-7.259238044658512523e-01
-7.260455381791685037e-01
-7.257967392375880289e-01
-7.249612610960977088e-01
-7.174529100832423012e-01
-7.008426363283322136e-01
-4.043921701285881909e-01
5.764120692093320786e-01
7.104159606232272051e-01
7.358464512345163078e-01
7.398484486170352481e-01
7.417023250170452497e-01
7.433386049285243269e-01
7.432685278259969497e-01
7.420101848719496962e-01
7.419875152663925055e-01
7.396477894356374705e-01
7.383584691728052318e-01
7.334961520418242786e-01
7.242037762327866446e-01
6.603426888884831314e-01
-1.417858100608195004e-01
-6.122570984943860317e-01
-6.946555162238987613e-01
-7.082315646789045793e-01
-7.130674521152118306e-01
-7.156130004786879217e-01
-7.159927762929580997e-01
-7.174429799155939147e-01
-7.171821652197527541e-01
-7.169752442631902589e-01
-7.167483402359491329e-01
-7.150345260577876116e-01
-7.105661853668366890e-01
-6.938403549858753738e-01
-5.199532747873588656e-01
4.995442886957045525e-01
6.911408198731879837e-01
7.308902113720689986e-01
7.388994931092149887e-01
7.397494410133891307e-01
7.415590660222278752e-01
7.432389371431883385e-01
7.424845523627502386e-01
7.418879218226025474e-01
7.400961472808945674e-01
7.393036053650682282e-01
7.367528342771707539e-01
7.263379923608401789e-01
6.814042667781655682e-01
-3.882785027368318431e-02
-5.961225664884595155e-01
-6.850871808765929272e-01
-7.079157687181077963e-01
-7.113659156486524804e-01
-7.150691884257733832e-01
-7.152339322163862034e-01
-7.153652141743273019e-01
-7.152740725037862735e-01
-7.143273155865015323e-01
-7.132482872407291952e-01
-7.124439689796387976e-01
-7.047314445798815719e-01
-6.935758709029596902e-01
-5.596498793059964116e-01
3.596999801068863079e-01
6.529315035196169292e-01
7.137457822929124118e-01
7.258274275920584273e-01
7.287436726897579264e-01
7.305110350363769323e-01
7.315464680953025489e-01
7.353298458840324958e-01
7.354557625196016524e-01
7.343434068612230137e-01
7.332737731730399888e-01
7.299090510160651801e-01
7.189673833052768748e-01
6.798415301641628217e-01
5.436447113018239019e-02
-5.664043086883902012e-01
-6.796415392776496978e-01
-6.962491682113777225e-01
-7.009598837724549947e-01
-7.063325696769262585e-01
-7.076665932151723348e-01
-7.110696342659245106e-01
-7.108312420423935629e-01
-7.106354809761563640e-01
-7.102043092789430689e-01
-7.078281282590004331e-01
-7.030813865701838195e-01
-6.942443061830922968e-01
-6.049309097666281110e-01
2.821412657635983257e-01
6.464287796185341772e-01
7.034566664437746919e-01
7.162487812032597434e-01
7.225350950210539525e-01
7.246086053391925796e-01
7.263671061085571479e-01
7.293155019936179428e-01
7.294546637624896857e-01
7.281589750156411966e-01
7.271857858968903132e-01
7.228122012719249145e-01
7.180172940929372416e-01
6.881612192022500407e-01
1.731137051708531160e-01
-5.134597981914515996e-01
-6.600950758366513904e-01
-6.923128265545330784e-01
-7.003652525282909602e-01
-7.021352486827141526e-01
-7.031093796141457686e-01
-7.062077762573683026e-01
-7.068306493989994221e-01
-7.058274642119664044e-01
-7.053671973948466567e-01
-7.033926105555244890e-01
-6.978201028620500956e-01
-6.925560186581014577e-01
-6.138912684375362749e-01
2.013122323505590061e-01
6.232076807349521408e-01
6.960563954795269126e-01
7.039730316997512283e-01
7.129921544541599765e-01
7.154766550727877927e-01
7.171133210454049278e-01
7.203388537259535207e-01
7.203629611427065926e-01
7.202104489888403460e-01
7.189380839649393007e-01
7.148216021517096452e-01
7.108862488765671506e-01
6.886462982892591622e-01
3.060688709585390188e-01
-4.289691003431470584e-01
-6.504742810350435667e-01
-6.825022824773754326e-01
-6.911804952296125570e-01
-6.947372197049463960e-01
-6.955231393464177403e-01
-6.999554781899881561e-01
-7.000724515686292948e-01
-7.003591186883452169e-01
-6.986315896403491044e-01
-6.940913402278497957e-01
-6.906588395601329644e-01
-6.817619834851922356e-01
-5.908508134265333389e-01
1.104338265983884071e-01
5.784816212780011790e-01
6.810744385514634347e-01
6.982052939141071279e-01
7.051702312980266951e-01
7.100925909247495227e-01
7.116209216822179107e-01
7.151044843570816267e-01
7.154610247911932230e-01
7.149131889573661081e-01
7.138709943532226543e-01
7.116064169692793984e-01
7.085529232793684740e-01
6.982421747860283467e-01
3.909576898932040634e-01
-3.840346785972743038e-01
-6.365491721894230848e-01
-6.682389794688312623e-01
-6.793332655917077023e-01
-6.824583094360046065e-01
-6.852845201079850179e-01
-6.854324975106378393e-01
-6.868908476113966266e-01
-6.868908476113966266e-01
-6.856119392714863370e-01
-6.833274635839193811e-01
-6.799177183039311068e-01
-6.731725599129106952e-01
-5.762034699800414606e-01
-1.462129612483831177e-03
5.394698954072412178e-01
6.588127163582724322e-01
6.958020876035857505e-01
7.046564428544944692e-01
7.084593306756115094e-01
7.098847297975335868e-01
7.104020537164749127e-01
7.101674612370404427e-01
7.103318090521212325e-01
7.099634584605691856e-01
7.093142300205107498e-01
7.018014006053562293e-01
6.894239198015023051e-01
4.357725219017082874e-01
-3.053996465943871197e-01
-5.996752157088972579e-01
-6.484839789074552385e-01
-6.718939202099359909e-01
-6.732792116950190309e-01
-6.757662358921897594e-01
-6.762925609523976478e-01
-6.781443278217862414e-01
-6.780063092459119867e-01
-6.780139421210392703e-01
-6.775748201532396653e-01
-6.742645112842672317e-01
-6.704630050257258667e-01
-5.902967376796482979e-01
-1.423603917452521406e-01
4.950634312004999482e-01
6.579682294921811447e-01
6.881341542997784222e-01
7.005813031974768013e-01
7.053527134629575812e-01
7.055742823707955580e-01
7.060461253128281767e-01
7.064567935075988236e-01
7.066793422417735338e-01
7.057658775976879406e-01
7.020770200438686270e-01
6.973462951595611470e-01
6.784373978842326292e-01
4.711584226929385610e-01
-1.960936288419202755e-01
-5.531650453342473739e-01
-6.290466987786573760e-01
-6.535658401090291836e-01
-6.640468911459620482e-01
-6.650773047256541837e-01
-6.668860688639787204e-01
-6.691259479259247245e-01
-6.693818294811340053e-01
-6.692058668371019259e-01
-6.686389251174118531e-01
-6.665639598090424833e-01
-6.626574296316969370e-01
-6.164511705778530359e-01
-2.130768441330352925e-01
4.608211782586691951e-01
6.464302140304886146e-01
6.849191063950272884e-01
6.998137925798973979e-01
7.030632533423967212e-01
7.063257831486573490e-01
7.062994201071624012e-01
7.068083220150506163e-01
7.070917940100456267e-01
7.062068800948095859e-01
7.039351969705449630e-01
7.000293042385807851e-01
6.744619559714807311e-01
4.936463399989345358e-01
-7.010012610051963300e-02
-5.198320048978612995e-01
-6.122571168207998626e-01
-6.405220304250376362e-01
-6.494815580159298829e-01
-6.537036710339083623e-01
-6.566243264873005137e-01
-6.567647426847417202e-01
-6.566013074401502170e-01
-6.561879365846918777e-01
-6.549145140831832412e-01
-6.534504433904044784e-01
-6.483798126485258440e-01
-5.992515662547410749e-01
-2.536814588314717511e-01
3.780336417656328662e-01
6.287859527166224094e-01
6.787403317460711794e-01
6.965565291437676443e-01
7.030295472175143168e-01
7.055202183082592837e-01
7.069491710314935728e-01
7.077210684895048898e-01
7.073583492281267926e-01
7.064707834930296082e-01
7.064039300895345042e-01
7.036750990412318219e-01
6.842073079991938256e-01
5.163918606784214660e-01
1.366368292228985724e-02
-4.879062073759282137e-01
-6.017643518800277480e-01
-6.360740326302244396e-01
-6.443347150621895336e-01
-6.504814152627445001e-01
-6.521090391065158531e-01
-6.518907133113127639e-01
-6.518689858914286095e-01
-6.513711872743819242e-01
-6.504099133795849808e-01
-6.492582865784161106e-01
-6.461330398443440037e-01
-5.952168065668387298e-01
-3.396754071229854954e-01
2.867509600177752249e-01
6.076946849083217916e-01
6.759270405975210672e-01
6.967160784778178018e-01
7.011563785687990880e-01
7.052222788205502191e-01
7.069606772687763163e-01
7.069773264887674324e-01
7.074106170759999479e-01
7.071598421649926136e-01
7.060991082066160329e-01
7.049317575132574287e-01
6.842683550637330692e-01
5.568955997002256186e-01
1.367567493522801048e-01
-4.416303346962314746e-01
-5.944458993578292105e-01
-6.306137862382238390e-01
-6.392220214800201639e-01
-6.454883015735238816e-01
-6.460006967948732637e-01
-6.461915421092193634e-01
-6.466862183693743438e-01
-6.466866312317263166e-01
-6.460762727580824372e-01
-6.446444088043854492e-01
-6.401407201554361048e-01
-5.800262978329349117e-01
-4.005903548914344636e-01
2.388584832575280925e-01
5.779388056855691014e-01
6.654177701203243256e-01
6.913247859883829838e-01
6.961561666688628192e-01
6.987560109414472365e-01
6.994501584525013582e-01
7.010673991428986174e-01
7.011478685832491786e-01
7.011484900641310469e-01
7.002722480389910187e-01
6.968708460082866374e-01
6.762621084099366131e-01
5.567087242502911648e-01
2.025984966118750674e-01
-3.951669457478774738e-01
-5.725351428879386084e-01
-6.233152584385246442e-01
-6.391032897601957030e-01
-6.439826222165232483e-01
-6.454184536747522571e-01
-6.461301727617445589e-01
-6.467120174810915278e-01
-6.470232093648100591e-01
-6.471779079173790583e-01
-6.445044880037166246e-01
-6.425600650304583716e-01
-5.863517923273712240e-01
-4.345437049163693444e-01
1.205492601941618724e-01
5.399491661113754448e-01
6.639597104308254671e-01
6.880754322799794709e-01
6.951815451154329528e-01
6.979142013009961287e-01
6.990327127404543095e-01
7.008661771567005205e-01
7.014969467877972820e-01
7.013044528739904582e-01
7.003828383191536000e-01
6.984889699591733114e-01
6.758363354620584573e-01
5.718534918595935546e-01
2.674599021335851701e-01
-3.410374877113921399e-01
-5.576305036943356441e-01
-6.158047078057059531e-01
-6.342263561589878140e-01
-6.376147155875159234e-01
-6.413734135095178202e-01
-6.418362675434714504e-01
-6.421036501395261942e-01
-6.423574515878976987e-01
-6.413063536899417105e-01
-6.396495602749981968e-01
-6.369936066333049540e-01
-5.924188288925482659e-01
-4.527997500978672707e-01
4.093038853980989628e-02
4.753915546529968728e-01
6.499768623646718924e-01
6.788774040832601386e-01
6.867358479258343085e-01
6.903147935014852798e-01
6.941730811208542962e-01
6.953079194165675547e-01
6.958810611006248648e-01
6.953008013802806087e-01
6.941565178142066195e-01
6.929669934016922106e-01
6.743340469397576253e-01
5.774282184000302243e-01
3.153427692328547582e-01
-2.752212765931980609e-01
-5.429738477774640470e-01
-6.066833025566883419e-01
-6.344492461756460200e-01
-6.367446464310406729e-01
-6.389088935533923097e-01
-6.415900679041828258e-01
-6.417535879509956853e-01
-6.420850129777613269e-01
-6.403420987994908886e-01
-6.399913706169486627e-01
-6.391554232034379890e-01
-5.990610890549794565e-01
-4.812428022878685319e-01
-4.072876175466698390e-02
4.256554736039169229e-01
6.240993614618095542e-01
6.634359476914040155e-01
6.726453525741299400e-01
6.768566621575260456e-01
6.800793954286741272e-01
6.807888720756517520e-01
6.806572275258775395e-01
6.802090832656493280e-01
6.794457711480970108e-01
6.783499847311856845e-01
6.680940702709620149e-01
5.845723531529788408e-01
3.406916874777137227e-01
-1.724313623930562311e-01
-5.174166805283791915e-01
-5.964905445115659122e-01
-6.276426862072655988e-01
-6.358285736265429922e-01
-6.392408613620137459e-01
-6.408982970573873228e-01
-6.417263064702151132e-01
-6.416407495502334246e-01
-6.413209638331958118e-01
-6.406549728321268011e-01
-6.392712022414033246e-01
-5.894895094841741123e-01
-4.917048624549682501e-01
-1.069991318688090221e-01
4.055181853779666334e-01
6.071407996818966035e-01
6.598155782366833533e-01
6.718203879927054922e-01
6.771578611599714526e-01
6.789339622245342820e-01
6.797845460283472585e-01
6.800985919581019612e-01
6.807257912265817223e-01
6.805568431111295169e-01
6.804943867630539600e-01
6.714953369553130491e-01
5.978745392477889942e-01
4.317450824082337824e-01
-8.985761979013283385e-02
-4.814227362029357415e-01
-5.830746149058316785e-01
-6.157977361568971464e-01
-6.250580416909693460e-01
-6.275591772680528813e-01
-6.299693460092540276e-01
-6.316856281023970343e-01
-6.312595269480497651e-01
-6.300503479904628890e-01
-6.290886181136479127e-01
-6.266064307860524929e-01
-5.829841533943410647e-01
-4.882900721206729355e-01
-1.925603502782504695e-01
3.408323639202470723e-01
5.666632879215476315e-01
6.446693542219588124e-01
6.659084870811782242e-01
6.722329606194330509e-01
6.737968236160467583e-01
6.744597034938125679e-01
6.748797174208267524e-01
6.747107693053746580e-01
6.751260689213479660e-01
6.745942215561195887e-01
6.662814697599075409e-01
5.958229401705006367e-01
4.809214083824528418e-01
-8.031983919585412510e-03
-4.450877078698642353e-01
-5.722998805099694941e-01
-6.117307752441264457e-01
-6.213630437865433898e-01
-6.246674939152162542e-01
-6.252410902729527153e-01
-6.275655717941298617e-01
-6.275368334478081955e-01
-6.271440111260815353e-01
-6.266735290187116503e-01
-6.231890999107602136e-01
-5.927008451503754660e-01
-4.843814567117598613e-01
-2.346463436255984691e-01
2.859770442838603377e-01
5.486520142554288659e-01
6.384195266040619821e-01
6.646481405169414325e-01
6.708888098127377964e-01
6.728057735650475601e-01
6.737278139596289961e-01
6.742755340638835193e-01
6.749450795473093123e-01
6.746267960283419685e-01
6.736871478781646383e-01
6.726457100582379223e-01
6.052833168489896165e-01
4.893272713700929644e-01
1.034581581550174378e-01
-3.911370742067730166e-01
-5.539854494389993000e-01
-6.005093375407275502e-01
-6.153677475979059119e-01
-6.183721435662957733e-01
-6.198442365164853474e-01
-6.222555698994602924e-01
-6.235897739627993541e-01
-6.235440864079022649e-01
-6.232270437047251477e-01
-6.222529435144156240e-01
-5.859813924288520548e-01
-5.073229144838834470e-01
-3.051001190469701529e-01
2.335166069968049596e-01
5.282654103187727213e-01
6.356851634888286418e-01
6.565288654788486999e-01
6.637632465270963955e-01
6.666688630210073629e-01
6.676990630412495964e-01
6.683756823366779898e-01
6.685255080375580583e-01
6.679177413697064969e-01
6.673374661928831442e-01
6.642069323838601935e-01
6.025982733161806548e-01
4.875114168530360059e-01
1.444089432249374416e-01
-3.330776722109061727e-01
-5.333796382318801710e-01
-5.885816801034570167e-01
-6.070409227750843684e-01
-6.133450007160621276e-01
-6.157443149996877363e-01
-6.185561618970395470e-01
-6.190082601101180027e-01
-6.193711033801989618e-01
-6.197560910268384848e-01
-6.195926767635701049e-01
-5.864236755351528441e-01
-5.178904250480461657e-01
-3.462972046455913278e-01
1.313484613825645630e-01
5.103820997746852939e-01
6.197632685105303185e-01
6.468756982397511068e-01
6.548192025222931978e-01
6.552671925527308039e-01
6.592738834017298766e-01
6.596665611285541519e-01
6.596239609684600991e-01
6.584550641213564592e-01
6.579464545234009476e-01
6.560468037426896437e-01
6.014017649374685526e-01
5.072556313741699574e-01
1.954871661871392108e-01
-2.375343015077622522e-01
-5.062494009904160430e-01
-5.785411391958313887e-01
-5.977754339025906916e-01
-6.042498229321174863e-01
-6.050469640202409405e-01
-6.079340512914434003e-01
-6.086748904721462905e-01
-6.092599758649273056e-01
-6.081831907939443393e-01
-6.070054123298253002e-01
-5.734252869816459652e-01
-5.173513351921826819e-01
-3.644942411893517531e-01
4.274241285477708291e-02
4.553223391662827857e-01
5.988220986591779038e-01
6.327417583815100333e-01
6.456031310371319609e-01
6.492145607185570988e-01
6.516956589519855569e-01
6.527664059813828024e-01
6.538758362801220247e-01
6.538555438038495815e-01
6.533939272521029906e-01
6.519979108554730951e-01
5.987297578583373747e-01
5.174001944020768518e-01
2.967384190004477840e-01
-2.056931895613559602e-01
-4.995179049980682517e-01
-5.725252580287005788e-01
-5.967895178744777596e-01
-6.036307749407069378e-01
-6.060760273568431833e-01
-6.069183714360721904e-01
-6.088024953156107033e-01
-6.084641425818404503e-01
-6.078590898503721807e-01
-6.078590898503721807e-01
-5.742687588012946875e-01
-5.257882122703115835e-01
-4.128705027963157637e-01
-1.036862203186335535e-03
3.808196539482552323e-01
5.685825151499734886e-01
6.221359721395214315e-01
6.364243940085561047e-01
6.421022748562039695e-01
6.458849230525707252e-01
6.469271690627050875e-01
6.478194502865087800e-01
6.472969690540343324e-01
6.461587111210932433e-01
6.452398981236104891e-01
5.945282537287628344e-01
5.305286269564875035e-01
3.338306634031855680e-01
-1.639388601017993108e-01
-4.709367744553186741e-01
-5.681324679776921238e-01
-5.975678886108127807e-01
-6.026248309598791764e-01
-6.050215089835728755e-01
-6.075488406238954697e-01
-6.096529947051892995e-01
-6.097248440037739137e-01
-6.095057878511931371e-01
-6.082156182161182478e-01
-5.879265352950162615e-01
-5.341152857800764986e-01
-4.438368500332678934e-01
-8.792507757947579106e-02
3.536851144958346738e-01
5.362803040034257451e-01
6.134281988810121877e-01
6.310228518695070177e-01
6.353540429805417666e-01
6.385413990668038497e-01
6.395468336018347300e-01
6.408508345510418591e-01
6.412142331724040023e-01
6.409446250161907610e-01
6.403005362845751725e-01
5.954515035539673651e-01
5.312293545350322832e-01
3.681489139847476944e-01
-9.775801008914850043e-02
-4.292906659504164835e-01
-5.626739128644628885e-01
-5.961760047833017939e-01
-6.026493682612664715e-01
-6.047789741107976180e-01
-6.067823346639276139e-01
-6.089132336662204104e-01
-6.090491110694091770e-01
-6.088636310317996347e-01
-6.088142110048507805e-01
-5.875866315089451897e-01
-5.375613576629018064e-01
-4.491825800983137440e-01
-1.847927020266524056e-01
2.879626013127082329e-01
5.321191505094322594e-01
5.998088936165798524e-01
6.252637381493489910e-01
6.316306119743531067e-01
6.345536360202284065e-01
6.388078591358362646e-01
6.399359898965150117e-01
6.395342923775326760e-01
6.385534258575136235e-01
6.384571376956668098e-01
5.982052836363151993e-01
5.411557592039131226e-01
3.926164980544460392e-01
-2.465384454090488800e-02
-4.028473028926339294e-01
-5.451624975494105962e-01
-5.921873036007393454e-01
-6.012483111046542650e-01
-6.035791260034143457e-01
-6.063447835308329870e-01
-6.076588568380810740e-01
-6.096618819229739916e-01
-6.096618819229739916e-01
-6.088826681602693691e-01
-5.878225869049908958e-01
-5.436741721427701401e-01
-4.652690597540578565e-01
-2.133211624869827405e-01
2.260111801084243310e-01
4.939410813718629889e-01
5.964840636917021488e-01
6.222297706219865887e-01
6.297416058575194819e-01
6.350561075196367034e-01
6.380324728315770466e-01
6.402464650563555182e-01
6.407666534986754536e-01
6.404344761387216201e-01
6.403186799295623732e-01
6.006849958173132720e-01
5.296278910809406604e-01
4.058311692499254608e-01
4.121975056267949966e-02
-3.678835156264015360e-01
-5.273223906290993579e-01
-5.820340133543707717e-01
-5.956286411092404087e-01
-6.032374308771342175e-01
-6.048148160794541983e-01
-6.076229343367787195e-01
-6.091971754652890647e-01
-6.095382386758739779e-01
-6.089500530274667423e-01
-5.871176813819102280e-01
-5.450463772284621644e-01
-4.802676609479520353e-01
-2.790186853844613957e-01
1.840854439005925880e-01
4.808875929734052201e-01
5.925603710391202927e-01
6.240244424212858521e-01
6.333040477915594657e-01
6.369277722919218787e-01
6.374050414797043373e-01
6.417396161793792464e-01
6.421934954905165194e-01
6.420823198314453695e-01
6.409907604456043240e-01
6.005458971928101519e-01
5.364372024220238622e-01
4.345882334163508331e-01
1.067153952425538288e-01
-2.784097717809055350e-01
-4.927338430426526084e-01
-5.676763536480693428e-01
-5.934803300069928511e-01
-5.998964039462496567e-01
-6.018451260958463944e-01
-6.053077013267809114e-01
-6.057853931987946527e-01
-6.061142240665833292e-01
-6.052312968583279940e-01
-5.787168226670139637e-01
-5.429289818745793861e-01
-4.769401816430154373e-01
-3.003353683240939098e-01
1.455488972411091431e-01
4.631251160409405321e-01
5.861011268717752909e-01
6.213557452628966082e-01
6.323827388967876439e-01
6.358477154719073265e-01
6.386520062817988563e-01
6.393510202745145143e-01
6.411872616541041126e-01
6.411742208845601088e-01
6.407915928239774628e-01
5.955023429049765005e-01
5.546217865091164212e-01
4.508890850327180733e-01
1.787011950243972414e-01
-2.188113621480435034e-01
-4.696786212352894729e-01
-5.641137065137187268e-01
-5.907299240693495435e-01
-5.976150192576872300e-01
-6.014744594925507393e-01
-6.015719945999997709e-01
-6.046307195069313689e-01
-6.048282503204180927e-01
-6.049050721350346382e-01
-5.775942863826091234e-01
-5.401969981513804475e-01
-4.785728795598507834e-01
-3.161397886495013188e-01
7.115656638061969297e-02
4.265098510146291266e-01
5.730038520581480777e-01
6.165198926813293401e-01
6.284918222260350573e-01
6.353853340383626147e-01
6.379002231596114791e-01
6.409835063199652572e-01
6.414601034824287673e-01
6.412446001673636209e-01
6.409816147317344281e-01
6.024753162622558111e-01
5.469413232171366213e-01
4.719417747019923892e-01
2.329697304496627375e-01
-1.691244802606808317e-01
-4.483585637951301717e-01
-5.637132254843767454e-01
-5.906804457857587343e-01
-5.951919956810077794e-01
-6.019991217326189359e-01
-6.030507747663461648e-01
-6.036663862757772891e-01
-6.050028476608758643e-01
-6.048312559301370905e-01
-5.773984313340720931e-01
-5.460222114416035666e-01
-4.882446004516355353e-01
-3.444980751475367198e-01
1.877817642901205911e-02
3.626713025623528597e-01
5.472485076870149401e-01
6.075814243179428198e-01
6.274931633377720530e-01
6.354804237216290508e-01
6.383142225227589339e-01
6.398378925547120177e-01
6.404335533634895050e-01
6.406908462261395876e-01
6.411805625452440260e-01
6.018764370356793902e-01
5.497421552222714336e-01
4.867203357947196829e-01
2.769676531031162736e-01
-1.352647054021305362e-01
-4.131626450742076906e-01
-5.562303625528050022e-01
-5.873306749376056013e-01
-5.962758945551185352e-01
-5.996034722069476519e-01
-6.023927260328640898e-01
-6.037462717879209517e-01
-6.052025180820912453e-01
-6.052152333662754735e-01
-5.787546894934999520e-01
-5.428465842591132517e-01
-4.994420961087230326e-01
-4.057142236089896215e-01
-4.941540322108001898e-02
3.260008015287962913e-01
5.356933364641661699e-01
6.047120223536959216e-01
6.252338296453698874e-01
6.320817329521960515e-01
6.361762370900596597e-01
6.413354828988304668e-01
6.416973436854112034e-01
6.415378364551804768e-01
6.409415249478117582e-01
6.005873572361107859e-01
5.630842587014789347e-01
4.885687513450119313e-01
3.243251118879133532e-01
-7.525031165327500382e-02
-3.911821433504371059e-01
-5.427843015283254635e-01
-5.851776610694010561e-01
-5.968189145368716364e-01
-6.028214434652575671e-01
-6.038518570449495915e-01
-6.040466066940037848e-01
-6.059779763200988656e-01
-6.060397365280641990e-01
-5.799889207030886062e-01
-5.488362177556562749e-01
-5.003400625390385104e-01
-3.973938195370910198e-01
-1.325518888006639862e-01
2.801098527925415249e-01
5.047724157268284051e-01
5.960643033701029658e-01
6.181409663785633057e-01
6.280794215906427835e-01
6.319166401194882265e-01
6.360959770809616609e-01
6.360807135448409699e-01
6.364235017316712817e-01
6.361485214808609845e-01
6.032677201942426848e-01
5.621864793343871458e-01
5.036148742166223213e-01
3.632109503499117431e-01
-2.241599733951269921e-02
-3.602232577962705129e-01
-5.238595479012780887e-01
-5.801597751999059138e-01
-5.941444793898508214e-01
-5.971902661632111364e-01
-5.980891804261444511e-01
-5.987801880123836407e-01
-6.001828142585022841e-01
-5.999195197585520667e-01
-5.744277001939925853e-01
-5.551748615246969720e-01
-5.063019042644563150e-01
-4.140948700987524544e-01
-1.818836783973661053e-01
2.071112824438646194e-01
4.673462615954130928e-01
5.831534079988101027e-01
6.118630127789473905e-01
6.268827632137151662e-01
6.282654965984597606e-01
6.301979067646999999e-01
6.329167867096602285e-01
6.337340702135173531e-01
6.332432943923618218e-01
6.013889040808426678e-01
5.613605042467239015e-01
5.148906015720140505e-01
3.753270374448767766e-01
4.245996833303053442e-02
-3.368643527392948256e-01
-5.078171536084069571e-01
-5.757878426443933106e-01
-5.898202005995599739e-01
-5.969058698835124632e-01
-5.981752430090114814e-01
-5.990425230586208238e-01
-6.005724864788620776e-01
-6.007101052091821103e-01
-5.809208382843943363e-01
-5.557167073972144600e-01
-5.105921617724334949e-01
-4.316472504414107236e-01
-2.223321184273336359e-01
1.610881442256361373e-01
4.398752917279710184e-01
5.789312245903506238e-01
6.101491643868389714e-01
6.250172782554991313e-01
6.288606433317548428e-01
6.304355841092204038e-01
6.316916202754105925e-01
6.337090638869172787e-01
6.328496251874621281e-01
6.007832621028914577e-01
5.712001418496505112e-01
5.118859158508659579e-01
3.848864496278841529e-01
9.104704526227717920e-02
-2.701593075745044592e-01
-4.823023536956168589e-01
-5.637562528588316857e-01
-5.831813101322578241e-01
-5.897927124194191073e-01
-5.929944323028584208e-01
-5.961184762395942416e-01
-5.971750390122401164e-01
-5.971541714449387639e-01
-5.782635200721167879e-01
-5.523145365703601151e-01
-5.094228741219964940e-01
-4.372817523103084691e-01
-2.538794146679573815e-01
1.107843111326333591e-01
4.408541567640451020e-01
5.644280750790450218e-01
6.084507186905202536e-01
6.220138515618213182e-01
6.294335840617847344e-01
6.326743106790895244e-01
6.327483109548058815e-01
6.327094398421099219e-01
6.333265381510532199e-01
6.006566344960490023e-01
5.716386247312162938e-01
5.177286657622774957e-01
3.963878860510804958e-01
1.295980153198589557e-01
-2.206067166220268549e-01
-4.541828221038318181e-01
-5.485846859837762990e-01
-5.793228918051713805e-01
-5.856453054354477938e-01
-5.907727047925872554e-01
-5.956480333890186163e-01
-5.957667885562294430e-01
-5.963923687579159028e-01
-5.711321238360539398e-01
-5.526436563518383194e-01
-5.175716444668214677e-01
-4.352074500352219322e-01
-2.919492345030461622e-01
6.676160616141145476e-02
3.981793053186687970e-01
5.536688754893611675e-01
6.017106656981855428e-01
6.141877244771988265e-01
6.238434008690895149e-01
6.279107647102106782e-01
6.300452518272970925e-01
6.325899570981559084e-01
6.323203301441780999e-01
6.002692469179909951e-01
5.769019989151008554e-01
5.239472611745688013e-01
4.239089201208328661e-01
1.717816427187142669e-01
-1.725333001018312939e-01
-4.456898151239475636e-01
-5.423183193948587499e-01
-5.775733477750016887e-01
-5.870747952980300832e-01
-5.923874162320182934e-01
-5.940626586571031709e-01
-5.945418368810000409e-01
-5.965411613938985669e-01
-5.709046690946876224e-01
-5.524046527500205972e-01
-5.188884533402727817e-01
-4.663815991026287744e-01
-3.084277576855183889e-01
2.904467439712686279e-05
3.287321149319982760e-01
5.288251227618029349e-01
5.917404244547753711e-01
6.098345890138211489e-01
6.180615288501567495e-01
6.222050278547615054e-01
6.264249764532086040e-01
6.277098291964187116e-01
6.277969137199216343e-01
5.962588709024573275e-01
5.663654631837667930e-01
5.238724642419613220e-01
4.433789109236682124e-01
2.492616801111658398e-01
-1.222754934571219643e-01
-4.184043133509365298e-01
-5.390798006927919328e-01
-5.714989417984619458e-01
-5.817668260463429997e-01
-5.888975762649053536e-01
-5.911517724091690518e-01
-5.938726241640259751e-01
-5.973272745980947596e-01
-5.713937866970686397e-01
-5.528878050003204203e-01
-5.096786705240645698e-01
-4.689088343549163707e-01
-3.559679722715948236e-01
-4.805890675233540077e-02
2.982317537805370122e-01
5.111994940571004120e-01
5.913913513549718948e-01
6.091663346021566339e-01
6.132605160081732176e-01
6.239349309981273572e-01
6.252711940284875203e-01
6.270929378072900295e-01
6.271489853144542881e-01
5.966930874759671655e-01
5.685543841196195602e-01
5.204482854939858072e-01
4.539782604411716771e-01
2.641844866668380254e-01
-5.997673594379916012e-02
-3.840258952540287485e-01
-5.282440047144956186e-01
-5.653055446410655271e-01
-5.743422970304338238e-01
-5.843753119169499133e-01
-5.882088514020169523e-01
-5.929427966688419760e-01
-5.946958317698031182e-01
-5.692428352892627830e-01
-5.511141663373463340e-01
-5.059015821794772272e-01
-4.531539799192818574e-01
-3.722442590474256963e-01
-7.490370609714867844e-02
2.723846965253736152e-01
4.834208632921183635e-01
5.725513520181344518e-01
6.047772788863121640e-01
6.141433875861260772e-01
6.190880747225470104e-01
6.216139893576207998e-01
6.251164221720063585e-01
6.252256167602355807e-01
5.938043670997221746e-01
5.703956627667812196e-01
5.338392963182663209e-01
4.636427627440007915e-01
2.951844096398495987e-01
-1.337383298899840270e-02
-3.447332227512324154e-01
-5.181996239795819692e-01
-5.640635915373635179e-01
-5.802499112436755313e-01
-5.880198634155682225e-01
-5.903456032100292683e-01
-5.927637377940626617e-01
-5.940213453882630112e-01
-5.747679654406397942e-01
-5.492243887557988202e-01
-5.080207866340900047e-01
-4.616424027960229215e-01
-3.739474783088603815e-01
-1.374113360684182106e-01
2.172432569191760920e-01
4.531022525120991240e-01
5.650613424715570376e-01
6.006809399278998374e-01
6.118653262839677254e-01
6.171170732165536243e-01
6.204883527043064673e-01
6.223245407589441669e-01
6.251651141195442296e-01
5.933586907506773755e-01
5.710080370722965259e-01
5.389092011153993056e-01
4.652600255396542317e-01
3.287953757933656518e-01
3.438948800393857447e-02
-2.971049586448187285e-01
-4.995869152621974507e-01
-5.597880579234223442e-01
-5.828857855779545627e-01
-5.889565835338511635e-01
-5.917238023996452823e-01
-5.925461314645009692e-01
-5.928503631366133231e-01
-5.748208618256038793e-01
-5.505681096763823668e-01
-5.155446272511554628e-01
-4.678129376567145004e-01
-3.898766634480704818e-01
-1.735740504672157458e-01
1.701273019131388509e-01
4.223798439352967615e-01
5.573586898694490310e-01
6.052362141779309423e-01
6.147772427291425812e-01
6.184834158332500609e-01
6.191786685982326732e-01
6.214833669523820436e-01
6.232918009734333964e-01
5.924129721216531141e-01
5.750203495209821325e-01
5.330941526553935050e-01
4.723646109145376304e-01
3.543299881686347574e-01
6.164687835752818285e-02
-2.513486297715775142e-01
-4.715277675526761691e-01
-5.453554841361629713e-01
-5.783633340388496524e-01
-5.863244245361628471e-01
-5.890730577806823076e-01
-5.929983576445889693e-01
-5.944606718714400273e-01
-5.754133201084564719e-01
-5.513775249614751850e-01
-5.185903189473715091e-01
