0.000000000000000000e+00
6.475004895291788798e-02
6.430142053130570579e-02
6.367614427603518479e-02
6.371852271130157286e-02
6.396690237374230703e-02
6.422073899068063418e-02
6.460923185786154876e-02
6.393081130751814001e-02
6.261310963866843771e-02
6.364349671680070986e-02
6.463107261525492808e-02
6.376559731045665369e-02
6.084026323499228811e-02
5.833563202588185059e-02
-5.442883599232819364e-02
-4.698313593085486767e-02
-5.033457305416794841e-02
-4.893528839866027186e-02
-5.346115624169289759e-02
-5.333075352852787582e-02
-5.329350565824601121e-02
-5.547806020925984821e-02
-5.569255855038685032e-02
-5.447252465836235208e-02
-5.456040566164441913e-02
-5.337054002420898308e-02
-5.088172504296802762e-02
-5.090817486333571590e-02
-4.419648570314971270e-02
6.179004731105927628e-02
6.007829651989601144e-02
6.019156138343029899e-02
6.223866966911779236e-02
6.228567179675933291e-02
6.223130374148374416e-02
6.209520228801507918e-02
6.204575235664858135e-02
6.182996530894983161e-02
6.156530051355144084e-02
6.097905346306606300e-02
6.062642863310296892e-02
6.114899992633519160e-02
6.084101522087927844e-02
-4.189295474315126583e-02
-4.306850542822118072e-02
-4.515059671701001504e-02
-4.716893444990805789e-02
-4.721590834927839181e-02
-4.748212945535492530e-02
-4.745122636585517167e-02
-4.743830398730106146e-02
-4.735164185638721102e-02
-4.735000558306883683e-02
-4.806663617726011223e-02
-4.784954101615590538e-02
-4.829953100961632134e-02
-4.669667721869882882e-02
-4.618200978659073308e-02
5.237656581434196879e-02
5.505038717263766035e-02
5.313607002406089269e-02
5.331505498563518519e-02
5.387140239710139222e-02
5.385329872608864837e-02
5.372895661473840040e-02
5.374536668469939715e-02
5.365169491323287104e-02
5.350200930440904973e-02
5.323852252875391211e-02
5.285114846656011056e-02
5.271459052030606079e-02
5.396720294395151996e-02
-5.379193140741821838e-02
-4.136431594754161334e-02
-4.482169216022074965e-02
-4.568027906689952483e-02
-4.594673210675812719e-02
-4.604392279464528115e-02
-4.609613728341951239e-02
-4.612939939020912344e-02
-4.613459994213064963e-02
-4.621055313375518198e-02
-4.607041336894299871e-02
-4.614304998635034710e-02
-4.665128637756673496e-02
-4.583784771463611518e-02
-4.930435799079387754e-02
5.580756695330760936e-02
5.888259969183477077e-02
5.648190897458609666e-02
5.635699748296727624e-02
5.620478935457822595e-02
5.651102798550847878e-02
5.653426944003863558e-02
5.638660356179231448e-02
5.638151014816492751e-02
5.634026626058496329e-02
5.644310838563002669e-02
5.628599955016957979e-02
5.550954531294496896e-02
5.520752413112651330e-02
-5.632186396176907389e-02
-4.433572020605572317e-02
-4.534241130743826148e-02
-4.544990985143177592e-02
-4.530079229334740137e-02
-4.541465663585464441e-02
-4.549728883030276783e-02
-4.554997843894529469e-02
-4.562571548405441879e-02
-4.547118749275282784e-02
-4.546681993570946684e-02
-4.525793966860622297e-02
-4.536002195582677227e-02
-4.506243342420788306e-02
-4.920066653413122243e-02
5.280235665822650276e-02
5.820865803879356898e-02
5.773144109816533143e-02
5.683547913739789292e-02
5.668700666488592915e-02
5.685166851249365966e-02
5.665596363079511422e-02
5.645828810843107198e-02
5.632577365640095701e-02
5.619044758895205133e-02
5.634120096637368347e-02
5.646543321144412153e-02
5.574654477807788888e-02
5.643759410962492090e-02
-5.294687494102131436e-02
-4.139480373418522735e-02
-4.548165286620347442e-02
-4.498468246856026503e-02
-4.543848653305811863e-02
-4.553573469874167695e-02
-4.552929077476717407e-02
-4.559219918557327195e-02
-4.559432817440153135e-02
-4.563938992511509807e-02
-4.546814712231692784e-02
-4.549212783002794941e-02
-4.555542949653833967e-02
-4.497463808685930181e-02
-4.784967897731349368e-02
6.306508854279528620e-02
6.110998856262703227e-02
5.932198336619399354e-02
5.913145707924192390e-02
5.878846840142545188e-02
5.872994049185032567e-02
5.861282213181393669e-02
5.820746225474898727e-02
5.813310749156977431e-02
5.831162098903559105e-02
5.790603436177441110e-02
5.766162983090648148e-02
5.668166894247048115e-02
5.740058276493598122e-02
5.310160099851581744e-02
-4.329940160545032307e-02
-4.201258148875292031e-02
-4.159180536483273599e-02
-4.225147473031747730e-02
-4.212007990925541873e-02
-4.236703753069706591e-02
-4.285487543987710063e-02
-4.288539083023502202e-02
-4.283933245146101521e-02
-4.278272259970311575e-02
-4.262832224763771910e-02
-4.244547154443589071e-02
-4.189571437928188424e-02
-4.482568854891660903e-02
4.216469571681435990e-02
6.068382383885147918e-02
5.949959952675332869e-02
5.779026289158195606e-02
5.688570184106373634e-02
5.657486690981845118e-02
5.683343432262081413e-02
5.649918194463873777e-02
5.651053816864318874e-02
5.632989713185268532e-02
5.628387047946958183e-02
5.608181906280632067e-02
5.544685103040068036e-02
5.403620168240291094e-02
5.989072241806910751e-02
-4.343270090661075639e-02
-4.098653930962885272e-02
-4.253404558697618243e-02
-4.332004668662293306e-02
-4.309597254463543026e-02
-4.322702873448978217e-02
-4.366969170218016477e-02
-4.378320388031065741e-02
-4.364359249416580044e-02
-4.359775448618394278e-02
-4.321323439729110594e-02
-4.284264672352610520e-02
-4.295905564691354650e-02
-4.472263698255388165e-02
4.934857054384238911e-02
5.684700756817736428e-02
5.547534127563017586e-02
5.464446531903081189e-02
5.389606425082157926e-02
5.399930741442258292e-02
5.385325525832686949e-02
5.353495129437119832e-02
5.354698487262832263e-02
5.379024354128248558e-02
5.369867068513345387e-02
5.370329276468890217e-02
5.311088760922751811e-02
5.316171636420561480e-02
4.381773288959602691e-02
-5.028747540487341766e-02
-4.216840179854518950e-02
-4.100935969265440822e-02
-4.213438261249183997e-02
-4.235764677744341400e-02
-4.241403513361793887e-02
-4.295029554906690944e-02
-4.297130435783339669e-02
-4.310688338609631326e-02
-4.290193825198846539e-02
-4.288051635267616651e-02
-4.266539879970755039e-02
-4.286972168918464637e-02
-4.670159094996646082e-02
4.453058923694525051e-02
5.475060326715991410e-02
5.425094396811195457e-02
5.414621857500474117e-02
5.421075409825968500e-02
5.332649144418730169e-02
5.361942375773406932e-02
5.338520154544019319e-02
5.337545939142059742e-02
5.345869722797676887e-02
5.342902359217721608e-02
5.396545661945287287e-02
5.384750439165028602e-02
5.316030804238872087e-02
3.901460545178395828e-02
-5.253091870287301263e-02
-4.137109701772399145e-02
-4.195087304194430877e-02
-4.280800262267885764e-02
-4.310146977199583174e-02
-4.356889145836834176e-02
-4.359754788122097852e-02
-4.384002345042642412e-02
-4.384002345042642412e-02
-4.362765391100594664e-02
-4.353260673097492095e-02
-4.371420158249806481e-02
-4.440182803010594981e-02
-4.782638694130619123e-02
-4.090245406838987491e-02
5.141419273923747424e-02
5.137316266290020694e-02
5.211812870930659231e-02
5.270692707738550142e-02
5.252888692833268536e-02
5.260016460171276775e-02
5.259493650602419662e-02
5.257175863874365834e-02
5.264111418270406295e-02
5.273386917818787684e-02
5.293518661524637681e-02
5.258787727093717362e-02
5.245506913567604679e-02
4.139031259398640722e-02
-5.361399577796707033e-02
-4.380925641810776150e-02
-4.359899672229286538e-02
-4.369488138430579344e-02
-4.386654291299738745e-02
-4.434952869253384194e-02
-4.441992612319343309e-02
-4.485827431922445596e-02
-4.468826904199261346e-02
-4.476625563386057299e-02
-4.483122338495406506e-02
-4.449771264013564070e-02
-4.468226031110747454e-02
-4.927937455867264366e-02
-4.423478520352988608e-02
4.344923051407428849e-02
4.948595851584436378e-02
5.166000221107996948e-02
5.186188167515051045e-02
5.202795080628283553e-02
5.207162241013036513e-02
5.212787381316374286e-02
5.170172924262000924e-02
5.172260104561871713e-02
5.189770205871484937e-02
5.188384490916202879e-02
5.156789620786273592e-02
5.217395558922122839e-02
4.245408075105921303e-02
-5.660534607198664664e-02
-4.472175483267987889e-02
-4.494812393210009110e-02
-4.444775548972618173e-02
-4.440822246074493940e-02
-4.468886095233910033e-02
-4.477750572673350887e-02
-4.514791211398500731e-02
-4.513718589459381897e-02
-4.511054182824562192e-02
-4.496394606685014117e-02
-4.479265478135407291e-02
-4.445213953943680241e-02
-4.994621594543841719e-02
-3.458437229229821552e-02
4.938293601217211282e-02
4.703428132068730033e-02
5.110678345492910418e-02
5.314582183307414720e-02
5.248920939775170852e-02
5.229954598979712904e-02
5.229472096418245203e-02
5.208413425307304584e-02
5.188440747472624487e-02
5.168154681446271437e-02
5.158655315791888657e-02
5.146613011833534035e-02
5.165429983242154216e-02
4.278945906358392476e-02
-3.866235713707107113e-02
-4.188507570672659469e-02
-4.147584973209542114e-02
-4.025025390209938103e-02
-4.062106817014699001e-02
-4.056705234632843049e-02
-4.075984410786375606e-02
-4.074827220023036212e-02
-4.071415791850477306e-02
-4.052205815723992910e-02
-4.051793921736934062e-02
-4.060993296662349095e-02
-4.040109597811718939e-02
-4.390616844248224765e-02
-3.705902700986363207e-02
4.609020828147034760e-02
4.727843331629677515e-02
5.137399887398722692e-02
5.256449671157129022e-02
5.286540755687536147e-02
5.224609438254219224e-02
5.196508541983699270e-02
5.203814300997147008e-02
5.187113741036048636e-02
5.166991282673327052e-02
5.169588672255826661e-02
5.160398683846095097e-02
5.084229602119871155e-02
3.754229449164712962e-02
4.195436063593056125e-02
-4.204949033391116447e-02
-4.157334784973179542e-02
-4.034293003200541822e-02
-4.054985871771211309e-02
-4.076511657288620083e-02
-4.081825976315987120e-02
-4.081719640883366140e-02
-4.087255334135219548e-02
-4.077452169857020275e-02
-4.084535304898824493e-02
-4.097841049030734317e-02
-4.037079093105717248e-02
-4.364539767672320769e-02
-4.122759289436393054e-02
4.036888548185357112e-02
4.678237059482735077e-02
5.131307309417985213e-02
5.264634903409538130e-02
5.215626066798656479e-02
5.187543651958462232e-02
5.180111974078518283e-02
5.181599147362639379e-02
5.189600370407962404e-02
5.173954013998730700e-02
5.129156303619090279e-02
5.141052524481812269e-02
5.060183676580894824e-02
4.373572018890790197e-02
3.318045605536769360e-02
-4.692589115933085142e-02
-4.078473039977624504e-02
-3.895238080410675513e-02
-4.012032485478999461e-02
-4.040759631007530966e-02
-4.033847424875113691e-02
-4.021523031940996834e-02
-4.030101647100973322e-02
-4.035774353763312700e-02
-4.022931605831154417e-02
-4.031460077500800127e-02
-4.040476316599758005e-02
-4.646427147868720936e-02
-4.472493309609321122e-02
3.781661610333957729e-02
5.258230720645410555e-02
5.210716067021103903e-02
5.219786241256819254e-02
5.231650171889704742e-02
5.240884320778081001e-02
5.225599643257083926e-02
5.228697377339050489e-02
5.225299313532107831e-02
5.225278802362046809e-02
5.213044974283987526e-02
5.230354172633536192e-02
5.114461087903491437e-02
4.745997445836142026e-02
3.731421375996676892e-02
-4.871458074810089411e-02
-3.977540752664147222e-02
-4.026902234172626688e-02
-4.021573066823730391e-02
-3.980971002832934397e-02
-4.033437358235681530e-02
-4.022554540831722869e-02
-4.025747520242225347e-02
-4.036394150457524310e-02
-4.038002174463863753e-02
-4.045962585634484826e-02
-4.026269201221453764e-02
-4.650053515838419721e-02
-4.776337540162573642e-02
4.081041192143754215e-02
5.358013648774054283e-02
5.098035137532419547e-02
5.211104327670592479e-02
5.246942744804728581e-02
5.271480982050390923e-02
5.288040324884874660e-02
5.252749436744272304e-02
5.233681100388776902e-02
5.241480377262478646e-02
5.258964060431431387e-02
5.279986408934606718e-02
5.158198126265706868e-02
4.438758326755081612e-02
3.867089205747581415e-02
-4.111794689516181517e-02
-4.115375981668687594e-02
-4.142705783811422710e-02
-4.078501380878333388e-02
-4.081365554000481594e-02
-4.120226407830430287e-02
-4.117463142028286033e-02
-4.122662194606307312e-02
-4.130431294903123829e-02
-4.109819717356021779e-02
-4.099462138496572788e-02
-4.112447040319328756e-02
-4.371333787931307863e-02
-4.595094041362654536e-02
3.525430667358882969e-02
4.962570767427662566e-02
5.084033223897629211e-02
5.201006260224407679e-02
5.183712120056987310e-02
5.203666242760271454e-02
5.228428912931356448e-02
5.219416294869198142e-02
5.193441176782710028e-02
5.200846730987754990e-02
5.195550978106885237e-02
5.187744023908422847e-02
5.103465859640402696e-02
4.422605426687808983e-02
4.488122363291921491e-02
-5.070830609988167398e-02
-4.041550671666237216e-02
-4.024013877010353818e-02
-4.128230404107540580e-02
-4.117760245729047003e-02
-4.112921420697595448e-02
-4.134104533091050027e-02
-4.137624237379886050e-02
-4.118012872516858131e-02
-4.081965149706855839e-02
-4.087824807786001602e-02
-4.072881801878813074e-02
-4.598492661038983131e-02
-4.776794167574397593e-02
-3.361089254774092538e-02
4.479109430596931590e-02
5.006379599391434093e-02
5.017532892572806186e-02
5.033901994820983578e-02
5.081856821151794351e-02
5.042343111845981607e-02
5.012502463250857049e-02
5.011330404425862889e-02
4.992596910465570831e-02
4.991076350802701317e-02
4.985120504671741032e-02
4.814608960308363467e-02
4.483530366716004939e-02
3.300469964863427669e-02
-4.719970650740160090e-02
-3.897663749308085540e-02
-4.130805525971966569e-02
-4.112056536174429205e-02
-4.088523516031718902e-02
-4.123967842610842122e-02
-4.121374509710346717e-02
-4.119355164347587167e-02
-4.114170397414237956e-02
-4.102669948484029966e-02
-4.110747337293823439e-02
-4.108902696749024835e-02
-4.881194726047519833e-02
-4.424431300229447056e-02
-3.513142755347161555e-02
4.731847561346348013e-02
4.945277980821962543e-02
5.069277404953442118e-02
5.138020032596556791e-02
5.070291025755292030e-02
5.035125376430981542e-02
5.052503474206168632e-02
5.047935449311999334e-02
5.016632687436078930e-02
5.006003529052318463e-02
5.006715329672708353e-02
4.813997505377030223e-02
4.474239884304078568e-02
4.081330935069441695e-02
-4.257788445731135879e-02
-4.108777019492228927e-02
-4.018220005971463726e-02
-4.047511612218009786e-02
-4.009349549240161931e-02
-4.041481741425536484e-02
-4.063274068330536420e-02
-4.052638720025292934e-02
-4.061883918356553463e-02
-4.057290889445570869e-02
-4.053398850588910141e-02
-4.058786710375588552e-02
-4.942745668895685146e-02
-4.712560046235666350e-02
-3.274902277231982878e-02
3.929900421141749312e-02
4.296004518226567009e-02
4.832396695460903363e-02
4.884517391288193539e-02
4.841959117185321709e-02
4.832495101378081470e-02
4.834741962496020423e-02
4.841787438180555903e-02
4.830776405295551107e-02
4.801600531159241209e-02
4.790830811379004350e-02
4.606142706160618744e-02
4.347667689754839554e-02
4.442921912763975884e-02
-4.078704287196511374e-02
-3.657789370113315869e-02
-3.971954926856118007e-02
-3.859726510884217698e-02
-3.860619040551640374e-02
-3.885974491889617605e-02
-3.879169856370249386e-02
-3.886521868999207735e-02
-3.887935500575846054e-02
-3.887716129674238102e-02
-3.892645648827934568e-02
-3.908022948265960084e-02
-4.496455378476412607e-02
-4.098810402379499118e-02
-3.072100764592071778e-02
3.348784371687835854e-02
4.018044162084143112e-02
4.688633440266479213e-02
4.799821693549066043e-02
4.777341124466097377e-02
4.787459782693820332e-02
4.795227252481623625e-02
4.808888884275416137e-02
4.774569980738096325e-02
4.783129706471016956e-02
4.785917245525126568e-02
4.757992668466199532e-02
4.688200631003669461e-02
4.126320432104289143e-02
4.733586559218863621e-02
-4.018842939329351355e-02
-4.266369260013492398e-02
-3.919040869014716461e-02
-3.901854083811551882e-02
-3.877036965460960855e-02
-3.862978808250043528e-02
-3.867229230047422583e-02
-3.913686382880351977e-02
-3.904909002703550042e-02
-3.908885220605051031e-02
-3.901083205365958595e-02
-4.635555091633216523e-02
-4.266111146441323165e-02
-2.793718154434364151e-02
3.064895819684248721e-02
3.863241626960198932e-02
4.691777078553716063e-02
4.649915333642019172e-02
4.629417831408528389e-02
4.652123778576811725e-02
4.663101165324543690e-02
4.632809528799549520e-02
4.638091633891123361e-02
4.665255318342424046e-02
4.651547045370069133e-02
4.626906552691614077e-02
4.674535904633216749e-02
3.795529917931528968e-02
4.264086165220035834e-02
-4.574559321152944086e-02
-3.887547200164807176e-02
-3.925024729445485833e-02
-3.924582376966007785e-02
-3.912168445885437496e-02
-3.954927549808149451e-02
-3.954121212240370442e-02
-3.973198233910958665e-02
-3.981035119242966325e-02
-3.983644254732533752e-02
-3.984736962843802438e-02
-4.829590879386960744e-02
-4.531761048334689151e-02
-2.878296370975076332e-02
3.021127374404594321e-02
3.916830459881453369e-02
4.581851223838224324e-02
4.639088654386158000e-02
4.696774357542069650e-02
4.702817117087428750e-02
4.668550864834050684e-02
4.674731038244567954e-02
4.671569183675056830e-02
4.665500578339970561e-02
4.661608928698559445e-02
4.677541971791205483e-02
5.079311857254237283e-02
4.150546991399644420e-02
5.607561486415701957e-02
-4.418096204598861293e-02
-4.120047797416285379e-02
-3.857854709231821333e-02
-3.975986536707890734e-02
-4.012632319010570742e-02
-4.039368054835274641e-02
-4.064286344292211001e-02
-4.051577603840252062e-02
-4.067571368567472756e-02
-4.083691810255755256e-02
-4.089319939292751505e-02
-4.774383057681765713e-02
-4.563193933245559414e-02
-3.550698809602831352e-02
2.513000245605100449e-02
3.696085529493411959e-02
4.391908229655133028e-02
4.456732239803203738e-02
4.513376121172426453e-02
4.522789982424937905e-02
4.487415957932550103e-02
4.472716696935704478e-02
4.460217133545946872e-02
4.462771855954206918e-02
4.453175972368597635e-02
4.475609894648552300e-02
4.850012573257272280e-02
4.361612657624625022e-02
5.202824183405489050e-02
-4.575217212381534754e-02
-3.774611915242864074e-02
-4.034860177315154062e-02
-3.922915177464623288e-02
-3.988928155270187598e-02
-4.056171305062377525e-02
-4.055998751220669246e-02
-4.072535486858932380e-02
-4.085165469417555845e-02
-4.083502739271956811e-02
-4.083502739271956811e-02
-4.737690484270396657e-02
-4.026666565479044418e-02
-3.797022532527963984e-02
-2.458660162986847988e-02
3.604226333621235456e-02
4.250725110417528235e-02
4.296874842189509630e-02
4.345007264864175073e-02
4.304131408885732840e-02
4.311876683806691729e-02
4.300544958094652120e-02
4.281404052856700032e-02
4.284766871465731097e-02
4.268920787309262582e-02
4.268746687740725826e-02
4.641796307020131657e-02
4.246355732658093490e-02
5.318007505880973512e-02
-5.258958748075429068e-02
-3.937340081156078669e-02
-3.948063607029692751e-02
-3.987660419457255551e-02
-4.000024558804815555e-02
-4.035002164338581665e-02
-4.054716667761263521e-02
-4.065739246853633526e-02
-4.059540311491072889e-02
-4.046012471655687642e-02
-4.059415548149587771e-02
-4.519150874915133648e-02
-3.820375429732683625e-02
-3.840492199241200832e-02
-2.437744934261788440e-02
3.486961567418861430e-02
4.160647897027257985e-02
4.257229956194658049e-02
4.321368117493169098e-02
4.363845704627065253e-02
4.336167072791782817e-02
4.319539623480282003e-02
4.309679872986110771e-02
4.315447071159671938e-02
4.331431163915092780e-02
4.315218056530737561e-02
4.697690729392738768e-02
4.276030030386395592e-02
4.704720197471224524e-02
-4.979079892488974535e-02
-4.119906234070366824e-02
-4.063413755727541404e-02
-3.971581071212410691e-02
-4.022106241524808778e-02
-4.024895646239365354e-02
-4.061031422747664321e-02
-4.055041080185811664e-02
-4.058640833962245953e-02
-4.063143642333274380e-02
-4.063312062165461841e-02
-4.477761365327746074e-02
-4.250852296691103732e-02
-3.708085620631106777e-02
-2.379021601376074893e-02
3.770697448884113845e-02
4.043738541453804208e-02
4.205523317123046473e-02
4.323102125822070319e-02
4.325086523110321934e-02
4.330884925425076970e-02
4.268555868865759467e-02
4.283209244845848779e-02
4.273542166811982596e-02
4.288857907109339118e-02
4.294355432944831769e-02
4.463355599267273405e-02
4.134011738646280881e-02
4.828493296291205827e-02
-4.976358914054429539e-02
-4.301261351109575415e-02
-4.058678170938072316e-02
-4.110468062781179321e-02
-4.045865307228867919e-02
-4.060895275530498200e-02
-4.039763617874168877e-02
-4.070492833304320546e-02
-4.054543947710959051e-02
-4.054543947710959051e-02
-4.071726440364675098e-02
-4.515247173065090741e-02
-4.169601931361905517e-02
-3.389171640720538281e-02
-2.757298164360925605e-02
3.810373259890540570e-02
3.782919584093771131e-02
4.359093017912987755e-02
4.358512123596972043e-02
4.328013281588825173e-02
4.299583241497154096e-02
4.277329953387664502e-02
4.278003017355933024e-02
4.300102877213294456e-02
4.277486416137937786e-02
4.271926968872552521e-02
4.429647739197908884e-02
4.272763842018661995e-02
4.287168650036079359e-02
4.810535653649428145e-02
-4.318271002680568876e-02
-4.151781964101333017e-02
-4.088458194095152126e-02
-3.967596860935979769e-02
-4.062696103840292977e-02
-4.047131168191132888e-02
-4.067776537639472556e-02
-4.068131542410168694e-02
-4.067361470659568851e-02
-4.082492291425969533e-02
-4.491523038114325628e-02
-4.099312685471001583e-02
-3.590026271500741661e-02
-3.175505527755394936e-02
2.936569214110766601e-02
3.837194429163039155e-02
4.392138034161924970e-02
4.373498119752289304e-02
4.368381990991549585e-02
4.365223321841760207e-02
4.381085328589026662e-02
4.300219056227033709e-02
4.303947930675474515e-02
4.292008103132638475e-02
4.290586191118155729e-02
4.426002578398492010e-02
4.283756869775450643e-02
4.171195190732878560e-02
4.760658775191433517e-02
-4.407074817303282405e-02
-3.974359745405741523e-02
-4.147395372088279880e-02
-4.086002834867519251e-02
-4.080144542100117705e-02
-4.081765715358210561e-02
-4.075289276830812435e-02
-4.069848400337262168e-02
-4.071159565872382174e-02
-4.052687425102825813e-02
-4.562059067077122582e-02
-4.154517528329653570e-02
-3.638469596129242922e-02
-2.549786120915847887e-02
3.110023331320248621e-02
3.918163116123913464e-02
4.406562357634685734e-02
4.343970842181030245e-02
4.373778427367629867e-02
4.401086617984940191e-02
4.332627212707323289e-02
4.336089364633510107e-02
4.307639400608701680e-02
4.296248708300517971e-02
4.291860553981232534e-02
4.301440979488498767e-02
4.190478929281962056e-02
4.255844077678872656e-02
4.426662651027205020e-02
-4.536725121027446878e-02
-4.110815191138396385e-02
-4.085765405181377569e-02
-4.077088757077606401e-02
-4.112972701373397016e-02
-4.067496686672830014e-02
-4.098301679766305078e-02
-4.095087205801353075e-02
-4.085723957094537090e-02
-4.089426995594469538e-02
-4.539875949920815085e-02
-4.163969616778103594e-02
-3.874839825358576684e-02
-2.611337768436579679e-02
3.782436239270287048e-02
3.849586149645366218e-02
4.268314437222575641e-02
4.445216800352163461e-02
4.367497285597335410e-02
4.313228125744635738e-02
4.327083662974483963e-02
4.307814238642505150e-02
4.310738690215101809e-02
4.310023090785260885e-02
4.306515687721532148e-02
4.147604466471700724e-02
4.128792488247814974e-02
4.408759998596479407e-02
4.296861047665732208e-02
-4.251237618867512169e-02
-4.125706500804125071e-02
-4.262612635902449099e-02
-4.072769154130864017e-02
-4.074769101715865899e-02
-4.075739844377603699e-02
-4.068280608246687552e-02
-4.066905280457947663e-02
-4.050224557841001355e-02
-4.058202186051895061e-02
-4.567394530194187480e-02
-4.190491713882276564e-02
-3.861612055597597043e-02
-2.785944972947556122e-02
3.782481694302703562e-02
4.284618093036254155e-02
4.332521261987279382e-02
4.341208904681264497e-02
4.425459880589127648e-02
4.296622688628074643e-02
4.281237358049727604e-02
4.261254648602944700e-02
4.275250668717304331e-02
4.279105770053513030e-02
4.291144312758309737e-02
4.105739526108200671e-02
4.110499292843081132e-02
4.172138734994795817e-02
4.626190524927168563e-02
-4.236788444420222510e-02
-3.928501035875883729e-02
-4.252972782570968446e-02
-4.158432048881732790e-02
-4.083923346369078972e-02
-4.061208828353774641e-02
-4.077449327385052752e-02
-4.063235604303095522e-02
-4.065144668100979103e-02
-4.073756825027334549e-02
-4.564765538781038329e-02
-4.069105911678252280e-02
-3.927974347690599277e-02
-3.263644447559341938e-02
-4.039320059494358461e-02
3.571071299492858259e-02
3.928330313600998658e-02
4.484402672766601983e-02
4.429621353293109604e-02
4.323568504491791947e-02
4.287512072573753524e-02
4.284020468877704907e-02
4.283729580750850197e-02
4.287083524947519347e-02
4.281358693639930602e-02
4.402245777007272182e-02
4.286049649427192687e-02
4.074581720081962843e-02
4.411589145433483100e-02
-4.844043074733039161e-02
-3.814136886798024512e-02
-4.036534208481516034e-02
-4.017354191417337600e-02
-4.053305962799523543e-02
-4.028937300011495998e-02
-4.049606654585679449e-02
-4.049214199406277886e-02
-4.035967372286050625e-02
-4.039409263371493419e-02
-4.490724613752205413e-02
-4.128664264259707811e-02
-3.875174247782717935e-02
-3.252446453753569250e-02
-3.763504560464388943e-02
3.666054059551992345e-02
3.798101552209955795e-02
4.236813369541767710e-02
4.355538795279512154e-02
4.284234853932785553e-02
4.214719856942720361e-02
4.181731360059662977e-02
4.181834061376243916e-02
4.188473627392453463e-02
4.186928309403328829e-02
4.229544018638878994e-02
3.946158416424735277e-02
4.161721147300018880e-02
4.197812192120255886e-02
-4.770358477847665840e-02
-4.327754556979810513e-02
-4.261195723256105267e-02
-4.107532132651996876e-02
-4.113181544049718946e-02
-4.141020043104110676e-02
-4.137703956590437632e-02
-4.136721825067422170e-02
-4.141504917341762987e-02
-4.135945094829879959e-02
-4.627988399424307064e-02
-3.981134131005725080e-02
-3.762686375017709750e-02
-3.034860390664580534e-02
-3.185400856033761968e-02
3.236112870494906729e-02
3.766077730685510327e-02
4.451166970640461212e-02
4.336271550702094218e-02
4.261810206778207655e-02
4.236663829068332277e-02
4.237187532801762330e-02
4.224032035639829069e-02
4.224692177285133826e-02
4.200433646585708530e-02
4.255894654650096282e-02
3.815879826106487183e-02
4.412339814194529697e-02
4.255482836592003326e-02
4.429488505224488115e-02
-4.496670772979870917e-02
-4.201400433434235304e-02
-4.079135688021546385e-02
-4.147660476015146980e-02
-4.191360051082313604e-02
-4.148656853433534131e-02
-4.164631062146420537e-02
-4.161476174395725702e-02
-4.168745947517591560e-02
-4.617411275647748115e-02
-4.003165461124016250e-02
-3.761660151331367580e-02
-3.224573078982542751e-02
-2.966924945455813589e-02
3.092701437033862355e-02
3.699137288944609470e-02
4.467241113605909669e-02
4.340202755278866481e-02
4.230059271377668156e-02
4.201372670541009269e-02
4.230555093318114773e-02
4.251225600389788722e-02
4.219471111582484557e-02
4.209325020269566453e-02
4.270593077510389385e-02
3.855180494531964402e-02
4.460527742160037140e-02
3.841500217246119481e-02
4.779965210170141615e-02
-4.885536828034538898e-02
-4.495258056109342065e-02
-4.133256829249764425e-02
-4.064195808638809693e-02
-4.052693952605566918e-02
-4.097022401288046012e-02
-4.142498839180207976e-02
-4.143818512801846626e-02
-4.117208960065393136e-02
-4.600983479870000142e-02
-4.009297641234139259e-02
-3.769223175282289395e-02
-3.042145478247887738e-02
-3.210246430885416863e-02
2.886661419148449370e-02
3.649531427444891590e-02
4.499500852032980308e-02
4.258415957410636304e-02
4.303212538199140819e-02
4.223779019261943851e-02
4.238508064849932921e-02
4.240716804196373313e-02
4.249496451776096917e-02
4.238974408339358374e-02
4.283890913436827486e-02
3.919079519665437383e-02
4.367593573635017434e-02
3.974107965254178310e-02
5.066731318984169646e-02
-4.873171778828661038e-02
-4.417157742051720098e-02
-4.039620442606440404e-02
-4.084977814874219543e-02
-4.054855466367731504e-02
-4.140375176441581095e-02
-4.125230611667323605e-02
-4.124864584055078914e-02
-4.139551962061351759e-02
-4.687512359209999868e-02
-4.068870440143505102e-02
-3.973753953964653113e-02
-3.096028905906846040e-02
-3.452771756109827839e-02
3.730131839655775883e-02
3.571006225508117221e-02
4.556144901656845186e-02
4.362030901649496806e-02
4.316357278674479853e-02
4.251345655814867119e-02
4.299940005304616480e-02
4.265154791233516374e-02
4.270143283443566390e-02
4.261487472501273438e-02
4.279734083551624962e-02
3.994198221744654081e-02
4.352895619002036809e-02
4.754709692536415039e-02
4.515427192274292650e-02
-4.940966441925890434e-02
-4.319572521625687084e-02
-4.202671984250200277e-02
-4.095176248508559241e-02
-4.055114313767517464e-02
-4.140630557720777205e-02
-4.135786806864696213e-02
-4.136209691120435600e-02
-4.178636681370433842e-02
-4.705283045605493375e-02
-4.109512629660214827e-02
-3.984647046008480548e-02
-3.530002259316641910e-02
-3.326126518300544233e-02
2.568057058472409879e-02
3.670556796509159142e-02
4.108079606907550502e-02
4.400778457510815672e-02
4.199115049576401110e-02
4.165579797309810345e-02
4.163272580413996532e-02
4.104362372657204688e-02
4.102343911309912911e-02
4.099408489158402891e-02
4.185749480474501572e-02
3.819279152811322353e-02
4.348356512361221254e-02
4.710797473481000835e-02
5.166260549249190870e-02
-4.865470935897368149e-02
-4.159755277418234615e-02
-4.200975240237424940e-02
-4.126251863557216931e-02
-4.014762912503402198e-02
-4.134982003636399756e-02
-4.139490727540114101e-02
-4.177191326493507467e-02
-4.175520083814599631e-02
-4.681169489032252495e-02
-4.075952735221459455e-02
-3.858526240108611088e-02
-3.532707003155599601e-02
-2.969856402531418152e-02
-3.233459871210107167e-02
3.687666320158248384e-02
3.608913002309831891e-02
4.335438000917792717e-02
4.326475002184387159e-02
4.298722942001066000e-02
4.127834142342372975e-02
4.135901408229549631e-02
4.101968299504661630e-02
4.103817153815698254e-02
4.204261919550986160e-02
3.834852992837328028e-02
4.236044551910259776e-02
4.567841012053052568e-02
4.914555398555192633e-02
-4.770498490982454792e-02
-4.080524688399816274e-02
-4.062342204068031953e-02
-3.930657457773926305e-02
-3.925093444903281908e-02
-4.086396329812877481e-02
-4.150161606375108586e-02
-4.146291685535404697e-02
-4.128459715380354556e-02
-4.655903093057844194e-02
-4.062076953067046692e-02
-3.841518802086332091e-02
-3.527826843261959444e-02
-2.541068499882151097e-02
-3.205086513153048572e-02
4.083312207017184003e-02
3.849373390917382176e-02
4.139978052769900663e-02
4.357743112238916111e-02
4.309430959952909035e-02
4.232945457235268855e-02
4.198070975348528605e-02
4.153809773708202341e-02
4.156713121507348702e-02
4.256371101018016634e-02
4.006415690184857159e-02
4.090283313353827027e-02
4.498676761155301351e-02
5.161252472289949017e-02
-4.188035003868887524e-02
-4.297172054729328505e-02
-4.156863771137929431e-02
-4.022886501741730625e-02
-3.970531489913500106e-02
-4.099026735482828171e-02
-4.105630577993659575e-02
-4.151850805608629097e-02
-4.132086590884549021e-02
-4.582146660756126338e-02
-4.029417158104214164e-02
-3.894922306028008457e-02
-3.538539884475242620e-02
-2.669938440275666791e-02
-3.435367290730661355e-02
3.316204426361275132e-02
4.147041911196955311e-02
4.019562075596457007e-02
4.413200790912989030e-02
4.307689648603588162e-02
4.213885457653507305e-02
4.175178142003888038e-02
4.146610547919790668e-02
4.120144582561108965e-02
4.224033087601555131e-02
3.948172338388630104e-02
3.915704694810393655e-02
4.455336307482558184e-02
4.708647071202606144e-02
3.504201318251369546e-02
-4.532203130386933121e-02
-4.252605908998815382e-02
-4.117284486569317697e-02
-4.036614550663054912e-02
-4.101146752110159527e-02
-4.098237093680354159e-02
-4.142410219141193922e-02
-4.142037322112665509e-02
-4.598785327174535059e-02
-4.046072491126160436e-02
-3.935253460004293352e-02
-3.597895544267460527e-02
-2.646960400173116457e-02
-3.370944396538264054e-02
3.123992962443454882e-02
4.187901489972317010e-02
3.943356906133652778e-02
4.355237113252811293e-02
4.207445709486853924e-02
4.119474019837190970e-02
4.118162162702537071e-02
4.134124861831889319e-02
4.091382282081282989e-02
4.212581515328803206e-02
4.047836039505463973e-02
4.006623715598410518e-02
4.447087133684968913e-02
4.933741133543140950e-02
3.797762565733808771e-02
-4.360029199628772528e-02
-4.460462225296180083e-02
-4.101396587569258734e-02
-4.068845262797195911e-02
-4.069922150129273025e-02
-4.060426277102606452e-02
-4.120154220118790039e-02
-4.123586758235241873e-02
-4.601284783425562547e-02
-4.051331452248101844e-02
-3.955253123695922496e-02
