0.000000000000000000e+00
5.835202449080206105e-02
5.829331732282360540e-02
5.827320042197731836e-02
5.857391521146068647e-02
5.859880499565525702e-02
5.847830305075461116e-02
5.897698872905104972e-02
5.955224662805509023e-02
5.940481236654882730e-02
5.917799472296289554e-02
5.948370530272596018e-02
6.032897434081713889e-02
6.099557718901913589e-02
6.078683118139482922e-02
6.078794514537594340e-02
6.166381294075583969e-02
6.219707831999632397e-02
6.139982759418111113e-02
6.091194957708088303e-02
6.150667746341999947e-02
6.258034834932603430e-02
6.301439943586732706e-02
5.814330660710415044e-02
6.200361295962007052e-02
6.214860081720888912e-02
5.690804333934071368e-02
4.418714387272737465e-02
4.832995908223763903e-02
-6.512612518105374837e-02
-6.101425247396094487e-02
-5.940602366718445576e-02
-5.894342822878298471e-02
-5.755173853699376701e-02
-5.756279775703748020e-02
-5.844885098268168266e-02
-5.666496968659618522e-02
-5.728940077058267827e-02
-5.663933216308008473e-02
-5.618342903607762701e-02
-5.660559341870197853e-02
-5.665497012743082178e-02
-5.680053339640753901e-02
-5.690893765684432865e-02
-5.674620750503358430e-02
-5.673102154342618553e-02
-5.658367427657651216e-02
-5.707534963308191767e-02
-5.668921646469634451e-02
-5.670862539663889396e-02
-5.701789637691276336e-02
-5.649542143288219243e-02
-5.711458854156081788e-02
-5.617090656279510874e-02
-5.432273995298466523e-02
-4.422034446965392163e-02
-5.193053665674954300e-02
3.772413914651837064e-02
4.936624027024668487e-02
5.975620188350928147e-02
5.938127150162134799e-02
5.819896309788436667e-02
5.575430266943013496e-02
5.731592387081498735e-02
5.796368765704817960e-02
5.749617233957873136e-02
5.695256380124407575e-02
5.708552282984240972e-02
5.684813445003768922e-02
5.692246513616780468e-02
5.726393090020179266e-02
5.712234787933524044e-02
5.668398013661495732e-02
5.610768121957666194e-02
5.600507207470756255e-02
5.587397340368498860e-02
5.657550733424119432e-02
5.677263430983290476e-02
5.693504643138522919e-02
5.693938864706334785e-02
5.714730379026001367e-02
5.459977372433600512e-02
5.331248196857790722e-02
5.352894565851903930e-02
5.740083716852779211e-02
-6.100469216498555225e-02
-6.567381844684551384e-02
-6.323922976574962440e-02
-6.066956680647227901e-02
-6.145860666228650931e-02
-6.021780264656596132e-02
-5.807726635335649923e-02
-5.994139175325799429e-02
-5.884128125545706051e-02
-6.051966499170294278e-02
-6.048307467947545285e-02
-6.107474066799899876e-02
-6.022617199234305690e-02
-6.038663265502011018e-02
-6.042607653010653029e-02
-6.046991486998327253e-02
-6.072853497749158141e-02
-6.070718828646883697e-02
-6.087051468910514851e-02
-6.077900814209600405e-02
-6.119602879367434106e-02
-6.132113129942384777e-02
-6.177901883328960203e-02
-6.248749260940103523e-02
-5.850887682193739447e-02
-5.468909761174018530e-02
-4.790140870201328727e-02
-5.862220470534112993e-02
4.226871206763832545e-02
4.553902795585981073e-02
5.195114605190281204e-02
5.519930726526106612e-02
6.042344818284884483e-02
5.798728551153291971e-02
5.854944028127915395e-02
5.837828306927474870e-02
5.742081640596002207e-02
5.820174444215606147e-02
5.778290281348933549e-02
5.829930344996418073e-02
5.872280116054557492e-02
5.839671914470840469e-02
5.837513605126750521e-02
5.836121279272245971e-02
5.810354135943211068e-02
5.807782434863925647e-02
5.801330762399998370e-02
5.830914005471347222e-02
5.775608607089502411e-02
5.777055005551937072e-02
5.822034325900354856e-02
6.029348159053835726e-02
5.951601699870926604e-02
6.979561123702744674e-02
6.284256966003083644e-02
5.316031528496786146e-02
6.831940623583653005e-02
-5.765775753910409862e-02
-6.225814743227978815e-02
-5.804434219398374450e-02
-6.179926004621366653e-02
-6.049571390208572513e-02
-6.152645990377614282e-02
-6.114909183298796597e-02
-6.318683586897777538e-02
-6.246556297821089648e-02
-6.149543670197634565e-02
-6.190459459278576521e-02
-6.173828469220010717e-02
-6.116353955692038075e-02
-6.144241161491606484e-02
-6.173952178489481440e-02
-6.183076022373466124e-02
-6.138662121104727226e-02
-6.132136894579884312e-02
-6.185621951218963493e-02
-6.183692776914962580e-02
-6.129755484280443451e-02
-5.699657530214464335e-02
-5.838757205205949430e-02
-5.691187025781543202e-02
-5.433284850251538650e-02
-4.948150633053829267e-02
-5.487680900433883346e-02
-4.836847704463434483e-02
3.805164850175191821e-02
4.857549830293552556e-02
5.361340198667807061e-02
5.461296554638048889e-02
5.440053547004481543e-02
5.886283490240143412e-02
6.144349614368788820e-02
6.032065109823866317e-02
5.989942074480872347e-02
5.984749382860878736e-02
5.994167629937793146e-02
5.959025026796700014e-02
5.925633029038440691e-02
5.990724717382165526e-02
5.974501302405407777e-02
5.993217964581532692e-02
5.998034276713180152e-02
5.989757938700148582e-02
5.980114224297333747e-02
5.993107633136875861e-02
6.349753262370148865e-02
6.359695196757070290e-02
6.960356634356031080e-02
6.887433505253984234e-02
6.912361347224905972e-02
6.922600193572123195e-02
6.574872409408105689e-02
6.370179478487252023e-02
6.149978194307163110e-02
-6.603284745148162160e-02
-6.344098959466211440e-02
-6.571869728844306757e-02
-5.867822666452976454e-02
-5.766989727224686862e-02
-5.631628053602753120e-02
-5.736372475036143753e-02
-5.889880861652973393e-02
-6.073537584558752478e-02
-6.068761372376389046e-02
-6.156451240140053960e-02
-6.235073713203100748e-02
-6.236874210432515747e-02
-6.210386484892307934e-02
-6.219198685343130945e-02
-6.219138672024707160e-02
-6.247802159781497972e-02
-6.271710730537702339e-02
-5.815115005578442436e-02
-5.815575579636230591e-02
-6.040479344526782784e-02
-6.026524739607139192e-02
-5.807300133737592490e-02
-4.269955363573407769e-02
-4.816171635682114927e-02
-4.787583203104000401e-02
-4.828663671792596951e-02
-5.385038131139824324e-02
5.201775107125775066e-02
5.951992165136980178e-02
6.314017671593501191e-02
6.273411755780490540e-02
5.974669683368352691e-02
6.027070494595354599e-02
5.814218204028995252e-02
6.096733796158827073e-02
6.296140742993379391e-02
6.285652254499686509e-02
6.286133783312559953e-02
6.316548624094178721e-02
6.271764462811146856e-02
6.263097740709189232e-02
6.250027364394480922e-02
6.279389273893010159e-02
6.283176725817381236e-02
6.592312745510293948e-02
6.577171065051667931e-02
6.521335673692464641e-02
6.817948048759865654e-02
6.971324431835625168e-02
7.766022976490803698e-02
7.718371686728298098e-02
7.462497000769144351e-02
6.651012770267948626e-02
6.767019195196390113e-02
6.971944154876283384e-02
7.479282454078206577e-02
-6.689949681147593086e-02
-6.632284679729354149e-02
-6.590645966011557388e-02
-6.145572120719732662e-02
-6.157846314912954200e-02
-6.018261504427358660e-02
-5.985198896225291804e-02
-6.285619574178465119e-02
-6.425820185433020471e-02
-6.424691386886799416e-02
-6.419196332161987428e-02
-6.396685757168980857e-02
-6.506869447442890919e-02
-6.508763487597071795e-02
-6.510220702318826602e-02
-6.027473448593590605e-02
-6.009384510612722496e-02
-5.991301568358597257e-02
-6.208714866789998704e-02
-6.453537173591043785e-02
-5.587191475427008558e-02
-5.026366102210146763e-02
-5.211610737171731150e-02
-5.480629879292591572e-02
-5.419727344224508497e-02
-4.214937152051052155e-02
-3.947941156358922982e-02
-3.886114709673289813e-02
4.777819462049293781e-02
5.287643115284088730e-02
5.162387161892167953e-02
5.884832316319996148e-02
5.623044949698515621e-02
5.869744683735519247e-02
6.056484627903661183e-02
6.147926074025936855e-02
6.075318851559601691e-02
6.240993384321062015e-02
6.263762350022487879e-02
6.288932435470233340e-02
6.190255319028462738e-02
6.579006222189544284e-02
6.539780208249083848e-02
6.506511947817153474e-02
6.499098642627085254e-02
6.395041908905201022e-02
6.398868153741123221e-02
6.344351732124252352e-02
7.317973639719378698e-02
7.270362802015879755e-02
7.300229966107749102e-02
6.987467355888658804e-02
6.733071697101629394e-02
6.721081328848771408e-02
6.486661985511281425e-02
6.018105812343991362e-02
6.326003964428221493e-02
-6.399030418351583926e-02
-7.565073762304250216e-02
-6.885281670226865713e-02
-6.442382941566054955e-02
-6.370044184132762910e-02
-6.438654524731141082e-02
-6.367883124400140760e-02
-6.350877952196870568e-02
-6.498111388049750137e-02
-6.451490310552297769e-02
-6.394255548623116459e-02
-6.429112022714571217e-02
-5.913440014113714033e-02
-5.893199249636540960e-02
-5.876827781694191760e-02
-5.954321272817354044e-02
-6.418155861691927921e-02
-6.264193823324594457e-02
-5.970523457432355685e-02
-5.066535855993298254e-02
-5.152672280881712141e-02
-5.344999392447905701e-02
-5.318205916526311944e-02
-4.827263255805069875e-02
-4.725849095990795196e-02
-5.084142428238408451e-02
-5.523514482152352967e-02
-5.077019014148929227e-02
5.271121512894730299e-02
5.683406051693976752e-02
5.781426941424810950e-02
5.881999389432451819e-02
6.670235098693388931e-02
6.586362480068182201e-02
6.306949814203875737e-02
6.240386610784700444e-02
6.200189309771592105e-02
6.105578278317083663e-02
6.166269583211292371e-02
6.525267187600776453e-02
6.457015042053738940e-02
6.444268256243443349e-02
6.441425246454120235e-02
6.347846737940641970e-02
6.074015649380127418e-02
6.300480712529425709e-02
7.020141086971352917e-02
7.169486520013002018e-02
7.572664463768584431e-02
6.893974443837212751e-02
7.254785754372110318e-02
6.671832892231623069e-02
6.471848969698131004e-02
7.137316560431196388e-02
6.254116090965887442e-02
6.174810589835243863e-02
6.188434662953109372e-02
-6.732626023229774936e-02
-7.281210174483400410e-02
-7.323096462382128191e-02
-6.941771165035467983e-02
-6.592604668611783125e-02
-6.399138104622961731e-02
-6.369281011905514323e-02
-6.273597263295507820e-02
-6.334367393676122726e-02
-5.799486947436183898e-02
-5.964902600373753888e-02
-5.930599803737821030e-02
-5.865830913793979029e-02
-6.009336795801564768e-02
-6.059733619271323590e-02
-6.243248458908429860e-02
-5.993424172726258270e-02
-5.258870712682327947e-02
-5.189540615805748880e-02
-5.468459472768410351e-02
-5.016754082143969756e-02
-5.060472116404115400e-02
-4.873479443394269223e-02
-4.732938699845243291e-02
-4.777979513585076804e-02
-5.365666783469733025e-02
-4.959974710683893312e-02
-4.875979765004096605e-02
5.460753339867153305e-02
5.217627086343096243e-02
6.483615267189481168e-02
6.602548053476763046e-02
6.846982940706998477e-02
6.420262783749415558e-02
6.455732117030950346e-02
6.304364823846834998e-02
6.748396139745850564e-02
6.723824896884436630e-02
6.662668337111399275e-02
6.619945033185253846e-02
6.482541960259564917e-02
6.544032508808449167e-02
6.250869534704213415e-02
6.484024931948016712e-02
6.749208853609706127e-02
6.757792460018084701e-02
6.952340255746586317e-02
6.269413663173044327e-02
6.358933038501278501e-02
6.390192109765262252e-02
6.440255476197311035e-02
6.340266020123010160e-02
6.398544270598965911e-02
6.618973498638001940e-02
6.082532363341955350e-02
5.532900309391077659e-02
5.484444156890824068e-02
-5.553267675712503237e-02
-6.130418725812386560e-02
-5.549455193284272975e-02
-5.613866562621303014e-02
-5.679271220304372286e-02
-5.560820487587073840e-02
-5.111643265424591770e-02
-5.111593461248611914e-02
-4.923612904641502114e-02
-4.881334698757831131e-02
-4.907384038719941888e-02
-5.150107032122484135e-02
-5.339620903162316939e-02
-5.440205490078259959e-02
-5.313696394635999271e-02
-4.850690777460151676e-02
-4.897401382097524292e-02
-4.942996488174674491e-02
-4.896256240797903364e-02
-5.176042127846877672e-02
-4.998450436738947206e-02
-4.926777158676536733e-02
-4.832379322533591343e-02
-4.379727901142201757e-02
-5.153255709675950286e-02
-4.864874849488912828e-02
-4.434650344694493485e-02
-4.667168034782625402e-02
4.215257589525116949e-02
5.222106772405773339e-02
5.947882850685082962e-02
6.658155868026936763e-02
6.527891115661553501e-02
6.916215712849625719e-02
6.671806808424905755e-02
6.832185634465955115e-02
6.822253713380405094e-02
6.977379207187459076e-02
6.583626392951512363e-02
6.246325268199062752e-02
6.221648374001831350e-02
6.491887526828425681e-02
6.394272634759212703e-02
6.949463282460040248e-02
7.245107571816887526e-02
6.770721165587434420e-02
6.667110692717537201e-02
6.438550681849873614e-02
6.246150373357423763e-02
6.077845663914449581e-02
6.017057099583764807e-02
6.648590996680850407e-02
6.506934670942353394e-02
5.714078931255733851e-02
4.670892014408595250e-02
4.805113499395024385e-02
5.256940352785662712e-02
-5.178998078368411001e-02
-5.084535499795511670e-02
-5.951659688321924574e-02
-5.290866868883693092e-02
-5.487708478190258393e-02
-5.232359110643516886e-02
-5.114160515332730195e-02
-4.878721551061430267e-02
-5.068064375272355454e-02
-5.179776398145926469e-02
-5.333152042705423951e-02
-5.527401616722437544e-02
-5.310768844537392536e-02
-5.081941049421203477e-02
-4.996417987710208286e-02
-4.956828432735795736e-02
-5.156822061198896440e-02
-4.959289249714144560e-02
-5.222322857776479088e-02
-5.158734783643257465e-02
-4.953854133823524380e-02
-4.607734916796851071e-02
-4.699870641210992378e-02
-5.260022025588795280e-02
-5.110519121794810521e-02
-4.569640408144081539e-02
-4.795734318281838493e-02
-3.893243205621394615e-02
3.894349933045021528e-02
5.507326695054454158e-02
5.965757529652435803e-02
6.230250820845763954e-02
6.945288932276601213e-02
6.824349687277346532e-02
6.454362066646429641e-02
6.546213424816156590e-02
6.576580344918878107e-02
6.423739955170866545e-02
6.474081110630887370e-02
6.405200776443147059e-02
6.614229809003908944e-02
6.592595758378712312e-02
6.973766199240556685e-02
7.019577221755565755e-02
6.626525371206148929e-02
6.557871908012585793e-02
6.065627027766917062e-02
6.080402516950903641e-02
6.309847493664404172e-02
6.565937042012078007e-02
6.216103186737114566e-02
6.338743803420565648e-02
6.353013001685955952e-02
5.159512468747737973e-02
5.898185688795876819e-02
5.467160073460348296e-02
4.831542180378988610e-02
-4.277369095828162382e-02
-4.743930119901798581e-02
-4.727387852845970490e-02
-4.865475656631676471e-02
-4.903056845964640781e-02
-5.006214102858727588e-02
-5.025481555091813185e-02
-5.310066957070813665e-02
-5.224401521458500036e-02
-5.359677599929368180e-02
-5.316832433969273519e-02
-5.019917109498279323e-02
-4.528576900518907489e-02
-4.816686438662292485e-02
-4.956700331010504418e-02
-4.990944414372720100e-02
-5.064204602507799829e-02
-4.871628654562797783e-02
-4.852787407796196190e-02
-5.045878200843939565e-02
-5.136718156116762413e-02
-4.797087612055452727e-02
-4.679252689374416296e-02
-4.976948320087037914e-02
-5.019944022058275140e-02
-5.081891293804877835e-02
-3.893024151466242117e-02
-5.096126394555383632e-02
5.201395813130826190e-02
4.954102099016804983e-02
5.758521524913042672e-02
6.716430690276926907e-02
6.627331787834864207e-02
7.321108420892528945e-02
7.207881539507147994e-02
6.844258212644628581e-02
6.781209030625152956e-02
6.700275889202288171e-02
7.132858584456881756e-02
7.242187515036355161e-02
7.192430082195776231e-02
7.225461898198080879e-02
6.964598769580628013e-02
6.705825862878685151e-02
6.346882486957153291e-02
6.537382260095252196e-02
6.652566686718967837e-02
6.581918669387540333e-02
5.923680020380894806e-02
6.317539351982177920e-02
5.994159010570649510e-02
6.503119760009480610e-02
5.842111582054490548e-02
5.694739081697239996e-02
5.406662891532510590e-02
5.303948070162173289e-02
5.302858140477118704e-02
-5.651085578986073804e-02
-5.036475455394481826e-02
-4.233111156848206463e-02
-4.821075130008220522e-02
-5.141952093208871505e-02
-5.443319290329007992e-02
-5.425227416003671616e-02
-5.275495747129322482e-02
-5.311715919348059672e-02
-5.184308212074081879e-02
-5.002074462969366420e-02
-4.826849618068827091e-02
-4.747930620915797456e-02
-4.846151093157092388e-02
-4.935761176664127392e-02
-5.146266618194714204e-02
-5.180279984515161890e-02
-4.847933051047376846e-02
-4.900993298852548280e-02
-4.875243823692800710e-02
-4.925725784763923532e-02
-5.427298267328906078e-02
-5.636063826508836555e-02
-5.237657464493667564e-02
-5.487076102171201814e-02
-5.683492897058531335e-02
-5.647780418511349348e-02
-4.946366614060754285e-02
4.639091796232835269e-02
5.470463446544996527e-02
6.360965324231096507e-02
6.912459917175890756e-02
6.380546471426656874e-02
6.608551164921792898e-02
6.153467164456649652e-02
6.716326494278852810e-02
6.700045161455897569e-02
7.102056316031198080e-02
7.085734535204181450e-02
7.039631345016460207e-02
7.056484076325077182e-02
6.627040221605512427e-02
6.683339596249759929e-02
6.413869528134567843e-02
6.406114011722531532e-02
6.201716762884451617e-02
6.575402394591566002e-02
6.278652691393681040e-02
6.356347200137704712e-02
6.523328062859763687e-02
6.347844512776418258e-02
6.152693847986868275e-02
5.588245037507087037e-02
5.814202908015931454e-02
5.459571573803611438e-02
5.181544194872186870e-02
4.425670379232377744e-02
-4.009316441804091496e-02
-4.200947325881374678e-02
-5.198561907102805524e-02
-5.458170626548575211e-02
-5.335209191209718677e-02
-5.889515866011071216e-02
-5.999961637463239322e-02
-5.465406573966988951e-02
-5.137443311212600700e-02
-4.885714701116580100e-02
-4.897886273833789578e-02
-4.563826912880375453e-02
-5.018280664806726993e-02
-5.213628277229483826e-02
-5.277614071478429342e-02
-4.926542297598322101e-02
-4.924229630030055316e-02
-4.594453708343141513e-02
-4.920486151595552388e-02
-4.820233620343706421e-02
-5.647732422967574606e-02
-5.843325767602006865e-02
-5.500526053571652002e-02
-5.804245754421961251e-02
-5.329925785660897392e-02
-3.994781322378525290e-02
-4.426642358491745394e-02
-5.081582562078906101e-02
4.852225843426131308e-02
4.926067149637419762e-02
4.849000977668872087e-02
5.345813433066837206e-02
5.337901262016589432e-02
5.945981507410966899e-02
6.478262709926631280e-02
7.009231443554338192e-02
7.147313895817253293e-02
7.029552588992195317e-02
7.292693444755218857e-02
7.057902829925558064e-02
6.561772453259269444e-02
6.554717424169316520e-02
6.610649807421052626e-02
6.329189299962272031e-02
6.376326569206179629e-02
6.229139638337686385e-02
6.305060089815818503e-02
6.002190766378446424e-02
5.715872076268923435e-02
6.227075587837648668e-02
6.158629379577023472e-02
5.606177744060147211e-02
5.719701304090191174e-02
5.076975883223903280e-02
5.102582561874822314e-02
4.465551227705333304e-02
4.982067955126971009e-02
-5.447791137447054871e-02
-5.611245081620423042e-02
-5.828713758142867879e-02
-5.467154785623382779e-02
-5.843573900666590437e-02
-5.560893485345314025e-02
-5.034828057450223965e-02
-5.158108431379850728e-02
-5.026468466884598946e-02
-4.903482626668453220e-02
-4.600735337796616614e-02
-4.619182668255798069e-02
-4.813964366087111063e-02
-4.901672797524045389e-02
-4.916800327002865401e-02
-4.990046967539799039e-02
-4.592301530611692106e-02
-4.844772460226146743e-02
-4.871202281313319338e-02
-5.295970709049307307e-02
-6.059978894033717783e-02
-5.626109290841554283e-02
-5.633024444407591647e-02
-5.697232003273011020e-02
-4.790436922215884213e-02
-4.471514092636463822e-02
-4.785411214331814628e-02
-4.795372824820498536e-02
5.225001203781636655e-02
4.923985907672018270e-02
5.822615442842905137e-02
6.250061085051956955e-02
6.536043041395937780e-02
6.863952075295629007e-02
6.875395723647213797e-02
7.170416568447744721e-02
6.908184817964531377e-02
6.607746744567187525e-02
6.368061768292473945e-02
6.177176529454201509e-02
6.392220574734515381e-02
6.367997289525639815e-02
6.091886014244488057e-02
5.926086808942729323e-02
5.826811635948955792e-02
6.163147659250545890e-02
5.726623264019604226e-02
5.723376523016342893e-02
6.222272624540006736e-02
5.873443149496765381e-02
5.779910707409844500e-02
5.652217940247191569e-02
5.499214899212270108e-02
5.013695430391582053e-02
5.453213261012706398e-02
5.258134498273287633e-02
5.932832240312514022e-02
-5.119843856978443380e-02
-5.464321283790324335e-02
-5.658839544041138064e-02
-6.194532169617947975e-02
-5.506234283952145953e-02
-4.606381723450212601e-02
-5.043815794055819812e-02
-5.022241907794867261e-02
-4.694727216813018855e-02
-5.134723579771896529e-02
-5.012880058126397559e-02
-5.052631538905284075e-02
-4.685930944726982711e-02
-4.875843496582860787e-02
-4.626529340103367055e-02
-5.183989652876925397e-02
-5.448862021707615022e-02
-5.182581759157995488e-02
-4.932394969917774930e-02
-5.441401407347128821e-02
-6.015741159320963510e-02
-5.634000021935704067e-02
-5.799758995624643837e-02
-5.019500384058201564e-02
-4.307630973114188327e-02
-4.461779749055264782e-02
-4.412920728798182951e-02
-4.949983902077579462e-02
4.989263764101584120e-02
5.718396221029668075e-02
5.508441525010600998e-02
5.540425370955871093e-02
6.795988526455326584e-02
7.548708827292190116e-02
7.399879746099539968e-02
7.030274360136333500e-02
7.041713821871746493e-02
6.721908193986662894e-02
6.496575635847469388e-02
6.303897269369272693e-02
6.323468983121016684e-02
6.270107004273428597e-02
5.485498031865235213e-02
6.042395146521454402e-02
5.758956977628248292e-02
5.855480804553315349e-02
6.134133586067517380e-02
6.419929250974687474e-02
6.609816192112562272e-02
5.981418764884077754e-02
5.839294214953404810e-02
5.123520845459520606e-02
5.484790169913233288e-02
5.314431690716638762e-02
5.142965992496567607e-02
5.310391506390252370e-02
5.059081602909321768e-02
-5.264765986399449343e-02
-4.723433736910487291e-02
-5.522202668964475841e-02
-5.095420306342915429e-02
-5.111289881638769739e-02
-4.894117116873689111e-02
-4.819396730649094795e-02
-4.268421792477100629e-02
-4.678326852800357427e-02
-4.809607672296772191e-02
-4.918480398553986416e-02
-4.665317496368193845e-02
-4.980200118070540055e-02
-4.933923581115631785e-02
-5.058261185062180171e-02
-5.261622949535677690e-02
-5.485607276866757975e-02
-4.983422948028131544e-02
-5.233638199142379849e-02
-5.603344707121300089e-02
-5.934628804423233012e-02
-6.066528677731428121e-02
-5.734748784691637985e-02
-5.447081662181805367e-02
-5.230574919086426050e-02
-4.363144792302240532e-02
-4.644420089893937925e-02
-5.379237313092891104e-02
-5.241169051735949935e-02
5.649491589746369336e-02
6.668211569671524119e-02
7.009825962560552182e-02
7.074838409035331954e-02
7.285493083660667113e-02
7.327023506530881691e-02
7.099100261060679873e-02
7.028829534294964154e-02
7.384043393407098421e-02
7.044299410892122804e-02
6.433980034470486442e-02
6.285665036981362419e-02
6.251213337674280113e-02
6.107047592521384211e-02
6.112055876325784426e-02
5.735236156735076113e-02
5.898630032618504965e-02
6.582392663935089649e-02
5.902315531438193791e-02
6.118239146341464957e-02
5.923615299548339735e-02
5.603367575144894280e-02
5.670356355845892343e-02
5.377430530526203928e-02
5.589746241145920891e-02
5.563809449665838708e-02
5.743033826551816740e-02
4.515188958463527830e-02
5.205462814178754560e-02
-4.459032264997611628e-02
-4.212869039800256482e-02
-5.294646550710347538e-02
-4.857062047549642186e-02
-5.151306856267795498e-02
-5.667568528700234892e-02
-5.516210205866603489e-02
-5.412816863698099307e-02
-5.752071065759926244e-02
-5.548283257176068323e-02
-5.297971126397976738e-02
-5.132228694705573413e-02
-4.955239112262990742e-02
-5.066845223738090237e-02
-4.860169797411517667e-02
-5.558786896528147142e-02
-5.451235994390411094e-02
-5.602383100252501108e-02
-5.613261607945408543e-02
-5.823989944652057521e-02
-5.789120749159978180e-02
-4.730378322976239863e-02
-4.825177327298182245e-02
-4.464289802053674622e-02
-4.858961359037246991e-02
-5.138793822949744294e-02
-5.460637018093478234e-02
-5.923625730670942224e-02
5.601685775201178247e-02
5.797331552785984360e-02
6.390443427427612566e-02
6.756116432695068175e-02
7.383193035655258307e-02
7.108561659047030190e-02
6.653874462549828894e-02
6.736952222954685487e-02
6.614672996818167505e-02
6.215004825607690214e-02
6.410527810075360156e-02
6.143266632904838959e-02
6.298093103190473274e-02
6.395361561636876691e-02
5.872811463305434992e-02
5.786602476754488383e-02
5.631850041880170216e-02
6.506724570339796065e-02
6.625282021537533261e-02
6.081288787132722168e-02
5.787703060289752649e-02
5.531026061809588695e-02
6.026870142329521923e-02
5.771520100805305892e-02
6.090846599638843895e-02
5.854219363933143433e-02
4.968251319857055343e-02
5.014328189800465463e-02
4.358869387136591472e-02
-4.594981673352174084e-02
-4.811264598043448609e-02
-4.991733159717218204e-02
-4.993084346687612363e-02
-5.600099607724159240e-02
-5.796472888319014610e-02
-6.076260805833583190e-02
-6.070454549639029557e-02
-5.949884504653706746e-02
-5.379252659226854694e-02
-5.014801368907173540e-02
-4.938618048453294329e-02
-5.299675191544933606e-02
-5.427926030826458331e-02
-5.286326122899343005e-02
-5.861557882918651957e-02
-5.759740814428229022e-02
-5.961468371687544954e-02
-6.112875713165435293e-02
-6.232496461831741469e-02
-5.574689669851729673e-02
-5.207795592172284604e-02
-5.139267985586287724e-02
-5.620620562400822223e-02
-4.991826018051453984e-02
-5.595136125073778971e-02
-5.705617429222108877e-02
-5.640405508173137322e-02
6.447225820223716208e-02
7.625477368289877711e-02
7.243431899524599427e-02
6.897960435705516313e-02
6.617230628017020666e-02
6.578910874982914214e-02
6.595918043042388323e-02
7.013842517246439423e-02
6.791548435415596663e-02
6.563985078766904069e-02
6.539581349688623757e-02
6.171631110443980689e-02
6.415342352752580191e-02
6.110314495708049631e-02
6.069479985297002167e-02
6.069101789925807761e-02
6.730414672091993011e-02
6.455259250734307619e-02
6.614124047620985325e-02
6.507039648424418898e-02
5.685023027324037637e-02
5.895862133204751721e-02
5.897764991943663104e-02
5.719971481567726057e-02
5.563973305961777971e-02
5.509363726967647645e-02
5.812542846306562733e-02
4.974078300495507476e-02
4.455804672765132507e-02
-4.514059309668499304e-02
-4.706387541574855171e-02
-5.755051118096658064e-02
-5.895086996468141410e-02
-5.843481826935175566e-02
-6.249838343175722483e-02
-6.129101276516221719e-02
-5.567205670570487402e-02
-5.356470864951515254e-02
-5.244355495885993923e-02
-4.877497249015751851e-02
-5.311031760158085174e-02
-5.618798925485469359e-02
-5.729044588071553062e-02
-5.757661918308348142e-02
-5.848672893661364253e-02
-6.133664157489524676e-02
-5.951694746006621489e-02
-6.345159266587530045e-02
-6.099779337092039316e-02
-5.716370829619313310e-02
-5.373327717367947648e-02
-4.875506928617751035e-02
-5.896018244519832946e-02
-5.825368487353033836e-02
-5.695853035034717515e-02
-5.906613180371717703e-02
-5.950087240709211328e-02
5.971593692668041714e-02
5.995706595602792038e-02
5.916280879490096872e-02
5.494216493191014100e-02
5.738503791214238925e-02
6.137390867971232594e-02
6.561321179466701736e-02
6.243013795962144147e-02
6.583304597488490173e-02
6.492685520554494771e-02
6.641639994537400227e-02
6.584695731735089319e-02
6.250006529770696373e-02
6.217831669879623352e-02
5.726363360568678673e-02
5.960657810235454185e-02
6.487157608204442705e-02
6.378983331939501455e-02
6.200975257877403696e-02
5.876359876118256165e-02
5.447857417499371580e-02
5.397964832091365489e-02
5.959749561721211508e-02
5.487218746561575017e-02
5.028457062477342809e-02
5.549432273931469844e-02
4.707943309982662305e-02
5.157135506969104388e-02
4.830986333385725584e-02
4.851752678455634876e-02
-4.712480586864781218e-02
-5.057686277429575966e-02
-5.556290419619141357e-02
-5.578190386411832624e-02
-5.713606228019940669e-02
-5.659687367385089068e-02
-5.195894770799246859e-02
-5.198091867515009651e-02
-4.611405177068392952e-02
-4.843131813414178893e-02
-5.100412009450450146e-02
-5.352354258754626198e-02
-5.019736541099378141e-02
-5.349804613545567494e-02
-5.792033618871255535e-02
-5.948746731146648675e-02
-5.670701475501341987e-02
-5.885108293553928394e-02
-6.059837834032869713e-02
-6.652995556756001461e-02
-5.721864893289643761e-02
-5.769687547889459228e-02
-5.555983125022525421e-02
-5.997396971599081028e-02
-5.498937447847723758e-02
-5.919617055118981536e-02
-6.337923117592439426e-02
6.534096007985970567e-02
6.932803297857749458e-02
6.494707464035143207e-02
6.248631624884811581e-02
5.866343205017590656e-02
6.246197331785238727e-02
6.386705914627717473e-02
6.773465439273924915e-02
6.180646072184733941e-02
6.418526791275308563e-02
6.538871220617635538e-02
6.369190065615450147e-02
6.095021109852465785e-02
6.208822244127676360e-02
6.206562877471663575e-02
6.989015260494156612e-02
6.662844401802341110e-02
6.221264430754578495e-02
5.742149291845677350e-02
5.404624839009861820e-02
5.200218346689333693e-02
5.214996346688293566e-02
5.208657462525017462e-02
4.721183349826143377e-02
5.022179948483932593e-02
5.419315471994692185e-02
5.336688127886848182e-02
5.540829968557402924e-02
4.905580432031168142e-02
4.558004299520738295e-02
-4.648433345441323888e-02
-4.864186770576523627e-02
-5.410020879195264615e-02
-5.440299053540554458e-02
-5.816519192105020636e-02
-5.533053410423880575e-02
-4.658860056552432266e-02
-4.679811832760283341e-02
-4.710710090082780716e-02
-4.919262403317144899e-02
-4.849383231446716125e-02
-4.822739689640712785e-02
-4.662329721940975530e-02
-5.467874575752392635e-02
-5.703393893718839563e-02
-5.390963734711045480e-02
-5.752691380182708286e-02
-5.951347864122959880e-02
-5.926549931908958041e-02
-5.569649037953527254e-02
-5.592742176361927692e-02
-5.928801360872603537e-02
-5.077776024703908181e-02
-4.991202975099056499e-02
-5.094211563311886598e-02
-5.856012472315638706e-02
-5.994132890537886421e-02
5.778401351931159585e-02
6.058699177817272741e-02
6.290950174621230684e-02
5.708459719891853523e-02
5.526724774780913257e-02
5.864687241529426692e-02
5.811690754058552316e-02
5.861532290979035165e-02
6.418574219874384479e-02
6.293266493623120295e-02
6.058214687299129375e-02
5.774519490801583582e-02
6.138896213278930564e-02
6.018168203500415259e-02
6.670481724258291167e-02
6.984733238736613725e-02
6.830310375535242340e-02
6.538878637767527036e-02
5.720022486548495544e-02
4.891516048269115707e-02
4.918533141431544881e-02
4.848430858547917582e-02
5.254502356990015111e-02
5.781833395595269848e-02
5.523073231084035806e-02
5.228048989456544199e-02
5.309716897912065275e-02
5.109013283157525648e-02
4.668947747723641711e-02
4.943241548459151313e-02
4.606437511131650231e-02
-5.339780179899173557e-02
-5.289087664281669210e-02
-6.191523178059380600e-02
-5.445900774080745382e-02
-5.405541330750293638e-02
-4.953563845762046919e-02
-4.839344589736596647e-02
-5.425199525906324732e-02
-5.319281576708567022e-02
-4.895049670372787071e-02
-5.445679433950179754e-02
-5.233457847688221393e-02
-5.524250677298245260e-02
-5.499741935082183564e-02
-6.081522128035229263e-02
-6.359526802371874565e-02
-6.258194434147716645e-02
-5.901293091872533009e-02
-5.151275331325443768e-02
-5.523327393115875367e-02
-5.411538915347673812e-02
-5.472024318237064117e-02
-5.299478229141973973e-02
-5.279052752420260869e-02
-5.521372919721494882e-02
-5.247519618698685134e-02
-5.903092567661332585e-02
6.093753612250198820e-02
5.885395457632722899e-02
5.939434119136149937e-02
6.282337724486072861e-02
6.396736972250130493e-02
5.970397928240502722e-02
6.299982824389090130e-02
6.670173654050355616e-02
6.193022063768166552e-02
6.293381392707329824e-02
6.410392099145570399e-02
6.411205187259910732e-02
6.650419397628962170e-02
6.646323612973838169e-02
6.649818426215257927e-02
6.305635972934343914e-02
5.095274382585159717e-02
5.119507132889842410e-02
5.723900609975979270e-02
5.281570858134318480e-02
5.210447711717863806e-02
5.427100825537384959e-02
5.408485239142595685e-02
5.026008856485567056e-02
5.632686427916545197e-02
5.402402982031812018e-02
5.321857389492166274e-02
4.869941563393202083e-02
5.310068307899885182e-02
-4.918961850881308634e-02
-4.899664592859192397e-02
-5.352115148046010518e-02
-5.370638484640666982e-02
-5.756020869383485228e-02
-4.712377832393663951e-02
-4.888003797219422908e-02
-5.129662727294342223e-02
-4.744649406782965734e-02
-5.015882837407869416e-02
-4.635038782382790851e-02
-4.867653892772854513e-02
-5.196735631522891863e-02
-5.211041203687711426e-02
-5.316026567054674828e-02
-5.948312741613159121e-02
-5.983589562891541286e-02
-5.482239324530698704e-02
-4.906274577995593106e-02
-5.423255671258200156e-02
-5.751304530519904534e-02
-5.628985742359818994e-02
-4.547740634021573553e-02
