1.000000000000000000e+00
9.999823201303982279e-01
9.999640901495344680e-01
9.998509922234219971e-01
9.996283793442845012e-01
9.992234086292901551e-01
9.986305460187790972e-01
9.979547276475502215e-01
9.971621780584295491e-01
9.966832760617572173e-01
9.966832760617572173e-01
9.965144760560230575e-01
9.961384089931329955e-01
9.953836057599291243e-01
9.937378611460623290e-01
9.937378611460623290e-01
9.934905939115610263e-01
9.913744987628692051e-01
9.908811653081099902e-01
9.892440788312577560e-01
9.892440788312577560e-01
9.885686496545594837e-01
9.884787721168034613e-01
9.876184884483272253e-01
9.865164487930245807e-01
9.865164487930245807e-01
9.849093955997147987e-01
9.845312683540422549e-01
9.838778552309435099e-01
9.828540999885394536e-01
9.824355014577909051e-01
9.801912737900992934e-01
9.785695595564085636e-01
9.784200625955297159e-01
9.780132764876148244e-01
9.775570553457746392e-01
9.769255214474296123e-01
9.769255214474296123e-01
9.756708093650982017e-01
9.751168437391581900e-01
9.751168437391581900e-01
9.751168437391581900e-01
9.742293733563965885e-01
9.742293733563965885e-01
9.742293733563965885e-01
9.742293733563965885e-01
9.737541299093627201e-01
9.726302897700366268e-01
9.726302897700366268e-01
9.722508376020004839e-01
9.722508376020004839e-01
9.716578767737756861e-01
9.704555672552300782e-01
9.710095328811702009e-01
9.707584511452010956e-01
9.707584511452010956e-01
9.707584511452010956e-01
9.697514068549685229e-01
9.697514068549685229e-01
9.697514068549685229e-01
9.697514068549685229e-01
9.697514068549685229e-01
9.697514068549685229e-01
9.697514068549685229e-01
9.685976250680758959e-01
9.680251003747148975e-01
9.688470643806761373e-01
9.688470643806761373e-01
9.688470643806761373e-01
9.688470643806761373e-01
9.672268104309422743e-01
9.672268104309422743e-01
9.672268104309422743e-01
9.658861570136966224e-01
9.658861570136966224e-01
9.658861570136966224e-01
9.658861570136966224e-01
9.658861570136966224e-01
9.662214816152130403e-01
9.662214816152130403e-01
9.662214816152130403e-01
9.662214816152130403e-01
9.662214816152130403e-01
9.662214816152130403e-01
9.662214816152130403e-01
9.662214816152130403e-01
9.662214816152130403e-01
9.662214816152130403e-01
9.662214816152130403e-01
9.662214816152130403e-01
9.662214816152130403e-01
9.662214816152130403e-01
9.662214816152130403e-01
9.662214816152130403e-01
9.660383560033057870e-01
9.650650022094031666e-01
9.650650022094031666e-01
9.650650022094031666e-01
9.650650022094031666e-01
9.650650022094031666e-01
9.650650022094031666e-01
9.650650022094031666e-01
9.650650022094031666e-01
9.650650022094031666e-01
9.650650022094031666e-01
9.650650022094031666e-01
9.650650022094031666e-01
9.650650022094031666e-01
9.650650022094031666e-01
9.650650022094031666e-01
9.650650022094031666e-01
9.650650022094031666e-01
9.650650022094031666e-01
9.650650022094031666e-01
9.650650022094031666e-01
9.650650022094031666e-01
9.650650022094031666e-01
9.650650022094031666e-01
9.650650022094031666e-01
9.650650022094031666e-01
9.650650022094031666e-01
9.650650022094031666e-01
9.650650022094031666e-01
9.650650022094031666e-01
9.650650022094031666e-01
9.650650022094031666e-01
9.650650022094031666e-01
9.650650022094031666e-01
9.650650022094031666e-01
9.650650022094031666e-01
9.650650022094031666e-01
9.650650022094031666e-01
9.650650022094031666e-01
9.650650022094031666e-01
9.650650022094031666e-01
9.650650022094031666e-01
9.650650022094031666e-01
9.650650022094031666e-01
9.650650022094031666e-01
9.650650022094031666e-01
9.650650022094031666e-01
9.650650022094031666e-01
9.650650022094031666e-01
9.650650022094031666e-01
9.650650022094031666e-01
9.650650022094031666e-01
9.649469885810739722e-01
9.649469885810739722e-01
9.649469885810739722e-01
9.649469885810739722e-01
9.649469885810739722e-01
9.649469885810739722e-01
9.649469885810739722e-01
9.649469885810739722e-01
9.649469885810739722e-01
9.649469885810739722e-01
9.649469885810739722e-01
9.649469885810739722e-01
9.649469885810739722e-01
9.649469885810739722e-01
9.649469885810739722e-01
9.649469885810739722e-01
9.649469885810739722e-01
9.649469885810739722e-01
9.649469885810739722e-01
9.649469885810739722e-01
9.649469885810739722e-01
9.649469885810739722e-01
9.649469885810739722e-01
9.649469885810739722e-01
9.649469885810739722e-01
9.649469885810739722e-01
9.649469885810739722e-01
9.649469885810739722e-01
9.649469885810739722e-01
9.649469885810739722e-01
9.649469885810739722e-01
9.649469885810739722e-01
9.649469885810739722e-01
9.649469885810739722e-01
9.649469885810739722e-01
9.649469885810739722e-01
9.649469885810739722e-01
9.649469885810739722e-01
9.649469885810739722e-01
9.649469885810739722e-01
9.649469885810739722e-01
9.649469885810739722e-01
9.649469885810739722e-01
9.649469885810739722e-01
9.649469885810739722e-01
9.649469885810739722e-01
9.649469885810739722e-01
9.649469885810739722e-01
9.649469885810739722e-01
9.649469885810739722e-01
9.649469885810739722e-01
9.649469885810739722e-01
9.649469885810739722e-01
9.649469885810739722e-01
9.649469885810739722e-01
9.649469885810739722e-01
9.649469885810739722e-01
9.649469885810739722e-01
9.649469885810739722e-01
9.649469885810739722e-01
9.649469885810739722e-01
9.649469885810739722e-01
9.649469885810739722e-01
9.649469885810739722e-01
9.649469885810739722e-01
9.649469885810739722e-01
9.649469885810739722e-01
9.649469885810739722e-01
9.649469885810739722e-01
9.649469885810739722e-01
9.649469885810739722e-01
9.649469885810739722e-01
9.649469885810739722e-01
9.649469885810739722e-01
9.649469885810739722e-01
9.649469885810739722e-01
9.649469885810739722e-01
9.649469885810739722e-01
9.649469885810739722e-01
9.649469885810739722e-01
9.649469885810739722e-01
9.649469885810739722e-01
9.649469885810739722e-01
9.649469885810739722e-01
9.649469885810739722e-01
9.649469885810739722e-01
9.649469885810739722e-01
9.649469885810739722e-01
9.649469885810739722e-01
9.649469885810739722e-01
9.649469885810739722e-01
9.649469885810739722e-01
9.649469885810739722e-01
9.649469885810739722e-01
9.649469885810739722e-01
9.649469885810739722e-01
9.649469885810739722e-01
9.649469885810739722e-01
9.649469885810739722e-01
9.649469885810739722e-01
9.649469885810739722e-01
9.649469885810739722e-01
9.649469885810739722e-01
9.649469885810739722e-01
9.649469885810739722e-01
9.649469885810739722e-01
9.649469885810739722e-01
9.649469885810739722e-01
9.649469885810739722e-01
9.649469885810739722e-01
9.649469885810739722e-01
9.649469885810739722e-01
9.649469885810739722e-01
9.649469885810739722e-01
9.649469885810739722e-01
9.649469885810739722e-01
9.649469885810739722e-01
9.649469885810739722e-01
9.649469885810739722e-01
9.649469885810739722e-01
9.649469885810739722e-01
9.649469885810739722e-01
9.649469885810739722e-01
9.649469885810739722e-01
9.649469885810739722e-01
9.649469885810739722e-01
9.649469885810739722e-01
9.649469885810739722e-01
9.649469885810739722e-01
9.649469885810739722e-01
9.649469885810739722e-01
9.649469885810739722e-01
9.649469885810739722e-01
9.649469885810739722e-01
9.649469885810739722e-01
9.649469885810739722e-01
9.649469885810739722e-01
9.649469885810739722e-01
9.649469885810739722e-01
9.649469885810739722e-01
9.649469885810739722e-01
9.649469885810739722e-01
9.649469885810739722e-01
9.649469885810739722e-01
9.649469885810739722e-01
9.649469885810739722e-01
9.649469885810739722e-01
9.649469885810739722e-01
9.649469885810739722e-01
9.649469885810739722e-01
9.649469885810739722e-01
9.649469885810739722e-01
9.649469885810739722e-01
9.649469885810739722e-01
9.649469885810739722e-01
9.649469885810739722e-01
9.649469885810739722e-01
9.649469885810739722e-01
9.649469885810739722e-01
9.649469885810739722e-01
9.649469885810739722e-01
9.649469885810739722e-01
9.649469885810739722e-01
9.649469885810739722e-01
9.649469885810739722e-01
9.649469885810739722e-01
9.649469885810739722e-01
9.649469885810739722e-01
9.649469885810739722e-01
9.649469885810739722e-01
9.649469885810739722e-01
9.649469885810739722e-01
9.649469885810739722e-01
9.649469885810739722e-01
9.649469885810739722e-01
9.649469885810739722e-01
9.649469885810739722e-01
9.649469885810739722e-01
9.649469885810739722e-01
9.649469885810739722e-01
9.649469885810739722e-01
9.649469885810739722e-01
9.649469885810739722e-01
9.649469885810739722e-01
9.649469885810739722e-01
9.649469885810739722e-01
9.649469885810739722e-01
9.649469885810739722e-01
9.649469885810739722e-01
9.649469885810739722e-01
9.649469885810739722e-01
9.649469885810739722e-01
9.649469885810739722e-01
9.649469885810739722e-01
9.649469885810739722e-01
9.649469885810739722e-01
9.649469885810739722e-01
9.649469885810739722e-01
9.649469885810739722e-01
9.649469885810739722e-01
9.649469885810739722e-01
9.649469885810739722e-01
9.649469885810739722e-01
9.649469885810739722e-01
9.649469885810739722e-01
9.649469885810739722e-01
9.649469885810739722e-01
9.649469885810739722e-01
9.649469885810739722e-01
9.649469885810739722e-01
9.649469885810739722e-01
9.649469885810739722e-01
9.649469885810739722e-01
9.649469885810739722e-01
9.649469885810739722e-01
9.649469885810739722e-01
9.649469885810739722e-01
9.649469885810739722e-01
9.649469885810739722e-01
9.649469885810739722e-01
9.649469885810739722e-01
9.649469885810739722e-01
9.649469885810739722e-01
9.649469885810739722e-01
9.649469885810739722e-01
9.649469885810739722e-01
9.649469885810739722e-01
9.649469885810739722e-01
9.649469885810739722e-01
9.649469885810739722e-01
9.649469885810739722e-01
9.649469885810739722e-01
9.649469885810739722e-01
9.649469885810739722e-01
9.649469885810739722e-01
9.649469885810739722e-01
9.649469885810739722e-01
9.649469885810739722e-01
9.649469885810739722e-01
9.649469885810739722e-01
9.649469885810739722e-01
9.649469885810739722e-01
9.649469885810739722e-01
9.649469885810739722e-01
9.649469885810739722e-01
9.649469885810739722e-01
9.649469885810739722e-01
9.649469885810739722e-01
9.649469885810739722e-01
9.649469885810739722e-01
9.649469885810739722e-01
9.649469885810739722e-01
9.649469885810739722e-01
9.649469885810739722e-01
9.649469885810739722e-01
9.649469885810739722e-01
9.649469885810739722e-01
9.649469885810739722e-01
9.649469885810739722e-01
9.649469885810739722e-01
9.649469885810739722e-01
9.649469885810739722e-01
9.649469885810739722e-01
9.649469885810739722e-01
9.649469885810739722e-01
9.649469885810739722e-01
9.649469885810739722e-01
9.649469885810739722e-01
9.649469885810739722e-01
9.649469885810739722e-01
9.649469885810739722e-01
9.649469885810739722e-01
9.649469885810739722e-01
9.649469885810739722e-01
9.649469885810739722e-01
9.649469885810739722e-01
9.649469885810739722e-01
9.649469885810739722e-01
9.649469885810739722e-01
9.649469885810739722e-01
9.649469885810739722e-01
9.649469885810739722e-01
9.649469885810739722e-01
9.649469885810739722e-01
9.649469885810739722e-01
9.649469885810739722e-01
9.649469885810739722e-01
9.649469885810739722e-01
9.649469885810739722e-01
9.649469885810739722e-01
9.649469885810739722e-01
9.649469885810739722e-01
9.649469885810739722e-01
9.649469885810739722e-01
9.649469885810739722e-01
9.649469885810739722e-01
9.649469885810739722e-01
9.649469885810739722e-01
9.649469885810739722e-01
9.649469885810739722e-01
9.649469885810739722e-01
9.649469885810739722e-01
9.649469885810739722e-01
9.649469885810739722e-01
9.649469885810739722e-01
9.649469885810739722e-01
9.649469885810739722e-01
9.649469885810739722e-01
9.649469885810739722e-01
9.649469885810739722e-01
9.649469885810739722e-01
9.649469885810739722e-01
9.649469885810739722e-01
9.649469885810739722e-01
9.649469885810739722e-01
9.649469885810739722e-01
9.649469885810739722e-01
9.649469885810739722e-01
9.649469885810739722e-01
9.649469885810739722e-01
9.649469885810739722e-01
9.649469885810739722e-01
9.649469885810739722e-01
9.649469885810739722e-01
9.649469885810739722e-01
9.649469885810739722e-01
9.649469885810739722e-01
9.649469885810739722e-01
9.649469885810739722e-01
9.649469885810739722e-01
9.649469885810739722e-01
9.649469885810739722e-01
9.649469885810739722e-01
9.649469885810739722e-01
9.649469885810739722e-01
9.649469885810739722e-01
9.649469885810739722e-01
9.649469885810739722e-01
9.649469885810739722e-01
9.649469885810739722e-01
9.649469885810739722e-01
9.649469885810739722e-01
9.649469885810739722e-01
9.649469885810739722e-01
9.649469885810739722e-01
9.649469885810739722e-01
9.649469885810739722e-01
9.649469885810739722e-01
9.649469885810739722e-01
9.649469885810739722e-01
9.649469885810739722e-01
9.649469885810739722e-01
9.649469885810739722e-01
9.649469885810739722e-01
9.649469885810739722e-01
9.649469885810739722e-01
9.649469885810739722e-01
9.649469885810739722e-01
9.649469885810739722e-01
9.649469885810739722e-01
9.649469885810739722e-01
9.649469885810739722e-01
9.649469885810739722e-01
9.649469885810739722e-01
9.649469885810739722e-01
9.649469885810739722e-01
9.649469885810739722e-01
9.649469885810739722e-01
9.649469885810739722e-01
9.649469885810739722e-01
9.649469885810739722e-01
9.649469885810739722e-01
9.649469885810739722e-01
9.649469885810739722e-01
9.649469885810739722e-01
9.649469885810739722e-01
9.649469885810739722e-01
9.649469885810739722e-01
9.649469885810739722e-01
9.649469885810739722e-01
9.649469885810739722e-01
9.649469885810739722e-01
9.649469885810739722e-01
9.649469885810739722e-01
9.649469885810739722e-01
9.649469885810739722e-01
9.649469885810739722e-01
9.649469885810739722e-01
9.649469885810739722e-01
9.649469885810739722e-01
9.649469885810739722e-01
9.649469885810739722e-01
9.649469885810739722e-01
9.649469885810739722e-01
9.649469885810739722e-01
9.649469885810739722e-01
9.649469885810739722e-01
9.649469885810739722e-01
9.649469885810739722e-01
9.649469885810739722e-01
9.649469885810739722e-01
9.649469885810739722e-01
9.649469885810739722e-01
9.649469885810739722e-01
9.649469885810739722e-01
9.649469885810739722e-01
9.649469885810739722e-01
9.649469885810739722e-01
9.649469885810739722e-01
9.649469885810739722e-01
9.649469885810739722e-01
9.649469885810739722e-01
9.649469885810739722e-01
9.649469885810739722e-01
9.649469885810739722e-01
9.649469885810739722e-01
9.649469885810739722e-01
9.649469885810739722e-01
9.649469885810739722e-01
9.649469885810739722e-01
9.649469885810739722e-01
9.649469885810739722e-01
9.649469885810739722e-01
9.649469885810739722e-01
9.649469885810739722e-01
9.649469885810739722e-01
9.649469885810739722e-01
9.649469885810739722e-01
9.649469885810739722e-01
9.649469885810739722e-01
9.649469885810739722e-01
9.649469885810739722e-01
9.649469885810739722e-01
9.649469885810739722e-01
9.649469885810739722e-01
9.649469885810739722e-01
9.649469885810739722e-01
9.649469885810739722e-01
9.649469885810739722e-01
9.649469885810739722e-01
9.649469885810739722e-01
9.649469885810739722e-01
9.649469885810739722e-01
9.649469885810739722e-01
9.649469885810739722e-01
9.649469885810739722e-01
9.649469885810739722e-01
9.649469885810739722e-01
9.649469885810739722e-01
9.649469885810739722e-01
9.649469885810739722e-01
9.649469885810739722e-01
9.649469885810739722e-01
9.649469885810739722e-01
9.649469885810739722e-01
9.649469885810739722e-01
9.649469885810739722e-01
9.649469885810739722e-01
9.649469885810739722e-01
9.649469885810739722e-01
9.649469885810739722e-01
9.649469885810739722e-01
9.649469885810739722e-01
9.649469885810739722e-01
9.649469885810739722e-01
9.649469885810739722e-01
9.649469885810739722e-01
9.649469885810739722e-01
9.649469885810739722e-01
9.649469885810739722e-01
9.649469885810739722e-01
9.649469885810739722e-01
9.649469885810739722e-01
9.649469885810739722e-01
9.649469885810739722e-01
9.649469885810739722e-01
9.649469885810739722e-01
9.649469885810739722e-01
9.649469885810739722e-01
9.649469885810739722e-01
9.649469885810739722e-01
9.649469885810739722e-01
9.649469885810739722e-01
9.649469885810739722e-01
9.649469885810739722e-01
9.649469885810739722e-01
9.649469885810739722e-01
9.649469885810739722e-01
9.649469885810739722e-01
9.649469885810739722e-01
9.649469885810739722e-01
9.649469885810739722e-01
9.649469885810739722e-01
9.649469885810739722e-01
9.649469885810739722e-01
9.649469885810739722e-01
9.649469885810739722e-01
9.649469885810739722e-01
9.649469885810739722e-01
9.649469885810739722e-01
9.649469885810739722e-01
9.649469885810739722e-01
9.649469885810739722e-01
9.649469885810739722e-01
9.649469885810739722e-01
9.649469885810739722e-01
9.649469885810739722e-01
9.649469885810739722e-01
9.649469885810739722e-01
9.649469885810739722e-01
9.649469885810739722e-01
9.649469885810739722e-01
9.649469885810739722e-01
9.649469885810739722e-01
9.649469885810739722e-01
9.649469885810739722e-01
9.649469885810739722e-01
9.649469885810739722e-01
9.649469885810739722e-01
9.649469885810739722e-01
9.649469885810739722e-01
9.649469885810739722e-01
9.649469885810739722e-01
9.649469885810739722e-01
9.649469885810739722e-01
9.649469885810739722e-01
9.649469885810739722e-01
9.649469885810739722e-01
9.649469885810739722e-01
9.649469885810739722e-01
9.649469885810739722e-01
9.649469885810739722e-01
9.649469885810739722e-01
9.649469885810739722e-01
9.649469885810739722e-01
9.649469885810739722e-01
9.649469885810739722e-01
9.649469885810739722e-01
9.649469885810739722e-01
9.649469885810739722e-01
9.649469885810739722e-01
9.649469885810739722e-01
9.649469885810739722e-01
9.649469885810739722e-01
9.649469885810739722e-01
9.649469885810739722e-01
9.649469885810739722e-01
9.649469885810739722e-01
9.649469885810739722e-01
9.649469885810739722e-01
9.649469885810739722e-01
9.649469885810739722e-01
9.649469885810739722e-01
9.649469885810739722e-01
9.649469885810739722e-01
9.649469885810739722e-01
9.649469885810739722e-01
9.649469885810739722e-01
9.649469885810739722e-01
9.649469885810739722e-01
9.649469885810739722e-01
9.649469885810739722e-01
9.649469885810739722e-01
9.649469885810739722e-01
9.649469885810739722e-01
9.649469885810739722e-01
9.649469885810739722e-01
9.649469885810739722e-01
9.649469885810739722e-01
9.649469885810739722e-01
9.649469885810739722e-01
9.649469885810739722e-01
9.649469885810739722e-01
9.649469885810739722e-01
9.649469885810739722e-01
9.649469885810739722e-01
9.649469885810739722e-01
9.649469885810739722e-01
9.649469885810739722e-01
9.649469885810739722e-01
9.649469885810739722e-01
9.649469885810739722e-01
9.649469885810739722e-01
9.649469885810739722e-01
9.649469885810739722e-01
9.649469885810739722e-01
9.649469885810739722e-01
9.649469885810739722e-01
9.649469885810739722e-01
9.649469885810739722e-01
9.649469885810739722e-01
9.649469885810739722e-01
9.649469885810739722e-01
9.649469885810739722e-01
9.649469885810739722e-01
9.649469885810739722e-01
9.649469885810739722e-01
9.649469885810739722e-01
9.649469885810739722e-01
9.649469885810739722e-01
9.649469885810739722e-01
9.649469885810739722e-01
9.649469885810739722e-01
9.649469885810739722e-01
9.649469885810739722e-01
9.649469885810739722e-01
9.649469885810739722e-01
9.649469885810739722e-01
9.649469885810739722e-01
9.649469885810739722e-01
9.649469885810739722e-01
9.649469885810739722e-01
9.649469885810739722e-01
9.649469885810739722e-01
9.649469885810739722e-01
9.649469885810739722e-01
9.649469885810739722e-01
9.649469885810739722e-01
9.649469885810739722e-01
9.649469885810739722e-01
9.649469885810739722e-01
9.649469885810739722e-01
9.649469885810739722e-01
9.649469885810739722e-01
9.649469885810739722e-01
9.649469885810739722e-01
9.649469885810739722e-01
9.649469885810739722e-01
9.649469885810739722e-01
9.649469885810739722e-01
9.649469885810739722e-01
9.649469885810739722e-01
9.649469885810739722e-01
9.649469885810739722e-01
9.649469885810739722e-01
9.649469885810739722e-01
9.649469885810739722e-01
9.649469885810739722e-01
9.649469885810739722e-01
9.649469885810739722e-01
9.649469885810739722e-01
9.649469885810739722e-01
9.649469885810739722e-01
9.649469885810739722e-01
9.649469885810739722e-01
9.649469885810739722e-01
9.649469885810739722e-01
9.649469885810739722e-01
9.649469885810739722e-01
9.649469885810739722e-01
9.649469885810739722e-01
9.649469885810739722e-01
9.649469885810739722e-01
9.649469885810739722e-01
9.649469885810739722e-01
9.649469885810739722e-01
9.649469885810739722e-01
9.649469885810739722e-01
9.649469885810739722e-01
9.649469885810739722e-01
9.649469885810739722e-01
9.649469885810739722e-01
9.649469885810739722e-01
9.649469885810739722e-01
9.649469885810739722e-01
9.649469885810739722e-01
9.649469885810739722e-01
9.649469885810739722e-01
9.649469885810739722e-01
9.649469885810739722e-01
9.649469885810739722e-01
9.649469885810739722e-01
9.649469885810739722e-01
9.649469885810739722e-01
9.649469885810739722e-01
9.649469885810739722e-01
9.649469885810739722e-01
9.649469885810739722e-01
9.649469885810739722e-01
9.649469885810739722e-01
9.649469885810739722e-01
9.649469885810739722e-01
9.649469885810739722e-01
9.649469885810739722e-01
9.649469885810739722e-01
9.649469885810739722e-01
9.649469885810739722e-01
9.649469885810739722e-01
9.649469885810739722e-01
9.649469885810739722e-01
9.649469885810739722e-01
9.649469885810739722e-01
9.649469885810739722e-01
9.649469885810739722e-01
9.649469885810739722e-01
9.649469885810739722e-01
9.649469885810739722e-01
9.649469885810739722e-01
9.649469885810739722e-01
9.649469885810739722e-01
9.649469885810739722e-01
9.649469885810739722e-01
9.649469885810739722e-01
9.649469885810739722e-01
9.649469885810739722e-01
9.649469885810739722e-01
9.649469885810739722e-01
9.649469885810739722e-01
9.649469885810739722e-01
9.649469885810739722e-01
9.649469885810739722e-01
9.649469885810739722e-01
9.649469885810739722e-01
9.649469885810739722e-01
9.649469885810739722e-01
9.649469885810739722e-01
9.649469885810739722e-01
9.649469885810739722e-01
9.649469885810739722e-01
9.649469885810739722e-01
9.649469885810739722e-01
9.649469885810739722e-01
9.649469885810739722e-01
9.649469885810739722e-01
9.649469885810739722e-01
9.649469885810739722e-01
9.649469885810739722e-01
9.649469885810739722e-01
9.649469885810739722e-01
9.649469885810739722e-01
9.649469885810739722e-01
9.649469885810739722e-01
9.649469885810739722e-01
9.649469885810739722e-01
9.649469885810739722e-01
9.649469885810739722e-01
9.649469885810739722e-01
9.649469885810739722e-01
9.649469885810739722e-01
9.649469885810739722e-01
9.649469885810739722e-01
9.649469885810739722e-01
9.649469885810739722e-01
9.649469885810739722e-01
9.649469885810739722e-01
9.649469885810739722e-01
9.649469885810739722e-01
9.649469885810739722e-01
9.649469885810739722e-01
9.649469885810739722e-01
9.649469885810739722e-01
9.649469885810739722e-01
9.649469885810739722e-01
9.649469885810739722e-01
9.649469885810739722e-01
9.649469885810739722e-01
9.649469885810739722e-01
9.649469885810739722e-01
9.649469885810739722e-01
9.649469885810739722e-01
9.649469885810739722e-01
9.649469885810739722e-01
9.649469885810739722e-01
9.649469885810739722e-01
9.649469885810739722e-01
9.649469885810739722e-01
9.649469885810739722e-01
9.649469885810739722e-01
9.649469885810739722e-01
9.649469885810739722e-01
9.649469885810739722e-01
9.649469885810739722e-01
9.649469885810739722e-01
9.649469885810739722e-01
9.649469885810739722e-01
9.649469885810739722e-01
9.649469885810739722e-01
9.649469885810739722e-01
9.649469885810739722e-01
9.649469885810739722e-01
9.649469885810739722e-01
9.649469885810739722e-01
9.649469885810739722e-01
9.649469885810739722e-01
9.649469885810739722e-01
9.649469885810739722e-01
9.649469885810739722e-01
9.649469885810739722e-01
9.649469885810739722e-01
9.649469885810739722e-01
9.649469885810739722e-01
9.649469885810739722e-01
9.649469885810739722e-01
9.649469885810739722e-01
9.649469885810739722e-01
9.649469885810739722e-01
9.649469885810739722e-01
9.649469885810739722e-01
9.649469885810739722e-01
9.649469885810739722e-01
9.649469885810739722e-01
9.649469885810739722e-01
9.649469885810739722e-01
9.649469885810739722e-01
9.649469885810739722e-01
9.649469885810739722e-01
9.649469885810739722e-01
9.649469885810739722e-01
9.649469885810739722e-01
9.649469885810739722e-01
9.649469885810739722e-01
9.649469885810739722e-01
9.649469885810739722e-01
9.649469885810739722e-01
9.649469885810739722e-01
9.649469885810739722e-01
9.649469885810739722e-01
9.649469885810739722e-01
9.649469885810739722e-01
9.649469885810739722e-01
9.649469885810739722e-01
9.649469885810739722e-01
9.649469885810739722e-01
9.649469885810739722e-01
9.649469885810739722e-01
9.649469885810739722e-01
9.649469885810739722e-01
9.649469885810739722e-01
9.649469885810739722e-01
9.649469885810739722e-01
9.649469885810739722e-01
9.649469885810739722e-01
9.649469885810739722e-01
9.649469885810739722e-01
9.649469885810739722e-01
9.649469885810739722e-01
9.649469885810739722e-01
9.649469885810739722e-01
9.649469885810739722e-01
9.649469885810739722e-01
9.649469885810739722e-01
9.649469885810739722e-01
9.649469885810739722e-01
9.649469885810739722e-01
9.649469885810739722e-01
9.649469885810739722e-01
9.649469885810739722e-01
9.649469885810739722e-01
9.649469885810739722e-01
9.649469885810739722e-01
9.649469885810739722e-01
9.649469885810739722e-01
9.649469885810739722e-01
9.649469885810739722e-01
9.649469885810739722e-01
9.649469885810739722e-01
9.649469885810739722e-01
9.649469885810739722e-01
9.649469885810739722e-01
9.649469885810739722e-01
9.649469885810739722e-01
9.649469885810739722e-01
9.649469885810739722e-01
9.649469885810739722e-01
9.649469885810739722e-01
9.649469885810739722e-01
9.649469885810739722e-01
9.649469885810739722e-01
9.649469885810739722e-01
9.649469885810739722e-01
9.649469885810739722e-01
9.649469885810739722e-01
9.649469885810739722e-01
9.649469885810739722e-01
9.649469885810739722e-01
9.649469885810739722e-01
9.649469885810739722e-01
9.649469885810739722e-01
9.649469885810739722e-01
9.649469885810739722e-01
9.649469885810739722e-01
9.649469885810739722e-01
9.649469885810739722e-01
9.649469885810739722e-01
9.649469885810739722e-01
9.649469885810739722e-01
9.649469885810739722e-01
9.649469885810739722e-01
9.649469885810739722e-01
9.649469885810739722e-01
9.649469885810739722e-01
9.649469885810739722e-01
9.649469885810739722e-01
9.649469885810739722e-01
9.649469885810739722e-01
9.649469885810739722e-01
9.649469885810739722e-01
9.649469885810739722e-01
9.649469885810739722e-01
9.649469885810739722e-01
9.649469885810739722e-01
9.649469885810739722e-01
9.649469885810739722e-01
9.649469885810739722e-01
9.649469885810739722e-01
9.649469885810739722e-01
9.649469885810739722e-01
9.649469885810739722e-01
9.649469885810739722e-01
9.649469885810739722e-01
9.649469885810739722e-01
9.649469885810739722e-01
9.649469885810739722e-01
9.649469885810739722e-01
9.649469885810739722e-01
9.649469885810739722e-01
9.649469885810739722e-01
9.649469885810739722e-01
9.649469885810739722e-01
9.649469885810739722e-01
9.649469885810739722e-01
9.649469885810739722e-01
9.649469885810739722e-01
9.649469885810739722e-01
9.649469885810739722e-01
9.649469885810739722e-01
9.649469885810739722e-01
9.649469885810739722e-01
9.649469885810739722e-01
9.649469885810739722e-01
9.649469885810739722e-01
9.649469885810739722e-01
9.649469885810739722e-01
9.649469885810739722e-01
9.649469885810739722e-01
9.649469885810739722e-01
9.649469885810739722e-01
9.649469885810739722e-01
9.649469885810739722e-01
9.649469885810739722e-01
9.649469885810739722e-01
9.649469885810739722e-01
9.649469885810739722e-01
9.649469885810739722e-01
9.649469885810739722e-01
9.649469885810739722e-01
9.649469885810739722e-01
9.649469885810739722e-01
9.649469885810739722e-01
9.649469885810739722e-01
9.649469885810739722e-01
9.649469885810739722e-01
9.649469885810739722e-01
9.649469885810739722e-01
9.649469885810739722e-01
9.649469885810739722e-01
9.649469885810739722e-01
9.649469885810739722e-01
9.649469885810739722e-01
9.649469885810739722e-01
9.649469885810739722e-01
9.649469885810739722e-01
9.649469885810739722e-01
9.649469885810739722e-01
9.649469885810739722e-01
9.649469885810739722e-01
9.649469885810739722e-01
9.649469885810739722e-01
9.649469885810739722e-01
9.649469885810739722e-01
9.649469885810739722e-01
9.649469885810739722e-01
9.649469885810739722e-01
9.649469885810739722e-01
9.649469885810739722e-01
9.649469885810739722e-01
9.649469885810739722e-01
9.649469885810739722e-01
9.649469885810739722e-01
9.649469885810739722e-01
9.649469885810739722e-01
9.649469885810739722e-01
9.649469885810739722e-01
9.649469885810739722e-01
9.649469885810739722e-01
9.649469885810739722e-01
9.649469885810739722e-01
9.649469885810739722e-01
9.649469885810739722e-01
9.649469885810739722e-01
9.649469885810739722e-01
9.649469885810739722e-01
9.649469885810739722e-01
9.649469885810739722e-01
9.649469885810739722e-01
9.649469885810739722e-01
9.649469885810739722e-01
9.649469885810739722e-01
9.649469885810739722e-01
9.649469885810739722e-01
9.649469885810739722e-01
9.649469885810739722e-01
9.649469885810739722e-01
9.649469885810739722e-01
9.649469885810739722e-01
9.649469885810739722e-01
9.649469885810739722e-01
9.649469885810739722e-01
9.649469885810739722e-01
9.649469885810739722e-01
9.649469885810739722e-01
9.649469885810739722e-01
9.649469885810739722e-01
9.649469885810739722e-01
9.649469885810739722e-01
9.649469885810739722e-01
9.649469885810739722e-01
9.649469885810739722e-01
9.649469885810739722e-01
9.649469885810739722e-01
9.649469885810739722e-01
9.649469885810739722e-01
9.649469885810739722e-01
9.649469885810739722e-01
9.649469885810739722e-01
9.649469885810739722e-01
9.649469885810739722e-01
9.649469885810739722e-01
9.649469885810739722e-01
9.649469885810739722e-01
9.649469885810739722e-01
9.649469885810739722e-01
9.649469885810739722e-01
9.649469885810739722e-01
9.649469885810739722e-01
9.649469885810739722e-01
9.649469885810739722e-01
9.649469885810739722e-01
9.649469885810739722e-01
9.649469885810739722e-01
9.649469885810739722e-01
9.649469885810739722e-01
9.649469885810739722e-01
9.649469885810739722e-01
9.649469885810739722e-01
9.649469885810739722e-01
9.649469885810739722e-01
9.649469885810739722e-01
9.649469885810739722e-01
9.649469885810739722e-01
9.649469885810739722e-01
9.649469885810739722e-01
9.649469885810739722e-01
9.649469885810739722e-01
9.649469885810739722e-01
9.649469885810739722e-01
9.649469885810739722e-01
9.649469885810739722e-01
9.649469885810739722e-01
9.649469885810739722e-01
9.649469885810739722e-01
9.649469885810739722e-01
9.649469885810739722e-01
9.649469885810739722e-01
9.649469885810739722e-01
9.649469885810739722e-01
9.649469885810739722e-01
9.649469885810739722e-01
9.649469885810739722e-01
9.649469885810739722e-01
9.649469885810739722e-01
9.649469885810739722e-01
9.649469885810739722e-01
9.649469885810739722e-01
9.649469885810739722e-01
9.649469885810739722e-01
9.649469885810739722e-01
9.649469885810739722e-01
9.649469885810739722e-01
9.649469885810739722e-01
9.649469885810739722e-01
9.649469885810739722e-01
9.649469885810739722e-01
9.649469885810739722e-01
9.649469885810739722e-01
9.649469885810739722e-01
9.649469885810739722e-01
9.649469885810739722e-01
9.649469885810739722e-01
9.649469885810739722e-01
9.649469885810739722e-01
9.649469885810739722e-01
9.649469885810739722e-01
9.649469885810739722e-01
9.649469885810739722e-01
9.649469885810739722e-01
9.649469885810739722e-01
9.649469885810739722e-01
9.649469885810739722e-01
9.649469885810739722e-01
9.649469885810739722e-01
9.649469885810739722e-01
9.649469885810739722e-01
9.649469885810739722e-01
