0.000000000000000000e+00
7.089348182900223616e-02
7.089348182900223616e-02
7.043683523119682877e-02
7.084145627484757235e-02
7.173146860027206084e-02
7.173146860027206084e-02
7.171811133953377715e-02
7.082654331522685032e-02
7.082654331522685032e-02
7.082654331522685032e-02
7.082654331522685032e-02
7.082654331522685032e-02
7.082654331522685032e-02
7.082654331522685032e-02
7.082654331522685032e-02
7.082654331522685032e-02
7.082654331522685032e-02
7.082654331522685032e-02
7.082654331522685032e-02
7.082654331522685032e-02
7.082654331522685032e-02
7.082654331522685032e-02
7.082654331522685032e-02
7.082654331522685032e-02
7.082654331522685032e-02
7.078070903387752300e-02
7.078070903387752300e-02
7.078070903387752300e-02
7.078070903387752300e-02
7.078070903387752300e-02
7.078070903387752300e-02
7.078070903387752300e-02
7.078070903387752300e-02
7.078070903387752300e-02
7.078070903387752300e-02
7.078070903387752300e-02
7.078070903387752300e-02
7.078070903387752300e-02
7.078070903387752300e-02
7.078070903387752300e-02
7.078070903387752300e-02
7.078070903387752300e-02
7.078070903387752300e-02
7.078070903387752300e-02
7.078070903387752300e-02
7.078070903387752300e-02
7.078070903387752300e-02
7.078070903387752300e-02
7.078070903387752300e-02
7.078070903387752300e-02
7.078070903387752300e-02
7.078070903387752300e-02
7.078070903387752300e-02
7.078070903387752300e-02
7.078070903387752300e-02
7.078070903387752300e-02
7.078070903387752300e-02
7.078070903387752300e-02
7.078070903387752300e-02
7.078070903387752300e-02
7.078070903387752300e-02
7.078070903387752300e-02
7.078070903387752300e-02
7.078070903387752300e-02
7.078070903387752300e-02
7.078070903387752300e-02
7.078070903387752300e-02
7.078070903387752300e-02
7.078070903387752300e-02
7.078070903387752300e-02
7.078070903387752300e-02
7.078070903387752300e-02
7.078070903387752300e-02
7.078070903387752300e-02
7.078070903387752300e-02
7.078070903387752300e-02
7.078070903387752300e-02
7.078070903387752300e-02
7.078070903387752300e-02
7.078070903387752300e-02
7.078070903387752300e-02
7.078070903387752300e-02
7.078070903387752300e-02
7.078070903387752300e-02
7.078070903387752300e-02
7.078070903387752300e-02
7.078070903387752300e-02
7.078070903387752300e-02
7.078070903387752300e-02
7.078070903387752300e-02
7.078070903387752300e-02
7.078070903387752300e-02
7.078070903387752300e-02
7.078070903387752300e-02
7.078070903387752300e-02
7.078070903387752300e-02
7.078070903387752300e-02
7.078070903387752300e-02
7.078070903387752300e-02
7.078070903387752300e-02
7.078070903387752300e-02
7.078070903387752300e-02
7.078070903387752300e-02
7.078070903387752300e-02
7.078070903387752300e-02
7.078070903387752300e-02
7.078070903387752300e-02
7.078070903387752300e-02
7.078070903387752300e-02
7.078070903387752300e-02
7.078070903387752300e-02
7.078070903387752300e-02
7.078070903387752300e-02
7.078070903387752300e-02
7.078070903387752300e-02
7.078070903387752300e-02
7.078070903387752300e-02
7.078070903387752300e-02
7.078070903387752300e-02
7.078070903387752300e-02
7.078070903387752300e-02
7.078070903387752300e-02
7.078070903387752300e-02
7.078070903387752300e-02
7.078070903387752300e-02
7.078070903387752300e-02
7.078070903387752300e-02
7.078070903387752300e-02
7.078070903387752300e-02
7.078070903387752300e-02
7.078070903387752300e-02
7.078070903387752300e-02
7.078070903387752300e-02
7.078070903387752300e-02
7.078070903387752300e-02
7.078070903387752300e-02
7.078070903387752300e-02
7.078070903387752300e-02
7.078070903387752300e-02
7.078070903387752300e-02
7.078070903387752300e-02
7.078070903387752300e-02
7.078070903387752300e-02
7.078070903387752300e-02
7.078070903387752300e-02
7.078070903387752300e-02
7.078070903387752300e-02
7.078070903387752300e-02
7.078070903387752300e-02
7.078070903387752300e-02
7.078070903387752300e-02
7.078070903387752300e-02
7.078070903387752300e-02
7.078070903387752300e-02
7.078070903387752300e-02
7.078070903387752300e-02
7.078070903387752300e-02
7.078070903387752300e-02
7.078070903387752300e-02
7.078070903387752300e-02
7.078070903387752300e-02
7.078070903387752300e-02
7.078070903387752300e-02
7.078070903387752300e-02
7.078070903387752300e-02
7.078070903387752300e-02
7.078070903387752300e-02
7.078070903387752300e-02
7.078070903387752300e-02
7.078070903387752300e-02
7.078070903387752300e-02
7.078070903387752300e-02
7.078070903387752300e-02
7.078070903387752300e-02
7.078070903387752300e-02
7.078070903387752300e-02
7.078070903387752300e-02
7.078070903387752300e-02
7.078070903387752300e-02
7.078070903387752300e-02
7.078070903387752300e-02
7.078070903387752300e-02
7.078070903387752300e-02
7.078070903387752300e-02
7.078070903387752300e-02
7.078070903387752300e-02
7.078070903387752300e-02
7.078070903387752300e-02
7.078070903387752300e-02
7.078070903387752300e-02
7.078070903387752300e-02
7.078070903387752300e-02
7.078070903387752300e-02
7.078070903387752300e-02
7.078070903387752300e-02
7.078070903387752300e-02
7.078070903387752300e-02
7.078070903387752300e-02
7.078070903387752300e-02
7.078070903387752300e-02
7.078070903387752300e-02
7.078070903387752300e-02
7.078070903387752300e-02
7.078070903387752300e-02
7.078070903387752300e-02
7.078070903387752300e-02
7.078070903387752300e-02
7.078070903387752300e-02
7.078070903387752300e-02
7.078070903387752300e-02
7.078070903387752300e-02
7.078070903387752300e-02
7.078070903387752300e-02
7.078070903387752300e-02
7.078070903387752300e-02
7.078070903387752300e-02
7.078070903387752300e-02
7.078070903387752300e-02
7.078070903387752300e-02
7.078070903387752300e-02
7.078070903387752300e-02
7.078070903387752300e-02
7.078070903387752300e-02
7.078070903387752300e-02
7.078070903387752300e-02
7.078070903387752300e-02
7.078070903387752300e-02
7.078070903387752300e-02
7.078070903387752300e-02
7.078070903387752300e-02
7.078070903387752300e-02
7.078070903387752300e-02
7.078070903387752300e-02
7.078070903387752300e-02
7.078070903387752300e-02
7.078070903387752300e-02
7.078070903387752300e-02
7.078070903387752300e-02
7.078070903387752300e-02
7.078070903387752300e-02
7.078070903387752300e-02
7.078070903387752300e-02
7.078070903387752300e-02
7.078070903387752300e-02
7.078070903387752300e-02
7.078070903387752300e-02
7.078070903387752300e-02
7.078070903387752300e-02
7.078070903387752300e-02
