0.000000000000000000e+00
6.057075823079496185e-02
6.057075823079496185e-02
6.057075823079496185e-02
6.057075823079496185e-02
6.057075823079496185e-02
6.057075823079496185e-02
6.057075823079496185e-02
6.057075823079496185e-02
6.057075823079496185e-02
6.057075823079496185e-02
5.760452497346516681e-02
5.917611050560392383e-02
5.959104817099093038e-02
6.106682443695448520e-02
6.454467868123898999e-02
6.412244867842084584e-02
5.604288031412454907e-02
5.504746384052999764e-02
5.328655014101980197e-02
5.259831246448411907e-02
5.101562072638086281e-02
5.648384534732651258e-02
5.398263973321178882e-02
5.205009097443492189e-02
5.208854033613810608e-02
5.009350424268951135e-02
4.758259460338750552e-02
4.476553403984132040e-02
4.223029123748905933e-02
3.921718198434318015e-02
3.261566776402419904e-02
3.416261515898375706e-02
3.268382863566278440e-02
3.174928842655127398e-02
2.755192728490707746e-02
2.875794258707357887e-02
2.593010240826555679e-02
3.031039605392082947e-02
3.091707167732344122e-02
3.009016076618073812e-02
2.684480081621211031e-02
2.827362886208176218e-02
2.421552468673419944e-02
2.440812737335278440e-02
2.327328370293674578e-02
2.221501693804461483e-02
2.347419900039459176e-02
2.540547491716024786e-02
2.307727821539734894e-02
1.926112599275857026e-02
1.862785555077651686e-02
1.998667569947435232e-02
1.898866929016533242e-02
1.587847696096743658e-02
2.117784275209169675e-02
2.162339883635445992e-02
2.065189781816919104e-02
2.027417654196160199e-02
2.663311367784370123e-02
2.400655485966424543e-02
2.459787043782437829e-02
2.198727381715402662e-02
2.243526174500780693e-02
2.226733024559520921e-02
2.699973908302205974e-02
2.698759930069514687e-02
2.717119663746106473e-02
2.720603381492156525e-02
2.557203562569003441e-02
2.510146614773953178e-02
2.353284979405674895e-02
2.435092847731189225e-02
2.522304929706604623e-02
2.514532854494587466e-02
2.187193242063664722e-02
2.291151204775743536e-02
1.888525416082681083e-02
1.902837684725346146e-02
2.016527156277006863e-02
2.165745455010759449e-02
2.420553073421548643e-02
2.505587888894453275e-02
2.484420086660950669e-02
2.159431497191943716e-02
2.071545203535297974e-02
1.610097034883683012e-02
1.507793951264837194e-02
1.581124405977441666e-02
1.578747550673230762e-02
1.969357841360614217e-02
1.738537647311388587e-02
1.809190691201192566e-02
1.484542895540340995e-02
1.397247571194068679e-02
1.367989844382209823e-02
1.256360704113403115e-02
1.221430746314371846e-02
1.741425430808061711e-02
1.915744965396409469e-02
1.789575821948454284e-02
1.937031087717351260e-02
1.887249040159675803e-02
2.069976872175292512e-02
1.983360046728751755e-02
1.983360046728751755e-02
2.255637316693014441e-02
2.270421407692834945e-02
2.270421407692834945e-02
2.149770575289468300e-02
2.391123326567699825e-02
2.296375144123436254e-02
2.333886596040726791e-02
2.304510450154496903e-02
2.358578037528765922e-02
2.256007306379300206e-02
2.331105328707429661e-02
2.364017954178904493e-02
2.443653655504185104e-02
2.443653655504185104e-02
2.396479126125214063e-02
2.403686201045969820e-02
2.684606325931680748e-02
2.718464661340703678e-02
3.026931338148803122e-02
3.134154938473892454e-02
3.040648112531227701e-02
3.040691977028665838e-02
3.366590871233705179e-02
3.566203850572462891e-02
3.566203850572462891e-02
3.737717583744245425e-02
3.637443720068240377e-02
3.718967961742340039e-02
3.895343940182654369e-02
3.938092002394941865e-02
3.944371254262083598e-02
3.936670524454278369e-02
3.768884139668081390e-02
3.574862300368524676e-02
3.574862300368524676e-02
3.551154231391191740e-02
3.512976295812426236e-02
3.238953047021454063e-02
3.146650615152438851e-02
2.838191664611433226e-02
2.838191664611433226e-02
2.396924044206566809e-02
2.360708194705101251e-02
2.356121858215507250e-02
2.328999279545990522e-02
2.328999279545990522e-02
2.328999279545990522e-02
2.691684692468155130e-02
2.624533273182902068e-02
2.624533273182902068e-02
2.786856328390022175e-02
2.485891765840403389e-02
2.344318397417508026e-02
2.071409613734532043e-02
1.961434038971643021e-02
1.490184325746111461e-02
1.576844182839201233e-02
1.587430840372245147e-02
1.597755137741144194e-02
1.575791840652279382e-02
1.632233774129172865e-02
1.596993429719558572e-02
1.569333152642102616e-02
1.591363732253959010e-02
1.578699246248050844e-02
1.578699246248050844e-02
1.689010487448239575e-02
1.719900275993256969e-02
1.719900275993256969e-02
1.503845155636743085e-02
1.655036776930903300e-02
1.714511147499386476e-02
1.495642229368589031e-02
1.487757725962296496e-02
1.274529468940135100e-02
1.070906418008245320e-02
1.050622921036234968e-02
9.984998305574997735e-03
1.027603739034277375e-02
1.038696774629634285e-02
1.062184740598604189e-02
8.210610171178132563e-03
9.669642118877818174e-03
7.456476302286494523e-03
7.400343900307817212e-03
9.443044172847353881e-03
9.443044172847353881e-03
1.018806585420726878e-02
9.768510532837747229e-03
1.043246470135839217e-02
1.435232424627517177e-02
1.378592622827682669e-02
1.364802849510562445e-02
1.287096061111953765e-02
1.066481829455311059e-02
1.074908146356013013e-02
1.354681777225630150e-02
1.548168345493999148e-02
1.543870607812403151e-02
1.497909684121585122e-02
1.598694637354915529e-02
1.593451693792423060e-02
1.852158939840863397e-02
1.945717503214415903e-02
1.990254298161995422e-02
2.111423274715963985e-02
2.024634852451010283e-02
1.819917490690782166e-02
1.854425977595985583e-02
1.814278681938929008e-02
1.550105480311687184e-02
1.455218745393660300e-02
1.455218745393660300e-02
1.427655988384907843e-02
1.714339088430073821e-02
1.714339088430073821e-02
1.365501221634803607e-02
1.761245040629893718e-02
1.676059571773159951e-02
1.869262031078736466e-02
1.671738840460662220e-02
1.597651602440172333e-02
1.754300332923052971e-02
1.691216172951902352e-02
-1.885810372922596193e-02
-2.389601541755840067e-02
-2.082615821352648555e-02
-2.086898744963913352e-02
-2.114134162999084521e-02
-2.243921151962595742e-02
-2.342313509255244952e-02
-2.565107744451813887e-02
-2.528346757678111636e-02
-2.499379821473032490e-02
-2.538730663451031419e-02
-2.704676560525600890e-02
-2.837371492626078809e-02
-2.754471735359653728e-02
-2.756005060891153144e-02
-2.910589732791686590e-02
-2.945389550658689473e-02
-3.335268914811339441e-02
-3.435051430881542328e-02
-3.573249538008798493e-02
