-7.000000000000000888e+00 5.851111971382700632e-48
-6.987389829497858251e+00 1.050979971604376592e-47
-6.974779658995713838e+00 1.884772368168370698e-47
-6.962169488493571201e+00 3.374673922669104310e-47
-6.949559317991428564e+00 6.032720094456963728e-47
-6.936949147489284151e+00 1.076720528287795669e-46
-6.924338976987141514e+00 1.918674379431993829e-46
-6.911728806484998877e+00 3.413563863468853986e-46
-6.899118635982854464e+00 6.063498421112739629e-46
-6.886508465480711827e+00 1.075342952724784007e-45
-6.873898294978569190e+00 1.904053791208169992e-45
-6.861288124476424777e+00 3.366045148833811566e-45
-6.848677953974282140e+00 5.941131585976292122e-45
-6.836067783472139503e+00 1.046952370694110169e-44
-6.823457612969995090e+00 1.842015178365814072e-44
-6.810847442467852453e+00 3.235698285309944413e-44
-6.798237271965709816e+00 5.674810652883780269e-44
-6.785627101463565403e+00 9.936725257729781639e-44
-6.773016930961422766e+00 1.737175705263555255e-43
-6.760406760459280129e+00 3.032164635105121928e-43
-6.747796589957135716e+00 5.284092159181279895e-43
-6.735186419454993079e+00 9.193832159846136691e-43
-6.722576248952850442e+00 1.597097203368027814e-42
-6.709966078450706028e+00 2.769967834063560660e-42
-6.697355907948563392e+00 4.796524967227950793e-42
-6.684745737446420755e+00 8.292534901982679475e-42
-6.672135566944276341e+00 1.431385225283952303e-41
-6.659525396442133705e+00 2.466802523035461447e-41
-6.646915225939991068e+00 4.244444683596176331e-41
-6.634305055437846654e+00 7.291485568322122660e-41
-6.621694884935704017e+00 1.250604019744502389e-40
-6.609084714433561381e+00 2.141570055235806086e-40
-6.596474543931416967e+00 3.661452675728227273e-40
-6.583864373429274330e+00 6.250046489178345753e-40
-6.571254202927131693e+00 1.065176954534852769e-39
-6.558644032424987280e+00 1.812462275984278629e-39
-6.546033861922844643e+00 3.079107839391264935e-39
-6.533423691420702006e+00 5.222633386212477943e-39
-6.520813520918557593e+00 8.844288661062663183e-39
-6.508203350416414956e+00 1.495357428105268785e-38
-6.495593179914272319e+00 2.524270318803937828e-38
-6.482983009412127906e+00 4.254372010563563974e-38
-6.470372838909985269e+00 7.158859311260309106e-38
-6.457762668407842632e+00 1.202710117143609246e-37
-6.445152497905698219e+00 2.017376149166390598e-37
-6.432542327403555582e+00 3.378481849079493627e-37
-6.419932156901412945e+00 5.648915750751515942e-37
-6.407321986399268532e+00 9.430124231326537012e-37
-6.394711815897125895e+00 1.571732193790256150e-36
-6.382101645394983258e+00 2.615462583470543452e-36
-6.369491474892838845e+00 4.345375497841620808e-36
-6.356881304390696208e+00 7.208002983081167073e-36
-6.344271133888551795e+00 1.193744711517998607e-35
-6.331660963386409158e+00 1.973862196647708625e-35
-6.319050792884266521e+00 3.258600157714806997e-35
-6.306440622382123884e+00 5.370988275939199474e-35
-6.293830451879979471e+00 8.838655967102337787e-35
-6.281220281377836834e+00 1.452202434996360939e-34
-6.268610110875692421e+00 2.382193342126169063e-34
-6.255999940373549784e+00 3.901537428413538875e-34
-6.243389769871407147e+00 6.379747403380921917e-34
-6.230779599369264510e+00 1.041550029097580857e-33
-6.218169428867120097e+00 1.697718739515503474e-33
-6.205559258364977460e+00 2.762869137889640653e-33
-6.192949087862833046e+00 4.489147383929989420e-33
-6.180338917360690409e+00 7.282431347934272766e-33
-6.167728746858547773e+00 1.179499961723975148e-32
-6.155118576356405136e+00 1.907341552896819858e-32
-6.142508405854260722e+00 3.079413627095785897e-32
-6.129898235352118085e+00 4.963826721732677780e-32
-6.117288064849973672e+00 7.988665504026037620e-32
-6.104677894347831035e+00 1.283633111419197444e-31
-6.092067723845688398e+00 2.059285900392831408e-31
-6.079457553343545761e+00 3.298385799987242213e-31
-6.066847382841401348e+00 5.274670565715936148e-31
-6.054237212339258711e+00 8.421671989398454353e-31
-6.041627041837114298e+00 1.342487987890437478e-30
-6.029016871334971661e+00 2.136641257151206514e-30
-6.016406700832829024e+00 3.395173233147829051e-30
-6.003796530330684611e+00 5.386434765405376570e-30
-5.991186359828541974e+00 8.531983755615698528e-30
-5.978576189326399337e+00 1.349297749224201458e-29
-5.965966018824254924e+00 2.130466668499101979e-29
-5.953355848322112287e+00 3.358542710983294964e-29
-5.940745677819969650e+00 5.286110076223812145e-29
-5.928135507317827013e+00 8.306742274069067202e-29
-5.915525336815682600e+00 1.303270270586784032e-28
-5.902915166313539963e+00 2.041491007341590524e-28
-5.890304995811395550e+00 3.192785160239179569e-28
-5.877694825309252913e+00 4.985413386261716988e-28
-5.865084654807110276e+00 7.772163372823989622e-28
-5.852474484304965863e+00 1.209739732885543554e-27
-5.839864313802823226e+00 1.879971473641379239e-27
-5.827254143300680589e+00 2.916888825555335475e-27
-5.814643972798536176e+00 4.518536649775299939e-27
-5.802033802296393539e+00 6.988517696354380758e-27
-5.789423631794250902e+00 1.079149637865250346e-26
-5.776813461292106489e+00 1.663748289783571664e-26
-5.764203290789963852e+00 2.560960854152007755e-26
-5.751593120287821215e+00 3.935751195762854747e-26
-5.738982949785676801e+00 6.038954019163497016e-26
-5.726372779283534165e+00 9.251352167825696712e-26
-5.713762608781391528e+00 1.415005476068049973e-25
-5.701152438279247114e+00 2.160829287088480006e-25
-5.688542267777104477e+00 3.294520674347412697e-25
-5.675932097274961841e+00 5.015029281458967122e-25
-5.663321926772818315e+00 7.621916353814832641e-25
-5.650711756270674790e+00 1.156549875885077040e-24
-5.638101585768532154e+00 1.752161165902578722e-24
-5.625491415266388628e+00 2.650289064991349672e-24
-5.612881244764245103e+00 4.002413569170751262e-24
-5.600271074262102466e+00 6.034762973060427146e-24
-5.587660903759958941e+00 9.084646291739749755e-24
-5.575050733257815416e+00 1.365417276439207877e-23
-5.562440562755672779e+00 2.048954636878942369e-23
-5.549830392253529254e+00 3.069791549472625588e-23
-5.537220221751385729e+00 4.591927645962340021e-23
-5.524610051249243092e+00 6.857894630941622923e-23
-5.511999880747099567e+00 1.022577460174916513e-22
-5.499389710244956042e+00 1.522338650536841108e-22
-5.486779539742813405e+00 2.262746995369852045e-22
-5.474169369240669880e+00 3.357920421241539407e-22
-5.461559198738526355e+00 4.975245285962208841e-22
-5.448949028236382830e+00 7.359838820192715086e-22
-5.436338857734240193e+00 1.087005732136156745e-21
-5.423728687232096668e+00 1.602895111753019793e-21
-5.411118516729953143e+00 2.359870271027830983e-21
-5.398508346227810506e+00 3.468813284272160844e-21
-5.385898175725666981e+00 5.090770319698580055e-21
-5.373288005223523456e+00 7.459262380277018284e-21
-5.360677834721380819e+00 1.091234480835826163e-20
-5.348067664219237294e+00 1.593859769972662792e-20
-5.335457493717093769e+00 2.324298945417477808e-20
-5.322847323214951132e+00 3.384104185350684033e-20
-5.310237152712807607e+00 4.919323063227491266e-20
-5.297626982210664082e+00 7.139648974640186534e-20
-5.285016811708520557e+00 1.034566203998271888e-19
-5.272406641206377920e+00 1.496751296414594811e-19
-5.259796470704234395e+00 2.161976373115443230e-19
-5.247186300202090870e+00 3.117900168234728240e-19
-5.234576129699948233e+00 4.489349794770899575e-19
-5.221965959197804708e+00 6.453787779834256539e-19
-5.209355788695661182e+00 9.263090926878850471e-19
-5.196745618193518546e+00 1.327416472642445937e-18
-5.184135447691375020e+00 1.899190478871425972e-18
-5.171525277189231495e+00 2.712938253651246777e-18
-5.158915106687088858e+00 3.869201745668134140e-18
-5.146304936184945333e+00 5.509509534701296172e-18
-5.133694765682801808e+00 7.832756376888699356e-18
-5.121084595180659171e+00 1.111799392468323268e-17
-5.108474424678515646e+00 1.575608799230198884e-17
-5.095864254176372121e+00 2.229361682240990655e-17
-5.083254083674229484e+00 3.149363971430559746e-17
-5.070643913172085959e+00 4.441967570165723105e-17
-5.058033742669942434e+00 6.255155877523905359e-17
-5.045423572167799797e+00 8.794499589646506348e-17
-5.032813401665656272e+00 1.234509371160776363e-16
-5.020203231163512747e+00 1.730166622799039455e-16
-5.007593060661370110e+00 2.420983156057202760e-16
-4.994982890159226585e+00 3.382251707826201847e-16
-4.982372719657083060e+00 4.717701075934713916e-16
-4.969762549154940423e+00 6.569998519199969747e-16
-4.957152378652796898e+00 9.135040994480440873e-16
-4.944542208150653373e+00 1.268136860180320298e-15
-4.931932037648510736e+00 1.757649066832392779e-15
-4.919321867146367211e+00 2.432252430407521586e-15
-4.906711696644223686e+00 3.360435628133910707e-15
-4.894101526142081049e+00 4.635461642804923031e-15
-4.881491355639937524e+00 6.384117917911625324e-15
-4.868881185137793999e+00 8.778480040468241607e-15
-4.856271014635651362e+00 1.205169939021532263e-14
-4.843660844133507837e+00 1.651915445982219964e-14
-4.831050673631364312e+00 2.260673887615793935e-14
-4.818440503129221675e+00 3.088862835355233283e-14
-4.805830332627078150e+00 4.213761508484614714e-14
-4.793220162124934625e+00 5.739207466604103145e-14
-4.780609991622791988e+00 7.804490621878995503e-14
-4.767999821120648463e+00 1.059614492950532472e-13
-4.755389650618504938e+00 1.436355449274083328e-13
-4.742779480116362301e+00 1.943957183184233996e-13
-4.730169309614218776e+00 2.626771032455679270e-13
-4.717559139112075250e+00 3.543794408512816894e-13
-4.704948968609932614e+00 4.773375706971417360e-13
-4.692338798107789088e+00 6.419386744474410603e-13
-4.679728627605645563e+00 8.619306202499072555e-13
-4.667118457103502926e+00 1.155478706439946902e-12
-4.654508286601359401e+00 1.546544696766007622e-12
-4.641898116099215876e+00 2.066683259249420208e-12
-4.629287945597073239e+00 2.757378003820732877e-12
-4.616677775094929714e+00 3.673073812168864009e-12
-4.604067604592786189e+00 4.885106010555033921e-12
-4.591457434090643552e+00 6.486782581497144066e-12
-4.578847263588500027e+00 8.599946071532605971e-12
-4.566237093086356502e+00 1.138343089704293615e-11
-4.553626922584213865e+00 1.504394405478968365e-11
-4.541016752082070340e+00 1.985003860004635534e-11
-4.528406581579926815e+00 2.615002681991001517e-11
-4.515796411077784178e+00 3.439490262628941209e-11
-4.503186240575640653e+00 4.516762117600094511e-11
-4.490576070073497128e+00 5.922043141468197799e-11
-4.477965899571354491e+00 7.752239044582882168e-11
-4.465355729069210966e+00 1.013197272677103324e-10
-4.452745558567067441e+00 1.322123917758755287e-10
-4.440135388064924804e+00 1.722509525102849346e-10
-4.427525217562781279e+00 2.240590292257529968e-10
-4.414915047060637754e+00 2.909877072840545422e-10
-4.402304876558495117e+00 3.773099323622381583e-10
-4.389694706056351592e+00 4.884647889520977423e-10
-4.377084535554208067e+00 6.313639001289888715e-10
-4.364474365052065430e+00 8.147750395662719648e-10
-4.351864194549921905e+00 1.049801527847441774e-09
-4.339254024047778380e+00 1.350480222558734561e-09
-4.326643853545635743e+00 1.734526058463756477e-09
-4.314033683043492218e+00 2.224257331632097893e-09
-4.301423512541348693e+00 2.847743464069231104e-09
-4.288813342039206056e+00 3.640226085819082292e-09
-4.276203171537062531e+00 4.645875226606513186e-09
-4.263593001034919006e+00 5.919955566830366120e-09
-4.250982830532776369e+00 7.531493464698981987e-09
-4.238372660030632844e+00 9.566554326225012661e-09
-4.225762489528489319e+00 1.213226236777821485e-08
-4.213152319026346682e+00 1.536172157396865535e-08
-4.200542148524203157e+00 1.942002841190266279e-08
-4.187931978022059631e+00 2.451160447203257620e-08
-4.175321807519916995e+00 3.088912163544519737e-08
-4.162711637017773469e+00 3.886434472529877524e-08
-4.150101466515629944e+00 4.882127814720687515e-08
-4.137491296013487307e+00 6.123207519027105844e-08
-4.124881125511343782e+00 7.667625306330316191e-08
-4.112270955009200257e+00 9.586385519871810579e-08
-4.099660784507057620e+00 1.196633169083966055e-07
-4.087050614004914095e+00 1.491349233970907698e-07
-4.074440443502770570e+00 1.855709029571658946e-07
-4.061830273000627933e+00 2.305433756793861868e-07
-4.049220102498484408e+00 2.859615822923453971e-07
-4.036609931996340883e+00 3.541400521535428767e-07
-4.023999761494198246e+00 4.378796376191705041e-07
-4.011389590992054721e+00 5.405636479765357209e-07
-3.998779420489911196e+00 6.662716640852277115e-07
-3.986169249987768559e+00 8.199140093775978368e-07
-3.973559079485625034e+00 1.007390298710649676e-06
-3.960948908983481509e+00 1.235775988772578139e-06
-3.948338738481338872e+00 1.513541417544913650e-06
-3.935728567979194459e+00 1.850808451059092175e-06
-3.923118397477051822e+00 2.259650558775547761e-06
-3.910508226974909185e+00 2.754442919746571227e-06
-3.897898056472764772e+00 3.352270025534504126e-06
-3.885287885970622135e+00 4.073399197637212919e-06
-3.872677715468479498e+00 4.941829481464604730e-06
-3.860067544966335085e+00 5.985926519658732334e-06
-3.847457374464192448e+00 7.239155247891564907e-06
-3.834847203962049811e+00 8.740923598291931471e-06
-3.822237033459905398e+00 1.053755184009093610e-05
-3.809626862957762761e+00 1.268338373311139473e-05
-3.797016692455620124e+00 1.524205731455633388e-05
-3.784406521953475711e+00 1.828795487810753599e-05
-3.771796351451333074e+00 2.190785352886919038e-05
-3.759186180949190437e+00 2.620279959742984063e-05
-3.746576010447046023e+00 3.129023215685599544e-05
-3.733965839944903387e+00 3.730638288968578925e-05
-3.721355669442760750e+00 4.440898157528399079e-05
-3.708745498940616336e+00 5.278029848389981395e-05
-3.696135328438473699e+00 6.263055693981573282e-05
-3.683525157936331063e+00 7.420175121403149460e-05
-3.670914987434186649e+00 8.777190668243759516e-05
-3.658304816932044012e+00 1.036598207884299982e-04
-3.645694646429901375e+00 1.222303247220170709e-04
-3.633084475927756962e+00 1.439001068071922964e-04
-3.620474305425614325e+00 1.691441393054297730e-04
-3.607864134923471688e+00 1.985027506186890899e-04
-3.595253964421327275e+00 2.325893846267912239e-04
-3.582643793919184638e+00 2.720990880329254434e-04
-3.570033623417041113e+00 3.178177650220590715e-04
-3.557423452914897588e+00 3.706322361622452753e-04
-3.544813282412754951e+00 4.315411351950751537e-04
-3.532203111910611426e+00 5.016666730656035812e-04
-3.519592941408467901e+00 5.822672931279574814e-04
-3.506982770906325264e+00 6.747512348288847630e-04
-3.494372600404181739e+00 7.806910152168234848e-04
-3.481762429902038214e+00 9.018388282555715165e-04
-3.469152259399895577e+00 1.040142851055088358e-03
-3.456542088897752052e+00 1.197764433694009124e-03
-3.443931918395608527e+00 1.377096135240443589e-03
-3.431321747893465890e+00 1.580780552843395574e-03
-3.418711577391322365e+00 1.811729873342876520e-03
-3.406101406889178840e+00 2.073146057750164563e-03
-3.393491236387036203e+00 2.368541548208934894e-03
-3.380881065884892678e+00 2.701760364742068245e-03
-3.368270895382749153e+00 3.076999435320571658e-03
-3.355660724880606516e+00 3.498829977711921148e-03
-3.343050554378462991e+00 3.972218725366375922e-03
-3.330440383876319466e+00 4.502548762512792804e-03
-3.317830213374176829e+00 5.095639705959399343e-03
-3.305220042872033304e+00 5.757766943147087438e-03
-3.292609872369889779e+00 6.495679608183364644e-03
-3.279999701867747142e+00 7.316616950316714822e-03
-3.267389531365603617e+00 8.228322723090084057e-03
-3.254779360863460091e+00 9.239057197746257041e-03
-3.242169190361317455e+00 1.035760638194724824e-02
-3.229559019859173929e+00 1.159328800509048379e-02
-3.216948849357030404e+00 1.295595381512486266e-02
-3.204338678854887767e+00 1.445598771941599553e-02
-3.191728508352744242e+00 1.610429929461550114e-02
-3.179118337850600717e+00 1.791231218823779656e-02
-3.166508167348458080e+00 1.989194693852151113e-02
-3.153897996846314555e+00 2.205559774970034664e-02
-3.141287826344171030e+00 2.441610277768840875e-02
-3.128677655842028393e+00 2.698670750694821471e-02
-3.116067485339884868e+00 2.978102083343765749e-02
-3.103457314837741343e+00 3.281296351141470974e-02
-3.090847144335598706e+00 3.609670867387081844e-02
-3.078236973833455181e+00 3.964661419756525251e-02
-3.065626803331311656e+00 4.347714675418536817e-02
-3.053016632829169019e+00 4.760279746891498548e-02
-3.040406462327025494e+00 5.203798919637665082e-02
-3.027796291824881969e+00 5.679697554211877303e-02
-3.015186121322739332e+00 6.189373169553218090e-02
-3.002575950820595807e+00 6.734183783829386649e-02
-2.989965780318452282e+00 7.315435483900721569e-02
-2.977355609816309645e+00 7.934369353282805237e-02
-2.964745439314166120e+00 8.592147783996960386e-02
-2.952135268812022595e+00 9.289840269183256838e-02
-2.939525098309879958e+00 1.002840876953260407e-01
-2.926914927807736433e+00 1.080869276146049773e-01
-2.914304757305592908e+00 1.163139408734800706e-01
-2.901694586803450271e+00 1.249706174002182674e-01
-2.889084416301306746e+00 1.340607672470765233e-01
-2.876474245799163221e+00 1.435863715172192023e-01
-2.863864075297020584e+00 1.535474372200368032e-01
-2.851253904794877059e+00 1.639418577492786078e-01
-2.838643734292733534e+00 1.747652807355172533e-01
-2.826033563790590897e+00 1.860109850626145145e-01
-2.813423393288447372e+00 1.976697688557035038e-01
-2.800813222786303847e+00 2.097298502436457657e-01
-2.788203052284161210e+00 2.221767826709770133e-01
-2.775592881782017685e+00 2.349933864816763363e-01
-2.762982711279874160e+00 2.481596984187525723e-01
-2.750372540777731523e+00 2.616529405798139751e-01
-2.737762370275587998e+00 2.754475102385808283e-01
-2.725152199773444472e+00 2.895149917868992673e-01
-2.712542029271301836e+00 3.038241918716022560e-01
-2.699931858769158310e+00 3.183411985967497526e-01
-2.687321688267014785e+00 3.330294654365837936e-01
-2.674711517764872148e+00 3.478499202592759132e-01
-2.662101347262728623e+00 3.627610995996158882e-01
-2.649491176760585098e+00 3.777193080426163307e-01
-2.636881006258442461e+00 3.926788022931515520e-01
-2.624270835756298936e+00 4.075919992126519897e-01
-2.611660665254155411e+00 4.224097068067695915e-01
-2.599050494752012774e+00 4.370813768516023656e-01
-2.586440324249869249e+00 4.515553775551888749e-01
-2.573830153747725724e+00 4.657792843693036589e-01
-2.561219983245583087e+00 4.797001867993762603e-01
-2.548609812743439562e+00 4.932650088110637210e-01
-2.535999642241296037e+00 5.064208402051603164e-01
-2.523389471739152512e+00 5.191152761324223652e-01
-2.510779301237009875e+00 5.312967617492782013e-01
-2.498169130734866350e+00 5.429149388785002861e-01
-2.485558960232722825e+00 5.539209914380441857e-01
-2.472948789730580188e+00 5.642679863386055317e-01
-2.460338619228436663e+00 5.739112065285382203e-01
-2.447728448726293138e+00 5.828084728837172879e-01
-2.435118278224150501e+00 5.909204517014872149e-01
-2.422508107722006976e+00 5.982109446606201919e-01
-2.409897937219863451e+00 6.046471582539625356e-01
-2.397287766717720814e+00 6.101999498840290359e-01
-2.384677596215577289e+00 6.148440480338137615e-01
-2.372067425713433764e+00 6.185582441819740263e-01
-2.359457255211291127e+00 6.213255544195431801e-01
-2.346847084709147602e+00 6.231333490424484367e-01
-2.334236914207004077e+00 6.239734487337440516e-01
-2.321626743704861440e+00 6.238421863092060704e-01
-2.309016573202717915e+00 6.227404333730001129e-01
-2.296406402700574390e+00 6.206735916124836994e-01
-2.283796232198431753e+00 6.176515488472102966e-01
-2.271186061696288228e+00 6.136886003307531201e-01
-2.258575891194144702e+00 6.088033361809477295e-01
-2.245965720692002066e+00 6.030184961782402153e-01
-2.233355550189858540e+00 5.963607935183116160e-01
-2.220745379687715015e+00 5.888607094297232392e-01
-2.208135209185572378e+00 5.805522608650044436e-01
-2.195525038683428853e+00 5.714727437408073651e-01
-2.182914868181285328e+00 5.616624544362582849e-01
-2.170304697679142691e+00 5.511643924552249718e-01
-2.157694527176999166e+00 5.400239473161044801e-01
-2.145084356674855641e+00 5.282885728499860933e-01
-2.132474186172713004e+00 5.160074521639871348e-01
-2.119864015670569479e+00 5.032311565609490778e-01
-2.107253845168425954e+00 4.900113016994661619e-01
-2.094643674666283317e+00 4.764002042312496243e-01
-2.082033504164139792e+00 4.624505420666558120e-01
-2.069423333661996267e+00 4.482150212969857606e-01
-2.056813163159853630e+00 4.337460526458102317e-01
-2.044202992657710105e+00 4.190954401347540270e-01
-2.031592822155566580e+00 4.043140844348598884e-01
-2.018982651653423943e+00 3.894517031371722560e-01
-2.006372481151280418e+00 3.745565699190707143e-01
-1.993762310649136893e+00 3.596752743109437045e-01
-1.981152140146994256e+00 3.448525034843977766e-01
-1.968541969644850731e+00 3.301308471938346756e-01
-1.955931799142707206e+00 3.155506267109732810e-01
-1.943321628640564569e+00 3.011497483016755683e-01
-1.930711458138421044e+00 2.869635815096019948e-01
-1.918101287636277519e+00 2.730248622359581767e-01
-1.905491117134134882e+00 2.593636203416095909e-01
-1.892880946631991357e+00 2.460071312508156915e-01
-1.880270776129847832e+00 2.329798908068256014e-01
-1.867660605627705195e+00 2.203036124211966706e-01
-1.855050435125561670e+00 2.079972453724974468e-01
-1.842440264623418145e+00 1.960770129476381574e-01
-1.829830094121275508e+00 1.845564689810747783e-01
-1.817219923619131983e+00 1.734465712344364363e-01
-1.804609753116988458e+00 1.627557699714735073e-01
-1.791999582614845821e+00 1.524901100207000093e-01
-1.779389412112702296e+00 1.426533445796812904e-01
-1.766779241610558771e+00 1.332470590000988109e-01
-1.754169071108415245e+00 1.242708027997131426e-01
-1.741558900606272609e+00 1.157222281751908999e-01
-1.728948730104129083e+00 1.075972333362633093e-01
-1.716338559601985558e+00 9.989010904531366031e-02
-1.703728389099842921e+00 9.259368682497362557e-02
-1.691118218597699396e+00 8.569948738776066166e-02
-1.678508048095555871e+00 7.919786794386195206e-02
-1.665897877593413234e+00 7.307816715391091122e-02
-1.653287707091269709e+00 6.732884661070856480e-02
-1.640677536589126184e+00 6.193762785543757698e-02
-1.628067366086983547e+00 5.689162405782619697e-02
-1.615457195584840022e+00 5.217746561434306873e-02
-1.602847025082696497e+00 4.778141904187809680e-02
-1.590236854580553860e+00 4.368949866510658808e-02
-1.577626684078410335e+00 3.988757071238108187e-02
-1.565016513576266810e+00 3.636144954638276250e-02
-1.552406343074124173e+00 3.309698586077018667e-02
-1.539796172571980648e+00 3.008014677193899394e-02
-1.527186002069837123e+00 2.729708782502898029e-02
-1.514575831567694486e+00 2.473421701499039019e-02
-1.501965661065550961e+00 2.237825099653838537e-02
-1.489355490563407436e+00 2.021626372090716897e-02
-1.476745320061264799e+00 1.823572779368719254e-02
-1.464135149559121274e+00 1.642454889087441652e-02
-1.451524979056977749e+00 1.477109361554102343e-02
-1.438914808554835112e+00 1.326421119864399159e-02
-1.426304638052691587e+00 1.189324947985440258e-02
-1.413694467550548062e+00 1.064806560285936829e-02
-1.401084297048405425e+00 9.519031891102923068e-03
-1.388474126546261900e+00 8.497037349771729628e-03
-1.375863956044118375e+00 7.573485248968317776e-03
-1.363253785541975738e+00 6.740287230574618614e-03
-1.350643615039832213e+00 5.989854369172474893e-03
-1.338033444537688688e+00 5.315085601082921926e-03
-1.325423274035546051e+00 4.709353916275120337e-03
-1.312813103533402526e+00 4.166490686162494135e-03
-1.300202933031259001e+00 3.680768476706721467e-03
-1.287592762529116364e+00 3.246882671311629529e-03
-1.274982592026972839e+00 2.859932202189892792e-03
-1.262372421524829313e+00 2.515399662660194272e-03
-1.249762251022686677e+00 2.209131046569152209e-03
-1.237152080520543151e+00 1.937315335113994497e-03
-1.224541910018399626e+00 1.696464125991549183e-03
-1.211931739516256989e+00 1.483391475312893565e-03
-1.199321569014113464e+00 1.295194099367036030e-03
-1.186711398511969939e+00 1.129232061161612429e-03
-1.174101228009827302e+00 9.831100458961967124e-04
-1.161491057507683777e+00 8.546593102207169709e-04
-1.148880887005540252e+00 7.419203723541156108e-04
-1.136270716503397615e+00 6.431264939183253425e-04
-1.123660546001254090e+00 5.566879896843321450e-04
-1.111050375499110565e+00 4.811773883106248702e-04
-1.098440204996967928e+00 4.153154555414757202e-04
-1.085830034494824403e+00 3.579580811694060664e-04
-1.073219863992680878e+00 3.080840222805912446e-04
-1.060609693490538241e+00 2.647834878304157545e-04
-1.047999522988394716e+00 2.272475433339871782e-04
-1.035389352486251191e+00 1.947583092995119002e-04
-1.022779181984108554e+00 1.666799229467645952e-04
-1.010169011481965029e+00 1.424502295777249335e-04
-9.975588409798215039e-01 1.215731676361010417e-04
-9.849486704776788670e-01 1.036118099109863209e-04
-9.723384999755353419e-01 8.818202241615309819e-05
-9.597283294733918169e-01 7.494670212451745909e-05
-9.471181589712491800e-01 6.361055487310557474e-05
-9.345079884691056549e-01 5.391537533555523315e-05
-9.218978179669621298e-01 4.563579174464215082e-05
-9.092876474648186047e-01 3.857543945465899182e-05
-8.966774769626759678e-01 3.256352857815586775e-05
-8.840673064605324427e-01 2.745177264780384601e-05
-8.714571359583889176e-01 2.311164691534729618e-05
-8.588469654562462807e-01 1.943194667153297752e-05
-8.462367949541027556e-01 1.631661778987121556e-05
-8.336266244519592306e-01 1.368283355345738821e-05
-8.210164539498165936e-01 1.145929362351063209e-05
-8.084062834476730686e-01 9.584722818150099617e-06
-7.957961129455295435e-01 8.006549126601390882e-06
-7.831859424433869066e-01 6.679742056317715981e-06
-7.705757719412433815e-01 5.565794064597554424e-06
-7.579656014390998564e-01 4.631829282198728733e-06
-7.453554309369572195e-01 3.849825266097778873e-06
-7.327452604348136944e-01 3.195934825900298810e-06
-7.201350899326701693e-01 2.649896252703065498e-06
-7.075249194305275324e-01 2.194521448949051076e-06
-6.949147489283840073e-01 1.815252553776118451e-06
-6.823045784262404823e-01 1.499778637892679479e-06
-6.696944079240978454e-01 1.237704978512304033e-06
-6.570842374219543203e-01 1.020268242868162600e-06
-6.444740669198107952e-01 8.400916726945803352e-07
-6.318638964176681583e-01 6.909750438805727277e-07
-6.192537259155246332e-01 5.677147963565150818e-07
-6.066435554133811081e-01 4.659502826553127346e-07
-5.940333849112384712e-01 3.820325795901713957e-07
-5.814232144090949461e-01 3.129127528582986885e-07
-5.688130439069514210e-01 2.560468598906219057e-07
-5.562028734048087841e-01 2.093153249432221966e-07
-5.435927029026652590e-01 1.709546303161745482e-07
-5.309825324005217340e-01 1.394995422372841087e-07
-5.183723618983790971e-01 1.137343296882478931e-07
-5.057621913962355720e-01 9.265164612389364414e-08
-4.931520208940920469e-01 7.541792797899122474e-08
-4.805418503919494100e-01 6.134432454483077628e-08
-4.679316798898058849e-01 4.986231500099168159e-08
-4.553215093876623598e-01 4.050328977918349548e-08
-4.427113388855197229e-01 3.288147884931172588e-08
-4.301011683833761978e-01 2.667970076639012831e-08
-4.174909978812326727e-01 2.163748506820243071e-08
-4.048808273790900358e-01 1.754118759357125976e-08
-3.922706568769465107e-01 1.421577685817856522e-08
-3.796604863748029857e-01 1.151801927998783134e-08
-3.670503158726603488e-01 9.330833005322578697e-09
-3.544401453705168237e-01 7.558617261592421421e-09
-3.418299748683732986e-01 6.123393704534005474e-09
-3.292198043662306617e-01 4.961623333884638082e-09
-3.166096338640871366e-01 4.021584227155979043e-09
-3.039994633619436115e-01 3.261214168008467464e-09
-2.913892928598009746e-01 2.646338265782823268e-09
-2.787791223576574495e-01 2.149214761246295216e-09
-2.661689518555139244e-01 1.747343039642840765e-09
-2.535587813533712875e-01 1.422488428041259835e-09
-2.409486108512277625e-01 1.159884871157752293e-09
-2.283384403490842374e-01 9.475840015261728207e-10
-2.157282698469416005e-01 7.759243345610058615e-10
-2.031180993447980754e-01 6.370989299192192912e-10
-1.907296212577645478e-01 5.265793420824620494e-10
-1.790751809198734557e-01 4.416435049478031845e-10
-1.681328766829025823e-01 3.756938511753766658e-10
-1.578591939883211837e-01 3.238892193662961002e-10
-1.482132772030496648e-01 2.827566357277409569e-10
-1.391567671477560997e-01 2.497726231799089682e-10
-1.306536485528615454e-01 2.230811115326661303e-10
-1.226701068356443602e-01 2.013009201179047543e-10
-1.151743936288669723e-01 1.833927421152263295e-10
-1.081367005261812397e-01 1.685661505595760326e-10
-1.015290405422311915e-01 1.562138473367161730e-10
-9.532513681604738720e-02 1.458646705482819303e-10
-8.950031811513789459e-02 1.371496608468222717e-10
-8.403142072473115953e-02 1.297773151891886632e-10
-7.889669633199995757e-02 1.235153696461735509e-10
-7.407572553895482026e-02 1.181772669554086626e-10
-6.954933666007066806e-02 1.136120165025326655e-10
-6.529952948172380867e-02 1.096965325350694513e-10
-6.130940368025181858e-02 1.063297979735805581e-10
-5.756309161397969026e-02 1.034283838327398500e-10
-5.404569522193657799e-02 1.009229830878517335e-10
-5.074322677833183887e-02 9.875570842310847398e-11
-4.764255326718694339e-02 9.687797203991628363e-11
-4.473134415591366320e-02 9.524880681711689053e-11
-4.199802236014917034e-02 9.383353050129857644e-11
-3.943171820485173729e-02 9.260267363488339643e-11
-3.702222619856760516e-02 9.153111377369729423e-11
-3.475996444897584692e-02 9.059737169840847288e-11
-3.263593655831751456e-02 8.978303458658113966e-11
-3.064169584717604811e-02 8.907228323155628972e-11
-2.876931176433708895e-02 8.845149778939679262e-11
-2.701133834915109624e-02 8.790893078953939639e-11
-2.536078462097863737e-02 8.743443443415268764e-11
-2.381108677796769241e-02 8.701922912740761951e-11
-2.235608209460499679e-02 8.665570971524994333e-11
-2.098998441423788677e-02 8.633728183044121314e-11
-1.970736113910750986e-02 8.605821692656303073e-11
-1.850311162639044910e-02 8.581354016251943227e-11
-1.737244690433337180e-02 8.559892333654958528e-11
-1.631087062781888183e-02 8.541059859423908325e-11
-1.531416119762810286e-02 8.524528328890483655e-11
-1.437835497229224616e-02 8.510011534744557502e-11
-1.349973050577157364e-02 8.497259760919636653e-11
-1.267479374828037013e-02 8.486054981701102646e-11
-1.190026415140387275e-02 8.476206716258126131e-11
-1.117306162225225469e-02 8.467548445164092715e-11
-1.049029427477177374e-02 8.459934509631278809e-11
-9.849246929502866038e-03 8.453237425595385545e-11
-9.247370316051994887e-03 8.447345555842171289e-11
-8.682270935339195597e-03 8.442161089546327653e-11
-8.151701541304996398e-03 8.437598287937416233e-11
-7.653552204225974771e-03 8.433581959756512296e-11
-7.185841920100037063e-03 8.430046134915681095e-11
-6.746710732733945948e-03 8.426932910003759859e-11
-6.334412337204842376e-03 8.424191442470816093e-11
-5.947307135282262590e-03 8.421777073694954093e-11
-5.583855715193143839e-03 8.419650563842945714e-11
-5.242612729801200168e-03 8.417777423791071003e-11
-4.922221148855803613e-03 8.416127331387206928e-11
-4.621406862452884928e-03 8.414673621056755342e-11
-4.338973614247355545e-03 8.413392837258930632e-11
-4.073798244268176869e-03 8.412264343555912153e-11
-3.824826222417472815e-03 8.411269980176650430e-11
-3.591067454892035368e-03 8.410393763891202097e-11
-3.371592346850472034e-03 8.409621624833678288e-11
-3.165528105668122608e-03 8.408941175614261924e-11
-2.972055270078842893e-03 8.408341508666946016e-11
-2.790404451401243442e-03 8.407813018307491070e-11
-2.619853273889739126e-03 8.407347244428175840e-11
-2.459723502043294555e-03 8.406936735149965114e-11
-2.309378343447928035e-03 8.406574926094908654e-11
-2.168219916426995363e-03 8.406256034235147913e-11
-2.035686872428882702e-03 8.405974964534700015e-11
-1.911252163696946192e-03 8.405727227821786329e-11
-1.794420947344431763e-03 8.405508868524617749e-11
-1.684728617499294890e-03 8.405316401074256953e-11
-1.581738957693386684e-03 8.405146753924137766e-11
-1.485042406148618429e-03 8.404997220266679154e-11
-1.394254427061488973e-03 8.404865414639170579e-11
-1.309013981409089993e-03 8.404749234710695348e-11
-1.228982091195453740e-03 8.404646827627217232e-11
-1.153840491428526288e-03 8.404556560367996740e-11
-1.083290364467113165e-03 8.404476993633216871e-11
-1.017051151704679570e-03 8.404406858840030830e-11
-9.548594378642998991e-04 8.404345037855371687e-11
-8.964679034679587247e-04 8.404290545139238730e-11
-8.416443413144891576e-04 8.404242512010287569e-11
-7.901707330548732918e-04 8.404200172781357663e-11
-7.418423821927417998e-04 8.404162852541400751e-11
-6.964671000622763746e-04 8.404129956389036289e-11
-6.538644415463101345e-04 8.404100959943565859e-11
-6.138649874953195544e-04 8.404075400982438255e-11
-5.763096709937077546e-04 8.404052872071500614e-11
-5.410491447940707658e-04 8.404033014068723847e-11
-5.079431874039339089e-04 8.404015510399681114e-11
-4.768601454631505969e-04 8.404000082010737958e-11
-4.476764101943878299e-04 8.403986482922005261e-11
-4.202759258447686459e-04 8.403974496306667280e-11
-3.945497281637799845e-04 8.403963931035619459e-11
-3.703955110821903832e-04 8.403954618631834656e-11
-3.477172198687347553e-04 8.403946410585408542e-11
-3.264246691466341703e-04 8.403939175987203955e-11
-3.064331842509692436e-04 8.403932799443196414e-11
-2.876632645006474724e-04 8.403927179235258705e-11
-2.700402670458676067e-04 8.403922225700652021e-11
-2.534941100338807115e-04 8.403917859803503141e-11
-2.379589939125882462e-04 8.403914011875151822e-11
-2.233731397636618432e-04 8.403910620504338076e-11
-2.096785436246481258e-04 8.403907631558261062e-11
-1.968207458230403738e-04 8.403904997320519885e-11
-1.847486144050079770e-04 8.403902675730241846e-11
-1.734141417975726429e-04 8.403900629712219954e-11
-1.627722538955931274e-04 8.403898826585854893e-11
-1.527806308143372189e-04 8.403897237544349186e-11
-1.433995385948514170e-04 8.403895837195824874e-11
-1.345916711928507147e-04 8.403894603158343639e-11
-1.263220021227506255e-04 8.403893515703439784e-11
-1.185576451668948804e-04 8.403892557441390933e-11
-1.112677235960431003e-04 8.403891713044214634e-11
-1.044232473810362147e-04 8.403890969001338590e-11
-9.799699790736354202e-05 8.403890313404003788e-11
-9.196341973416139544e-05 8.403889735755563551e-11
-8.629851896719176359e-05 8.403889226804060889e-11
-8.097976784167412539e-05 8.403888778394809403e-11
-7.598601513551331310e-05 8.403888383340029624e-11
-7.129740205665540287e-05 8.403888035304617950e-11
-6.689528327009240302e-05 8.403887728704757573e-11
-6.276215275045356852e-05 8.403887458619000437e-11
-5.888157416531500463e-05 8.403887220709833713e-11
-5.523811551239205268e-05 8.403887011154147519e-11
-5.181728775067791524e-05 8.403886826582592234e-11
-4.860548718147756638e-05 8.403886664025568781e-11
-4.558994135021126844e-05 8.403886520865904842e-11
-4.275865825384858419e-05 8.403886394797087414e-11
-4.010037865198160146e-05 8.403886283786181846e-11
-3.760453129189908716e-05 8.403886186041937569e-11
-3.526119086959958525e-05 8.403886099985480052e-11
-3.306103855956327154e-05 8.403886024225548372e-11
-3.099532495632644548e-05 8.403885957536143247e-11
-2.905583528048395544e-05 8.403885898836723813e-11
-2.723485671075096226e-05 8.403885847175311168e-11
-2.552514771217800657e-05 8.403885801712964516e-11
-2.391990923854284747e-05 8.403885761710435130e-11
-2.241275769439721272e-05 8.403885726516460448e-11
-2.099769954925015053e-05 8.403885695556987466e-11
-1.966910750293300909e-05 8.403885668326425298e-11
-1.842169810736080741e-05 8.403885644379312627e-11
-1.725051075570132930e-05 8.403885623323004912e-11
-1.615088795539561633e-05 8.403885604811884121e-11
-1.511845680657980123e-05 8.403885588541231132e-11
-1.414911161225593266e-05 8.403885574242786104e-11
-1.323899755105558475e-05 8.403885561680055514e-11
-1.238449534766613459e-05 8.403885550644967249e-11
-1.158220687996078599e-05 8.403885540954082376e-11
-1.082894166559426607e-05 8.403885532445906806e-11
-1.012170417432434343e-05 8.403885524978204246e-11
-9.457681915605696142e-06 8.403885518425725336e-11
-8.834234254082606896e-06 8.403885512678151322e-11
-8.248881908502043135e-06 8.403885507638386712e-11
-7.699297092288845179e-06 8.403885503220954020e-11
-7.183294256573823982e-06 8.403885499350583688e-11
-6.698821398861734940e-06 8.403885495960933248e-11
-6.243951902777456888e-06 8.403885492993784692e-11
-5.816876876438485798e-06 8.403885490397783029e-11
-5.415897958985060038e-06 8.403885488127756444e-11
-5.039420566662596439e-06 8.403885486143904624e-11
-4.685947551597296836e-06 8.403885484411355444e-11
-4.354073248047161842e-06 8.403885482899328738e-11
-4.042477882453245495e-06 8.403885481580711076e-11
-3.749922325059951160e-06 8.403885480431770130e-11
-3.475243162234227762e-06 8.403885479431514899e-11
-3.217348069887064443e-06 8.403885478561612993e-11
-2.975211469598384632e-06 8.403885477805942144e-11
-2.747870450171603521e-06 8.403885477150230903e-11
-2.534420938398601179e-06 8.403885476581941020e-11
-2.334014103807039897e-06 8.403885476090232552e-11
-2.145852983093271333e-06 8.403885475665373202e-11
-1.969189310816785935e-06 8.403885475298972257e-11
-1.803320543752548581e-06 8.403885474983627743e-11
-1.647587067068355029e-06 8.403885474712768744e-11
-1.501369571216668681e-06 8.403885474480722610e-11
-1.364086589109387048e-06 8.403885474282444833e-11
-1.235192183781944781e-06 8.403885474113605637e-11
-1.114173777351006344e-06 8.403885473970323738e-11
-1.000550112631961414e-06 8.403885473849196062e-11
-8.938693393104654022e-07 8.403885473747324892e-11
-7.937072170570570337e-07 8.403885473662144676e-11
-6.996654284390261791e-07 8.403885473591354818e-11
-6.113699949207071113e-07 8.403885473533015320e-11
-5.284697896529079203e-07 8.403885473485422708e-11
-4.506351411371571005e-07 8.403885473446997584e-11
-3.775565222121384326e-07 8.403885473416514686e-11
-3.089433191486484405e-07 8.403885473392778480e-11
-2.445226759580218821e-07 8.403885473374804103e-11
-1.840384093183425875e-07 8.403885473361726895e-11
-1.272499898032904365e-07 8.403885473352799807e-11
-7.393158536218592144e-08 8.403885473347395991e-11
-2.387116324756687046e-08 8.403885473344918326e-11
2.387116324756687046e-08 8.403885473344918326e-11
7.393158536217865548e-08 8.403885473347395991e-11
1.272499898032904365e-07 8.403885473352799807e-11
1.840384093183425875e-07 8.403885473361726895e-11
2.445226759580130942e-07 8.403885473374804103e-11
3.089433191486484405e-07 8.403885473392778480e-11
3.775565222121384326e-07 8.403885473416514686e-11
4.506351411371465126e-07 8.403885473446997584e-11
5.284697896529079203e-07 8.403885473485422708e-11
6.113699949207071113e-07 8.403885473533015320e-11
6.996654284390133677e-07 8.403885473591354818e-11
7.937072170570570337e-07 8.403885473662144676e-11
8.938693393104654022e-07 8.403885473747324892e-11
1.000550112631946167e-06 8.403885473849196062e-11
1.114173777351006344e-06 8.403885473970323738e-11
1.235192183781944781e-06 8.403885474113605637e-11
1.364086589109368413e-06 8.403885474282444833e-11
1.501369571216668681e-06 8.403885474480722610e-11
1.647587067068355029e-06 8.403885474712768744e-11
1.803320543752526134e-06 8.403885474983627743e-11
1.969189310816785935e-06 8.403885475298972257e-11
2.145852983093271333e-06 8.403885475665373202e-11
2.334014103807012369e-06 8.403885476090232552e-11
2.534420938398601179e-06 8.403885476581941020e-11
2.747870450171603521e-06 8.403885477150230903e-11
2.975211469598351597e-06 8.403885477805942144e-11
3.217348069887064443e-06 8.403885478561612993e-11
3.475243162234227762e-06 8.403885479431514899e-11
3.749922325059911349e-06 8.403885480431770130e-11
4.042477882453245495e-06 8.403885481580711076e-11
4.354073248047161842e-06 8.403885482899328738e-11
4.685947551597248555e-06 8.403885484411355444e-11
5.039420566662596439e-06 8.403885486143904624e-11
5.415897958985004981e-06 8.403885488127756444e-11
5.816876876438427352e-06 8.403885490397783029e-11
6.243951902777456888e-06 8.403885492993784692e-11
6.698821398861668871e-06 8.403885495960933248e-11
7.183294256573753678e-06 8.403885499350583688e-11
7.699297092288845179e-06 8.403885503220954020e-11
8.248881908501963514e-06 8.403885507638386712e-11
8.834234254082522193e-06 8.403885512678151322e-11
9.457681915605696142e-06 8.403885518425725336e-11
1.012170417432424687e-05 8.403885524978204246e-11
1.082894166559416273e-05 8.403885532445906806e-11
1.158220687996078599e-05 8.403885540954082376e-11
1.238449534766601939e-05 8.403885550644967249e-11
1.323899755105545939e-05 8.403885561680055514e-11
1.414911161225593266e-05 8.403885574242786104e-11
1.511845680657965724e-05 8.403885588541231132e-11
1.615088795539546725e-05 8.403885604811884121e-11
1.725051075570132930e-05 8.403885623323004912e-11
1.842169810736063801e-05 8.403885644379312627e-11
1.966910750293282952e-05 8.403885668326425298e-11
2.099769954925015053e-05 8.403885695556987466e-11
2.241275769439700604e-05 8.403885726516460448e-11
2.391990923854262385e-05 8.403885761710435130e-11
2.552514771217800657e-05 8.403885801712964516e-11
2.723485671075071492e-05 8.403885847175311168e-11
2.905583528048369117e-05 8.403885898836723813e-11
3.099532495632644548e-05 8.403885957536143247e-11
3.306103855956297338e-05 8.403886024225548372e-11
3.526119086959926676e-05 8.403886099985480052e-11
3.760453129189908716e-05 8.403886186041937569e-11
4.010037865198123555e-05 8.403886283786181846e-11
4.275865825384819795e-05 8.403886394797087414e-11
4.558994135021126844e-05 8.403886520865904842e-11
4.860548718147712592e-05 8.403886664025568781e-11
5.181728775067744768e-05 8.403886826582592234e-11
5.523811551239205268e-05 8.403887011154147519e-11
5.888157416531447608e-05 8.403887220709833713e-11
6.276215275045299931e-05 8.403887458619000437e-11
6.689528327009240302e-05 8.403887728704757573e-11
7.129740205665476590e-05 8.403888035304617950e-11
7.598601513551263547e-05 8.403888383340029624e-11
8.097976784167412539e-05 8.403888778394809403e-11
8.629851896719099109e-05 8.403889226804060889e-11
9.196341973416056873e-05 8.403889735755563551e-11
9.799699790736354202e-05 8.403890313404003788e-11
1.044232473810352796e-04 8.403890969001338590e-11
1.112677235960420974e-04 8.403891713044214634e-11
1.185576451668948804e-04 8.403892557441390933e-11
1.263220021227494871e-04 8.403893515703439784e-11
1.345916711928494950e-04 8.403894603158343639e-11
1.433995385948514170e-04 8.403895837195824874e-11
1.527806308143358637e-04 8.403897237544349186e-11
1.627722538955916909e-04 8.403898826585825166e-11
1.734141417975726429e-04 8.403900629712219954e-11
1.847486144050063236e-04 8.403902675730241846e-11
1.968207458230386390e-04 8.403904997320519885e-11
2.096785436246481258e-04 8.403907631558261062e-11
2.233731397636598375e-04 8.403910620504338076e-11
2.379589939125861320e-04 8.403914011875151822e-11
2.534941100338807115e-04 8.403917859803503141e-11
2.700402670458652214e-04 8.403922225700652021e-11
2.876632645006474724e-04 8.403927179235258705e-11
3.064331842509692436e-04 8.403932799443196414e-11
3.264246691466312429e-04 8.403939175987203955e-11
3.477172198687347553e-04 8.403946410585408542e-11
3.703955110821903832e-04 8.403954618631834656e-11
3.945497281637764609e-04 8.403963931035619459e-11
4.202759258447686459e-04 8.403974496306667280e-11
4.476764101943878299e-04 8.403986482922005261e-11
4.768601454631463685e-04 8.404000082010737958e-11
5.079431874039339089e-04 8.404015510399681114e-11
5.410491447940683806e-04 8.404033014068723847e-11
5.763096709937052609e-04 8.404052872071500614e-11
6.138649874953195544e-04 8.404075400982438255e-11
6.538644415463072072e-04 8.404100959943565859e-11
6.964671000622733388e-04 8.404129956389036289e-11
7.418423821927417998e-04 8.404162852541400751e-11
7.901707330548697139e-04 8.404200172781357663e-11
8.416443413144852545e-04 8.404242512010287569e-11
8.964679034679587247e-04 8.404290545139238730e-11
9.548594378642956708e-04 8.404345037855371687e-11
1.017051151704675017e-03 8.404406858840030830e-11
1.083290364467113165e-03 8.404476993633216871e-11
1.153840491428521084e-03 8.404556560367996740e-11
1.228982091195448319e-03 8.404646827627217232e-11
1.309013981409089993e-03 8.404749234710695348e-11
1.394254427061482901e-03 8.404865414639170579e-11
1.485042406148611707e-03 8.404997220266679154e-11
1.581738957693386684e-03 8.405146753924137766e-11
1.684728617499287517e-03 8.405316401074256953e-11
1.794420947344423523e-03 8.405508868524617749e-11
1.911252163696946192e-03 8.405727227821786329e-11
2.035686872428873594e-03 8.405974964534700015e-11
2.168219916426985822e-03 8.406256034235147913e-11
2.309378343447928035e-03 8.406574926094908654e-11
2.459723502043281544e-03 8.406936735149965114e-11
2.619853273889716141e-03 8.407347244428175840e-11
2.790404451401243442e-03 8.407813018307491070e-11
2.972055270078832485e-03 8.408341508666946016e-11
3.165528105668094852e-03 8.408941175614261924e-11
3.371592346850472034e-03 8.409621624833678288e-11
3.591067454892016286e-03 8.410393763891202097e-11
3.824826222417438987e-03 8.411269980176680157e-11
4.073798244268176869e-03 8.412264343555912153e-11
4.338973614247340800e-03 8.413392837258899612e-11
4.621406862452843295e-03 8.414673621056755342e-11
4.922221148855803613e-03 8.416127331387206928e-11
5.242612729801172412e-03 8.417777423791071003e-11
5.583855715193094399e-03 8.419650563842945714e-11
5.947307135282262590e-03 8.421777073694954093e-11
6.334412337204820692e-03 8.424191442470816093e-11
6.746710732733886100e-03 8.426932910003759859e-11
7.185841920100037063e-03 8.430046134915681095e-11
7.653552204225934005e-03 8.433581959756512296e-11
8.151701541304925275e-03 8.437598287937416233e-11
8.682270935339195597e-03 8.442161089546327653e-11
9.247370316051963662e-03 8.447345555842171289e-11
9.849246929502777567e-03 8.453237425595355818e-11
1.049029427477177374e-02 8.459934509631278809e-11
1.117306162225219397e-02 8.467548445164092715e-11
1.190026415140376694e-02 8.476206716258126131e-11
1.267479374828037013e-02 8.486054981701102646e-11
1.349973050577152334e-02 8.497259760919636653e-11
1.437835497229211779e-02 8.510011534744557502e-11
1.531416119762810286e-02 8.524528328890483655e-11
1.631087062781879510e-02 8.541059859423938052e-11
1.737244690433321567e-02 8.559892333654958528e-11
1.850311162639044910e-02 8.581354016251943227e-11
1.970736113910743700e-02 8.605821692656303073e-11
2.098998441423769942e-02 8.633728183044121314e-11
2.235608209460499679e-02 8.665570971524994333e-11
2.381108677796757098e-02 8.701922912740730932e-11
2.536078462097841185e-02 8.743443443415268764e-11
2.701133834915109624e-02 8.790893078953939639e-11
2.876931176433698834e-02 8.845149778939679262e-11
3.064169584717577749e-02 8.907228323155628972e-11
3.263593655831751456e-02 8.978303458658113966e-11
3.475996444897566651e-02 9.059737169840814977e-11
3.702222619856727903e-02 9.153111377369697111e-11
3.943171820485173729e-02 9.260267363488339643e-11
4.199802236014902462e-02 9.383353050129857644e-11
4.473134415591326768e-02 9.524880681711689053e-11
4.764255326718694339e-02 9.687797203991628363e-11
5.074322677833156825e-02 9.875570842310811209e-11
5.404569522193609227e-02 1.009229830878513845e-10
5.756309161397969026e-02 1.034283838327398500e-10
6.130940368025160347e-02 1.063297979735805581e-10
6.529952948172323968e-02 1.096965325350690635e-10
6.954933666007066806e-02 1.136120165025326655e-10
7.407572553895443168e-02 1.181772669554082490e-10
7.889669633199926368e-02 1.235153696461726979e-10
8.403142072473115953e-02 1.297773151891886632e-10
8.950031811513757540e-02 1.371496608468217806e-10
9.532513681604654066e-02 1.458646705482803794e-10
1.015290405422311915e-01 1.562138473367161730e-10
1.081367005261806707e-01 1.685661505595748435e-10
1.151743936288659592e-01 1.833927421152250112e-10
1.226701068356443602e-01 2.013009201179047543e-10
1.306536485528610736e-01 2.230811115326645276e-10
1.391567671477548507e-01 2.497726231799054010e-10
1.482132772030496648e-01 2.827566357277409569e-10
1.578591939883203232e-01 3.238892193662903616e-10
1.681328766829011112e-01 3.756938511753686525e-10
1.790751809198728173e-01 4.416435049477984799e-10
1.907296212577638539e-01 5.265793420824527436e-10
2.031180993447962990e-01 6.370989299191989219e-10
2.157282698469407123e-01 7.759243345609949014e-10
2.283384403490833492e-01 9.475840015261558635e-10
2.409486108512259861e-01 1.159884871157719412e-09
2.535587813533703994e-01 1.422488428041244739e-09
2.661689518555130363e-01 1.747343039642809746e-09
2.787791223576556732e-01 2.149214761246234005e-09
2.913892928598000864e-01 2.646338265782776119e-09
3.039994633619427233e-01 3.261214168008421141e-09
3.166096338640853602e-01 4.021584227155850003e-09
3.292198043662297735e-01 4.961623333884532203e-09
3.418299748683724104e-01 6.123393704533875607e-09
3.544401453705150473e-01 7.558617261592178230e-09
3.670503158726594606e-01 9.330833005322446348e-09
3.796604863748020975e-01 1.151801927998762620e-08
3.922706568769447344e-01 1.421577685817826247e-08
4.048808273790891477e-01 1.754118759357088588e-08
4.174909978812317846e-01 2.163748506820219910e-08
4.301011683833744215e-01 2.667970076638946325e-08
4.427113388855188347e-01 3.288147884931102443e-08
4.553215093876614716e-01 4.050328977918277418e-08
4.679316798898041085e-01 4.986231500099026546e-08
4.805418503919485218e-01 6.134432454482990278e-08
4.931520208940911587e-01 7.541792797899015272e-08
5.057621913962337956e-01 9.265164612389134127e-08
5.183723618983782089e-01 1.137343296882440550e-07
5.309825324005208458e-01 1.394995422372813823e-07
5.435927029026652590e-01 1.709546303161745482e-07
5.562028734048078960e-01 2.093153249432199732e-07
5.688130439069505329e-01 2.560468598906192058e-07
5.814232144090949461e-01 3.129127528582986885e-07
5.940333849112375830e-01 3.820325795901659429e-07
6.066435554133802199e-01 4.659502826553052701e-07
6.192537259155246332e-01 5.677147963565150818e-07
6.318638964176672701e-01 6.909750438805628810e-07
6.444740669198099070e-01 8.400916726945713354e-07
6.570842374219543203e-01 1.020268242868162600e-06
6.696944079240969572e-01 1.237704978512290904e-06
6.823045784262395941e-01 1.499778637892663597e-06
6.949147489283840073e-01 1.815252553776118451e-06
7.075249194305266442e-01 2.194521448949027782e-06
7.201350899326692812e-01 2.649896252703037123e-06
7.327452604348136944e-01 3.195934825900298810e-06
7.453554309369563313e-01 3.849825266097723816e-06
7.579656014390989682e-01 4.631829282198662665e-06
7.705757719412433815e-01 5.565794064597554424e-06
7.831859424433860184e-01 6.679742056317597396e-06
7.957961129455286553e-01 8.006549126601334977e-06
8.084062834476730686e-01 9.584722818150099617e-06
8.210164539498157055e-01 1.145929362351051012e-05
8.336266244519583424e-01 1.368283355345724252e-05
8.462367949541027556e-01 1.631661778987121556e-05
8.588469654562453925e-01 1.943194667153263193e-05
8.714571359583880295e-01 2.311164691534692688e-05
8.840673064605324427e-01 2.745177264780384601e-05
8.966774769626750796e-01 3.256352857815534598e-05
9.092876474648177165e-01 3.857543945465872077e-05
9.218978179669621298e-01 4.563579174464215082e-05
9.345079884691047667e-01 5.391537533555485368e-05
9.471181589712474036e-01 6.361055487310432791e-05
9.597283294733918169e-01 7.494670212451745909e-05
9.723384999755344538e-01 8.818202241615247477e-05
9.849486704776770907e-01 1.036118099109837459e-04
9.975588409798215039e-01 1.215731676361010417e-04
1.010169011481964141e+00 1.424502295777239035e-04
1.022779181984106778e+00 1.666799229467598518e-04
1.035389352486251191e+00 1.947583092995119002e-04
1.047999522988393828e+00 2.272475433339863650e-04
1.060609693490536465e+00 2.647834878304101166e-04
1.073219863992680878e+00 3.080840222805912446e-04
1.085830034494823515e+00 3.579580811694022717e-04
1.098440204996966152e+00 4.153154555414665045e-04
1.111050375499110565e+00 4.811773883106248702e-04
1.123660546001253202e+00 5.566879896843247725e-04
1.136270716503395839e+00 6.431264939183082121e-04
1.148880887005540252e+00 7.419203723541156108e-04
1.161491057507682889e+00 8.546593102207124173e-04
1.174101228009825526e+00 9.831100458961748115e-04
1.186711398511969939e+00 1.129232061161612429e-03
1.199321569014112576e+00 1.295194099367017598e-03
1.211931739516255213e+00 1.483391475312849980e-03
1.224541910018399626e+00 1.696464125991549183e-03
1.237152080520542263e+00 1.937315335113968693e-03
1.249762251022684900e+00 2.209131046569108841e-03
1.262372421524829313e+00 2.515399662660194272e-03
1.274982592026971950e+00 2.859932202189857230e-03
1.287592762529114587e+00 3.246882671311568814e-03
1.300202933031259001e+00 3.680768476706721467e-03
1.312813103533401637e+00 4.166490686162479390e-03
1.325423274035544274e+00 4.709353916275044877e-03
1.338033444537688688e+00 5.315085601082921926e-03
1.350643615039831325e+00 5.989854369172442801e-03
1.363253785541973961e+00 6.740287230574517133e-03
1.375863956044118375e+00 7.573485248968317776e-03
1.388474126546261012e+00 8.497037349771684525e-03
1.401084297048403648e+00 9.519031891102728779e-03
1.413694467550548062e+00 1.064806560285936829e-02
1.426304638052690699e+00 1.189324947985424472e-02
1.438914808554833336e+00 1.326421119864373138e-02
1.451524979056977749e+00 1.477109361554102343e-02
1.464135149559120386e+00 1.642454889087435754e-02
1.476745320061263023e+00 1.823572779368694968e-02
1.489355490563407436e+00 2.021626372090716897e-02
1.501965661065550073e+00 2.237825099653817720e-02
1.514575831567692710e+00 2.473421701498993916e-02
1.527186002069837123e+00 2.729708782502898029e-02
1.539796172571979760e+00 3.008014677193855332e-02
1.552406343074122397e+00 3.309698586076995075e-02
1.565016513576266810e+00 3.636144954638276250e-02
1.577626684078409447e+00 3.988757071238063778e-02
1.590236854580552084e+00 4.368949866510596358e-02
1.602847025082696497e+00 4.778141904187809680e-02
1.615457195584839134e+00 5.217746561434230546e-02
1.628067366086981771e+00 5.689162405782571819e-02
1.640677536589126184e+00 6.193762785543757698e-02
1.653287707091268821e+00 6.732884661070871746e-02
1.665897877593411458e+00 7.307816715390970386e-02
1.678508048095555871e+00 7.919786794386195206e-02
1.691118218597698508e+00 8.569948738775948205e-02
1.703728389099841145e+00 9.259368682497309821e-02
1.716338559601985558e+00 9.989010904531366031e-02
1.728948730104128195e+00 1.075972333362636979e-01
1.741558900606270832e+00 1.157222281751900811e-01
1.754169071108415245e+00 1.242708027997131426e-01
1.766779241610557882e+00 1.332470590000978672e-01
1.779389412112700519e+00 1.426533445796794863e-01
1.791999582614844932e+00 1.524901100206986215e-01
1.804609753116987569e+00 1.627557699714723138e-01
1.817219923619130206e+00 1.734465712344338828e-01
1.829830094121274620e+00 1.845564689810722525e-01
1.842440264623417256e+00 1.960770129476356871e-01
1.855050435125559893e+00 2.079972453724964754e-01
1.867660605627704307e+00 2.203036124211951163e-01
1.880270776129846944e+00 2.329798908068254071e-01
1.892880946631989580e+00 2.460071312508107788e-01
1.905491117134133994e+00 2.593636203416084252e-01
1.918101287636276631e+00 2.730248622359542354e-01
1.930711458138419268e+00 2.869635815095993303e-01
1.943321628640563681e+00 3.011497483016722931e-01
1.955931799142706318e+00 3.155506267109718932e-01
1.968541969644848955e+00 3.301308471938313449e-01
1.981152140146993368e+00 3.448525034843971659e-01
1.993762310649136005e+00 3.596752743109418171e-01
2.006372481151278642e+00 3.745565699190682718e-01
2.018982651653423055e+00 3.894517031371704796e-01
2.031592822155565692e+00 4.043140844348621088e-01
2.044202992657708329e+00 4.190954401347509739e-01
2.056813163159852742e+00 4.337460526458106203e-01
2.069423333661995379e+00 4.482150212969845393e-01
2.082033504164138016e+00 4.624505420666567002e-01
2.094643674666282429e+00 4.764002042312483476e-01
2.107253845168425066e+00 4.900113016994652737e-01
2.119864015670569479e+00 5.032311565609490778e-01
2.132474186172712116e+00 5.160074521639894662e-01
2.145084356674854753e+00 5.282885728499826516e-01
2.157694527176999166e+00 5.400239473161044801e-01
2.170304697679141803e+00 5.511643924552209750e-01
2.182914868181284440e+00 5.616624544362592841e-01
2.195525038683428853e+00 5.714727437408073651e-01
2.208135209185571490e+00 5.805522608650002248e-01
2.220745379687714127e+00 5.888607094297194644e-01
2.233355550189858540e+00 5.963607935183116160e-01
2.245965720692001177e+00 6.030184961782402153e-01
2.258575891194143814e+00 6.088033361809527255e-01
2.271186061696288228e+00 6.136886003307531201e-01
2.283796232198430864e+00 6.176515488472115178e-01
2.296406402700573501e+00 6.206735916124881403e-01
2.309016573202717915e+00 6.227404333730001129e-01
2.321626743704860552e+00 6.238421863092111774e-01
2.334236914207003188e+00 6.239734487337447177e-01
2.346847084709147602e+00 6.231333490424484367e-01
2.359457255211290239e+00 6.213255544195482871e-01
2.372067425713432876e+00 6.185582441819722499e-01
2.384677596215577289e+00 6.148440480338137615e-01
2.397287766717719926e+00 6.101999498840285918e-01
2.409897937219862563e+00 6.046471582539690859e-01
2.422508107722006976e+00 5.982109446606201919e-01
2.435118278224149613e+00 5.909204517014807756e-01
2.447728448726292250e+00 5.828084728837177320e-01
2.460338619228436663e+00 5.739112065285382203e-01
2.472948789730579300e+00 5.642679863386111938e-01
2.485558960232721937e+00 5.539209914380427424e-01
2.498169130734866350e+00 5.429149388785002861e-01
2.510779301237008987e+00 5.312967617492782013e-01
2.523389471739151624e+00 5.191152761324242526e-01
2.535999642241296037e+00 5.064208402051603164e-01
2.548609812743438674e+00 4.932650088110632769e-01
2.561219983245581311e+00 4.797001867993810342e-01
2.573830153747725724e+00 4.657792843693036589e-01
2.586440324249868361e+00 4.515553775551913729e-01
2.599050494752010998e+00 4.370813768516075282e-01
2.611660665254155411e+00 4.224097068067695915e-01
2.624270835756298048e+00 4.075919992126575409e-01
2.636881006258440685e+00 3.926788022931522737e-01
2.649491176760585098e+00 3.777193080426163307e-01
2.662101347262727735e+00 3.627610995996162213e-01
2.674711517764870372e+00 3.478499202592834627e-01
2.687321688267014785e+00 3.330294654365837936e-01
2.699931858769157422e+00 3.183411985967518065e-01
2.712542029271300059e+00 3.038241918716036438e-01
2.725152199773444472e+00 2.895149917868992673e-01
2.737762370275587109e+00 2.754475102385846030e-01
2.750372540777729746e+00 2.616529405798146413e-01
2.762982711279874160e+00 2.481596984187525723e-01
2.775592881782016796e+00 2.349933864816726725e-01
2.788203052284159433e+00 2.221767826709806493e-01
2.800813222786303847e+00 2.097298502436457657e-01
2.813423393288446483e+00 1.976697688557067512e-01
2.826033563790589120e+00 1.860109850626167072e-01
2.838643734292733534e+00 1.747652807355172533e-01
2.851253904794876171e+00 1.639418577492793572e-01
2.863864075297018807e+00 1.535474372200373583e-01
2.876474245799163221e+00 1.435863715172192023e-01
2.889084416301305858e+00 1.340607672470763012e-01
2.901694586803448495e+00 1.249706174002203213e-01
2.914304757305592908e+00 1.163139408734800706e-01
2.926914927807735545e+00 1.080869276146054075e-01
2.939525098309878182e+00 1.002840876953263044e-01
2.952135268812022595e+00 9.289840269183256838e-02
2.964745439314165232e+00 8.592147783997125532e-02
2.977355609816307869e+00 7.934369353282896831e-02
2.989965780318452282e+00 7.315435483900721569e-02
3.002575950820594919e+00 6.734183783829433834e-02
3.015186121322737556e+00 6.189373169553297888e-02
3.027796291824881969e+00 5.679697554211877303e-02
3.040406462327024606e+00 5.203798919637754594e-02
3.053016632829167243e+00 4.760279746891560304e-02
3.065626803331311656e+00 4.347714675418536817e-02
3.078236973833454293e+00 3.964661419756511374e-02
3.090847144335596930e+00 3.609670867387135273e-02
3.103457314837741343e+00 3.281296351141470974e-02
3.116067485339883980e+00 2.978102083343815015e-02
3.128677655842026617e+00 2.698670750694875248e-02
3.141287826344171030e+00 2.441610277768840875e-02
3.153897996846313667e+00 2.205559774970034664e-02
3.166508167348456304e+00 1.989194693852155624e-02
3.179118337850600717e+00 1.791231218823779656e-02
3.191728508352743354e+00 1.610429929461573012e-02
3.204338678854885991e+00 1.445598771941599553e-02
3.216948849357030404e+00 1.295595381512486266e-02
3.229559019859173041e+00 1.159328800509072145e-02
3.242169190361315678e+00 1.035760638194722916e-02
3.254779360863460091e+00 9.239057197746257041e-03
3.267389531365602728e+00 8.228322723090149976e-03
3.279999701867745365e+00 7.316616950316811967e-03
3.292609872369889779e+00 6.495679608183364644e-03
3.305220042872032415e+00 5.757766943147108255e-03
3.317830213374175052e+00 5.095639705959427099e-03
3.330440383876319466e+00 4.502548762512792804e-03
3.343050554378462103e+00 3.972218725366397606e-03
3.355660724880604739e+00 3.498829977711967552e-03
3.368270895382749153e+00 3.076999435320571658e-03
3.380881065884891790e+00 2.701760364742063474e-03
3.393491236387034427e+00 2.368541548208996043e-03
3.406101406889178840e+00 2.073146057750164563e-03
3.418711577391321477e+00 1.811729873342873484e-03
3.431321747893464114e+00 1.580780552843444797e-03
3.443931918395608527e+00 1.377096135240443589e-03
3.456542088897751164e+00 1.197764433694003703e-03
3.469152259399893801e+00 1.040142851055116981e-03
3.481762429902038214e+00 9.018388282555715165e-04
3.494372600404180851e+00 7.806910152168248943e-04
3.506982770906323488e+00 6.747512348288847630e-04
3.519592941408467901e+00 5.822672931279574814e-04
3.532203111910610538e+00 5.016666730656182179e-04
3.544813282412753175e+00 4.315411351950870257e-04
3.557423452914897588e+00 3.706322361622452753e-04
3.570033623417040225e+00 3.178177650220624325e-04
3.582643793919182862e+00 2.720990880329264192e-04
3.595253964421327275e+00 2.325893846267912239e-04
3.607864134923469912e+00 1.985027506186883852e-04
3.620474305425612549e+00 1.691441393054348688e-04
3.633084475927756962e+00 1.439001068071922964e-04
3.645694646429899599e+00 1.222303247220192393e-04
3.658304816932042236e+00 1.036598207884327629e-04
3.670914987434186649e+00 8.777190668243759516e-05
3.683525157936329286e+00 7.420175121403347327e-05
3.696135328438471923e+00 6.263055693981784701e-05
3.708745498940616336e+00 5.278029848389981395e-05
3.721355669442758973e+00 4.440898157528548834e-05
3.733965839944901610e+00 3.730638288968652109e-05
3.746576010447046023e+00 3.129023215685599544e-05
3.759186180949188660e+00 2.620279959743072493e-05
3.771796351451333074e+00 2.190785352886919038e-05
3.784406521953475711e+00 1.828795487810753599e-05
3.797016692455618347e+00 1.524205731455676587e-05
3.809626862957762761e+00 1.268338373311139473e-05
3.822237033459905398e+00 1.053755184009093610e-05
3.834847203962048034e+00 8.740923598292227932e-06
3.847457374464192448e+00 7.239155247891564907e-06
3.860067544966335085e+00 5.985926519658732334e-06
3.872677715468477722e+00 4.941829481464727549e-06
3.885287885970622135e+00 4.073399197637212919e-06
3.897898056472764772e+00 3.352270025534504126e-06
3.910508226974907409e+00 2.754442919746674142e-06
3.923118397477051822e+00 2.259650558775547761e-06
3.935728567979194459e+00 1.850808451059092175e-06
3.948338738481337096e+00 1.513541417544964684e-06
3.960948908983481509e+00 1.235775988772578139e-06
3.973559079485624146e+00 1.007390298710667676e-06
3.986169249987766783e+00 8.199140093776153068e-07
3.998779420489911196e+00 6.662716640852277115e-07
4.011389590992053833e+00 5.405636479765434501e-07
4.023999761494196470e+00 4.378796376191829448e-07
4.036609931996340883e+00 3.541400521535428767e-07
4.049220102498483520e+00 2.859615822923479382e-07
4.061830273000626157e+00 2.305433756793919307e-07
4.074440443502770570e+00 1.855709029571658946e-07
4.087050614004913207e+00 1.491349233970934168e-07
4.099660784507055844e+00 1.196633169084008407e-07
4.112270955009200257e+00 9.586385519871810579e-08
4.124881125511342894e+00 7.667625306330424717e-08
4.137491296013485531e+00 6.123207519027149519e-08
4.150101466515629944e+00 4.882127814720687515e-08
4.162711637017772581e+00 3.886434472529933110e-08
4.175321807519915218e+00 3.088912163544596499e-08
4.187931978022059631e+00 2.451160447203257620e-08
4.200542148524202268e+00 1.942002841190348997e-08
4.213152319026344905e+00 1.536172157396914504e-08
4.225762489528489319e+00 1.213226236777821485e-08
4.238372660030631955e+00 9.566554326225250889e-09
4.250982830532774592e+00 7.531493464699248339e-09
4.263593001034919006e+00 5.919955566830366120e-09
4.276203171537061642e+00 4.645875226606727425e-09
4.288813342039204279e+00 3.640226085819159633e-09
4.301423512541348693e+00 2.847743464069231104e-09
4.314033683043491330e+00 2.224257331632145042e-09
4.326643853545633966e+00 1.734526058463805694e-09
4.339254024047778380e+00 1.350480222558734561e-09
4.351864194549921017e+00 1.049801527847438051e-09
4.364474365052063654e+00 8.147750395662922308e-10
4.377084535554208067e+00 6.313639001289888715e-10
4.389694706056350704e+00 4.884647889521168709e-10
4.402304876558493341e+00 3.773099323622502041e-10
4.414915047060635978e+00 2.909877072840731538e-10
4.427525217562778614e+00 2.240590292257601571e-10
4.440135388064924804e+00 1.722509525102849346e-10
4.452745558567067441e+00 1.322123917758755287e-10
4.465355729069210078e+00 1.013197272677121290e-10
4.477965899571352715e+00 7.752239044583294466e-11
4.490576070073495352e+00 5.922043141468576492e-11
4.503186240575637989e+00 4.516762117600271579e-11
4.515796411077784178e+00 3.439490262628941209e-11
4.528406581579926815e+00 2.615002681991001517e-11
4.541016752082069452e+00 1.985003860004670753e-11
4.553626922584212089e+00 1.504394405478989690e-11
4.566237093086354726e+00 1.138343089704313810e-11
4.578847263588500915e+00 8.599946071532452491e-12
4.591457434090643552e+00 6.486782581497144066e-12
4.604067604592786189e+00 4.885106010555033921e-12
4.616677775094928826e+00 3.673073812169164508e-12
4.629287945597071463e+00 2.757378003820831024e-12
4.641898116099214100e+00 2.066683259249581767e-12
4.654508286601360290e+00 1.546544696765991062e-12
4.667118457103502926e+00 1.155478706439946902e-12
4.679728627605645563e+00 8.619306202499072555e-13
4.692338798107788200e+00 6.419386744474501480e-13
4.704948968609930837e+00 4.773375706971486022e-13
4.717559139112073474e+00 3.543794408512942607e-13
4.730169309614219664e+00 2.626771032455594956e-13
4.742779480116362301e+00 1.943957183184233996e-13
4.755389650618504938e+00 1.436355449274083328e-13
4.767999821120647574e+00 1.059614492950573871e-13
4.780609991622790211e+00 7.804490621879550861e-14
4.793220162124932848e+00 5.739207466604185187e-14
4.805830332627079038e+00 4.213761508484554760e-14
4.818440503129221675e+00 3.088862835355233283e-14
4.831050673631364312e+00 2.260673887615793935e-14
4.843660844133506949e+00 1.651915445982231639e-14
4.856271014635649586e+00 1.205169939021583697e-14
4.868881185137792222e+00 8.778480040468864807e-15
4.881491355639938412e+00 6.384117917911534605e-15
4.894101526142081049e+00 4.635461642804923031e-15
4.906711696644223686e+00 3.360435628133910707e-15
4.919321867146366323e+00 2.432252430407573651e-15
4.931932037648508960e+00 1.757649066832417628e-15
4.944542208150651597e+00 1.268136860180419300e-15
4.957152378652797786e+00 9.135040994480245630e-16
4.969762549154940423e+00 6.569998519199969747e-16
4.982372719657083060e+00 4.717701075934713916e-16
4.994982890159225697e+00 3.382251707826345814e-16
5.007593060661368334e+00 2.420983156057323555e-16
5.020203231163510971e+00 1.730166622799101085e-16
5.032813401665657160e+00 1.234509371160679727e-16
5.045423572167799797e+00 8.794499589646506348e-17
5.058033742669942434e+00 6.255155877523905359e-17
5.070643913172085071e+00 4.441967570165880877e-17
5.083254083674227708e+00 3.149363971430805649e-17
5.095864254176370345e+00 2.229361682241022395e-17
5.108474424678516534e+00 1.575608799230143109e-17
5.121084595180659171e+00 1.111799392468323268e-17
5.133694765682801808e+00 7.832756376888699356e-18
5.146304936184944445e+00 5.509509534701531135e-18
5.158915106687087082e+00 3.869201745668409163e-18
5.171525277189229719e+00 2.712938253651381592e-18
5.184135447691375909e+00 1.899190478871398624e-18
5.196745618193518546e+00 1.327416472642445937e-18
5.209355788695661182e+00 9.263090926878850471e-19
5.221965959197803819e+00 6.453787779834348983e-19
5.234576129699946456e+00 4.489349794771250095e-19
5.247186300202089093e+00 3.117900168234928055e-19
5.259796470704235283e+00 2.161976373115366433e-19
5.272406641206377920e+00 1.496751296414594811e-19
5.285016811708520557e+00 1.034566203998271888e-19
5.297626982210663193e+00 7.139648974640237090e-20
5.310237152712805830e+00 4.919323063227875850e-20
5.322847323214948467e+00 3.384104185351021071e-20
5.335457493717094657e+00 2.324298945417461558e-20
5.348067664219237294e+00 1.593859769972662792e-20
5.360677834721379931e+00 1.091234480835841661e-20
5.373288005223522568e+00 7.459262380277283099e-21
5.385898175725665205e+00 5.090770319698796722e-21
5.398508346227807841e+00 3.468813284272456504e-21
5.411118516729954031e+00 2.359870271027830983e-21
5.423728687232096668e+00 1.602895111753019793e-21
5.436338857734239305e+00 1.087005732136203200e-21
5.448949028236381942e+00 7.359838820192872133e-22
5.461559198738524579e+00 4.975245285962703489e-22
5.474169369240667216e+00 3.357920421241825287e-22
5.486779539742813405e+00 2.262746995369852045e-22
5.499389710244956042e+00 1.522338650536841108e-22
5.511999880747098679e+00 1.022577460174952836e-22
5.524610051249241316e+00 6.857894630941866250e-23
5.537220221751383953e+00 4.591927645962438175e-23
5.549830392253526590e+00 3.069791549472821895e-23
5.562440562755672779e+00 2.048954636878942369e-23
5.575050733257815416e+00 1.365417276439207877e-23
5.587660903759958053e+00 9.084646291739812938e-24
5.600271074262100690e+00 6.034762973060770243e-24
5.612881244764243327e+00 4.002413569170950361e-24
5.625491415266385964e+00 2.650289064991481547e-24
5.638101585768532154e+00 1.752161165902578722e-24
5.650711756270674790e+00 1.156549875885077040e-24
5.663321926772817427e+00 7.621916353814995190e-25
5.675932097274960064e+00 5.015029281459251812e-25
5.688542267777102701e+00 3.294520674347459533e-25
5.701152438279245338e+00 2.160829287088510771e-25
5.713762608781391528e+00 1.415005476068049973e-25
5.726372779283534165e+00 9.251352167825696712e-26
5.738982949785676801e+00 6.038954019163497016e-26
5.751593120287819438e+00 3.935751195763134271e-26
5.764203290789962075e+00 2.560960854152171624e-26
5.776813461292104712e+00 1.663748289783713436e-26
5.789423631794250902e+00 1.079149637865250346e-26
5.802033802296393539e+00 6.988517696354380758e-27
5.814643972798536176e+00 4.518536649775299939e-27
5.827254143300678813e+00 2.916888825555604884e-27
5.839864313802821449e+00 1.879971473641486141e-27
5.852474484304964086e+00 1.209739732885629471e-27
5.865084654807110276e+00 7.772163372823989622e-28
5.877694825309252913e+00 4.985413386261716988e-28
5.890304995811395550e+00 3.192785160239179569e-28
5.902915166313538187e+00 2.041491007341677517e-28
5.915525336815680824e+00 1.303270270586858020e-28
5.928135507317823460e+00 8.306742274070011116e-29
5.940745677819969650e+00 5.286110076223812145e-29
5.953355848322112287e+00 3.358542710983294964e-29
5.965966018824254924e+00 2.130466668499101979e-29
5.978576189326397561e+00 1.349297749224316645e-29
5.991186359828540198e+00 8.531983755616183377e-30
6.003796530330682835e+00 5.386434765405683454e-30
6.016406700832829024e+00 3.395173233147829051e-30
6.029016871334971661e+00 2.136641257151206514e-30
6.041627041837114298e+00 1.342487987890437478e-30
6.054237212339256935e+00 8.421671989399053408e-31
6.066847382841399572e+00 5.274670565716235676e-31
6.079457553343542209e+00 3.298385799987617498e-31
6.092067723845688398e+00 2.059285900392831408e-31
6.104677894347831035e+00 1.283633111419197444e-31
6.117288064849973672e+00 7.988665504026037620e-32
6.129898235352116309e+00 4.963826721733030294e-32
6.142508405854258946e+00 3.079413627095917269e-32
6.155118576356401583e+00 1.907341552897036621e-32
6.167728746858547773e+00 1.179499961723975148e-32
6.180338917360690409e+00 7.282431347934272766e-33
6.192949087862833046e+00 4.489147383929989420e-33
6.205559258364975683e+00 2.762869137889797683e-33
6.218169428867118320e+00 1.697718739515648189e-33
6.230779599369264510e+00 1.041550029097580857e-33
6.243389769871407147e+00 6.379747403380921917e-34
6.255999940373549784e+00 3.901537428413538875e-34
6.268610110875692421e+00 2.382193342126169063e-34
6.281220281377835057e+00 1.452202434996484741e-34
6.293830451879977694e+00 8.838655967103091507e-35
6.306440622382123884e+00 5.370988275939199474e-35
6.319050792884266521e+00 3.258600157714806997e-35
6.331660963386409158e+00 1.973862196647708625e-35
6.344271133888551795e+00 1.193744711517998607e-35
6.356881304390694432e+00 7.208002983081577343e-36
6.369491474892837068e+00 4.345375497841929513e-36
6.382101645394983258e+00 2.615462583470543452e-36
6.394711815897125895e+00 1.571732193790256150e-36
6.407321986399268532e+00 9.430124231326537012e-37
6.419932156901411169e+00 5.648915750752077223e-37
6.432542327403553806e+00 3.378481849079877419e-37
6.445152497905696443e+00 2.017376149166505443e-37
6.457762668407842632e+00 1.202710117143609246e-37
6.470372838909985269e+00 7.158859311260309106e-38
6.482983009412127906e+00 4.254372010563563974e-38
6.495593179914270543e+00 2.524270318804081384e-38
6.508203350416413180e+00 1.495357428105353614e-38
6.520813520918555817e+00 8.844288661063165631e-39
6.533423691420702006e+00 5.222633386212477943e-39
6.546033861922844643e+00 3.079107839391264935e-39
6.558644032424987280e+00 1.812462275984278629e-39
6.571254202927129917e+00 1.065176954534913291e-39
6.583864373429272554e+00 6.250046489178789474e-40
6.596474543931415191e+00 3.661452675728383472e-40
6.609084714433561381e+00 2.141570055235806086e-40
6.621694884935704017e+00 1.250604019744502389e-40
6.634305055437846654e+00 7.291485568322122660e-41
6.646915225939989291e+00 4.244444683596297151e-41
6.659525396442131928e+00 2.466802523035671990e-41
6.672135566944274565e+00 1.431385225284074397e-41
6.684745737446420755e+00 8.292534901982679475e-42
6.697355907948563392e+00 4.796524967227950793e-42
6.709966078450706028e+00 2.769967834063560660e-42
6.722576248952848665e+00 1.597097203368209426e-42
6.735186419454991302e+00 9.193832159846659225e-43
6.747796589957133939e+00 5.284092159181580193e-43
6.760406760459280129e+00 3.032164635105121928e-43
6.773016930961422766e+00 1.737175705263555255e-43
6.785627101463565403e+00 9.936725257729781639e-44
6.798237271965708040e+00 5.674810652884264171e-44
6.810847442467850676e+00 3.235698285310036514e-44
6.823457612969993313e+00 1.842015178365971141e-44
6.836067783472139503e+00 1.046952370694110169e-44
6.848677953974282140e+00 5.941131585976292122e-45
6.861288124476424777e+00 3.366045148833811566e-45
6.873898294978567414e+00 1.904053791208305343e-45
6.886508465480710051e+00 1.075342952724936782e-45
6.899118635982852688e+00 6.063498421113170573e-46
6.911728806484998877e+00 3.413563863468853986e-46
6.924338976987141514e+00 1.918674379431993829e-46
6.936949147489284151e+00 1.076720528287795669e-46
6.949559317991426788e+00 6.032720094457392533e-47
6.962169488493569425e+00 3.374673922669583677e-47
6.974779658995712062e+00 1.884772368168638580e-47
6.987389829497858251e+00 1.050979971604376592e-47
7.000000000000000888e+00 5.851111971382700632e-48
