-1.899999999999999911e+00 0.000000000000000000e+00
-1.896386430678465906e+00 0.000000000000000000e+00
-1.892772861356932124e+00 0.000000000000000000e+00
-1.889159292035398119e+00 0.000000000000000000e+00
-1.885545722713864114e+00 0.000000000000000000e+00
-1.881932153392330331e+00 0.000000000000000000e+00
-1.878318584070796327e+00 0.000000000000000000e+00
-1.874705014749262544e+00 0.000000000000000000e+00
-1.871091445427728539e+00 0.000000000000000000e+00
-1.867477876106194534e+00 0.000000000000000000e+00
-1.863864306784660752e+00 0.000000000000000000e+00
-1.860250737463126747e+00 0.000000000000000000e+00
-1.856637168141592742e+00 0.000000000000000000e+00
-1.853023598820058959e+00 0.000000000000000000e+00
-1.849410029498524954e+00 0.000000000000000000e+00
-1.845796460176990950e+00 0.000000000000000000e+00
-1.842182890855457167e+00 0.000000000000000000e+00
-1.838569321533923162e+00 0.000000000000000000e+00
-1.834955752212389379e+00 0.000000000000000000e+00
-1.831342182890855375e+00 0.000000000000000000e+00
-1.827728613569321370e+00 0.000000000000000000e+00
-1.824115044247787587e+00 0.000000000000000000e+00
-1.820501474926253582e+00 0.000000000000000000e+00
-1.816887905604719577e+00 0.000000000000000000e+00
-1.813274336283185795e+00 0.000000000000000000e+00
-1.809660766961651790e+00 0.000000000000000000e+00
-1.806047197640118007e+00 0.000000000000000000e+00
-1.802433628318584002e+00 0.000000000000000000e+00
-1.798820058997049998e+00 0.000000000000000000e+00
-1.795206489675516215e+00 0.000000000000000000e+00
-1.791592920353982210e+00 0.000000000000000000e+00
-1.787979351032448205e+00 0.000000000000000000e+00
-1.784365781710914423e+00 0.000000000000000000e+00
-1.780752212389380418e+00 0.000000000000000000e+00
-1.777138643067846413e+00 0.000000000000000000e+00
-1.773525073746312630e+00 0.000000000000000000e+00
-1.769911504424778625e+00 0.000000000000000000e+00
-1.766297935103244843e+00 0.000000000000000000e+00
-1.762684365781710838e+00 0.000000000000000000e+00
-1.759070796460176833e+00 0.000000000000000000e+00
-1.755457227138643050e+00 0.000000000000000000e+00
-1.751843657817109046e+00 0.000000000000000000e+00
-1.748230088495575041e+00 0.000000000000000000e+00
-1.744616519174041258e+00 0.000000000000000000e+00
-1.741002949852507253e+00 0.000000000000000000e+00
-1.737389380530973249e+00 0.000000000000000000e+00
-1.733775811209439466e+00 0.000000000000000000e+00
-1.730162241887905461e+00 0.000000000000000000e+00
-1.726548672566371678e+00 0.000000000000000000e+00
-1.722935103244837673e+00 0.000000000000000000e+00
-1.719321533923303669e+00 0.000000000000000000e+00
-1.715707964601769886e+00 0.000000000000000000e+00
-1.712094395280235881e+00 0.000000000000000000e+00
-1.708480825958701876e+00 0.000000000000000000e+00
-1.704867256637168094e+00 0.000000000000000000e+00
-1.701253687315634089e+00 0.000000000000000000e+00
-1.697640117994100084e+00 0.000000000000000000e+00
-1.694026548672566301e+00 0.000000000000000000e+00
-1.690412979351032297e+00 0.000000000000000000e+00
-1.686799410029498514e+00 0.000000000000000000e+00
-1.683185840707964509e+00 0.000000000000000000e+00
-1.679572271386430504e+00 0.000000000000000000e+00
-1.675958702064896721e+00 0.000000000000000000e+00
-1.672345132743362717e+00 0.000000000000000000e+00
-1.668731563421828712e+00 0.000000000000000000e+00
-1.665117994100294929e+00 0.000000000000000000e+00
-1.661504424778760924e+00 0.000000000000000000e+00
-1.657890855457226920e+00 0.000000000000000000e+00
-1.654277286135693137e+00 0.000000000000000000e+00
-1.650663716814159132e+00 0.000000000000000000e+00
-1.647050147492625349e+00 0.000000000000000000e+00
-1.643436578171091345e+00 0.000000000000000000e+00
-1.639823008849557340e+00 0.000000000000000000e+00
-1.636209439528023557e+00 0.000000000000000000e+00
-1.632595870206489552e+00 0.000000000000000000e+00
-1.628982300884955770e+00 0.000000000000000000e+00
-1.625368731563421765e+00 0.000000000000000000e+00
-1.621755162241887760e+00 0.000000000000000000e+00
-1.618141592920353755e+00 0.000000000000000000e+00
-1.614528023598819972e+00 0.000000000000000000e+00
-1.610914454277285968e+00 0.000000000000000000e+00
-1.607300884955752185e+00 0.000000000000000000e+00
-1.603687315634218180e+00 0.000000000000000000e+00
-1.600073746312684175e+00 0.000000000000000000e+00
-1.596460176991150393e+00 0.000000000000000000e+00
-1.592846607669616388e+00 0.000000000000000000e+00
-1.589233038348082605e+00 0.000000000000000000e+00
-1.585619469026548600e+00 0.000000000000000000e+00
-1.582005899705014595e+00 0.000000000000000000e+00
-1.578392330383480591e+00 0.000000000000000000e+00
-1.574778761061946808e+00 0.000000000000000000e+00
-1.571165191740412803e+00 0.000000000000000000e+00
-1.567551622418879020e+00 0.000000000000000000e+00
-1.563938053097345016e+00 0.000000000000000000e+00
-1.560324483775811011e+00 0.000000000000000000e+00
-1.556710914454277228e+00 0.000000000000000000e+00
-1.553097345132743223e+00 0.000000000000000000e+00
-1.549483775811209441e+00 0.000000000000000000e+00
-1.545870206489675436e+00 0.000000000000000000e+00
-1.542256637168141431e+00 0.000000000000000000e+00
-1.538643067846607426e+00 0.000000000000000000e+00
-1.535029498525073643e+00 0.000000000000000000e+00
-1.531415929203539639e+00 0.000000000000000000e+00
-1.527802359882005856e+00 0.000000000000000000e+00
-1.524188790560471851e+00 0.000000000000000000e+00
-1.520575221238937846e+00 0.000000000000000000e+00
-1.516961651917404064e+00 0.000000000000000000e+00
-1.513348082595870059e+00 0.000000000000000000e+00
-1.509734513274336276e+00 0.000000000000000000e+00
-1.506120943952802271e+00 0.000000000000000000e+00
-1.502507374631268267e+00 0.000000000000000000e+00
-1.498893805309734262e+00 0.000000000000000000e+00
-1.495280235988200479e+00 0.000000000000000000e+00
-1.491666666666666474e+00 0.000000000000000000e+00
-1.488053097345132691e+00 0.000000000000000000e+00
-1.484439528023598687e+00 0.000000000000000000e+00
-1.480825958702064682e+00 0.000000000000000000e+00
-1.477212389380530899e+00 0.000000000000000000e+00
-1.473598820058996894e+00 0.000000000000000000e+00
-1.469985250737463112e+00 0.000000000000000000e+00
-1.466371681415929107e+00 0.000000000000000000e+00
-1.462758112094395102e+00 0.000000000000000000e+00
-1.459144542772861097e+00 0.000000000000000000e+00
-1.455530973451327315e+00 0.000000000000000000e+00
-1.451917404129793310e+00 0.000000000000000000e+00
-1.448303834808259527e+00 0.000000000000000000e+00
-1.444690265486725522e+00 0.000000000000000000e+00
-1.441076696165191517e+00 0.000000000000000000e+00
-1.437463126843657735e+00 0.000000000000000000e+00
-1.433849557522123730e+00 0.000000000000000000e+00
-1.430235988200589947e+00 0.000000000000000000e+00
-1.426622418879055942e+00 0.000000000000000000e+00
-1.423008849557521938e+00 0.000000000000000000e+00
-1.419395280235987933e+00 0.000000000000000000e+00
-1.415781710914454150e+00 0.000000000000000000e+00
-1.412168141592920145e+00 0.000000000000000000e+00
-1.408554572271386363e+00 0.000000000000000000e+00
-1.404941002949852358e+00 0.000000000000000000e+00
-1.401327433628318353e+00 0.000000000000000000e+00
-1.397713864306784570e+00 0.000000000000000000e+00
-1.394100294985250565e+00 0.000000000000000000e+00
-1.390486725663716783e+00 0.000000000000000000e+00
-1.386873156342182778e+00 0.000000000000000000e+00
-1.383259587020648773e+00 0.000000000000000000e+00
-1.379646017699114768e+00 0.000000000000000000e+00
-1.376032448377580986e+00 0.000000000000000000e+00
-1.372418879056047203e+00 0.000000000000000000e+00
-1.368805309734513198e+00 0.000000000000000000e+00
-1.365191740412979193e+00 0.000000000000000000e+00
-1.361578171091445189e+00 0.000000000000000000e+00
-1.357964601769911406e+00 0.000000000000000000e+00
-1.354351032448377401e+00 0.000000000000000000e+00
-1.350737463126843618e+00 0.000000000000000000e+00
-1.347123893805309613e+00 0.000000000000000000e+00
-1.343510324483775609e+00 0.000000000000000000e+00
-1.339896755162241604e+00 0.000000000000000000e+00
-1.336283185840707821e+00 0.000000000000000000e+00
-1.332669616519174038e+00 0.000000000000000000e+00
-1.329056047197640034e+00 0.000000000000000000e+00
-1.325442477876106029e+00 0.000000000000000000e+00
-1.321828908554572024e+00 0.000000000000000000e+00
-1.318215339233038241e+00 0.000000000000000000e+00
-1.314601769911504237e+00 0.000000000000000000e+00
-1.310988200589970454e+00 0.000000000000000000e+00
-1.307374631268436449e+00 0.000000000000000000e+00
-1.303761061946902444e+00 0.000000000000000000e+00
-1.300147492625368439e+00 0.000000000000000000e+00
-1.296533923303834657e+00 0.000000000000000000e+00
-1.292920353982300874e+00 0.000000000000000000e+00
-1.289306784660766869e+00 0.000000000000000000e+00
-1.285693215339232864e+00 0.000000000000000000e+00
-1.282079646017698860e+00 0.000000000000000000e+00
-1.278466076696165077e+00 0.000000000000000000e+00
-1.274852507374631072e+00 0.000000000000000000e+00
-1.271238938053097289e+00 0.000000000000000000e+00
-1.267625368731563285e+00 0.000000000000000000e+00
-1.264011799410029280e+00 0.000000000000000000e+00
-1.260398230088495275e+00 0.000000000000000000e+00
-1.256784660766961492e+00 0.000000000000000000e+00
-1.253171091445427709e+00 0.000000000000000000e+00
-1.249557522123893705e+00 0.000000000000000000e+00
-1.245943952802359700e+00 0.000000000000000000e+00
-1.242330383480825695e+00 0.000000000000000000e+00
-1.238716814159291912e+00 0.000000000000000000e+00
-1.235103244837757908e+00 0.000000000000000000e+00
-1.231489675516224125e+00 0.000000000000000000e+00
-1.227876106194690120e+00 0.000000000000000000e+00
-1.224262536873156115e+00 0.000000000000000000e+00
-1.220648967551622111e+00 0.000000000000000000e+00
-1.217035398230088328e+00 0.000000000000000000e+00
-1.213421828908554545e+00 0.000000000000000000e+00
-1.209808259587020540e+00 0.000000000000000000e+00
-1.206194690265486535e+00 0.000000000000000000e+00
-1.202581120943952531e+00 0.000000000000000000e+00
-1.198967551622418748e+00 0.000000000000000000e+00
-1.195353982300884743e+00 0.000000000000000000e+00
-1.191740412979350960e+00 0.000000000000000000e+00
-1.188126843657816956e+00 0.000000000000000000e+00
-1.184513274336282951e+00 0.000000000000000000e+00
-1.180899705014748946e+00 0.000000000000000000e+00
-1.177286135693215163e+00 0.000000000000000000e+00
-1.173672566371681381e+00 0.000000000000000000e+00
-1.170058997050147376e+00 0.000000000000000000e+00
-1.166445427728613371e+00 0.000000000000000000e+00
-1.162831858407079366e+00 0.000000000000000000e+00
-1.159218289085545583e+00 0.000000000000000000e+00
-1.155604719764011579e+00 0.000000000000000000e+00
-1.151991150442477796e+00 0.000000000000000000e+00
-1.148377581120943791e+00 0.000000000000000000e+00
-1.144764011799409786e+00 0.000000000000000000e+00
-1.141150442477875782e+00 0.000000000000000000e+00
-1.137536873156341999e+00 0.000000000000000000e+00
-1.133923303834808216e+00 0.000000000000000000e+00
-1.130309734513274211e+00 0.000000000000000000e+00
-1.126696165191740207e+00 0.000000000000000000e+00
-1.123082595870206202e+00 0.000000000000000000e+00
-1.119469026548672419e+00 0.000000000000000000e+00
-1.115855457227138636e+00 0.000000000000000000e+00
-1.112241887905604631e+00 0.000000000000000000e+00
-1.108628318584070627e+00 0.000000000000000000e+00
-1.105014749262536622e+00 0.000000000000000000e+00
-1.101401179941002617e+00 0.000000000000000000e+00
-1.097787610619468834e+00 0.000000000000000000e+00
-1.094174041297935052e+00 0.000000000000000000e+00
-1.090560471976401047e+00 0.000000000000000000e+00
-1.086946902654867042e+00 0.000000000000000000e+00
-1.083333333333333037e+00 0.000000000000000000e+00
-1.079719764011799255e+00 0.000000000000000000e+00
-1.076106194690265472e+00 0.000000000000000000e+00
-1.072492625368731467e+00 0.000000000000000000e+00
-1.068879056047197462e+00 0.000000000000000000e+00
-1.065265486725663457e+00 0.000000000000000000e+00
-1.061651917404129453e+00 0.000000000000000000e+00
-1.058038348082595670e+00 0.000000000000000000e+00
-1.054424778761061887e+00 0.000000000000000000e+00
-1.050811209439527882e+00 0.000000000000000000e+00
-1.047197640117993878e+00 0.000000000000000000e+00
-1.043584070796459873e+00 0.000000000000000000e+00
-1.039970501474926090e+00 0.000000000000000000e+00
-1.036356932153392307e+00 0.000000000000000000e+00
-1.032743362831858303e+00 0.000000000000000000e+00
-1.029129793510324298e+00 0.000000000000000000e+00
-1.025516224188790293e+00 0.000000000000000000e+00
-1.021902654867256510e+00 0.000000000000000000e+00
-1.018289085545722505e+00 0.000000000000000000e+00
-1.014675516224188723e+00 0.000000000000000000e+00
-1.011061946902654718e+00 0.000000000000000000e+00
-1.007448377581120713e+00 0.000000000000000000e+00
-1.003834808259586708e+00 0.000000000000000000e+00
-1.000221238938052926e+00 0.000000000000000000e+00
-9.966076696165190318e-01 0.000000000000000000e+00
-9.929941002949850271e-01 0.000000000000000000e+00
-9.893805309734511333e-01 0.000000000000000000e+00
-9.857669616519172395e-01 0.000000000000000000e+00
-9.821533923303833458e-01 0.000000000000000000e+00
-9.785398230088493410e-01 0.000000000000000000e+00
-9.749262536873154472e-01 0.000000000000000000e+00
-9.713126843657815535e-01 0.000000000000000000e+00
-9.676991150442475487e-01 0.000000000000000000e+00
-9.640855457227136549e-01 0.000000000000000000e+00
-9.604719764011797611e-01 0.000000000000000000e+00
-9.568584070796458674e-01 0.000000000000000000e+00
-9.532448377581118626e-01 0.000000000000000000e+00
-9.496312684365779688e-01 0.000000000000000000e+00
-9.460176991150440751e-01 0.000000000000000000e+00
-9.424041297935101813e-01 0.000000000000000000e+00
-9.387905604719761765e-01 0.000000000000000000e+00
-9.351769911504422828e-01 0.000000000000000000e+00
-9.315634218289083890e-01 0.000000000000000000e+00
-9.279498525073743842e-01 0.000000000000000000e+00
-9.243362831858404904e-01 0.000000000000000000e+00
-9.207227138643065967e-01 0.000000000000000000e+00
-9.171091445427727029e-01 0.000000000000000000e+00
-9.134955752212386981e-01 0.000000000000000000e+00
-9.098820058997048044e-01 0.000000000000000000e+00
-9.062684365781709106e-01 0.000000000000000000e+00
-9.026548672566370168e-01 0.000000000000000000e+00
-8.990412979351030121e-01 0.000000000000000000e+00
-8.954277286135692293e-01 0.000000000000000000e+00
-8.918141592920352245e-01 0.000000000000000000e+00
-8.882005899705012197e-01 0.000000000000000000e+00
-8.845870206489674370e-01 0.000000000000000000e+00
-8.809734513274334322e-01 0.000000000000000000e+00
-8.773598820058994274e-01 0.000000000000000000e+00
-8.737463126843656447e-01 0.000000000000000000e+00
-8.701327433628316399e-01 0.000000000000000000e+00
-8.665191740412976351e-01 0.000000000000000000e+00
-8.629056047197638524e-01 0.000000000000000000e+00
-8.592920353982298476e-01 0.000000000000000000e+00
-8.556784660766960648e-01 0.000000000000000000e+00
-8.520648967551620601e-01 0.000000000000000000e+00
-8.484513274336280553e-01 0.000000000000000000e+00
-8.448377581120942725e-01 0.000000000000000000e+00
-8.412241887905602677e-01 0.000000000000000000e+00
-8.376106194690262630e-01 0.000000000000000000e+00
-8.339970501474924802e-01 0.000000000000000000e+00
-8.303834808259584754e-01 0.000000000000000000e+00
-8.267699115044244706e-01 0.000000000000000000e+00
-8.231563421828906879e-01 0.000000000000000000e+00
-8.195427728613566831e-01 0.000000000000000000e+00
-8.159292035398229004e-01 0.000000000000000000e+00
-8.123156342182888956e-01 0.000000000000000000e+00
-8.087020648967548908e-01 0.000000000000000000e+00
-8.050884955752211081e-01 0.000000000000000000e+00
-8.014749262536871033e-01 0.000000000000000000e+00
-7.978613569321530985e-01 0.000000000000000000e+00
-7.942477876106193158e-01 0.000000000000000000e+00
-7.906342182890853110e-01 0.000000000000000000e+00
-7.870206489675513062e-01 0.000000000000000000e+00
-7.834070796460175234e-01 0.000000000000000000e+00
-7.797935103244835187e-01 0.000000000000000000e+00
-7.761799410029497359e-01 0.000000000000000000e+00
-7.725663716814157311e-01 0.000000000000000000e+00
-7.689528023598817263e-01 0.000000000000000000e+00
-7.653392330383479436e-01 0.000000000000000000e+00
-7.617256637168139388e-01 0.000000000000000000e+00
-7.581120943952799340e-01 0.000000000000000000e+00
-7.544985250737461513e-01 0.000000000000000000e+00
-7.508849557522121465e-01 0.000000000000000000e+00
-7.472713864306783638e-01 0.000000000000000000e+00
-7.436578171091443590e-01 0.000000000000000000e+00
-7.400442477876103542e-01 0.000000000000000000e+00
-7.364306784660765715e-01 0.000000000000000000e+00
-7.328171091445425667e-01 0.000000000000000000e+00
-7.292035398230085619e-01 0.000000000000000000e+00
-7.255899705014747791e-01 0.000000000000000000e+00
-7.219764011799407744e-01 0.000000000000000000e+00
-7.183628318584067696e-01 0.000000000000000000e+00
-7.147492625368729868e-01 0.000000000000000000e+00
-7.111356932153389820e-01 0.000000000000000000e+00
-7.075221238938051993e-01 0.000000000000000000e+00
-7.039085545722711945e-01 0.000000000000000000e+00
-7.002949852507371897e-01 0.000000000000000000e+00
-6.966814159292034070e-01 0.000000000000000000e+00
-6.930678466076694022e-01 0.000000000000000000e+00
-6.894542772861353974e-01 0.000000000000000000e+00
-6.858407079646016147e-01 0.000000000000000000e+00
-6.822271386430676099e-01 0.000000000000000000e+00
-6.786135693215336051e-01 0.000000000000000000e+00
-6.749999999999998224e-01 0.000000000000000000e+00
-6.713864306784658176e-01 0.000000000000000000e+00
-6.677728613569320348e-01 0.000000000000000000e+00
-6.641592920353980301e-01 0.000000000000000000e+00
-6.605457227138640253e-01 0.000000000000000000e+00
-6.569321533923302425e-01 0.000000000000000000e+00
-6.533185840707962377e-01 0.000000000000000000e+00
-6.497050147492622330e-01 0.000000000000000000e+00
-6.460914454277284502e-01 0.000000000000000000e+00
-6.424778761061944454e-01 0.000000000000000000e+00
-6.388643067846604406e-01 0.000000000000000000e+00
-6.352507374631266579e-01 0.000000000000000000e+00
-6.316371681415926531e-01 0.000000000000000000e+00
-6.280235988200588704e-01 0.000000000000000000e+00
-6.244100294985248656e-01 0.000000000000000000e+00
-6.207964601769908608e-01 0.000000000000000000e+00
-6.171828908554570781e-01 0.000000000000000000e+00
-6.135693215339230733e-01 0.000000000000000000e+00
-6.099557522123890685e-01 0.000000000000000000e+00
-6.063421828908552857e-01 0.000000000000000000e+00
-6.027286135693212810e-01 0.000000000000000000e+00
-5.991150442477872762e-01 0.000000000000000000e+00
-5.955014749262534934e-01 0.000000000000000000e+00
-5.918879056047194887e-01 0.000000000000000000e+00
-5.882743362831857059e-01 0.000000000000000000e+00
-5.846607669616517011e-01 0.000000000000000000e+00
-5.810471976401176963e-01 0.000000000000000000e+00
-5.774336283185839136e-01 0.000000000000000000e+00
-5.738200589970499088e-01 0.000000000000000000e+00
-5.702064896755159040e-01 0.000000000000000000e+00
-5.665929203539821213e-01 0.000000000000000000e+00
-5.629793510324481165e-01 0.000000000000000000e+00
-5.593657817109143338e-01 9.629339437445895146e-321
-5.557522123893803290e-01 7.050227134851154945e-302
-5.521386430678463242e-01 4.324950388417003204e-284
-5.485250737463125414e-01 2.556973851008360049e-267
-5.449115044247785367e-01 1.662661441037370376e-251
-5.412979351032445319e-01 1.346946142907997599e-236
-5.376843657817107491e-01 1.529166465406338743e-222
-5.340707964601767443e-01 2.718509146189973844e-209
-5.304572271386427396e-01 8.403834944974741453e-197
-5.268436578171089568e-01 4.986921432932324022e-185
-5.232300884955749520e-01 6.236140882743391134e-174
-5.196165191740411693e-01 1.794593894381981327e-163
-5.160029498525071645e-01 1.291423076598198673e-153
-5.123893805309731597e-01 2.513483329553216789e-144
-5.087758112094393770e-01 1.424700906964684727e-135
-5.051622418879053722e-01 2.521951262354110447e-127
-5.015486725663713674e-01 1.489127224436149513e-119
-4.979351032448375847e-01 3.121143279768795249e-112
-4.943215339233035799e-01 2.462439511823728259e-105
-4.907079646017695751e-01 7.729202150031476291e-99
-4.870943952802357924e-01 1.016981656409288389e-92
-4.834808259587017876e-01 5.892697570759731495e-87
-4.798672566371680048e-01 1.575230174618436132e-81
-4.762536873156340000e-01 2.029877938837681737e-76
-4.726401179940999953e-01 1.314268413953302113e-71
-4.690265486725662125e-01 4.445945953113653683e-67
-4.654129793510322077e-01 8.153246001739686452e-63
-4.617994100294982029e-01 8.392665678325609272e-59
-4.581858407079644202e-01 5.011137947966114054e-55
-4.545722713864304154e-01 1.790190220016628570e-51
-4.509587020648964106e-01 3.939928011091061547e-48
-4.473451327433626279e-01 5.491448107900658640e-45
-4.437315634218286231e-01 4.975100125257782600e-42
-4.401179941002948404e-01 3.002629036280198226e-39
-4.365044247787608356e-01 1.235528198976454153e-36
-4.328908554572268308e-01 3.542848155570809468e-34
-4.292772861356930481e-01 7.227076224705584909e-32
-4.256637168141590433e-01 1.069394712153890830e-29
-4.220501474926250385e-01 1.169111881548038760e-27
-4.184365781710912557e-01 9.608227294348666969e-26
-4.148230088495572510e-01 6.033935635127349172e-24
-4.112094395280232462e-01 2.940545199433096519e-22
-4.075958702064894634e-01 1.128354387368507937e-20
-4.039823008849554586e-01 3.456342896210040775e-19
-4.003687315634216759e-01 8.561848216878745923e-18
-3.967551622418876711e-01 1.736221028482414783e-16
-3.931415929203536663e-01 2.915655556900710399e-15
-3.895280235988198836e-01 4.099062637772692087e-14
-3.859144542772858788e-01 4.874228669691586962e-13
-3.823008849557518740e-01 4.949982503358966510e-12
-3.786873156342180913e-01 4.332544440946513789e-11
-3.750737463126840865e-01 3.296585644026004367e-10
-3.714601769911500817e-01 2.198345361172933395e-09
-3.678466076696162990e-01 1.294689957692091925e-08
-3.642330383480822942e-01 6.782864395023020726e-08
-3.606194690265485114e-01 3.182723830695442827e-07
-3.570058997050145067e-01 1.346219995438835834e-06
-3.533923303834805019e-01 5.164145650616716674e-06
-3.497787610619467191e-01 1.806885629332260232e-05
-3.461651917404127143e-01 5.797699010779990117e-05
-3.425516224188787096e-01 1.714680699259521057e-04
-3.389380530973449268e-01 4.696749878064197803e-04
-3.353244837758109220e-01 1.196915484673484074e-03
-3.317109144542771393e-01 2.849933549141590947e-03
-3.280973451327431345e-01 6.365885658249434073e-03
-3.244837758112091297e-01 1.339009780562900806e-02
-3.208702064896753470e-01 2.661726231127314185e-02
-3.172566371681413422e-01 5.017217155690285868e-02
-3.136430678466073374e-01 8.996295676522249318e-02
-3.100294985250735547e-01 1.539105122510389390e-01
-3.064159292035395499e-01 2.519442724338686324e-01
-3.028023598820055451e-01 3.956670876616386057e-01
-2.991887905604717623e-01 5.976347504427828028e-01
-2.955752212389377576e-01 8.702637663655752309e-01
-2.919616519174039748e-01 1.224460349902784184e+00
-2.883480825958699700e-01 1.668135160220320046e+00
-2.847345132743359652e-01 2.204813222562293173e+00
-2.811209439528021825e-01 2.832554235439358692e+00
-2.775073746312681777e-01 3.543362332129825099e+00
-2.738938053097341729e-01 4.323193968794287301e+00
-2.702802359882003902e-01 5.152583292839074680e+00
-2.666666666666663854e-01 6.007814637544306891e+00
-2.630530973451323806e-01 6.862498592063156266e+00
-2.594395280235985979e-01 7.689362982253192591e+00
-2.558259587020645931e-01 8.462057557580228817e+00
-2.522123893805308104e-01 9.156788873725178135e+00
-2.485988200589968056e-01 9.753642379655495631e+00
-2.449852507374628008e-01 1.023750206305527044e+01
-2.413716814159290180e-01 1.059853403808516781e+01
-2.377581120943950133e-01 1.083225076188829661e+01
-2.341445427728610085e-01 1.093921150595480896e+01
-2.305309734513272257e-01 1.092443967134044591e+01
-2.269174041297932209e-01 1.079664855781257948e+01
-2.233038348082592162e-01 1.056736623297526556e+01
-2.196902654867254334e-01 1.025004024171487949e+01
-2.160766961651914286e-01 9.859187422101726384e+00
-2.124631268436576459e-01 9.409636181815283607e+00
-2.088495575221236411e-01 8.915890774472790881e+00
-2.052359882005896363e-01 8.391631187227680755e+00
-2.016224188790558536e-01 7.849349258476355118e+00
-1.980088495575218488e-01 7.300112001671547723e+00
-1.943952802359878440e-01 6.753436752504549112e+00
-1.907817109144540613e-01 6.217259300637232755e+00
-1.871681415929200565e-01 5.697975063207428192e+00
-1.835545722713860517e-01 5.200534001996762079e+00
-1.799410029498522690e-01 4.728571804384210431e+00
-1.763274336283182642e-01 4.284562342715275918e+00
-1.727138643067844814e-01 3.869979200937695651e+00
-1.691002949852504766e-01 3.485456819361691050e+00
-1.654867256637164719e-01 3.130944362326077535e+00
-1.618731563421826891e-01 2.805847644325349499e+00
-1.582595870206486843e-01 2.509156305749669968e+00
-1.546460176991146795e-01 2.239554903434210598e+00
-1.510324483775808968e-01 1.995517697641298049e+00
-1.474188790560468920e-01 1.775387717650218189e+00
-1.438053097345131093e-01 1.577441222823839695e+00
-1.401917404129791045e-01 1.399938996408908176e+00
-1.365781710914450997e-01 1.241166064073854880e+00
-1.329646017699113170e-01 1.099461461517402316e+00
-1.293510324483773122e-01 9.732396219885373068e-01
-1.257374631268433074e-01 8.610048449762568445e-01
-1.221238938053095247e-01 7.613601648982132319e-01
-1.185103244837755199e-01 6.730117808176152572e-01
-1.148967551622415151e-01 5.947700476292232530e-01
-1.112831858407077323e-01 5.255478743722837853e-01
-1.076696165191737276e-01 4.643572318100423479e-01
-1.040560471976399448e-01 4.103043422367329551e-01
-1.004424778761059400e-01 3.625840109687911705e-01
-9.682890855457193524e-02 3.204734612606352506e-01
-9.321533923303815250e-02 2.833259517598482602e-01
-8.960176991150414771e-02 2.505643868903402183e-01
-8.598820058997014293e-02 2.216750742680860808e-01
-8.237463126843636019e-02 1.962017378567670889e-01
-7.876106194690235540e-02 1.737398595178757943e-01
-7.514749262536835062e-02 1.539313934439377196e-01
-7.153392330383456788e-02 1.364598763546866766e-01
-6.792035398230056309e-02 1.210459401023626508e-01
-6.430678466076678035e-02 1.074432214453472229e-01
-6.069321533923277556e-02 9.543465533033002046e-02
-5.707964601769877078e-02 8.482913233280109377e-02
-5.346607669616498804e-02 7.545849733013511307e-02
-4.985250737463098325e-02 6.717486451841753192e-02
-4.623893805309697846e-02 5.984822312652205573e-02
-4.262536873156319572e-02 5.336430830362789285e-02
-3.901179941002919094e-02 4.762271240239540626e-02
-3.539823008849518615e-02 4.253521304895591104e-02
-3.178466076696140341e-02 3.802429582856262785e-02
-2.817109144542739863e-02 3.402185100543259066e-02
-2.455752212389361588e-02 3.046802535011615062e-02
-2.094395280235961110e-02 2.731021180449873589e-02
-1.733038348082560631e-02 2.450216132873030139e-02
-1.371681415929182357e-02 2.200320281566797709e-02
-1.010324483775781879e-02 1.977755840761099074e-02
-6.489675516223814000e-03 1.779374289613046278e-02
-2.876106194690031259e-03 1.602403712374823874e-02
7.374631268439735265e-04 1.444402613176943434e-02
4.351032448377978312e-03 1.303214088666300972e-02
7.964601769911761053e-03 1.176927613219719282e-02
1.157817109144576584e-02 1.063861362629837763e-02
1.519174041297954858e-02 9.625349038727160425e-03
1.880530973451355337e-02 8.716437656072871867e-03
2.241887905604755815e-02 7.900373775612224217e-03
2.603244837758134089e-02 7.166999124920671316e-03
2.964601769911534568e-02 6.507336316149799765e-03
3.325958702064935046e-02 5.913443915369018429e-03
3.687315634218313321e-02 5.378290193895725844e-03
4.048672566371713799e-02 4.895643043184491443e-03
4.410029498525114278e-02 4.459973888607161700e-03
4.771386430678492552e-02 4.066373739597770043e-03
5.132743362831893030e-02 3.710479771959331995e-03
5.494100294985271304e-02 3.388411059220988383e-03
5.855457227138671783e-02 3.096712259353734831e-03
6.216814159292072262e-02 2.832304225605243586e-03
6.578171091445450536e-02 2.592440649678697234e-03
6.939528023598851014e-02 2.374669965330209256e-03
7.300884955752251493e-02 2.176801843556046973e-03
7.662241887905629767e-02 1.996877699311972679e-03
8.023598820059030245e-02 1.833144706219383847e-03
8.384955752212408520e-02 1.684032881721910348e-03
8.746312684365808998e-02 1.548134862158316149e-03
9.107669616519209477e-02 1.424188036488823958e-03
9.469026548672587751e-02 1.311058750040059936e-03
9.830383480825988229e-02 1.207728326549679584e-03
1.019174041297938871e-01 1.113280688789285502e-03
1.055309734513278919e-01 1.026891385804277676e-03
1.091445427728614526e-01 9.478178589154657649e-04
1.127581120943954573e-01 8.753907995778396813e-04
1.163716814159294621e-01 8.090064704177013467e-04
1.199852507374634669e-01 7.481198766369110634e-04
1.235988200589974717e-01 6.922386888013751715e-04
1.272123893805314765e-01 6.409178300907111912e-04
1.308259587020650372e-01 5.937546516138440941e-04
1.344395280235990420e-01 5.503846285924360315e-04
1.380530973451330468e-01 5.104775182564469382e-04
1.416666666666670515e-01 4.737339273334641404e-04
1.452802359882010563e-01 4.398822431775311725e-04
1.488938053097346170e-01 4.086758879858800307e-04
1.525073746312686218e-01 3.798908602916455080e-04
1.561209439528026266e-01 3.533235320818040774e-04
1.597345132743366314e-01 3.287886735456667744e-04
1.633480825958706362e-01 3.061176806743631297e-04
1.669616519174046410e-01 2.851569837609033110e-04
1.705752212389382017e-01 2.657666173421285513e-04
1.741887905604722064e-01 2.478189343199885286e-04
1.778023598820062112e-01 2.311974489365882241e-04
1.814159292035402160e-01 2.157957949872307932e-04
1.850294985250742208e-01 2.015167871660726942e-04
1.886430678466077815e-01 1.882715747741544601e-04
1.922566371681417863e-01 1.759788782006429316e-04
1.958702064896757911e-01 1.645642996338320607e-04
1.994837758112097958e-01 1.539597003847197651e-04
2.030973451327438006e-01 1.441026380272494520e-04
2.067109144542778054e-01 1.349358572878770347e-04
2.103244837758113661e-01 1.264068292639429101e-04
2.139380530973453709e-01 1.184673341249368003e-04
2.175516224188793757e-01 1.110730829616298198e-04
2.211651917404133805e-01 1.041833749024651397e-04
2.247787610619473853e-01 9.776078602117147594e-05
2.283923303834809460e-01 9.177088691994858679e-05
2.320058997050149507e-01 8.618198619379568775e-05
2.356194690265489555e-01 8.096489726808885491e-05
2.392330383480829603e-01 7.609272635726447220e-05
2.428466076696169651e-01 7.154067952085677506e-05
2.464601769911509699e-01 6.728588699728365013e-05
2.500737463126845306e-01 6.330724317829901262e-05
2.536873156342185354e-01 5.958526075037465404e-05
2.573008849557525402e-01 5.610193767552537072e-05
2.609144542772865449e-01 5.284063581510784109e-05
2.645280235988205497e-01 4.978597011759436196e-05
2.681415929203541104e-01 4.692370739667471629e-05
2.717551622418881152e-01 4.424067382061244898e-05
2.753687315634221200e-01 4.172467031870591279e-05
2.789823008849561248e-01 3.936439518702105131e-05
2.825958702064901296e-01 3.714937324417807719e-05
2.862094395280241343e-01 3.506989094971328343e-05
2.898230088495576950e-01 3.311693695309346605e-05
2.934365781710916998e-01 3.128214759152018521e-05
2.970501474926257046e-01 2.955775689975749201e-05
3.006637168141597094e-01 2.793655073588668258e-05
3.042772861356937142e-01 2.641182466358126991e-05
3.078908554572272749e-01 2.497734526461767887e-05
3.115044247787612797e-01 2.362731458524331169e-05
3.151179941002952845e-01 2.235633744706380248e-05
3.187315634218292892e-01 2.115939137753696528e-05
3.223451327433632940e-01 2.003179893728397718e-05
3.259587020648972988e-01 1.896920224142697192e-05
3.295722713864308595e-01 1.796753949028675307e-05
3.331858407079648643e-01 1.702302334119354044e-05
3.367994100294988691e-01 1.613212096804352895e-05
3.404129793510328739e-01 1.529153566873097021e-05
3.440265486725668787e-01 1.449818989283877578e-05
3.476401179941004393e-01 1.374920957308361179e-05
3.512536873156344441e-01 1.304190965411556504e-05
3.548672566371684489e-01 1.237378072145358938e-05
3.584808259587024537e-01 1.174247664167519377e-05
3.620943952802364585e-01 1.114580313257918674e-05
3.657079646017700192e-01 1.058170718894320599e-05
3.693215339233040240e-01 1.004826729579088615e-05
3.729351032448380288e-01 9.543684366813175380e-06
3.765486725663720335e-01 9.066273350810258181e-06
3.801622418879060383e-01 8.614455453782821434e-06
3.837758112094400431e-01 8.186750928646134508e-06
3.873893805309736038e-01 7.781772388502307451e-06
3.910029498525076086e-01 7.398218603028071933e-06
3.946165191740416134e-01 7.034868740840218438e-06
3.982300884955756182e-01 6.690577023722304091e-06
4.018436578171096230e-01 6.364267761359754841e-06
4.054572271386431837e-01 6.054930737755548567e-06
4.090707964601771884e-01 5.761616922811423050e-06
4.126843657817111932e-01 5.483434484676875073e-06
4.162979351032451980e-01 5.219545080405027236e-06
4.199115044247792028e-01 4.969160404230763689e-06
4.235250737463132076e-01 4.731538974416214692e-06
4.271386430678467683e-01 4.505983141098377237e-06
4.307522123893807731e-01 4.291836298945880309e-06
4.343657817109147778e-01 4.088480289687147725e-06
4.379793510324487826e-01 3.895332980725669634e-06
4.415929203539827874e-01 3.711846007119712334e-06
4.452064896755163481e-01 3.537502665175444920e-06
4.488200589970503529e-01 3.371815946798971542e-06
4.524336283185843577e-01 3.214326704575774212e-06
4.560471976401183625e-01 3.064601938302149247e-06
4.596607669616523673e-01 2.922233194391851075e-06
4.632743362831863720e-01 2.786835070221299741e-06
4.668879056047199327e-01 2.658043816068451190e-06
4.705014749262539375e-01 2.535516027844658631e-06
4.741150442477879423e-01 2.418927424320647493e-06
4.777286135693219471e-01 2.307971703010812928e-06
4.813421828908559519e-01 2.202359469306712445e-06
4.849557522123895126e-01 2.101817233844722325e-06
4.885693215339235174e-01 2.006086473456835894e-06
4.921828908554575222e-01 1.914922751389346024e-06
4.957964601769915269e-01 1.828094892784695152e-06
4.994100294985255317e-01 1.745384211709115501e-06
5.030235988200595365e-01 1.666583786273886735e-06
5.066371681415930972e-01 1.591497778644073388e-06
5.102507374631271020e-01 1.519940796955923287e-06
5.138643067846611068e-01 1.451737296375068505e-06
5.174778761061951116e-01 1.386721016722929067e-06
5.210914454277291163e-01 1.324734454279974288e-06
5.247050147492626770e-01 1.265628365542825812e-06
5.283185840707966818e-01 1.209261300868248814e-06
5.319321533923306866e-01 1.155499166082418141e-06
5.355457227138646914e-01 1.104214810268693135e-06
5.391592920353986962e-01 1.055287638073228040e-06
5.427728613569327010e-01 1.008603244984528716e-06
5.463864306784662617e-01 9.640530741525805320e-07
5.500000000000002665e-01 9.215340934150972755e-07
5.536135693215342712e-01 8.809484912938349246e-07
5.572271386430682760e-01 8.422033908130365119e-07
5.608407079646022808e-01 8.052105800756894693e-07
5.644542772861358415e-01 7.698862586117082939e-07
5.680678466076698463e-01 7.361507985855495028e-07
5.716814159292038511e-01 7.039285200200943303e-07
5.752949852507378559e-01 6.731474792585353431e-07
5.789085545722718606e-01 6.437392699472778286e-07
5.825221238938058654e-01 6.156388358804483258e-07
5.861356932153394261e-01 5.887842951007896926e-07
5.897492625368734309e-01 5.631167747025574226e-07
5.933628318584074357e-01 5.385802558295169092e-07
5.969764011799414405e-01 5.151214284053798719e-07
6.005899705014754453e-01 4.926895551744958549e-07
6.042035398230090060e-01 4.712363446673797496e-07
6.078171091445430108e-01 4.507158327378457120e-07
6.114306784660770155e-01 4.310842723457929468e-07
6.150442477876110203e-01 4.123000312807278013e-07
6.186578171091450251e-01 3.943234975351920300e-07
6.222713864306790299e-01 3.771169920423596135e-07
6.258849557522125906e-01 3.606446884869727848e-07
6.294985250737465954e-01 3.448725398809814876e-07
6.331120943952806002e-01 3.297682115626206080e-07
6.367256637168146050e-01 3.153010202277930654e-07
6.403392330383486097e-01 3.014418785328987758e-07
6.439528023598821704e-01 2.881632447166879399e-07
6.475663716814161752e-01 2.754390765735622921e-07
6.511799410029501800e-01 2.632447889720020949e-07
6.547935103244841848e-01 2.515572139505508677e-07
6.584070796460181896e-01 2.403545622446413098e-07
6.620206489675521944e-01 2.296163849079417625e-07
6.656342182890857551e-01 2.193235335044886006e-07
6.692477876106197598e-01 2.094581171800841771e-07
6.728613569321537646e-01 2.000034547973883463e-07
6.764749262536877694e-01 1.909440202678012309e-07
6.800884955752217742e-01 1.822653792691996136e-07
6.837020648967553349e-01 1.739541157377927929e-07
6.873156342182893397e-01 1.659977468990568178e-07
6.909292035398233445e-01 1.583846261829515380e-07
6.945427728613573493e-01 1.511038341624673591e-07
6.981563421828913540e-01 1.441450586482443432e-07
7.017699115044253588e-01 1.374984662195327298e-07
7.053834808259589195e-01 1.311545686904333703e-07
7.089970501474929243e-01 1.251040891805912211e-07
7.126106194690269291e-01 1.193378334325707622e-07
7.162241887905609339e-01 1.138465726322946197e-07
7.198377581120949387e-01 1.086209440941550830e-07
7.234513274336284994e-01 1.036513756597909441e-07
7.270648967551625041e-01 9.892803849077342052e-08
7.306784660766965089e-01 9.444083116441715592e-08
7.342920353982305137e-01 9.017939576115196561e-08
7.379056047197645185e-01 8.613316419978721984e-08
7.415191740412985233e-01 8.229143072437727285e-08
7.451327433628320840e-01 7.864344446888222894e-08
7.487463126843660888e-01 7.517851467122335616e-08
7.523598820059000936e-01 7.188612053191777606e-08
7.559734513274340983e-01 6.875601795080601668e-08
7.595870206489681031e-01 6.577833634490350100e-08
7.632005899705016638e-01 6.294366026985217199e-08
7.668141592920356686e-01 6.024309239779811323e-08
7.704277286135696734e-01 5.766829629512802939e-08
7.740412979351036782e-01 5.521151917410147523e-08
7.776548672566376830e-01 5.286559620243169133e-08
7.812684365781712437e-01 5.062393895627823148e-08
7.848820058997052485e-01 4.848051117707300073e-08
7.884955752212392532e-01 4.642979517942409443e-08
7.921091445427732580e-01 4.446675213114800788e-08
7.957227138643072628e-01 4.258677907874698730e-08
7.993362831858412676e-01 4.078566511363598920e-08
8.029498525073748283e-01 3.905954854534050605e-08
8.065634218289088331e-01 3.740487642868597852e-08
8.101769911504428379e-01 3.581836732393792845e-08
8.137905604719768426e-01 3.429697777499703880e-08
8.174041297935108474e-01 3.283787267964096432e-08
8.210176991150444081e-01 3.143839949544312153e-08
8.246312684365784129e-01 3.009606606680659515e-08
8.282448377581124177e-01 2.880852176063507669e-08
8.318584070796464225e-01 2.757354154764858481e-08
8.354719764011804273e-01 2.638901265101672126e-08
8.390855457227144321e-01 2.525292339315351866e-08
8.426991150442479928e-01 2.416335389641434214e-08
8.463126843657819975e-01 2.311846832727841582e-08
8.499262536873160023e-01 2.211650841138025582e-08
8.535398230088500071e-01 2.115578798497796620e-08
8.571533923303840119e-01 2.023468838488796489e-08
8.607669616519175726e-01 1.935165451219343059e-08
8.643805309734515774e-01 1.850519143454542554e-08
8.679941002949855822e-01 1.769386141737152241e-08
8.716076696165195870e-01 1.691628129594371413e-08
8.752212389380535917e-01 1.617112011830171838e-08
8.788348082595875965e-01 1.545709700386431504e-08
8.824483775811211572e-01 1.477297917461501250e-08
8.860619469026551620e-01 1.411758012543310681e-08
8.896755162241891668e-01 1.348975790784335232e-08
8.932890855457231716e-01 1.288841350751347055e-08
8.969026548672571764e-01 1.231248930056741129e-08
9.005162241887907371e-01 1.176096757744001016e-08
9.041297935103247418e-01 1.123286912579633384e-08
9.077433628318587466e-01 1.072725186617615786e-08
9.113569321533927514e-01 1.024320953561375843e-08
9.149705014749267562e-01 9.779870415677374426e-09
9.185840707964607610e-01 9.336396102243951305e-09
9.221976401179943217e-01 8.911980314954925199e-09
9.258112094395283265e-01 8.505847744750290440e-09
9.294247787610623313e-01 8.117252938192495933e-09
9.330383480825963360e-01 7.745479217503409530e-09
9.366519174041303408e-01 7.389837635380788565e-09
9.402654867256639015e-01 7.049665963747841526e-09
9.438790560471979063e-01 6.724327715641119917e-09
9.474926253687319111e-01 6.413211199470173027e-09
9.511061946902659159e-01 6.115728604891537001e-09
9.547197640117999207e-01 5.831315119541752959e-09
9.583333333333339255e-01 5.559428075868972991e-09
9.619469026548674861e-01 5.299546127294439343e-09
9.655604719764014909e-01 5.051168452930062289e-09
9.691740412979354957e-01 4.813813990070238114e-09
9.727876106194695005e-01 4.587020693672591880e-09
9.764011799410035053e-01 4.370344822041526411e-09
9.800147492625370660e-01 4.163360247928827903e-09
9.836283185840710708e-01 3.965657794269732627e-09
9.872418879056050756e-01 3.776844593779656156e-09
9.908554572271390803e-01 3.596543471644858182e-09
9.944690265486730851e-01 3.424392350552925494e-09
9.980825958702070899e-01 3.260043677319536216e-09
1.001696165191740651e+00 3.103163870384821727e-09
1.005309734513274655e+00 2.953432787466699843e-09
1.008923303834808660e+00 2.810543212676126280e-09
1.012536873156342665e+00 2.674200362416903132e-09
1.016150442477876670e+00 2.544121409410730567e-09
1.019764011799410230e+00 2.420035024207236218e-09
1.023377581120944235e+00 2.301680933557059093e-09
1.026991150442478240e+00 2.188809495046758387e-09
1.030604719764012245e+00 2.081181287410913724e-09
1.034218289085546250e+00 1.978566715958622993e-09
1.037831858407080254e+00 1.880745632568070634e-09
1.041445427728613815e+00 1.787506969723131181e-09
1.045058997050147820e+00 1.698648388082712578e-09
1.048672566371681825e+00 1.613975937092902846e-09
1.052286135693215829e+00 1.533303728167761793e-09
1.055899705014749834e+00 1.456453619982954565e-09
1.059513274336283395e+00 1.383254915442084849e-09
1.063126843657817400e+00 1.313544069891735220e-09
1.066740412979351404e+00 1.247164410177024574e-09
1.070353982300885409e+00 1.183965864143887590e-09
1.073967551622419414e+00 1.123804700209328638e-09
1.077581120943953419e+00 1.066543276634547695e-09
1.081194690265486980e+00 1.012049800149377211e-09
1.084808259587020984e+00 9.601980935895236167e-10
1.088421828908554989e+00 9.108673722204572163e-10
1.092035398230088994e+00 8.639420284340597941e-10
1.095648967551622999e+00 8.193114245154387097e-10
1.099262536873156559e+00 7.768696931886905723e-10
1.102876106194690564e+00 7.365155456610221160e-10
1.106489675516224569e+00 6.981520868947765099e-10
1.110103244837758574e+00 6.616866378471094701e-10
1.113716814159292579e+00 6.270305644262425970e-10
1.117330383480826583e+00 5.940991129225551576e-10
1.120943952802360144e+00 5.628112516814874022e-10
1.124557522123894149e+00 5.330895187935780649e-10
1.128171091445428154e+00 5.048598755852687611e-10
1.131784660766962158e+00 4.780515657015348356e-10
1.135398230088496163e+00 4.525969795792828166e-10
1.139011799410029724e+00 4.284315241173351708e-10
1.142625368731563729e+00 4.054934973558557970e-10
1.146238938053097733e+00 3.837239679847212604e-10
1.149852507374631738e+00 3.630666595066726660e-10
1.153466076696165743e+00 3.434678388872644887e-10
1.157079646017699748e+00 3.248762095295096357e-10
1.160693215339233308e+00 3.072428084168518108e-10
1.164306784660767313e+00 2.905209072735064252e-10
1.167920353982301318e+00 2.746659175965391171e-10
1.171533923303835323e+00 2.596352994190339835e-10
1.175147492625369328e+00 2.453884736687542343e-10
1.178761061946902888e+00 2.318867379911995778e-10
1.182374631268436893e+00 2.190931859106624585e-10
1.185988200589970898e+00 2.069726292072214317e-10
1.189601769911504903e+00 1.954915233917118399e-10
1.193215339233038907e+00 1.846178961650021161e-10
1.196828908554572468e+00 1.743212787516042993e-10
1.200442477876106473e+00 1.645726400015613606e-10
1.204056047197640478e+00 1.553443231581942058e-10
1.207669616519174483e+00 1.466099851927787935e-10
1.211283185840708487e+00 1.383445386106395203e-10
1.214896755162242492e+00 1.305240956364669337e-10
1.218510324483776053e+00 1.231259146898174481e-10
1.222123893805310058e+00 1.161283490648071331e-10
1.225737463126844062e+00 1.095107977310248016e-10
1.229351032448378067e+00 1.032536581754995216e-10
1.232964601769912072e+00 9.733828120838423787e-11
1.236578171091445633e+00 9.174692765764954191e-11
1.240191740412979637e+00 8.646272688070047893e-11
1.243805309734513642e+00 8.146963702332660442e-11
1.247418879056047647e+00 7.675240695881000502e-11
1.251032448377581652e+00 7.229653984238041564e-11
1.254646017699115657e+00 6.808825821844752705e-11
1.258259587020649217e+00 6.411447062025070081e-11
1.261873156342183222e+00 6.036273960369065079e-11
1.265486725663717227e+00 5.682125115915123230e-11
1.269100294985251232e+00 5.347878544710179255e-11
1.272713864306785236e+00 5.032468880521661395e-11
1.276327433628318797e+00 4.734884697657769274e-11
1.279941002949852802e+00 4.454165951035416907e-11
1.283554572271386807e+00 4.189401528807728821e-11
1.287168141592920811e+00 3.939726913031764740e-11
1.290781710914454816e+00 3.704321944021028942e-11
1.294395280235988821e+00 3.482408684184263025e-11
1.298008849557522382e+00 3.273249377305683214e-11
1.301622418879056386e+00 3.076144499368262728e-11
1.305235988200590391e+00 2.890430897166300989e-11
1.308849557522124396e+00 2.715480011090135819e-11
1.312463126843658401e+00 2.550696178600943388e-11
1.316076696165191962e+00 2.395515015042371746e-11
1.319690265486725966e+00 2.249401868560656092e-11
1.323303834808259971e+00 2.111850346026750628e-11
1.326917404129793976e+00 1.982380906970015203e-11
1.330530973451327981e+00 1.860539522647018867e-11
1.334144542772861985e+00 1.745896397477700781e-11
1.337758112094395546e+00 1.638044750187349210e-11
1.341371681415929551e+00 1.536599652094668188e-11
1.344985250737463556e+00 1.441196920085409910e-11
1.348598820058997561e+00 1.351492061905599794e-11
1.352212389380531565e+00 1.267159271501554155e-11
1.355825958702065126e+00 1.187890472222039092e-11
1.359439528023599131e+00 1.113394405784200666e-11
1.363053097345133136e+00 1.043395764988057091e-11
1.366666666666667140e+00 9.776343682438829618e-12
1.370280235988201145e+00 9.158643740546653190e-12
1.373893805309735150e+00 8.578535336701506613e-12
1.377507374631268711e+00 8.033824802008208468e-12
1.381120943952802715e+00 7.522440525498592307e-12
1.384734513274336720e+00 7.042426525879284838e-12
1.388348082595870725e+00 6.591936340600133376e-12
1.391961651917404730e+00 6.169227217759755520e-12
1.395575221238938290e+00 5.772654596964032960e-12
1.399188790560472295e+00 5.400666865829127775e-12
1.402802359882006300e+00 5.051800379379811641e-12
1.406415929203540305e+00 4.724674730127597098e-12
1.410029498525074310e+00 4.417988257130265820e-12
1.413643067846608314e+00 4.130513782831593866e-12
1.417256637168141875e+00 3.861094566956420876e-12
1.420870206489675880e+00 3.608640467198911071e-12
1.424483775811209885e+00 3.372124296881898689e-12
1.428097345132743889e+00 3.150578370192547814e-12
1.431710914454277894e+00 2.943091226008137715e-12
1.435324483775811455e+00 2.748804521719260273e-12
1.438938053097345460e+00 2.566910088836060333e-12
1.442551622418879465e+00 2.396647142526417372e-12
1.446165191740413469e+00 2.237299637583519354e-12
1.449778761061947474e+00 2.088193763656149658e-12
1.453392330383481479e+00 1.948695572896162882e-12
1.457005899705015040e+00 1.818208733487026218e-12
1.460619469026549044e+00 1.696172402812916130e-12
1.464233038348083049e+00 1.582059214313430496e-12
1.467846607669617054e+00 1.475373372340288116e-12
1.471460176991151059e+00 1.375648849595068880e-12
1.475073746312684619e+00 1.282447681977184985e-12
1.478687315634218624e+00 1.195358355911645696e-12
1.482300884955752629e+00 1.113994283456593575e-12
1.485914454277286634e+00 1.037992360710787588e-12
1.489528023598820639e+00 9.670116052527857630e-13
1.493141592920354643e+00 9.007318685455022202e-13
1.496755162241888204e+00 8.388526194335865235e-13
1.500368731563422209e+00 7.810917950459947994e-13
1.503982300884956214e+00 7.271847155937950691e-13
1.507595870206490218e+00 6.768830597219871094e-13
1.511209439528024223e+00 6.299538972369915678e-13
1.514823008849557784e+00 5.861787761856382324e-13
1.518436578171091789e+00 5.453528614099963088e-13
1.522050147492625793e+00 5.072841218436050947e-13
1.525663716814159798e+00 4.717925639497598546e-13
1.529277286135693803e+00 4.387095088316265250e-13
1.532890855457227808e+00 4.078769106669930159e-13
1.536504424778761368e+00 3.791467142381380266e-13
1.540117994100295373e+00 3.523802494393458281e-13
1.543731563421829378e+00 3.274476607516640061e-13
1.547345132743363383e+00 3.042273697765426542e-13
1.550958702064897388e+00 2.826055690172440735e-13
1.554572271386430948e+00 2.624757451896952092e-13
1.558185840707964953e+00 2.437382304328059053e-13
1.561799410029498958e+00 2.262997798724700644e-13
1.565412979351032963e+00 2.100731740736855449e-13
1.569026548672566967e+00 1.949768449915326568e-13
1.572640117994100972e+00 1.809345241045081270e-13
1.576253687315634533e+00 1.678749114828614331e-13
1.579867256637168538e+00 1.557313646103636348e-13
1.583480825958702543e+00 1.444416058406647532e-13
1.587094395280236547e+00 1.339474474287953149e-13
1.590707964601770552e+00 1.241945331350960367e-13
1.594321533923304113e+00 1.151320954526097828e-13
1.597935103244838118e+00 1.067127275601130170e-13
1.601548672566372122e+00 9.889216915154009427e-14
1.605162241887906127e+00 9.162910533868538865e-14
1.608775811209440132e+00 8.488497786787727179e-14
1.612389380530973693e+00 7.862380793289908069e-14
1.616002949852507697e+00 7.281202990588852322e-14
1.619616519174041702e+00 6.741833534541047957e-14
1.623230088495575707e+00 6.241352667638947685e-14
1.626843657817109712e+00 5.777037997028745678e-14
1.630457227138643717e+00 5.346351628583759411e-14
1.634070796460177277e+00 4.946928106090958470e-14
1.637684365781711282e+00 4.576563107476585852e-14
1.641297935103245287e+00 4.233202852714130729e-14
1.644911504424779292e+00 3.914934180629418954e-14
1.648525073746313296e+00 3.619975254256926013e-14
1.652138643067846857e+00 3.346666856706230113e-14
1.655752212389380862e+00 3.093464241680576420e-14
1.659365781710914867e+00 2.858929504856068881e-14
1.662979351032448871e+00 2.641724444282323861e-14
1.666592920353982876e+00 2.440603879815040231e-14
1.670206489675516881e+00 2.254409403335659756e-14
1.673820058997050442e+00 2.082063533166576883e-14
1.677433628318584447e+00 1.922564247649277421e-14
1.681047197640118451e+00 1.774979874328360674e-14
1.684660766961652456e+00 1.638444312575350680e-14
1.688274336283186461e+00 1.512152568802485420e-14
1.691887905604720022e+00 1.395356584657458453e-14
1.695501474926254026e+00 1.287361339761157603e-14
1.699115044247788031e+00 1.187521211657208181e-14
1.702728613569322036e+00 1.095236576683952827e-14
1.706342182890856041e+00 1.009950636463652816e-14
1.709955752212390045e+00 9.311464556312345071e-15
1.713569321533923606e+00 8.583441972990027517e-15
1.717182890855457611e+00 7.910985435778072072e-15
1.720796460176991616e+00 7.289962892516504258e-15
1.724410029498525621e+00 6.716540974341289211e-15
1.728023598820059625e+00 6.187164067235057711e-15
1.731637168141593186e+00 5.698534800223262477e-15
1.735250737463127191e+00 5.247595857973588572e-15
1.738864306784661196e+00 4.831513031307169083e-15
1.742477876106195200e+00 4.447659424528815236e-15
1.746091445427729205e+00 4.093600743574501485e-15
1.749705014749263210e+00 3.767081593751421111e-15
1.753318584070796771e+00 3.466012720342594790e-15
1.756932153392330775e+00 3.188459129574515155e-15
1.760545722713864780e+00 2.932629031416239484e-15
1.764159292035398785e+00 2.696863549409478405e-15
1.767772861356932790e+00 2.479627146233951359e-15
1.771386430678466350e+00 2.279498717002426277e-15
1.775000000000000355e+00 2.095163305370694916e-15
1.778613569321534360e+00 1.925404400446631040e-15
1.782227138643068365e+00 1.769096775204457247e-15
1.785840707964602370e+00 1.625199829663771599e-15
1.789454277286136374e+00 1.492751404487613930e-15
1.793067846607669935e+00 1.370862032899559215e-15
1.796681415929203940e+00 1.258709600925489414e-15
1.800294985250737945e+00 1.155534387939489855e-15
1.803908554572271949e+00 1.060634461342326333e-15
1.807522123893805954e+00 9.733614009339166960e-16
1.811135693215339515e+00 8.931163301641077948e-16
1.814749262536873520e+00 8.193462329659523094e-16
1.818362831858407525e+00 7.515405362984794297e-16
1.821976401179941529e+00 6.892279398577865579e-16
1.825589970501475534e+00 6.319734756617866129e-16
1.829203539823009539e+00 5.793757813798570854e-16
1.832817109144543100e+00 5.310645723693197286e-16
1.836430678466077104e+00 4.866982984008858700e-16
1.840044247787611109e+00 4.459619720084957685e-16
1.843657817109145114e+00 4.085651562905689323e-16
1.847271386430679119e+00 3.742401008226002147e-16
1.850884955752212679e+00 3.427400151193371730e-16
1.854498525073746684e+00 3.138374698116569440e-16
1.858112094395280689e+00 2.873229163823495313e-16
1.861725663716814694e+00 2.630033169386017412e-16
1.865339233038348699e+00 2.407008760909195784e-16
1.868952802359882703e+00 2.202518675602721912e-16
1.872566371681416264e+00 2.015055486504251767e-16
1.876179941002950269e+00 1.843231562031194302e-16
1.879793510324484274e+00 1.685769781018652949e-16
1.883407079646018278e+00 1.541494948080439540e-16
1.887020648967552283e+00 1.409325858026093776e-16
1.890634218289085844e+00 1.288267961697207810e-16
1.894247787610619849e+00 1.177406588969075902e-16
1.897861356932153853e+00 1.075900687816043454e-16
1.901474926253687858e+00 9.829770412726446621e-17
1.905088495575221863e+00 8.979249268569843201e-17
1.908702064896755868e+00 8.200911855663326744e-17
1.912315634218289429e+00 7.488756699230904185e-17
1.915929203539823433e+00 6.837270427529681523e-17
1.919542772861357438e+00 6.241389004270831527e-17
1.923156342182891443e+00 5.696461962063532300e-17
1.926769911504425448e+00 5.198219410998739441e-17
1.930383480825959008e+00 4.742741612970945805e-17
1.933997050147493013e+00 4.326430927660738847e-17
1.937610619469027018e+00 3.945985950338970564e-17
1.941224188790561023e+00 3.598377674881642178e-17
1.944837758112095027e+00 3.280827527673849420e-17
1.948451327433629032e+00 2.990787129493215816e-17
1.952064896755162593e+00 2.725919653058099410e-17
1.955678466076696598e+00 2.484082653761613405e-17
1.959292035398230603e+00 2.263312260242089200e-17
1.962905604719764607e+00 2.061808619908004456e-17
1.966519174041298612e+00 1.877922502395222173e-17
1.970132743362832173e+00 1.710142971218970834e-17
1.973746312684366178e+00 1.557086040642288747e-17
1.977359882005900182e+00 1.417484241045609466e-17
1.980973451327434187e+00 1.290177021888621162e-17
1.984587020648968192e+00 1.174101926735937225e-17
1.988200589970502197e+00 1.068286479802497855e-17
1.991814159292035757e+00 9.718407280916208216e-18
1.995427728613569762e+00 8.839503874744315150e-18
1.999041297935103767e+00 8.038705450177273787e-18
2.002654867256637772e+00 7.309198735316934873e-18
2.006268436578171777e+00 6.644753177002085503e-18
2.009882005899705337e+00 6.039672142939181015e-18
2.013495575221239342e+00 5.488748118690811930e-18
2.017109144542773347e+00 4.987221580393071607e-18
2.020722713864307352e+00 4.530743248899468323e-18
2.024336283185841356e+00 4.115339453991790767e-18
2.027949852507374917e+00 3.737380358511846421e-18
2.031563421828908922e+00 3.393550811863704744e-18
2.035176991150442927e+00 3.080823620445335179e-18
2.038790560471976931e+00 2.796435039292117700e-18
2.042404129793510936e+00 2.537862304660213463e-18
2.046017699115044941e+00 2.302803041538567846e-18
2.049631268436578502e+00 2.089156393240804461e-18
2.053244837758112507e+00 1.895005732377448859e-18
2.056858407079646511e+00 1.718602823717757612e-18
2.060471976401180516e+00 1.558353319791371333e-18
2.064085545722714521e+00 1.412803479616275758e-18
2.067699115044248082e+00 1.280628009735220489e-18
2.071312684365782086e+00 1.160618934848683670e-18
2.074926253687316091e+00 1.051675412806917738e-18
2.078539823008850096e+00 9.527944156086289437e-19
2.082153392330384101e+00 8.630622043998507814e-19
2.085766961651918106e+00 7.816465323100005502e-19
2.089380530973451666e+00 7.077895143447877018e-19
2.092994100294985671e+00 6.408011085114711796e-19
2.096607669616519676e+00 5.800531569139972786e-19
2.100221238938053236e+00 5.249739397541211294e-19
2.103834808259587685e+00 4.750431990384390638e-19
2.107448377581121246e+00 4.297875923457169022e-19
2.111061946902655695e+00 3.887765402778420677e-19
2.114675516224189256e+00 3.516184342247369818e-19
2.118289085545722816e+00 3.179571738370797941e-19
2.121902654867257265e+00 2.874690061420475861e-19
2.125516224188790826e+00 2.598596405720629706e-19
2.129129793510325275e+00 2.348616163219630034e-19
2.132743362831858835e+00 2.122319004213905957e-19
2.136356932153393284e+00 1.917496967189041331e-19
2.139970501474926845e+00 1.732144476369825950e-19
2.143584070796460406e+00 1.564440120828895691e-19
2.147197640117994855e+00 1.412730043012049205e-19
2.150811209439528415e+00 1.275512797392756808e-19
2.154424778761062864e+00 1.151425551760866704e-19
2.158038348082596425e+00 1.039231514471044622e-19
2.161651917404129986e+00 9.378084808961230745e-20
2.165265486725664434e+00 8.461384014299559633e-20
2.168879056047197995e+00 7.632978817233188479e-20
2.172492625368732444e+00 6.884495334810549739e-20
2.176106194690266005e+00 6.208341011535536457e-20
2.179719764011799565e+00 5.597632962727963788e-20
2.183333333333334014e+00 5.046132770622716753e-20
2.186946902654867575e+00 4.548187163329727270e-20
2.190560471976402024e+00 4.098674056071385162e-20
2.194174041297935585e+00 3.692953479236264051e-20
2.197787610619469145e+00 3.326822959084392631e-20
2.201401179941003594e+00 2.996476954730071326e-20
2.205014749262537155e+00 2.698469989599683742e-20
2.208628318584071604e+00 2.429683147182131032e-20
2.212241887905605164e+00 2.187293629811925313e-20
2.215855457227138725e+00 1.968747105658775075e-20
2.219469026548673174e+00 1.771732593271343616e-20
2.223082595870206735e+00 1.594159655108494749e-20
2.226696165191741184e+00 1.434137691675034396e-20
2.230309734513274744e+00 1.289957146319014565e-20
2.233923303834809193e+00 1.160072447585907429e-20
2.237536873156342754e+00 1.043086531407387658e-20
2.241150442477876314e+00 9.377367994406055987e-21
2.244764011799410763e+00 8.428823826927241619e-21
2.248377581120944324e+00 7.574925912617064927e-21
2.251991150442478773e+00 6.806364416969698665e-21
2.255604719764012334e+00 6.114731632212080429e-21
2.259218289085545894e+00 5.492435929334444132e-21
2.262831858407080343e+00 4.932623782128932139e-21
2.266445427728613904e+00 4.429109119250366036e-21
2.270058997050148353e+00 3.976309327614652514e-21
2.273672566371681913e+00 3.569187291784646953e-21
2.277286135693215474e+00 3.203198909866095494e-21
2.280899705014749923e+00 2.874245577353327202e-21
2.284513274336283484e+00 2.578631176720758096e-21
2.288126843657817933e+00 2.313023152782251184e-21
2.291740412979351493e+00 2.074417292276947899e-21
2.295353982300885054e+00 1.860105861126979863e-21
2.298967551622419503e+00 1.667648784656700861e-21
2.302581120943953064e+00 1.494847585031980088e-21
2.306194690265487512e+00 1.339721816533595752e-21
2.309808259587021073e+00 1.200487763250751124e-21
2.313421828908555522e+00 1.075539185574770581e-21
2.317035398230089083e+00 9.634299216924330668e-22
2.320648967551622643e+00 8.628581682879568209e-22
2.324262536873157092e+00 7.726522810342291658e-22
2.327876106194690653e+00 6.917579503262616204e-22
2.331489675516225102e+00 6.192266212202671793e-22
2.335103244837758663e+00 5.542050388148065924e-22
2.338716814159292223e+00 4.959258114514626280e-22
2.342330383480826672e+00 4.436988942307406376e-22
2.345943952802360233e+00 3.969039045205529341e-22
2.349557522123894682e+00 3.549831894684117923e-22
2.353171091445428242e+00 3.174355730898212312e-22
2.356784660766961803e+00 2.838107173642634013e-22
2.360398230088496252e+00 2.537040379915313069e-22
2.364011799410029813e+00 2.267521211022703245e-22
2.367625368731564262e+00 2.026285923310261911e-22
2.371238938053097822e+00 1.810403942961610930e-22
2.374852507374631383e+00 1.617244327320966771e-22
2.378466076696165832e+00 1.444445553262520255e-22
2.382079646017699393e+00 1.289888307613369786e-22
2.385693215339233841e+00 1.151670985871311039e-22
2.389306784660767402e+00 1.028087633741362414e-22
2.392920353982301851e+00 9.176080916207268115e-23
2.396533923303835412e+00 8.188601253413107348e-23
2.400147492625368972e+00 7.306133474537636970e-23
2.403761061946903421e+00 6.517647523182048477e-23
2.407374631268436982e+00 5.813257054361188909e-23
2.410988200589971431e+00 5.184102429874895938e-23
2.414601769911504991e+00 4.622245515813722527e-23
2.418215339233038552e+00 4.120575109236689892e-23
2.421828908554573001e+00 3.672721935837594663e-23
2.425442477876106562e+00 3.272982264134617375e-23
2.429056047197641011e+00 2.916249275440357298e-23
2.432669616519174571e+00 2.597951413540216236e-23
2.436283185840708132e+00 2.313997014476920456e-23
2.439896755162242581e+00 2.060724585903132184e-23
2.443510324483776142e+00 1.834858167812023025e-23
2.447123893805310590e+00 1.633467262741035687e-23
2.450737463126844151e+00 1.453930874342060483e-23
2.454351032448377712e+00 1.293905239045525642e-23
2.457964601769912161e+00 1.151294876898952252e-23
2.461578171091445721e+00 1.024226624957894544e-23
2.465191740412980170e+00 9.110263502431191008e-24
2.468805309734513731e+00 8.101980696056484299e-24
2.472418879056048180e+00 7.204052311786588827e-24
2.476032448377581741e+00 6.404539367361121516e-24
2.479646017699115301e+00 5.692779064794004181e-24
2.483259587020649750e+00 5.059250077776968193e-24
2.486873156342183311e+00 4.495451874043979871e-24
2.490486725663717760e+00 3.993796630389425081e-24
2.494100294985251320e+00 3.547512444136205520e-24
2.497713864306784881e+00 3.150556676368060167e-24
2.501327433628319330e+00 2.797538380627613252e-24
2.504941002949852891e+00 2.483648877300680765e-24
2.508554572271387340e+00 2.204599629750539746e-24
2.512168141592920900e+00 1.956566664480151176e-24
2.515781710914454461e+00 1.736140855129569757e-24
2.519395280235988910e+00 1.540283459836764190e-24
2.523008849557522471e+00 1.366286364163216248e-24
2.526622418879056919e+00 1.211736538120050282e-24
2.530235988200590480e+00 1.074484266456804283e-24
2.533849557522124041e+00 9.526147568577548757e-25
2.537463126843658490e+00 8.444227715527651020e-25
2.541076696165192050e+00 7.483899645449559961e-25
2.544690265486726499e+00 6.631646396104452986e-25
2.548303834808260060e+00 5.875436738099682906e-25
2.551917404129794509e+00 5.204563778060146287e-25
2.555530973451328070e+00 4.609500881112214220e-25
2.559144542772861630e+00 4.081773077760631239e-25
2.562758112094396079e+00 3.613842312063313182e-25
2.566371681415929640e+00 3.199005060057296582e-25
2.569985250737464089e+00 2.831301001669919235e-25
2.573598820058997649e+00 2.505431567677621412e-25
2.577212389380531210e+00 2.216687307264584873e-25
2.580825958702065659e+00 1.960883132862559953e-25
2.584439528023599220e+00 1.734300598525392447e-25
2.588053097345133668e+00 1.533636457299169185e-25
2.591666666666667229e+00 1.355956822951222508e-25
2.595280235988200790e+00 1.198656332975207567e-25
2.598893805309735239e+00 1.059421773859157600e-25
2.602507374631268799e+00 9.361996869542121272e-26
2.606120943952803248e+00 8.271675246131850777e-26
2.609734513274336809e+00 7.307079722028732181e-26
2.613348082595870370e+00 6.453860926876426797e-26
2.616961651917404819e+00 5.699289872430291121e-26
2.620575221238938379e+00 5.032076982325989495e-26
2.624188790560472828e+00 4.442211102768915282e-26
2.627802359882006389e+00 3.920816314233264849e-26
2.631415929203539950e+00 3.460024599132626083e-26
2.635029498525074398e+00 3.052862630344840714e-26
2.638643067846607959e+00 2.693151133005043273e-26
2.642256637168142408e+00 2.375415439519127804e-26
2.645870206489675969e+00 2.094806007380029842e-26
2.649483775811210418e+00 1.847027802974848998e-26
2.653097345132743978e+00 1.628277573863824272e-26
2.656710914454277539e+00 1.435188138484536608e-26
2.660324483775811988e+00 1.264778917263211602e-26
2.663938053097345549e+00 1.114412013900821791e-26
2.667551622418879997e+00 9.817532312430521953e-27
2.671165191740413558e+00 8.647374736093620240e-27
2.674778761061947119e+00 7.615380476186217124e-27
2.678392330383481568e+00 6.705394271918994311e-27
2.682005899705015128e+00 5.903130962292283759e-27
2.685619469026549577e+00 5.195961250743080335e-27
2.689233038348083138e+00 4.572721748577647150e-27
2.692846607669616699e+00 4.023546576408844769e-27
2.696460176991151148e+00 3.539718104197593355e-27
2.700073746312684708e+00 3.113534678872389063e-27
2.703687315634219157e+00 2.738193427481167313e-27
2.707300884955752718e+00 2.407686436570251954e-27
2.710914454277286278e+00 2.116708797838156320e-27
2.714528023598820727e+00 1.860577178620261042e-27
2.718141592920354288e+00 1.635157725682611849e-27
2.721755162241888737e+00 1.436802244169430355e-27
2.725368731563422298e+00 1.262291712165724140e-27
2.728982300884956747e+00 1.108786296806734374e-27
2.732595870206490307e+00 9.737811316421363112e-28
2.736209439528023868e+00 8.550671983117681625e-28
2.739823008849558317e+00 7.506967296684079599e-28
2.743436578171091877e+00 6.589526173021959700e-28
2.747050147492626326e+00 5.783213648939387026e-28
2.750663716814159887e+00 5.074691807622006044e-28
2.754277286135693448e+00 4.452208490890730958e-28
2.757890855457227897e+00 3.905410602604538074e-28
2.761504424778761457e+00 3.425179171074514990e-28
2.765117994100295906e+00 3.003483660988773567e-28
2.768731563421829467e+00 2.633253311642118196e-28
2.772345132743363028e+00 2.308263532258631833e-28
2.775958702064897476e+00 2.023035610503740104e-28
2.779572271386431037e+00 1.772748190095093332e-28
2.783185840707965486e+00 1.553159150595459075e-28
2.786799410029499047e+00 1.360536679543997306e-28
2.790412979351032607e+00 1.191598466299774243e-28
2.794026548672567056e+00 1.043458070351856365e-28
2.797640117994100617e+00 9.135776261623901843e-29
2.801253687315635066e+00 7.997261434480075844e-29
2.804867256637168627e+00 6.999427475745141098e-29
2.808480825958703075e+00 6.125042806869816896e-29
2.812094395280236636e+00 5.358967514433735957e-29
2.815707964601770197e+00 4.687901807401801283e-29
2.819321533923304646e+00 4.100164434993941334e-29
2.822935103244838206e+00 3.585497531984332954e-29
2.826548672566372655e+00 3.134894770637718614e-29
2.830162241887906216e+00 2.740450063253750211e-29
2.833775811209439777e+00 2.395224381868842483e-29
2.837389380530974226e+00 2.093128546892982343e-29
2.841002949852507786e+00 1.828820088602078740e-29
2.844616519174042235e+00 1.597612508264844378e-29
2.848230088495575796e+00 1.395395462626929359e-29
2.851843657817109357e+00 1.218564569472411451e-29
2.855457227138643805e+00 1.063959685691024783e-29
2.859070796460177366e+00 9.288106450302847276e-30
2.862684365781711815e+00 8.106895625840083634e-30
2.866297935103245376e+00 7.074689189014752501e-30
2.869911504424778936e+00 6.172847300154685732e-30
2.873525073746313385e+00 5.385041921326304338e-30
2.877138643067846946e+00 4.696972624733249710e-30
2.880752212389381395e+00 4.096117019232511547e-30
2.884365781710914955e+00 3.571511617649838234e-30
2.887979351032449404e+00 3.113559466742620544e-30
2.891592920353982965e+00 2.713861301799990088e-30
2.895206489675516526e+00 2.365067375847644262e-30
2.898820058997050975e+00 2.060747455398088653e-30
2.902433628318584535e+00 1.795276776022157071e-30
2.906047197640118984e+00 1.563736016512802045e-30
2.909660766961652545e+00 1.361823584281277951e-30
2.913274336283186106e+00 1.185778710593874831e-30
2.916887905604720554e+00 1.032314035625754724e-30
2.920501474926254115e+00 8.985565229791493640e-31
2.924115044247788564e+00 7.819956838594877511e-31
2.927728613569322125e+00 6.804382147928206591e-31
2.931342182890855685e+00 5.919682615971783484e-31
2.934955752212390134e+00 5.149126180650828296e-31
2.938569321533923695e+00 4.478102520241834644e-31
2.942182890855458144e+00 3.893856254975739314e-31
2.945796460176991705e+00 3.385253407979514818e-31
2.949410029498525265e+00 2.942577016254067924e-31
2.953023598820059714e+00 2.557348285461503366e-31
2.956637168141593275e+00 2.222170124343786760e-31
2.960250737463127724e+00 1.930590282981129197e-31
2.963864306784661284e+00 1.676981660259482470e-31
2.967477876106195733e+00 1.456437645534237806e-31
2.971091445427729294e+00 1.264680622576513838e-31
2.974705014749262855e+00 1.097981994859531720e-31
2.978318584070797304e+00 9.530922939858941387e-32
2.981932153392330864e+00 8.271801109780181569e-32
2.985545722713865313e+00 7.177787462704676521e-32
2.989159292035398874e+00 6.227396111974411188e-32
2.992772861356932435e+00 5.401915338920062291e-32
2.996386430678466883e+00 4.685052278547337494e-32
3.000000000000000000e+00 4.062622738101910645e-32
