0.000000000000000000e+00
5.434200898574882005e-02
5.434200898574882005e-02
5.392344909287515725e-02
5.378682368281060416e-02
5.354530744932781139e-02
5.405074864633460652e-02
5.405074864633460652e-02
5.408222175370757528e-02
5.408222175370757528e-02
5.495894382115681931e-02
5.499148793135078678e-02
5.509784442770062490e-02
5.482974100874431905e-02
5.482974100874431905e-02
5.481239621389522032e-02
5.481239621389522032e-02
5.481663799252351615e-02
5.481663799252351615e-02
5.481663799252351615e-02
5.481663799252351615e-02
5.482784918528072621e-02
5.482784918528072621e-02
5.482784918528072621e-02
5.482784918528072621e-02
5.482784918528072621e-02
5.482784918528072621e-02
5.482784918528072621e-02
5.482784918528072621e-02
5.482784918528072621e-02
5.482784918528072621e-02
5.482784918528072621e-02
5.483386724785797167e-02
5.483386724785797167e-02
5.483386724785797167e-02
5.483386724785797167e-02
5.483386724785797167e-02
5.483386724785797167e-02
5.483386724785797167e-02
5.483386724785797167e-02
5.483386724785797167e-02
5.483386724785797167e-02
5.483386724785797167e-02
5.483386724785797167e-02
5.483386724785797167e-02
5.483386724785797167e-02
5.483386724785797167e-02
5.483386724785797167e-02
5.483386724785797167e-02
5.483386724785797167e-02
5.483386724785797167e-02
5.483386724785797167e-02
5.483386724785797167e-02
5.483386724785797167e-02
5.483386724785797167e-02
5.483386724785797167e-02
5.483386724785797167e-02
5.483386724785797167e-02
5.483386724785797167e-02
5.483386724785797167e-02
5.483386724785797167e-02
5.483386724785797167e-02
5.483386724785797167e-02
5.483386724785797167e-02
5.483386724785797167e-02
5.483386724785797167e-02
5.483386724785797167e-02
5.483386724785797167e-02
5.483386724785797167e-02
5.483386724785797167e-02
5.483386724785797167e-02
5.483386724785797167e-02
5.483386724785797167e-02
5.483386724785797167e-02
5.483386724785797167e-02
5.483386724785797167e-02
5.483628430974222395e-02
5.483628430974222395e-02
5.483628430974222395e-02
5.483628430974222395e-02
5.483628430974222395e-02
5.483628430974222395e-02
5.483628430974222395e-02
5.483628430974222395e-02
5.483628430974222395e-02
5.483628430974222395e-02
5.483628430974222395e-02
5.483628430974222395e-02
5.483628430974222395e-02
5.483628430974222395e-02
5.483628430974222395e-02
5.483628430974222395e-02
5.483628430974222395e-02
5.483628430974222395e-02
5.483628430974222395e-02
5.483628430974222395e-02
5.483628430974222395e-02
5.483628430974222395e-02
5.483628430974222395e-02
5.483628430974222395e-02
5.483628430974222395e-02
5.483628430974222395e-02
5.483628430974222395e-02
5.483628430974222395e-02
5.483628430974222395e-02
5.483628430974222395e-02
5.483628430974222395e-02
5.483628430974222395e-02
5.483628430974222395e-02
5.483628430974222395e-02
5.483628430974222395e-02
5.483628430974222395e-02
5.483628430974222395e-02
5.483628430974222395e-02
5.483628430974222395e-02
5.483628430974222395e-02
5.483628430974222395e-02
5.483628430974222395e-02
5.483628430974222395e-02
5.483628430974222395e-02
5.483628430974222395e-02
5.483628430974222395e-02
5.483628430974222395e-02
5.483628430974222395e-02
5.483628430974222395e-02
5.483628430974222395e-02
5.483628430974222395e-02
5.483628430974222395e-02
5.483628430974222395e-02
5.483628430974222395e-02
5.483628430974222395e-02
5.483628430974222395e-02
5.483628430974222395e-02
5.483628430974222395e-02
5.483628430974222395e-02
5.483628430974222395e-02
5.483628430974222395e-02
5.483628430974222395e-02
5.483628430974222395e-02
5.483628430974222395e-02
5.483628430974222395e-02
5.483628430974222395e-02
5.483628430974222395e-02
5.483628430974222395e-02
5.483628430974222395e-02
5.483628430974222395e-02
5.483628430974222395e-02
5.483628430974222395e-02
5.483628430974222395e-02
5.483628430974222395e-02
5.483628430974222395e-02
5.483628430974222395e-02
5.483628430974222395e-02
5.483628430974222395e-02
5.483628430974222395e-02
5.483628430974222395e-02
5.483628430974222395e-02
5.483628430974222395e-02
5.483628430974222395e-02
5.483628430974222395e-02
5.483628430974222395e-02
5.483628430974222395e-02
5.483628430974222395e-02
5.483628430974222395e-02
5.483628430974222395e-02
5.483628430974222395e-02
5.483628430974222395e-02
5.483628430974222395e-02
5.483628430974222395e-02
5.483628430974222395e-02
5.483628430974222395e-02
5.483628430974222395e-02
5.483628430974222395e-02
5.483628430974222395e-02
5.483628430974222395e-02
5.483628430974222395e-02
5.483628430974222395e-02
5.483628430974222395e-02
5.483628430974222395e-02
5.483628430974222395e-02
5.483628430974222395e-02
5.483628430974222395e-02
5.483628430974222395e-02
5.483628430974222395e-02
5.483628430974222395e-02
5.483628430974222395e-02
5.483628430974222395e-02
5.483628430974222395e-02
5.483628430974222395e-02
5.483628430974222395e-02
5.483628430974222395e-02
5.483628430974222395e-02
5.483628430974222395e-02
5.483628430974222395e-02
5.483628430974222395e-02
5.483628430974222395e-02
5.483628430974222395e-02
5.483628430974222395e-02
5.483628430974222395e-02
5.483628430974222395e-02
5.483628430974222395e-02
5.483628430974222395e-02
5.483628430974222395e-02
5.483628430974222395e-02
5.483628430974222395e-02
5.483628430974222395e-02
5.483628430974222395e-02
5.483628430974222395e-02
5.483628430974222395e-02
5.483628430974222395e-02
5.483628430974222395e-02
5.483628430974222395e-02
5.483628430974222395e-02
5.483628430974222395e-02
5.483628430974222395e-02
5.483628430974222395e-02
5.483628430974222395e-02
5.483628430974222395e-02
5.483628430974222395e-02
5.483628430974222395e-02
5.483628430974222395e-02
5.483628430974222395e-02
5.483628430974222395e-02
5.483628430974222395e-02
5.483628430974222395e-02
5.483628430974222395e-02
5.483628430974222395e-02
5.483628430974222395e-02
5.483628430974222395e-02
5.483628430974222395e-02
5.483628430974222395e-02
5.483628430974222395e-02
5.483628430974222395e-02
5.483628430974222395e-02
5.483628430974222395e-02
5.483628430974222395e-02
5.483628430974222395e-02
5.483628430974222395e-02
5.483628430974222395e-02
5.483628430974222395e-02
5.483628430974222395e-02
5.483628430974222395e-02
5.483628430974222395e-02
5.483628430974222395e-02
5.483628430974222395e-02
5.483628430974222395e-02
5.483628430974222395e-02
5.483628430974222395e-02
5.483628430974222395e-02
5.483628430974222395e-02
