0.000000000000000000e+00
4.852289905485963201e-02
4.696680931252106284e-02
5.027160266203478667e-02
4.716482210868973984e-02
4.057592038582216037e-02
3.365685932226545468e-02
3.987659441802705179e-02
3.789981492865144436e-02
3.747733326207607074e-02
3.695074202255370366e-02
3.465072100968274310e-02
3.776317838458920911e-02
3.767535881057788166e-02
3.854520753595752636e-02
3.806854003341337417e-02
3.854520753595752636e-02
3.738917622050256379e-02
3.748552488028838309e-02
3.722631655073645185e-02
3.749499269691176223e-02
3.766124522627157384e-02
3.760591405299849171e-02
3.737012321521333141e-02
3.747291022994578280e-02
3.709860116736168889e-02
3.762486334039125829e-02
3.749768744382385444e-02
3.749768744382385444e-02
3.774862268793237330e-02
3.749768744382385444e-02
3.774862268793237330e-02
3.774862268793237330e-02
3.749768744382385444e-02
3.749768744382385444e-02
3.774862268793237330e-02
3.774862268793237330e-02
3.749768744382385444e-02
3.749768744382385444e-02
3.774862268793237330e-02
3.774862268793237330e-02
3.774862268793237330e-02
3.749768744382385444e-02
3.749768744382385444e-02
3.749768744382385444e-02
3.749768744382385444e-02
3.774862268793237330e-02
3.774862268793237330e-02
3.774862268793237330e-02
3.774862268793237330e-02
3.774862268793237330e-02
3.774862268793237330e-02
3.774862268793237330e-02
3.774862268793237330e-02
3.774862268793237330e-02
3.749768744382385444e-02
3.749768744382385444e-02
3.749768744382385444e-02
3.749768744382385444e-02
3.749768744382385444e-02
3.749768744382385444e-02
3.749768744382385444e-02
3.749768744382385444e-02
3.749768744382385444e-02
3.749768744382385444e-02
3.749768744382385444e-02
3.749768744382385444e-02
3.749768744382385444e-02
3.749768744382385444e-02
3.749768744382385444e-02
3.749768744382385444e-02
3.749768744382385444e-02
3.749768744382385444e-02
3.749768744382385444e-02
3.749768744382385444e-02
3.749768744382385444e-02
3.749768744382385444e-02
3.749768744382385444e-02
3.749768744382385444e-02
3.749768744382385444e-02
3.749768744382385444e-02
3.749768744382385444e-02
3.749768744382385444e-02
3.749768744382385444e-02
3.749768744382385444e-02
3.749768744382385444e-02
3.749768744382385444e-02
3.749768744382385444e-02
3.749768744382385444e-02
3.749768744382385444e-02
3.749768744382385444e-02
3.749768744382385444e-02
3.749768744382385444e-02
3.749768744382385444e-02
3.749768744382385444e-02
3.749768744382385444e-02
3.749768744382385444e-02
3.749768744382385444e-02
3.749768744382385444e-02
3.749768744382385444e-02
3.749768744382385444e-02
3.749768744382385444e-02
3.749768744382385444e-02
3.749768744382385444e-02
3.749768744382385444e-02
3.749768744382385444e-02
3.749768744382385444e-02
3.749768744382385444e-02
3.749768744382385444e-02
3.749768744382385444e-02
3.749768744382385444e-02
3.749768744382385444e-02
3.749768744382385444e-02
3.749768744382385444e-02
3.749768744382385444e-02
3.749768744382385444e-02
3.749768744382385444e-02
3.749768744382385444e-02
3.749768744382385444e-02
3.749768744382385444e-02
3.749768744382385444e-02
3.749768744382385444e-02
3.749768744382385444e-02
3.749768744382385444e-02
3.749768744382385444e-02
3.749768744382385444e-02
3.749768744382385444e-02
3.749768744382385444e-02
3.749768744382385444e-02
3.749768744382385444e-02
3.749768744382385444e-02
3.749768744382385444e-02
3.749768744382385444e-02
3.749768744382385444e-02
3.749768744382385444e-02
3.749768744382385444e-02
3.749768744382385444e-02
3.749768744382385444e-02
3.749768744382385444e-02
3.749768744382385444e-02
3.749768744382385444e-02
3.749768744382385444e-02
3.749768744382385444e-02
3.749768744382385444e-02
3.749768744382385444e-02
3.749768744382385444e-02
3.749768744382385444e-02
3.749768744382385444e-02
3.749768744382385444e-02
3.749768744382385444e-02
3.749768744382385444e-02
3.749768744382385444e-02
3.749768744382385444e-02
3.749768744382385444e-02
3.749768744382385444e-02
3.749768744382385444e-02
3.749768744382385444e-02
3.749768744382385444e-02
3.749768744382385444e-02
3.749768744382385444e-02
3.749768744382385444e-02
3.749768744382385444e-02
3.749768744382385444e-02
3.749768744382385444e-02
3.749768744382385444e-02
3.749768744382385444e-02
3.749768744382385444e-02
3.749768744382385444e-02
3.749768744382385444e-02
3.749768744382385444e-02
3.749768744382385444e-02
3.749768744382385444e-02
3.749768744382385444e-02
3.749768744382385444e-02
3.749768744382385444e-02
3.749768744382385444e-02
3.749768744382385444e-02
3.749768744382385444e-02
3.749768744382385444e-02
3.749768744382385444e-02
3.749768744382385444e-02
3.749768744382385444e-02
3.749768744382385444e-02
3.749768744382385444e-02
3.749768744382385444e-02
3.749768744382385444e-02
3.749768744382385444e-02
3.749768744382385444e-02
3.749768744382385444e-02
3.749768744382385444e-02
3.749768744382385444e-02
3.749768744382385444e-02
3.749768744382385444e-02
3.749768744382385444e-02
3.749768744382385444e-02
3.749768744382385444e-02
3.749768744382385444e-02
3.749768744382385444e-02
3.749768744382385444e-02
3.749768744382385444e-02
3.749768744382385444e-02
3.749768744382385444e-02
3.749768744382385444e-02
3.749768744382385444e-02
3.749768744382385444e-02
3.749768744382385444e-02
3.749768744382385444e-02
3.749768744382385444e-02
3.749768744382385444e-02
3.749768744382385444e-02
3.749768744382385444e-02
3.749768744382385444e-02
3.749768744382385444e-02
3.749768744382385444e-02
3.749768744382385444e-02
3.749768744382385444e-02
3.749768744382385444e-02
3.749768744382385444e-02
3.749768744382385444e-02
3.749768744382385444e-02
3.749768744382385444e-02
3.749768744382385444e-02
3.749768744382385444e-02
3.749768744382385444e-02
3.749768744382385444e-02
3.749768744382385444e-02
3.749768744382385444e-02
3.749768744382385444e-02
3.749768744382385444e-02
3.749768744382385444e-02
3.749768744382385444e-02
3.749768744382385444e-02
3.749768744382385444e-02
3.749768744382385444e-02
3.749768744382385444e-02
3.749768744382385444e-02
3.749768744382385444e-02
3.749768744382385444e-02
3.749768744382385444e-02
3.749768744382385444e-02
3.749768744382385444e-02
3.749768744382385444e-02
3.749768744382385444e-02
3.749768744382385444e-02
3.749768744382385444e-02
3.749768744382385444e-02
3.749768744382385444e-02
3.749768744382385444e-02
3.749768744382385444e-02
3.749768744382385444e-02
