1.000000000000000000e+00
9.997697982895098479e-01
9.992132987981559022e-01
9.982523204507404158e-01
9.967400837975560757e-01
9.949735772763554920e-01
9.933423480167384856e-01
9.912245866844768827e-01
9.881269189205057479e-01
9.841021417403724714e-01
9.803723751634424444e-01
9.756717350617037932e-01
9.707206138714639110e-01
9.672087172244157038e-01
9.612481552509609672e-01
9.557215747146415863e-01
9.499066294220600559e-01
9.446760516899266324e-01
9.399967026503663892e-01
9.327661226232094593e-01
9.260116153530286720e-01
9.172652514313346384e-01
9.085429987558150122e-01
9.002414357025894098e-01
8.936969000737003954e-01
8.841510503748659655e-01
8.774058182907705783e-01
8.682640855452078421e-01
8.577448079464523589e-01
8.484662262535634936e-01
8.370495871569729740e-01
8.258969366873500917e-01
8.155894906122961308e-01
8.060858862629183275e-01
7.965622660653781661e-01
7.862933475916971116e-01
7.752115833390851307e-01
7.647687041480255576e-01
7.536551883968821697e-01
7.451621810808375379e-01
7.328292701962928479e-01
7.191990851906348015e-01
7.098462830144584013e-01
6.961178411907013031e-01
6.830195644175011127e-01
6.723747138935888268e-01
6.584765073765875831e-01
6.446255165720067293e-01
6.326076300570356858e-01
6.205879516494759995e-01
6.055124262485342967e-01
5.926659191145536854e-01
5.811212419076854374e-01
5.680702143775909763e-01
5.528661334854980680e-01
5.385282382163995019e-01
5.230331315841864059e-01
5.082125197784692627e-01
4.945057358275382065e-01
4.838130300734584388e-01
4.727076214256392128e-01
4.609342371157340579e-01
4.492235406252817476e-01
4.393842684185325087e-01
4.253517453205465926e-01
4.121213245965313909e-01
4.023813190532424811e-01
3.886978666733181820e-01
3.780193461947605194e-01
3.654984467894158984e-01
3.520167978603161996e-01
3.404277203349450054e-01
3.302224400130256421e-01
3.181180946509310492e-01
3.055676734823048468e-01
2.962850388375407040e-01
2.843887298439438660e-01
2.730296698841156999e-01
2.604461867416328902e-01
2.511281465800984658e-01
2.400185715660259900e-01
2.315693743130151638e-01
2.210082012429987475e-01
2.120312620749914556e-01
2.015246539166311857e-01
1.919776689443077056e-01
1.797244715341534682e-01
1.712793778086418028e-01
1.632755774456893516e-01
1.544634958897276589e-01
1.463497241504476687e-01
1.420675632122025689e-01
1.344383218537827662e-01
1.293370940136169822e-01
1.219815608080257324e-01
1.126262801028694999e-01
1.039157150659371365e-01
1.003434032583407215e-01
9.283750028558553080e-02
8.553772719696058069e-02
8.003573968720353871e-02
7.178745248576530458e-02
6.617702172861415766e-02
6.352176428614683679e-02
5.945712839632558838e-02
5.282974475757035854e-02
4.781179162251097264e-02
4.331319928773627592e-02
3.951714689569668648e-02
3.835185837377793477e-02
3.362823914781096213e-02
3.236381811093201610e-02
3.013977460906643036e-02
2.413625313535483485e-02
2.040174005693265458e-02
1.900491765085080692e-02
1.453721559791170369e-02
1.174019590545792406e-02
7.635384603145334292e-03
4.374855166418381222e-03
3.431026224012389582e-03
3.701866073893390376e-03
1.414994909180964169e-03
1.883416962610815664e-03
3.128044299025304264e-04
1.276273450589158294e-03
2.283772926080766645e-03
3.487308464267059420e-03
5.986289170046611013e-03
8.358324329181274562e-03
1.052014429970335625e-02
1.340707832312611203e-02
1.648556865087501266e-02
1.850366283256863267e-02
2.130114441394585084e-02
2.319818456143973168e-02
2.903077237603231622e-02
3.344321095816774753e-02
3.745302367828102358e-02
4.102965463749952413e-02
4.105100274551840012e-02
4.472908845177146070e-02
5.154252355905844518e-02
5.507584578288032828e-02
5.884253704904429672e-02
6.432984512294483148e-02
6.898949077929811269e-02
7.438324891468323097e-02
8.024293876023226579e-02
8.338358563737416351e-02
8.856970977340972162e-02
9.247799403447619360e-02
9.566290354234904814e-02
9.815828493906676722e-02
1.008245412423702386e-01
1.057316106951932816e-01
1.091305100249937016e-01
1.172568612750876094e-01
1.232837945798506279e-01
1.295661877705917009e-01
1.358373974090580083e-01
1.402554835788298315e-01
1.442679849808461146e-01
1.474029637032811813e-01
1.537461170314628478e-01
1.577760215422934209e-01
1.616783049380356996e-01
1.647022228733915350e-01
1.691157246855449769e-01
1.726783215983721254e-01
1.771517167937805559e-01
1.817327418175123943e-01
1.865446117799110515e-01
1.915947646178085551e-01
1.957687201829902968e-01
2.003593858100490566e-01
2.032039760766844172e-01
2.051707694212458744e-01
2.078572945211018819e-01
2.106830248965416152e-01
2.131496988089219280e-01
2.148359990061092240e-01
2.174987656174565964e-01
2.205953200748454746e-01
2.227931439396559632e-01
2.241618680886850734e-01
2.250793116680396000e-01
2.268066975137204566e-01
2.303745272066791971e-01
2.322237227405371807e-01
2.334312592362791927e-01
2.334958565580574630e-01
2.320809100449049145e-01
2.339876206795762081e-01
2.359751139960447885e-01
2.350650861212531251e-01
2.347010220247484347e-01
2.323363303152908288e-01
2.310695264205213095e-01
2.301819810785429299e-01
2.302655171559042924e-01
2.292554933284807472e-01
2.267369219855067397e-01
2.253328984800968549e-01
2.264394461113454771e-01
2.240286492981450328e-01
2.234010960551308655e-01
2.213661892152243016e-01
2.208105002075933798e-01
2.205838244281344285e-01
2.152873087530068341e-01
2.150826763864780444e-01
2.129163585722737007e-01
2.122359311624560096e-01
2.099637165044742071e-01
2.069469237307705878e-01
2.057568393916695271e-01
2.027331490128584657e-01
2.003386358722094029e-01
1.969904351684262367e-01
1.951724887072702752e-01
1.919133452105274695e-01
1.891674192825028578e-01
1.885875925748493609e-01
1.877955214301136599e-01
1.867597272000933173e-01
1.837397614727995232e-01
1.822588745521386833e-01
1.787896074635601518e-01
1.746845009283730377e-01
1.738041921009963187e-01
1.709978083633276469e-01
1.678922291984052406e-01
1.644550733882101656e-01
1.600819021618959392e-01
1.549535292008169529e-01
1.522047595899557737e-01
1.499862155563220500e-01
1.473286471019492339e-01
1.424057803574628744e-01
1.414157248487933616e-01
1.390958848420785487e-01
1.369391380617898113e-01
1.358239416977763958e-01
1.313155655430480462e-01
1.277519563392655322e-01
1.260015650030097689e-01
1.251149547657401662e-01
1.262246296845864757e-01
1.228337878176749692e-01
1.206295534819118442e-01
1.184950346124836462e-01
1.152082450403475455e-01
1.144117947544294328e-01
1.119516074781119058e-01
1.112235137687419967e-01
1.079812271233318022e-01
1.047508221667806383e-01
1.034964626118439479e-01
1.023018045216174121e-01
1.027791247271887393e-01
1.005567374769490568e-01
9.822299281757179701e-02
9.606284434574570430e-02
9.473720063031917937e-02
9.455038142178399940e-02
9.214062817155774243e-02
9.217870315960613459e-02
9.205677728840434837e-02
9.104112763434679678e-02
9.154193794321445476e-02
8.894926634774213969e-02
8.764163934669425005e-02
8.699846767870440811e-02
8.568772891184739393e-02
8.310810231597236253e-02
8.270931539935241772e-02
8.144848993906551871e-02
8.144579179324251683e-02
8.075532983774960649e-02
8.022284478791442963e-02
8.238923610862103342e-02
8.283926766761923188e-02
8.244039144295460531e-02
8.322131150875920758e-02
8.312640118131933709e-02
8.300655445830430745e-02
8.306370203608778868e-02
8.500956246930896354e-02
8.653012770370130391e-02
8.907461019234040600e-02
9.056438105835512564e-02
9.150153419431937551e-02
9.132815421230418285e-02
9.221978756543720845e-02
9.331597358427573541e-02
9.568051436973565305e-02
9.871326680863755365e-02
1.001621992811849021e-01
1.013372380807897183e-01
1.032248110102565869e-01
1.051286406237974397e-01
1.059608945790957435e-01
1.077413745071111317e-01
1.072919065295644403e-01
1.093446005912917796e-01
1.108968658158777931e-01
1.114333027741104265e-01
1.138477656091202855e-01
1.133908717724468052e-01
1.143752757496554057e-01
1.149891082381491875e-01
1.163271645816749272e-01
1.174617143747489351e-01
1.187963100585458370e-01
1.195733454409601410e-01
1.199780157159994892e-01
1.227294378739157976e-01
1.243618113144700082e-01
1.235776473524478752e-01
1.238200982847595666e-01
1.254378777981538517e-01
1.270157712271967609e-01
1.266161359842868095e-01
1.258546653797219528e-01
1.261079389397585793e-01
1.277112164435323383e-01
1.285745441356236640e-01
1.291723754323118312e-01
1.310086338887174184e-01
1.304557110376218521e-01
1.316732895777226464e-01
1.306914569637138979e-01
1.280428512319812806e-01
1.315465457153286444e-01
1.309277944758366063e-01
1.306869753890068930e-01
1.293021700281514474e-01
1.303769423278595962e-01
1.318614186276027556e-01
1.327172198605840181e-01
1.326911151444333525e-01
1.323548835592138206e-01
1.338779335803672033e-01
1.353172290906211883e-01
1.363582275961634782e-01
1.350340428636511714e-01
1.322977940381189210e-01
1.340934259469012402e-01
1.320863739471915266e-01
1.319625996439005300e-01
1.327782931516663378e-01
1.339045987792898962e-01
1.357140013844898851e-01
1.353321377301396622e-01
1.352008003644587231e-01
1.341685022439303432e-01
1.346102596232278126e-01
1.352018362060836421e-01
1.346329853086688788e-01
1.350626870903708365e-01
1.351825195117266065e-01
1.346849089434635771e-01
1.358077697988605836e-01
1.340070860421261334e-01
1.344221177644345788e-01
1.351013214468986812e-01
1.355502541892388835e-01
1.367229340589730113e-01
1.372247766131435842e-01
1.350572879320703912e-01
1.348160383546905539e-01
1.346670627269923315e-01
1.341553955278253774e-01
1.331509695834231788e-01
1.348061811359715645e-01
1.354104421578348483e-01
1.344920891221564885e-01
1.341593905744435655e-01
1.355124652949305786e-01
1.342517537138009087e-01
1.350984564737123528e-01
1.357119901466807832e-01
1.351240074746095643e-01
1.351047211416789573e-01
1.345206522731859922e-01
1.342375216498977175e-01
1.324081530482458247e-01
1.335456164789799449e-01
1.322696837165712180e-01
1.326998393274286536e-01
1.319351631436454231e-01
1.310117303953000911e-01
1.304821449710620029e-01
1.305334833576158593e-01
1.323529277970057205e-01
1.326449079131167275e-01
1.333787119717046166e-01
1.320145973970734410e-01
1.307334750556085889e-01
1.284432446360415647e-01
1.267670955146061318e-01
1.265683654763208321e-01
1.264856908748806241e-01
1.257247812063090886e-01
1.251823971167367322e-01
1.246814855720232013e-01
1.233132567078014941e-01
1.223773072796025541e-01
1.224094277142645376e-01
1.228012281336866851e-01
1.214371068159691980e-01
1.216604653440892109e-01
1.214102702460751332e-01
1.202109080428915427e-01
1.201750067998884897e-01
1.181958404630280984e-01
1.175166445373096724e-01
1.174120692217672374e-01
1.176291694678561761e-01
1.172808866558455038e-01
1.156111177846161076e-01
1.140487102982339768e-01
1.148917941993342490e-01
1.142235722544082260e-01
1.130116068216838049e-01
1.115177027147830485e-01
1.107909775561711635e-01
1.112281526608451115e-01
1.115093292857052970e-01
1.121654145304577521e-01
1.117122678146922482e-01
1.112886998380006320e-01
1.112927242018126456e-01
1.110785351929066134e-01
1.087806014391937554e-01
1.086548454555886917e-01
1.095565784844530766e-01
1.094990303018444078e-01
1.096007537640029672e-01
1.098478572717845603e-01
1.095661290498275292e-01
1.084238597350067473e-01
1.085528941969457206e-01
1.081051744857427638e-01
1.077258909198059583e-01
1.081100758480100371e-01
1.080715544019793528e-01
1.062884969611665037e-01
1.080298070013181178e-01
1.061862257347642030e-01
1.039747455125374920e-01
1.039528456297779541e-01
1.029126747287252147e-01
1.032034714955767513e-01
1.020041636258996048e-01
1.025737627853896133e-01
1.058363790564792045e-01
1.080104429358933332e-01
1.086359652639389273e-01
1.096568304716651621e-01
1.106802755786770037e-01
1.109921285670090046e-01
1.093792889372798699e-01
1.091436642888455044e-01
1.081469720109723143e-01
1.091284071200348677e-01
1.100714791042349677e-01
1.114390589220486116e-01
1.126301860352213885e-01
1.130160853389177572e-01
1.134880646220729206e-01
1.149066961788651059e-01
1.149591840136960086e-01
1.145401547597608843e-01
1.139642173546138171e-01
1.154375861636413592e-01
1.143985280355929862e-01
1.145587719755790795e-01
1.165016770626965681e-01
1.171134522585639548e-01
1.165936309283339689e-01
1.158695746169953050e-01
1.175567622427307335e-01
1.168461909940421983e-01
1.171512622041356450e-01
1.184182418156762423e-01
1.194291445593473611e-01
1.202886147194738159e-01
1.215368527816410166e-01
1.233337598031103988e-01
1.245052260645981013e-01
1.244467124305435601e-01
1.248686747027183963e-01
1.254385959040059950e-01
1.241735092679112779e-01
1.259831676625721431e-01
1.261937856890957554e-01
1.245548437998605235e-01
1.234411497521717277e-01
1.242871486572850043e-01
1.258905527656116186e-01
1.260407969359351732e-01
1.265074856248855073e-01
1.278842822295042925e-01
1.272644291441720754e-01
1.263742676719068481e-01
1.252953556772736510e-01
1.257296602497940119e-01
1.270566974325214593e-01
1.274107779765417392e-01
1.287580502306068797e-01
1.278806941551621779e-01
1.281038325321884885e-01
1.275497651428631474e-01
1.266635604034328511e-01
1.271773854988952346e-01
1.269187659795756318e-01
1.265714328724981685e-01
1.261245126150689344e-01
1.247897083280040537e-01
1.247112838061460727e-01
1.243923517226222381e-01
1.241243304251541113e-01
1.238004601027568180e-01
1.240626103716656325e-01
1.223145888060196973e-01
1.218435354689698241e-01
1.224656993561404200e-01
1.239303181387473723e-01
1.235520853361986165e-01
1.222760550419475095e-01
1.215927622383790874e-01
1.229491690456965547e-01
1.213500542325105791e-01
1.224959359259169683e-01
1.216338443693401605e-01
1.205345495603138140e-01
1.213165772679911936e-01
1.219143633259152648e-01
1.220788445770165515e-01
1.210370339516543825e-01
1.184929221804908867e-01
1.164941980363942975e-01
1.154275399526264595e-01
1.158026809881200214e-01
1.165851393343626252e-01
1.153259253466277917e-01
1.127177415352586115e-01
1.133081435900512857e-01
1.134584165905995479e-01
1.131043731864217333e-01
1.121522289676009781e-01
1.112639530827786299e-01
1.114270815600443137e-01
1.103290185856431044e-01
1.100228681006422127e-01
1.081211117932684707e-01
1.079883114116539089e-01
1.094246119201817691e-01
1.102865085978581988e-01
1.086587018401868193e-01
1.065891063923124354e-01
1.051371028589207779e-01
1.042285554195010039e-01
1.034261040911599455e-01
1.026399110967855799e-01
1.023208353525796172e-01
1.027517845080909847e-01
1.023241567873615920e-01
1.019803088126641638e-01
1.027575057642058365e-01
1.035427274169558876e-01
1.043197047240660841e-01
1.042025867043819415e-01
1.033513445602865372e-01
1.034806868413813002e-01
1.033826471287875859e-01
1.041427371804076740e-01
1.027488417166526335e-01
1.027830370990977377e-01
1.035784275815551381e-01
1.037373720167907298e-01
1.037412864881388369e-01
1.032043868948723242e-01
1.033121622160838304e-01
1.036292301168863506e-01
1.034262844480915988e-01
1.040043419107150868e-01
1.022566135141203675e-01
1.022748496146776848e-01
1.021034834644671818e-01
1.020977218874828812e-01
1.031475849509269488e-01
1.030309950199567171e-01
1.037687820689997681e-01
1.039227756172433903e-01
1.041834085351205780e-01
1.035805632809751603e-01
1.032328739315224592e-01
1.029088813611791636e-01
1.029176944934291626e-01
1.026335601533006486e-01
1.039759236463676517e-01
1.043281783286801045e-01
1.055052735853148765e-01
1.055209501029808483e-01
1.055060850057683991e-01
1.070818076671087443e-01
1.079529287234277796e-01
1.067821110459251377e-01
1.073468446351502903e-01
1.063945220881740983e-01
1.072157333084900604e-01
1.077001891905913916e-01
1.074520795751519181e-01
1.080087565944461980e-01
1.084524191787968189e-01
1.077558766461887557e-01
1.078181436369218260e-01
1.090139616846478032e-01
1.102532247764538703e-01
1.103543990822106330e-01
1.109697093617519476e-01
1.112946014716057058e-01
1.109750680634621622e-01
1.113029838849267789e-01
1.115276476959551344e-01
1.109934823776065477e-01
1.132347562692320175e-01
1.138583092561319399e-01
1.141442553842819674e-01
1.147641914506818545e-01
1.146860339036688547e-01
1.154308717284731056e-01
1.156175753012711610e-01
1.150177947113515536e-01
1.158545066075950258e-01
1.142213495061439460e-01
1.132414775053351974e-01
1.146639016057359045e-01
1.150728216526671066e-01
1.161157693565611215e-01
1.172389052227848227e-01
1.198366991620397476e-01
1.200345340588268445e-01
1.198749364588758415e-01
1.202849579591494245e-01
1.193674898671675394e-01
1.188167590873634993e-01
1.179757237738975062e-01
1.154398341789402427e-01
1.162123218269692781e-01
1.154851629027285470e-01
1.162215594871113533e-01
1.166306955403872553e-01
1.179474016075899162e-01
1.180176364968418407e-01
1.172509669071731264e-01
1.176127354571924327e-01
1.168205260050345085e-01
1.157835302173503000e-01
1.158416032406192203e-01
1.155382215157030601e-01
1.156758502810080330e-01
1.153797403247504155e-01
1.148287737704934142e-01
1.146246892078365276e-01
1.138806176063597297e-01
1.128864564788934211e-01
1.119662071043798640e-01
1.118626271647630149e-01
1.125791614836956916e-01
1.132289450340765169e-01
1.141672674896003492e-01
1.135059957456386603e-01
1.133261719221510255e-01
1.126638597977657752e-01
1.125591350584727451e-01
1.117839449039720878e-01
1.104196726370723358e-01
1.093284557583468902e-01
1.100329427762503226e-01
1.078112083395309367e-01
1.072097299270023119e-01
1.071632473850859107e-01
1.064714567140399026e-01
1.064536241741004530e-01
1.051067930617992641e-01
1.062895394944453897e-01
1.054051327510592967e-01
1.054794201003503573e-01
1.048039606240685484e-01
1.043874335471888376e-01
1.049348839083998480e-01
1.034412240368928343e-01
1.036229557930499062e-01
1.021055198868415226e-01
1.018519258281497392e-01
1.026862318377019384e-01
1.014790688692271819e-01
1.006799932911152662e-01
9.993108389598105712e-02
9.838936293819008916e-02
9.760728960257175624e-02
9.652257030136618399e-02
9.613975889249232187e-02
9.492191191944215900e-02
9.397362224539385078e-02
9.391314109879791983e-02
9.321126851472459618e-02
9.286305367493581653e-02
9.236593530589862211e-02
9.214968120961074260e-02
9.095959285431384767e-02
9.188177033942165894e-02
9.376743412094111496e-02
9.372562631202692451e-02
9.424652485952003667e-02
9.477514951777943342e-02
9.503271441577097745e-02
9.537267303742408275e-02
9.483391704132185240e-02
9.493318123474510373e-02
9.500842363798772672e-02
9.447798799483536625e-02
9.521904581035768589e-02
9.605487847373589405e-02
9.610365940300061305e-02
9.659293958003187242e-02
9.517323123971924148e-02
9.555826727090351025e-02
9.639186166281925316e-02
9.741829665506035463e-02
9.804761428609018448e-02
9.786365016911245662e-02
9.850872141072004873e-02
9.900429285621600850e-02
1.001866240995082785e-01
1.011672161688565996e-01
1.010688617710005927e-01
1.001271739635818531e-01
1.012563783965319680e-01
1.010436219740029062e-01
1.008480241785476156e-01
1.003807596696248833e-01
1.014518377328807452e-01
1.019352539508555922e-01
1.021197283079742363e-01
1.033361587735086157e-01
1.040829167740956324e-01
1.059233256304665804e-01
1.052726670963080730e-01
1.054431136460890622e-01
1.060540925579381843e-01
1.068429857686257201e-01
1.078236235331724163e-01
1.074558660964162055e-01
1.082993277015934647e-01
1.085919255091004759e-01
1.083545325387557795e-01
1.087085373777872122e-01
1.090198987208744474e-01
1.093585654687368874e-01
1.100734818707768403e-01
1.111001509307504020e-01
1.116202306727349380e-01
1.117331409666743325e-01
1.124626112917157944e-01
1.127200932053955829e-01
1.136149591288979077e-01
1.134149726418362397e-01
1.139304784193829190e-01
1.147934455660172270e-01
1.152173904941849736e-01
1.166192395695921369e-01
1.173409011537322605e-01
1.174138100584902478e-01
1.172905583431665538e-01
1.170959129107684155e-01
1.175918518380617561e-01
1.186020654344402125e-01
1.174797776879930727e-01
1.168483943727684354e-01
1.151396574114103566e-01
1.157517381380313015e-01
1.154823443316145559e-01
1.152609258843341200e-01
1.153949214635874299e-01
1.158194785748010575e-01
1.169945527492701060e-01
1.167012774534685743e-01
1.165481764526665048e-01
1.168639008232692095e-01
1.179371486610708841e-01
1.168944878858725472e-01
1.158369953687210657e-01
1.145150894165932881e-01
1.144590044302405685e-01
1.133579193470939384e-01
1.121244849827198325e-01
1.116606776073405249e-01
1.110187904871383496e-01
1.105801792557498525e-01
1.098940179759467922e-01
1.101848565638060412e-01
1.096428487518546074e-01
1.086223513741504387e-01
1.074424080523005282e-01
1.074926054412017606e-01
1.074804436734684981e-01
1.078837233749833230e-01
1.075596154221196699e-01
1.073372168841814078e-01
1.068232053027847045e-01
1.060659559783488359e-01
1.038182772618529010e-01
1.021716562264899791e-01
1.024182647057676199e-01
1.012477951213816424e-01
9.983601396154004326e-02
9.917058291175398499e-02
9.893072401129206217e-02
9.912949544384984379e-02
9.903439106589398411e-02
9.574159026415264562e-02
9.527637702010413601e-02
9.319392167513168568e-02
9.312638561539912652e-02
9.273636917179794992e-02
9.211833146551860751e-02
9.191885974955554817e-02
9.158380020894507645e-02
9.198660000736320896e-02
9.170892087265206105e-02
9.002471108340402706e-02
8.957874075843548500e-02
8.783207617017237123e-02
8.708148423414585615e-02
8.613497923853702387e-02
8.456006744603176972e-02
8.449251818593531138e-02
8.587719557714612595e-02
8.666772506478813420e-02
8.761614695098793315e-02
8.845231766880837232e-02
8.842510501049678784e-02
8.823385422947381540e-02
8.866176592515342958e-02
8.870924286811336656e-02
8.814095538864478996e-02
8.616412626992253632e-02
8.708987947937114893e-02
8.775219892659989751e-02
8.737705340925536190e-02
8.798983715900977887e-02
8.752317910551124513e-02
8.736918474752135289e-02
8.882222827643583563e-02
8.941475446142287120e-02
9.023019100596645081e-02
9.112357717665432733e-02
9.107818534847043901e-02
9.139406148657147622e-02
9.113899275965016422e-02
9.283495192917093353e-02
9.295631666070743038e-02
9.552475523287354275e-02
9.365375441226156394e-02
9.548510991913156110e-02
9.561471100244287036e-02
9.683461207388623093e-02
9.705043091245847686e-02
9.687046487340646161e-02
9.900934442391851054e-02
9.817834270828881826e-02
9.929468469475664916e-02
9.943150742243225815e-02
1.014865747165571569e-01
1.014304359546313317e-01
1.017507290354425220e-01
1.037221207203862516e-01
1.050536536527399006e-01
1.054328722056856599e-01
1.054597835479534756e-01
1.062139811993852434e-01
1.070758466329892050e-01
1.077377984081294426e-01
1.078222881808915956e-01
1.080369198418666271e-01
1.099936220063152809e-01
1.097392347835928622e-01
1.098614310539056255e-01
1.106687805533002888e-01
1.108188972850729370e-01
1.104360851822248774e-01
1.115812763087577625e-01
1.124597868191955785e-01
1.129966581945089227e-01
1.131506028070183439e-01
1.126310501654278068e-01
1.132474050774973096e-01
1.132596249395710908e-01
1.138649302748981629e-01
1.147673870732883877e-01
1.152174531162432347e-01
1.144407074424831222e-01
1.147572767415320216e-01
1.145800004506113828e-01
1.151528761557927966e-01
1.159102681140314617e-01
1.168020513251865622e-01
1.166247345832545218e-01
1.164837076110378372e-01
1.171214342879178250e-01
1.180752543574380697e-01
1.189845647813939367e-01
1.207142086400997821e-01
1.206751046313076919e-01
1.211566214352988585e-01
1.212170408513570941e-01
1.201465850149320835e-01
1.205646437441103141e-01
1.212583423045695968e-01
1.207854713815649100e-01
1.205168186820300413e-01
1.212788146302776066e-01
1.207807777900587742e-01
1.204289749186946840e-01
1.204040088704448896e-01
1.201878267483034723e-01
1.203860480146807105e-01
1.200922529889488222e-01
1.200715403118428892e-01
1.187346051239386441e-01
1.185969915660468471e-01
1.184846733413295050e-01
1.166239523777150011e-01
1.151071579675991413e-01
1.143229234877725514e-01
1.130312273727774597e-01
1.137349917401393046e-01
1.132499954101594680e-01
1.124583805080465043e-01
1.124835006599575610e-01
1.121007434745118075e-01
1.121429854585680869e-01
1.124619853564372413e-01
1.115382477678107526e-01
1.110978840443622578e-01
1.095991111299458448e-01
1.090909439807486864e-01
1.087769491350447509e-01
1.081161426053154073e-01
1.067006947667406835e-01
1.053815679572019104e-01
1.024647023397551870e-01
1.010177561259179430e-01
1.007057035727263322e-01
1.003801131587659379e-01
9.939798396201743325e-02
9.914267548961380738e-02
9.969576838654843620e-02
9.876518591623199839e-02
9.825277696877064704e-02
9.721735026730701779e-02
9.675054880874203733e-02
9.491678059548336321e-02
9.432036456514356071e-02
9.247334045636762534e-02
9.034704000306564842e-02
8.943084071361180609e-02
8.993920785768734494e-02
9.010229846279743660e-02
8.887868729250383848e-02
8.733403901718388151e-02
8.655142956157013678e-02
8.661971223725513369e-02
8.510333087099600236e-02
8.442324854379681942e-02
8.297621833487102416e-02
8.259141755286990294e-02
8.308365718646307241e-02
8.287248388980283931e-02
8.329524257118833819e-02
8.379396579898533426e-02
8.428493322337533844e-02
8.449099347234743929e-02
8.519479839709384605e-02
8.585265357465404756e-02
8.657506125074210246e-02
8.690571689490596274e-02
8.645515129807657129e-02
8.725435573301763836e-02
8.668755049911737454e-02
8.596494825893784275e-02
8.591461265845462547e-02
8.588035498199345086e-02
8.527877901589824006e-02
8.465430111181165840e-02
8.446691115355516033e-02
8.551082040514576543e-02
8.557232530365367629e-02
8.596084603862097495e-02
8.782150715803636876e-02
8.835364323824683452e-02
8.918998121265037105e-02
8.872552157998608857e-02
8.949451307643831177e-02
9.155480115263160690e-02
9.261885532306761426e-02
9.170230700196579932e-02
9.168598395660947087e-02
9.238072428595330010e-02
9.270884637423418284e-02
9.282087715476748657e-02
9.356706420867869078e-02
9.510648769294856308e-02
9.625672160314313608e-02
9.821112252755861971e-02
9.934649832090892974e-02
1.006713723832596691e-01
1.004929656705259855e-01
1.012815445930338870e-01
1.022516344435987629e-01
1.028749731396208511e-01
1.039221162876652477e-01
1.030887480791416455e-01
1.035199650139709548e-01
1.056409735792394333e-01
1.062063860269761434e-01
1.061126940188684975e-01
1.063062804064534572e-01
1.074151303913137429e-01
1.076150755352202198e-01
1.080111837314964990e-01
1.103095687671113850e-01
1.099559710104576066e-01
1.115273328063639546e-01
1.127513496224460815e-01
1.140058065158312817e-01
1.156632023871812937e-01
1.159413513202188356e-01
1.165736273398418205e-01
1.168475175571961067e-01
1.175223925976891653e-01
1.185551247119030760e-01
1.190699960845183619e-01
1.196690376465650435e-01
1.215374962562425498e-01
1.214279448296756020e-01
1.230187054373934746e-01
1.229059884983073336e-01
1.229078626447339118e-01
1.241791590040049464e-01
1.246042577095110709e-01
1.249891860401159821e-01
1.252068980371331963e-01
1.256279618951207933e-01
1.266410695929528207e-01
1.268414314746444393e-01
1.270576399094849318e-01
1.280643119568692090e-01
1.281325862662286430e-01
1.280934164063438629e-01
1.279656444427267059e-01
1.275869966211692630e-01
1.275342739399446534e-01
1.265100727463583374e-01
1.257550612908306109e-01
1.250080140335790291e-01
1.248210781339261360e-01
1.247724583294079620e-01
1.241095730700192135e-01
1.239673454676400444e-01
1.233948030976730892e-01
1.237760038584949790e-01
1.217916315697182283e-01
1.224007733388019076e-01
1.220012192995750533e-01
1.215228037638060588e-01
1.216331671163780881e-01
1.206259839338860163e-01
1.198839609719855315e-01
1.191680192691534912e-01
1.178450670274914930e-01
1.172870418226233391e-01
1.168713174854395659e-01
1.161641633300142112e-01
1.158690403595170754e-01
1.152756658913575427e-01
1.140576379142069219e-01
1.122573457005485165e-01
1.121166251293636978e-01
1.110651236492398997e-01
1.103393443682303687e-01
1.096616250562435918e-01
1.077996146558844737e-01
1.071425273836619646e-01
1.057674849402167327e-01
1.051547520743565944e-01
1.033294373390643978e-01
1.029663410169098792e-01
1.023534277590713581e-01
1.011674041795998652e-01
1.007717001517710598e-01
9.889161517289432601e-02
9.950196866825652964e-02
9.847858221298262660e-02
9.700643319405059806e-02
9.638431405770603311e-02
9.572573641854270621e-02
9.574497689213716523e-02
9.527755885358107912e-02
9.414310692873160968e-02
9.450720695971030760e-02
9.399877949524829135e-02
9.517431197951395361e-02
9.528771162590438104e-02
9.517702307398530348e-02
9.572774758791174898e-02
9.504892431171423073e-02
9.455934993522509269e-02
9.385676790642683009e-02
9.246928235558814213e-02
9.087364140149493952e-02
9.042405286681615140e-02
9.104466540033319399e-02
9.076878103428077937e-02
9.032508605518922706e-02
8.962511302131553892e-02
9.039524451852053166e-02
8.910601431439649223e-02
8.925811778598344293e-02
8.859263341593330565e-02
8.859410413418490615e-02
8.773154372186720007e-02
8.787453737691638955e-02
8.760906406424853743e-02
8.810488776782644804e-02
8.847765720967547265e-02
8.852237831924193723e-02
8.885827572434473742e-02
8.978779490402123697e-02
8.948804467787285777e-02
8.925590388947896026e-02
8.875288139555430333e-02
8.881401616147852063e-02
8.896963538503104008e-02
8.984127757970926387e-02
9.128228680778406601e-02
9.179105520084034076e-02
9.345081488616467646e-02
9.359265546553090231e-02
9.449632657931350543e-02
9.543070953138470258e-02
9.586867389780236171e-02
9.585132217035639834e-02
9.598459062762232374e-02
9.668319815517321947e-02
9.714313090501319747e-02
9.788702822874963128e-02
9.918360738482452643e-02
9.958036444242454599e-02
9.994348775315844979e-02
9.964074958042674901e-02
1.001203748310807301e-01
1.002096836158592741e-01
1.006284262065716278e-01
1.015301371923814644e-01
1.022446119223979211e-01
1.029856544683592084e-01
1.041779495198053435e-01
1.050952286323840190e-01
1.056587534448480692e-01
1.064694572450602950e-01
1.068339809752182762e-01
1.070564416327055152e-01
1.071033908722811845e-01
1.069739686328284867e-01
1.073454677297410453e-01
1.094489635692014046e-01
1.098799827329708795e-01
1.091206026796004702e-01
1.093875504158832723e-01
1.107027833962610647e-01
1.115106782277169306e-01
1.120469256938790847e-01
1.126611020443183536e-01
1.136243392011438563e-01
1.136970325221276640e-01
1.139247541501618582e-01
1.138451710145766543e-01
1.138399552024734196e-01
1.147046323486514002e-01
1.153187991826406938e-01
1.158480079699070187e-01
1.160629379277231532e-01
1.169924208292807827e-01
1.177535937601986160e-01
1.179300497639243911e-01
1.184462451778703213e-01
1.188705962105372910e-01
1.184996969634671410e-01
1.191863110909813228e-01
1.198313508239242930e-01
1.200375143397458128e-01
1.219056429931634072e-01
1.220728399783581747e-01
1.221710363673114419e-01
1.223577197903326502e-01
1.222928173910786814e-01
1.210504453929688584e-01
1.210475914610025100e-01
1.206760398349838864e-01
1.206876640749680873e-01
1.205146890056237735e-01
1.205930477732301553e-01
1.212982865217700906e-01
1.211486582349213942e-01
1.209471236693726720e-01
1.203880578262624818e-01
1.199127498856856905e-01
1.198456359675381944e-01
1.193884718561639136e-01
1.182717910778655346e-01
1.186099351116667172e-01
1.188445015641208108e-01
1.188295083341129044e-01
1.189444975250016773e-01
1.188344037308045748e-01
1.178380649340676073e-01
1.179707246524494269e-01
1.182335657052976385e-01
1.179472790306488050e-01
1.164674384986235794e-01
1.154909369935198660e-01
1.147040751906846928e-01
1.148484919538199367e-01
1.122935083809110945e-01
1.113384664891787085e-01
1.102245552780423132e-01
1.096583905080509846e-01
1.092184618590831824e-01
1.084338515408328762e-01
1.085594764085869163e-01
1.083142707453888104e-01
1.070427455151854723e-01
1.071442370226271812e-01
1.073549271488676848e-01
