0.000000000000000000e+00
8.562810647966050126e-02
8.371843087797381511e-02
8.231203440895208667e-02
8.513951676097471222e-02
8.380685710168543634e-02
8.424539595064862996e-02
8.232101202758423941e-02
8.344275363446261584e-02
8.353473175869850775e-02
8.550972710278180455e-02
8.444667368245496741e-02
8.630498872453785941e-02
8.543805446376806501e-02
8.504840091764481746e-02
8.480591008294259547e-02
8.442051660044540273e-02
8.629223485346233791e-02
8.726577301514180929e-02
8.685888564990339178e-02
8.760404501752276640e-02
8.773660957054635334e-02
8.602159154478010439e-02
8.602159154478010439e-02
8.654487048383768810e-02
8.617383416426926956e-02
8.663920387450395333e-02
8.626931067061992253e-02
8.626931067061992253e-02
8.621154190756302738e-02
8.592477859586995781e-02
8.589355208708483735e-02
8.561764330148370628e-02
8.561764330148370628e-02
8.561764330148370628e-02
8.561764330148370628e-02
8.589568479949882818e-02
8.589568479949882818e-02
8.589568479949882818e-02
8.599102825122369176e-02
8.599102825122369176e-02
8.599102825122369176e-02
8.599102825122369176e-02
8.599102825122369176e-02
8.599102825122369176e-02
8.599102825122369176e-02
8.599102825122369176e-02
8.599102825122369176e-02
8.599102825122369176e-02
8.599102825122369176e-02
8.599102825122369176e-02
8.599102825122369176e-02
8.599102825122369176e-02
8.599102825122369176e-02
8.589568479949882818e-02
8.589568479949882818e-02
8.589568479949882818e-02
8.589568479949882818e-02
8.589568479949882818e-02
8.589568479949882818e-02
8.589568479949882818e-02
8.589568479949882818e-02
8.589568479949882818e-02
8.589568479949882818e-02
8.589568479949882818e-02
8.589568479949882818e-02
8.589568479949882818e-02
8.589568479949882818e-02
8.589568479949882818e-02
8.589568479949882818e-02
8.589568479949882818e-02
8.589568479949882818e-02
8.589568479949882818e-02
8.589568479949882818e-02
8.589568479949882818e-02
8.589568479949882818e-02
8.589568479949882818e-02
8.589568479949882818e-02
8.589568479949882818e-02
8.589568479949882818e-02
8.589568479949882818e-02
8.589568479949882818e-02
8.589568479949882818e-02
8.589568479949882818e-02
8.589568479949882818e-02
8.589568479949882818e-02
8.589568479949882818e-02
8.589568479949882818e-02
8.589568479949882818e-02
8.589568479949882818e-02
8.589568479949882818e-02
8.589568479949882818e-02
8.589568479949882818e-02
8.589568479949882818e-02
8.589568479949882818e-02
8.589568479949882818e-02
8.589568479949882818e-02
8.589568479949882818e-02
8.589568479949882818e-02
8.589568479949882818e-02
8.589568479949882818e-02
8.589568479949882818e-02
8.589568479949882818e-02
8.589568479949882818e-02
8.589568479949882818e-02
8.589568479949882818e-02
8.589568479949882818e-02
8.589568479949882818e-02
8.589568479949882818e-02
8.589568479949882818e-02
8.589568479949882818e-02
8.589568479949882818e-02
8.589568479949882818e-02
8.589568479949882818e-02
8.589568479949882818e-02
8.589568479949882818e-02
8.589568479949882818e-02
8.589568479949882818e-02
8.589568479949882818e-02
8.589568479949882818e-02
8.589568479949882818e-02
8.589568479949882818e-02
8.589568479949882818e-02
8.589568479949882818e-02
8.589568479949882818e-02
8.589568479949882818e-02
8.589568479949882818e-02
8.589568479949882818e-02
8.589568479949882818e-02
8.589568479949882818e-02
8.589568479949882818e-02
8.589568479949882818e-02
8.589568479949882818e-02
8.589568479949882818e-02
8.589568479949882818e-02
8.589568479949882818e-02
8.589568479949882818e-02
8.589568479949882818e-02
8.589568479949882818e-02
8.589568479949882818e-02
8.589568479949882818e-02
8.589568479949882818e-02
8.589568479949882818e-02
8.589568479949882818e-02
8.589568479949882818e-02
8.589568479949882818e-02
8.589568479949882818e-02
8.589568479949882818e-02
8.589568479949882818e-02
8.589568479949882818e-02
8.589568479949882818e-02
8.589568479949882818e-02
8.589568479949882818e-02
8.589568479949882818e-02
8.589568479949882818e-02
8.589568479949882818e-02
8.589568479949882818e-02
8.589568479949882818e-02
8.589568479949882818e-02
8.589568479949882818e-02
8.589568479949882818e-02
8.589568479949882818e-02
8.589568479949882818e-02
8.589568479949882818e-02
8.589568479949882818e-02
8.589568479949882818e-02
8.589568479949882818e-02
8.589568479949882818e-02
8.589568479949882818e-02
8.589568479949882818e-02
8.589568479949882818e-02
8.589568479949882818e-02
8.589568479949882818e-02
8.589568479949882818e-02
8.589568479949882818e-02
8.589568479949882818e-02
8.589568479949882818e-02
8.589568479949882818e-02
8.589568479949882818e-02
8.589568479949882818e-02
8.589568479949882818e-02
8.589568479949882818e-02
8.589568479949882818e-02
8.589568479949882818e-02
8.589568479949882818e-02
8.589568479949882818e-02
8.589568479949882818e-02
8.589568479949882818e-02
8.589568479949882818e-02
8.589568479949882818e-02
8.589568479949882818e-02
8.589568479949882818e-02
8.589568479949882818e-02
8.589568479949882818e-02
8.589568479949882818e-02
8.589568479949882818e-02
8.589568479949882818e-02
8.589568479949882818e-02
8.589568479949882818e-02
8.589568479949882818e-02
8.589568479949882818e-02
8.589568479949882818e-02
8.589568479949882818e-02
8.589568479949882818e-02
8.589568479949882818e-02
8.589568479949882818e-02
8.589568479949882818e-02
8.589568479949882818e-02
8.589568479949882818e-02
8.589568479949882818e-02
8.589568479949882818e-02
8.589568479949882818e-02
8.589568479949882818e-02
8.589568479949882818e-02
8.589568479949882818e-02
8.589568479949882818e-02
8.589568479949882818e-02
8.589568479949882818e-02
8.589568479949882818e-02
8.589568479949882818e-02
8.589568479949882818e-02
8.589568479949882818e-02
8.589568479949882818e-02
8.589568479949882818e-02
8.589568479949882818e-02
8.589568479949882818e-02
8.589568479949882818e-02
8.589568479949882818e-02
8.589568479949882818e-02
8.589568479949882818e-02
8.589568479949882818e-02
8.589568479949882818e-02
8.589568479949882818e-02
8.589568479949882818e-02
8.589568479949882818e-02
8.589568479949882818e-02
8.589568479949882818e-02
8.589568479949882818e-02
8.589568479949882818e-02
8.589568479949882818e-02
8.589568479949882818e-02
8.589568479949882818e-02
8.589568479949882818e-02
8.589568479949882818e-02
8.589568479949882818e-02
8.589568479949882818e-02
8.589568479949882818e-02
8.589568479949882818e-02
8.589568479949882818e-02
8.589568479949882818e-02
