1.000000000000000000e+00
9.938887586050373368e-01
9.578819236561126882e-01
9.086383597821816593e-01
8.840611548205362658e-01
8.728172151084083730e-01
8.517654014906383964e-01
8.243877433762286655e-01
8.160599544800801741e-01
8.069553903604671508e-01
8.170803187052591010e-01
8.211502320489900697e-01
8.150111553340152470e-01
8.055790578648156508e-01
8.039448167191948214e-01
8.052203532835645605e-01
8.040503736072639462e-01
8.088706632029835086e-01
8.079590325624369518e-01
8.038826568405768036e-01
8.081751151392211341e-01
8.139571285926487931e-01
8.107734688333710915e-01
8.107734688333710915e-01
8.097316076010669939e-01
8.085616279247662685e-01
8.102378107781043060e-01
8.090678311018038027e-01
8.090678311018038027e-01
8.138442195994950445e-01
8.102740470546724305e-01
8.092672672359346731e-01
8.085967093383326088e-01
8.085967093383326088e-01
8.085967093383326088e-01
8.085967093383326088e-01
8.092604858375959109e-01
8.092604858375959109e-01
8.092604858375959109e-01
8.097666890146334451e-01
8.097666890146334451e-01
8.097666890146334451e-01
8.097666890146334451e-01
8.097666890146334451e-01
8.097666890146334451e-01
8.097666890146334451e-01
8.097666890146334451e-01
8.097666890146334451e-01
8.097666890146334451e-01
8.097666890146334451e-01
8.097666890146334451e-01
8.097666890146334451e-01
8.097666890146334451e-01
8.097666890146334451e-01
8.092604858375959109e-01
8.092604858375959109e-01
8.092604858375959109e-01
8.092604858375959109e-01
8.092604858375959109e-01
8.092604858375959109e-01
8.092604858375959109e-01
8.092604858375959109e-01
8.092604858375959109e-01
8.092604858375959109e-01
8.092604858375959109e-01
8.092604858375959109e-01
8.092604858375959109e-01
8.092604858375959109e-01
8.092604858375959109e-01
8.092604858375959109e-01
8.092604858375959109e-01
8.092604858375959109e-01
8.092604858375959109e-01
8.092604858375959109e-01
8.092604858375959109e-01
8.092604858375959109e-01
8.092604858375959109e-01
8.092604858375959109e-01
8.092604858375959109e-01
8.092604858375959109e-01
8.092604858375959109e-01
8.092604858375959109e-01
8.092604858375959109e-01
8.092604858375959109e-01
8.092604858375959109e-01
8.092604858375959109e-01
8.092604858375959109e-01
8.092604858375959109e-01
8.092604858375959109e-01
8.092604858375959109e-01
8.092604858375959109e-01
8.092604858375959109e-01
8.092604858375959109e-01
8.092604858375959109e-01
8.092604858375959109e-01
8.092604858375959109e-01
8.092604858375959109e-01
8.092604858375959109e-01
8.092604858375959109e-01
8.092604858375959109e-01
8.092604858375959109e-01
8.092604858375959109e-01
8.092604858375959109e-01
8.092604858375959109e-01
8.092604858375959109e-01
8.092604858375959109e-01
8.092604858375959109e-01
8.092604858375959109e-01
8.092604858375959109e-01
8.092604858375959109e-01
8.092604858375959109e-01
8.092604858375959109e-01
8.092604858375959109e-01
8.092604858375959109e-01
8.092604858375959109e-01
8.092604858375959109e-01
8.092604858375959109e-01
8.092604858375959109e-01
8.092604858375959109e-01
8.092604858375959109e-01
8.092604858375959109e-01
8.092604858375959109e-01
8.092604858375959109e-01
8.092604858375959109e-01
8.092604858375959109e-01
8.092604858375959109e-01
8.092604858375959109e-01
8.092604858375959109e-01
8.092604858375959109e-01
8.092604858375959109e-01
8.092604858375959109e-01
8.092604858375959109e-01
8.092604858375959109e-01
8.092604858375959109e-01
8.092604858375959109e-01
8.092604858375959109e-01
8.092604858375959109e-01
8.092604858375959109e-01
8.092604858375959109e-01
8.092604858375959109e-01
8.092604858375959109e-01
8.092604858375959109e-01
8.092604858375959109e-01
8.092604858375959109e-01
8.092604858375959109e-01
8.092604858375959109e-01
8.092604858375959109e-01
8.092604858375959109e-01
8.092604858375959109e-01
8.092604858375959109e-01
8.092604858375959109e-01
8.092604858375959109e-01
8.092604858375959109e-01
8.092604858375959109e-01
8.092604858375959109e-01
8.092604858375959109e-01
8.092604858375959109e-01
8.092604858375959109e-01
8.092604858375959109e-01
8.092604858375959109e-01
8.092604858375959109e-01
8.092604858375959109e-01
8.092604858375959109e-01
8.092604858375959109e-01
8.092604858375959109e-01
8.092604858375959109e-01
8.092604858375959109e-01
8.092604858375959109e-01
8.092604858375959109e-01
8.092604858375959109e-01
8.092604858375959109e-01
8.092604858375959109e-01
8.092604858375959109e-01
8.092604858375959109e-01
8.092604858375959109e-01
8.092604858375959109e-01
8.092604858375959109e-01
8.092604858375959109e-01
8.092604858375959109e-01
8.092604858375959109e-01
8.092604858375959109e-01
8.092604858375959109e-01
8.092604858375959109e-01
8.092604858375959109e-01
8.092604858375959109e-01
8.092604858375959109e-01
8.092604858375959109e-01
8.092604858375959109e-01
8.092604858375959109e-01
8.092604858375959109e-01
8.092604858375959109e-01
8.092604858375959109e-01
8.092604858375959109e-01
8.092604858375959109e-01
8.092604858375959109e-01
8.092604858375959109e-01
8.092604858375959109e-01
8.092604858375959109e-01
8.092604858375959109e-01
8.092604858375959109e-01
8.092604858375959109e-01
8.092604858375959109e-01
8.092604858375959109e-01
8.092604858375959109e-01
8.092604858375959109e-01
8.092604858375959109e-01
8.092604858375959109e-01
8.092604858375959109e-01
8.092604858375959109e-01
8.092604858375959109e-01
8.092604858375959109e-01
8.092604858375959109e-01
8.092604858375959109e-01
8.092604858375959109e-01
8.092604858375959109e-01
8.092604858375959109e-01
8.092604858375959109e-01
8.092604858375959109e-01
8.092604858375959109e-01
8.092604858375959109e-01
8.092604858375959109e-01
8.092604858375959109e-01
8.092604858375959109e-01
8.092604858375959109e-01
8.092604858375959109e-01
8.092604858375959109e-01
8.092604858375959109e-01
8.092604858375959109e-01
8.092604858375959109e-01
8.092604858375959109e-01
8.092604858375959109e-01
8.092604858375959109e-01
8.092604858375959109e-01
8.092604858375959109e-01
8.092604858375959109e-01
8.092604858375959109e-01
8.092604858375959109e-01
8.092604858375959109e-01
8.092604858375959109e-01
8.092604858375959109e-01
8.092604858375959109e-01
8.092604858375959109e-01
8.092604858375959109e-01
8.092604858375959109e-01
8.092604858375959109e-01
8.092604858375959109e-01
8.092604858375959109e-01
8.092604858375959109e-01
8.092604858375959109e-01
8.092604858375959109e-01
