-1.899999999999999911e+00 0.000000000000000000e+00
-1.896386430678465906e+00 0.000000000000000000e+00
-1.892772861356932124e+00 0.000000000000000000e+00
-1.889159292035398119e+00 0.000000000000000000e+00
-1.885545722713864114e+00 0.000000000000000000e+00
-1.881932153392330331e+00 0.000000000000000000e+00
-1.878318584070796327e+00 0.000000000000000000e+00
-1.874705014749262544e+00 0.000000000000000000e+00
-1.871091445427728539e+00 0.000000000000000000e+00
-1.867477876106194534e+00 0.000000000000000000e+00
-1.863864306784660752e+00 0.000000000000000000e+00
-1.860250737463126747e+00 0.000000000000000000e+00
-1.856637168141592742e+00 0.000000000000000000e+00
-1.853023598820058959e+00 0.000000000000000000e+00
-1.849410029498524954e+00 0.000000000000000000e+00
-1.845796460176990950e+00 0.000000000000000000e+00
-1.842182890855457167e+00 0.000000000000000000e+00
-1.838569321533923162e+00 0.000000000000000000e+00
-1.834955752212389379e+00 0.000000000000000000e+00
-1.831342182890855375e+00 0.000000000000000000e+00
-1.827728613569321370e+00 0.000000000000000000e+00
-1.824115044247787587e+00 0.000000000000000000e+00
-1.820501474926253582e+00 0.000000000000000000e+00
-1.816887905604719577e+00 0.000000000000000000e+00
-1.813274336283185795e+00 0.000000000000000000e+00
-1.809660766961651790e+00 0.000000000000000000e+00
-1.806047197640118007e+00 0.000000000000000000e+00
-1.802433628318584002e+00 0.000000000000000000e+00
-1.798820058997049998e+00 0.000000000000000000e+00
-1.795206489675516215e+00 0.000000000000000000e+00
-1.791592920353982210e+00 0.000000000000000000e+00
-1.787979351032448205e+00 0.000000000000000000e+00
-1.784365781710914423e+00 0.000000000000000000e+00
-1.780752212389380418e+00 0.000000000000000000e+00
-1.777138643067846413e+00 0.000000000000000000e+00
-1.773525073746312630e+00 0.000000000000000000e+00
-1.769911504424778625e+00 0.000000000000000000e+00
-1.766297935103244843e+00 0.000000000000000000e+00
-1.762684365781710838e+00 0.000000000000000000e+00
-1.759070796460176833e+00 0.000000000000000000e+00
-1.755457227138643050e+00 0.000000000000000000e+00
-1.751843657817109046e+00 0.000000000000000000e+00
-1.748230088495575041e+00 0.000000000000000000e+00
-1.744616519174041258e+00 0.000000000000000000e+00
-1.741002949852507253e+00 0.000000000000000000e+00
-1.737389380530973249e+00 0.000000000000000000e+00
-1.733775811209439466e+00 0.000000000000000000e+00
-1.730162241887905461e+00 0.000000000000000000e+00
-1.726548672566371678e+00 0.000000000000000000e+00
-1.722935103244837673e+00 0.000000000000000000e+00
-1.719321533923303669e+00 0.000000000000000000e+00
-1.715707964601769886e+00 0.000000000000000000e+00
-1.712094395280235881e+00 0.000000000000000000e+00
-1.708480825958701876e+00 0.000000000000000000e+00
-1.704867256637168094e+00 0.000000000000000000e+00
-1.701253687315634089e+00 0.000000000000000000e+00
-1.697640117994100084e+00 0.000000000000000000e+00
-1.694026548672566301e+00 0.000000000000000000e+00
-1.690412979351032297e+00 0.000000000000000000e+00
-1.686799410029498514e+00 0.000000000000000000e+00
-1.683185840707964509e+00 0.000000000000000000e+00
-1.679572271386430504e+00 0.000000000000000000e+00
-1.675958702064896721e+00 0.000000000000000000e+00
-1.672345132743362717e+00 0.000000000000000000e+00
-1.668731563421828712e+00 0.000000000000000000e+00
-1.665117994100294929e+00 0.000000000000000000e+00
-1.661504424778760924e+00 0.000000000000000000e+00
-1.657890855457226920e+00 0.000000000000000000e+00
-1.654277286135693137e+00 0.000000000000000000e+00
-1.650663716814159132e+00 0.000000000000000000e+00
-1.647050147492625349e+00 0.000000000000000000e+00
-1.643436578171091345e+00 0.000000000000000000e+00
-1.639823008849557340e+00 0.000000000000000000e+00
-1.636209439528023557e+00 0.000000000000000000e+00
-1.632595870206489552e+00 0.000000000000000000e+00
-1.628982300884955770e+00 0.000000000000000000e+00
-1.625368731563421765e+00 0.000000000000000000e+00
-1.621755162241887760e+00 0.000000000000000000e+00
-1.618141592920353755e+00 0.000000000000000000e+00
-1.614528023598819972e+00 0.000000000000000000e+00
-1.610914454277285968e+00 0.000000000000000000e+00
-1.607300884955752185e+00 0.000000000000000000e+00
-1.603687315634218180e+00 0.000000000000000000e+00
-1.600073746312684175e+00 0.000000000000000000e+00
-1.596460176991150393e+00 0.000000000000000000e+00
-1.592846607669616388e+00 0.000000000000000000e+00
-1.589233038348082605e+00 0.000000000000000000e+00
-1.585619469026548600e+00 0.000000000000000000e+00
-1.582005899705014595e+00 0.000000000000000000e+00
-1.578392330383480591e+00 0.000000000000000000e+00
-1.574778761061946808e+00 0.000000000000000000e+00
-1.571165191740412803e+00 0.000000000000000000e+00
-1.567551622418879020e+00 0.000000000000000000e+00
-1.563938053097345016e+00 0.000000000000000000e+00
-1.560324483775811011e+00 0.000000000000000000e+00
-1.556710914454277228e+00 0.000000000000000000e+00
-1.553097345132743223e+00 0.000000000000000000e+00
-1.549483775811209441e+00 0.000000000000000000e+00
-1.545870206489675436e+00 0.000000000000000000e+00
-1.542256637168141431e+00 0.000000000000000000e+00
-1.538643067846607426e+00 0.000000000000000000e+00
-1.535029498525073643e+00 0.000000000000000000e+00
-1.531415929203539639e+00 0.000000000000000000e+00
-1.527802359882005856e+00 0.000000000000000000e+00
-1.524188790560471851e+00 0.000000000000000000e+00
-1.520575221238937846e+00 0.000000000000000000e+00
-1.516961651917404064e+00 0.000000000000000000e+00
-1.513348082595870059e+00 0.000000000000000000e+00
-1.509734513274336276e+00 0.000000000000000000e+00
-1.506120943952802271e+00 0.000000000000000000e+00
-1.502507374631268267e+00 0.000000000000000000e+00
-1.498893805309734262e+00 0.000000000000000000e+00
-1.495280235988200479e+00 0.000000000000000000e+00
-1.491666666666666474e+00 0.000000000000000000e+00
-1.488053097345132691e+00 0.000000000000000000e+00
-1.484439528023598687e+00 0.000000000000000000e+00
-1.480825958702064682e+00 0.000000000000000000e+00
-1.477212389380530899e+00 0.000000000000000000e+00
-1.473598820058996894e+00 0.000000000000000000e+00
-1.469985250737463112e+00 0.000000000000000000e+00
-1.466371681415929107e+00 0.000000000000000000e+00
-1.462758112094395102e+00 0.000000000000000000e+00
-1.459144542772861097e+00 0.000000000000000000e+00
-1.455530973451327315e+00 0.000000000000000000e+00
-1.451917404129793310e+00 0.000000000000000000e+00
-1.448303834808259527e+00 0.000000000000000000e+00
-1.444690265486725522e+00 0.000000000000000000e+00
-1.441076696165191517e+00 0.000000000000000000e+00
-1.437463126843657735e+00 0.000000000000000000e+00
-1.433849557522123730e+00 0.000000000000000000e+00
-1.430235988200589947e+00 0.000000000000000000e+00
-1.426622418879055942e+00 0.000000000000000000e+00
-1.423008849557521938e+00 0.000000000000000000e+00
-1.419395280235987933e+00 0.000000000000000000e+00
-1.415781710914454150e+00 0.000000000000000000e+00
-1.412168141592920145e+00 0.000000000000000000e+00
-1.408554572271386363e+00 0.000000000000000000e+00
-1.404941002949852358e+00 0.000000000000000000e+00
-1.401327433628318353e+00 0.000000000000000000e+00
-1.397713864306784570e+00 0.000000000000000000e+00
-1.394100294985250565e+00 0.000000000000000000e+00
-1.390486725663716783e+00 0.000000000000000000e+00
-1.386873156342182778e+00 0.000000000000000000e+00
-1.383259587020648773e+00 0.000000000000000000e+00
-1.379646017699114768e+00 0.000000000000000000e+00
-1.376032448377580986e+00 0.000000000000000000e+00
-1.372418879056047203e+00 0.000000000000000000e+00
-1.368805309734513198e+00 0.000000000000000000e+00
-1.365191740412979193e+00 0.000000000000000000e+00
-1.361578171091445189e+00 0.000000000000000000e+00
-1.357964601769911406e+00 0.000000000000000000e+00
-1.354351032448377401e+00 0.000000000000000000e+00
-1.350737463126843618e+00 0.000000000000000000e+00
-1.347123893805309613e+00 0.000000000000000000e+00
-1.343510324483775609e+00 0.000000000000000000e+00
-1.339896755162241604e+00 0.000000000000000000e+00
-1.336283185840707821e+00 0.000000000000000000e+00
-1.332669616519174038e+00 0.000000000000000000e+00
-1.329056047197640034e+00 0.000000000000000000e+00
-1.325442477876106029e+00 0.000000000000000000e+00
-1.321828908554572024e+00 0.000000000000000000e+00
-1.318215339233038241e+00 0.000000000000000000e+00
-1.314601769911504237e+00 0.000000000000000000e+00
-1.310988200589970454e+00 0.000000000000000000e+00
-1.307374631268436449e+00 0.000000000000000000e+00
-1.303761061946902444e+00 0.000000000000000000e+00
-1.300147492625368439e+00 0.000000000000000000e+00
-1.296533923303834657e+00 0.000000000000000000e+00
-1.292920353982300874e+00 0.000000000000000000e+00
-1.289306784660766869e+00 0.000000000000000000e+00
-1.285693215339232864e+00 0.000000000000000000e+00
-1.282079646017698860e+00 0.000000000000000000e+00
-1.278466076696165077e+00 0.000000000000000000e+00
-1.274852507374631072e+00 0.000000000000000000e+00
-1.271238938053097289e+00 0.000000000000000000e+00
-1.267625368731563285e+00 0.000000000000000000e+00
-1.264011799410029280e+00 0.000000000000000000e+00
-1.260398230088495275e+00 0.000000000000000000e+00
-1.256784660766961492e+00 0.000000000000000000e+00
-1.253171091445427709e+00 0.000000000000000000e+00
-1.249557522123893705e+00 0.000000000000000000e+00
-1.245943952802359700e+00 0.000000000000000000e+00
-1.242330383480825695e+00 0.000000000000000000e+00
-1.238716814159291912e+00 0.000000000000000000e+00
-1.235103244837757908e+00 0.000000000000000000e+00
-1.231489675516224125e+00 0.000000000000000000e+00
-1.227876106194690120e+00 0.000000000000000000e+00
-1.224262536873156115e+00 0.000000000000000000e+00
-1.220648967551622111e+00 0.000000000000000000e+00
-1.217035398230088328e+00 0.000000000000000000e+00
-1.213421828908554545e+00 0.000000000000000000e+00
-1.209808259587020540e+00 0.000000000000000000e+00
-1.206194690265486535e+00 0.000000000000000000e+00
-1.202581120943952531e+00 0.000000000000000000e+00
-1.198967551622418748e+00 0.000000000000000000e+00
-1.195353982300884743e+00 0.000000000000000000e+00
-1.191740412979350960e+00 0.000000000000000000e+00
-1.188126843657816956e+00 0.000000000000000000e+00
-1.184513274336282951e+00 0.000000000000000000e+00
-1.180899705014748946e+00 0.000000000000000000e+00
-1.177286135693215163e+00 0.000000000000000000e+00
-1.173672566371681381e+00 0.000000000000000000e+00
-1.170058997050147376e+00 0.000000000000000000e+00
-1.166445427728613371e+00 0.000000000000000000e+00
-1.162831858407079366e+00 0.000000000000000000e+00
-1.159218289085545583e+00 0.000000000000000000e+00
-1.155604719764011579e+00 0.000000000000000000e+00
-1.151991150442477796e+00 0.000000000000000000e+00
-1.148377581120943791e+00 0.000000000000000000e+00
-1.144764011799409786e+00 0.000000000000000000e+00
-1.141150442477875782e+00 0.000000000000000000e+00
-1.137536873156341999e+00 0.000000000000000000e+00
-1.133923303834808216e+00 0.000000000000000000e+00
-1.130309734513274211e+00 0.000000000000000000e+00
-1.126696165191740207e+00 0.000000000000000000e+00
-1.123082595870206202e+00 0.000000000000000000e+00
-1.119469026548672419e+00 0.000000000000000000e+00
-1.115855457227138636e+00 0.000000000000000000e+00
-1.112241887905604631e+00 0.000000000000000000e+00
-1.108628318584070627e+00 0.000000000000000000e+00
-1.105014749262536622e+00 0.000000000000000000e+00
-1.101401179941002617e+00 0.000000000000000000e+00
-1.097787610619468834e+00 0.000000000000000000e+00
-1.094174041297935052e+00 0.000000000000000000e+00
-1.090560471976401047e+00 0.000000000000000000e+00
-1.086946902654867042e+00 0.000000000000000000e+00
-1.083333333333333037e+00 0.000000000000000000e+00
-1.079719764011799255e+00 0.000000000000000000e+00
-1.076106194690265472e+00 0.000000000000000000e+00
-1.072492625368731467e+00 0.000000000000000000e+00
-1.068879056047197462e+00 0.000000000000000000e+00
-1.065265486725663457e+00 0.000000000000000000e+00
-1.061651917404129453e+00 0.000000000000000000e+00
-1.058038348082595670e+00 0.000000000000000000e+00
-1.054424778761061887e+00 0.000000000000000000e+00
-1.050811209439527882e+00 0.000000000000000000e+00
-1.047197640117993878e+00 0.000000000000000000e+00
-1.043584070796459873e+00 0.000000000000000000e+00
-1.039970501474926090e+00 0.000000000000000000e+00
-1.036356932153392307e+00 0.000000000000000000e+00
-1.032743362831858303e+00 0.000000000000000000e+00
-1.029129793510324298e+00 0.000000000000000000e+00
-1.025516224188790293e+00 0.000000000000000000e+00
-1.021902654867256510e+00 0.000000000000000000e+00
-1.018289085545722505e+00 0.000000000000000000e+00
-1.014675516224188723e+00 0.000000000000000000e+00
-1.011061946902654718e+00 0.000000000000000000e+00
-1.007448377581120713e+00 0.000000000000000000e+00
-1.003834808259586708e+00 0.000000000000000000e+00
-1.000221238938052926e+00 0.000000000000000000e+00
-9.966076696165190318e-01 0.000000000000000000e+00
-9.929941002949850271e-01 0.000000000000000000e+00
-9.893805309734511333e-01 0.000000000000000000e+00
-9.857669616519172395e-01 0.000000000000000000e+00
-9.821533923303833458e-01 0.000000000000000000e+00
-9.785398230088493410e-01 0.000000000000000000e+00
-9.749262536873154472e-01 0.000000000000000000e+00
-9.713126843657815535e-01 0.000000000000000000e+00
-9.676991150442475487e-01 0.000000000000000000e+00
-9.640855457227136549e-01 0.000000000000000000e+00
-9.604719764011797611e-01 0.000000000000000000e+00
-9.568584070796458674e-01 0.000000000000000000e+00
-9.532448377581118626e-01 0.000000000000000000e+00
-9.496312684365779688e-01 0.000000000000000000e+00
-9.460176991150440751e-01 0.000000000000000000e+00
-9.424041297935101813e-01 0.000000000000000000e+00
-9.387905604719761765e-01 0.000000000000000000e+00
-9.351769911504422828e-01 0.000000000000000000e+00
-9.315634218289083890e-01 0.000000000000000000e+00
-9.279498525073743842e-01 0.000000000000000000e+00
-9.243362831858404904e-01 0.000000000000000000e+00
-9.207227138643065967e-01 0.000000000000000000e+00
-9.171091445427727029e-01 0.000000000000000000e+00
-9.134955752212386981e-01 0.000000000000000000e+00
-9.098820058997048044e-01 0.000000000000000000e+00
-9.062684365781709106e-01 0.000000000000000000e+00
-9.026548672566370168e-01 0.000000000000000000e+00
-8.990412979351030121e-01 0.000000000000000000e+00
-8.954277286135692293e-01 0.000000000000000000e+00
-8.918141592920352245e-01 0.000000000000000000e+00
-8.882005899705012197e-01 0.000000000000000000e+00
-8.845870206489674370e-01 0.000000000000000000e+00
-8.809734513274334322e-01 0.000000000000000000e+00
-8.773598820058994274e-01 0.000000000000000000e+00
-8.737463126843656447e-01 0.000000000000000000e+00
-8.701327433628316399e-01 0.000000000000000000e+00
-8.665191740412976351e-01 0.000000000000000000e+00
-8.629056047197638524e-01 0.000000000000000000e+00
-8.592920353982298476e-01 0.000000000000000000e+00
-8.556784660766960648e-01 0.000000000000000000e+00
-8.520648967551620601e-01 0.000000000000000000e+00
-8.484513274336280553e-01 0.000000000000000000e+00
-8.448377581120942725e-01 0.000000000000000000e+00
-8.412241887905602677e-01 0.000000000000000000e+00
-8.376106194690262630e-01 0.000000000000000000e+00
-8.339970501474924802e-01 0.000000000000000000e+00
-8.303834808259584754e-01 0.000000000000000000e+00
-8.267699115044244706e-01 0.000000000000000000e+00
-8.231563421828906879e-01 0.000000000000000000e+00
-8.195427728613566831e-01 0.000000000000000000e+00
-8.159292035398229004e-01 0.000000000000000000e+00
-8.123156342182888956e-01 0.000000000000000000e+00
-8.087020648967548908e-01 0.000000000000000000e+00
-8.050884955752211081e-01 0.000000000000000000e+00
-8.014749262536871033e-01 0.000000000000000000e+00
-7.978613569321530985e-01 0.000000000000000000e+00
-7.942477876106193158e-01 0.000000000000000000e+00
-7.906342182890853110e-01 0.000000000000000000e+00
-7.870206489675513062e-01 0.000000000000000000e+00
-7.834070796460175234e-01 0.000000000000000000e+00
-7.797935103244835187e-01 0.000000000000000000e+00
-7.761799410029497359e-01 0.000000000000000000e+00
-7.725663716814157311e-01 0.000000000000000000e+00
-7.689528023598817263e-01 0.000000000000000000e+00
-7.653392330383479436e-01 0.000000000000000000e+00
-7.617256637168139388e-01 0.000000000000000000e+00
-7.581120943952799340e-01 0.000000000000000000e+00
-7.544985250737461513e-01 0.000000000000000000e+00
-7.508849557522121465e-01 0.000000000000000000e+00
-7.472713864306783638e-01 0.000000000000000000e+00
-7.436578171091443590e-01 0.000000000000000000e+00
-7.400442477876103542e-01 0.000000000000000000e+00
-7.364306784660765715e-01 0.000000000000000000e+00
-7.328171091445425667e-01 0.000000000000000000e+00
-7.292035398230085619e-01 0.000000000000000000e+00
-7.255899705014747791e-01 0.000000000000000000e+00
-7.219764011799407744e-01 0.000000000000000000e+00
-7.183628318584067696e-01 0.000000000000000000e+00
-7.147492625368729868e-01 0.000000000000000000e+00
-7.111356932153389820e-01 0.000000000000000000e+00
-7.075221238938051993e-01 0.000000000000000000e+00
-7.039085545722711945e-01 0.000000000000000000e+00
-7.002949852507371897e-01 0.000000000000000000e+00
-6.966814159292034070e-01 0.000000000000000000e+00
-6.930678466076694022e-01 0.000000000000000000e+00
-6.894542772861353974e-01 0.000000000000000000e+00
-6.858407079646016147e-01 0.000000000000000000e+00
-6.822271386430676099e-01 0.000000000000000000e+00
-6.786135693215336051e-01 0.000000000000000000e+00
-6.749999999999998224e-01 0.000000000000000000e+00
-6.713864306784658176e-01 0.000000000000000000e+00
-6.677728613569320348e-01 0.000000000000000000e+00
-6.641592920353980301e-01 0.000000000000000000e+00
-6.605457227138640253e-01 0.000000000000000000e+00
-6.569321533923302425e-01 0.000000000000000000e+00
-6.533185840707962377e-01 0.000000000000000000e+00
-6.497050147492622330e-01 0.000000000000000000e+00
-6.460914454277284502e-01 0.000000000000000000e+00
-6.424778761061944454e-01 0.000000000000000000e+00
-6.388643067846604406e-01 0.000000000000000000e+00
-6.352507374631266579e-01 0.000000000000000000e+00
-6.316371681415926531e-01 0.000000000000000000e+00
-6.280235988200588704e-01 0.000000000000000000e+00
-6.244100294985248656e-01 0.000000000000000000e+00
-6.207964601769908608e-01 0.000000000000000000e+00
-6.171828908554570781e-01 0.000000000000000000e+00
-6.135693215339230733e-01 0.000000000000000000e+00
-6.099557522123890685e-01 0.000000000000000000e+00
-6.063421828908552857e-01 0.000000000000000000e+00
-6.027286135693212810e-01 0.000000000000000000e+00
-5.991150442477872762e-01 0.000000000000000000e+00
-5.955014749262534934e-01 0.000000000000000000e+00
-5.918879056047194887e-01 0.000000000000000000e+00
-5.882743362831857059e-01 0.000000000000000000e+00
-5.846607669616517011e-01 0.000000000000000000e+00
-5.810471976401176963e-01 0.000000000000000000e+00
-5.774336283185839136e-01 0.000000000000000000e+00
-5.738200589970499088e-01 0.000000000000000000e+00
-5.702064896755159040e-01 0.000000000000000000e+00
-5.665929203539821213e-01 0.000000000000000000e+00
-5.629793510324481165e-01 0.000000000000000000e+00
-5.593657817109143338e-01 0.000000000000000000e+00
-5.557522123893803290e-01 1.583172665945297502e-307
-5.521386430678463242e-01 1.034666631284841015e-289
-5.485250737463125414e-01 6.533900353566590669e-273
-5.449115044247785367e-01 4.550254582448390625e-257
-5.412979351032445319e-01 3.958674355282651933e-242
-5.376843657817107491e-01 4.839765292373144793e-228
-5.340707964601767443e-01 9.291581709274669605e-215
-5.304572271386427396e-01 3.110702759888206232e-202
-5.268436578171089568e-01 2.004833463490062417e-190
-5.232300884955749520e-01 2.730706577530452050e-179
-5.196165191740411693e-01 8.583989872850347469e-169
-5.160029498525071645e-01 6.767121683398320084e-159
-5.123893805309731597e-01 1.446993019588947109e-149
-5.087758112094393770e-01 9.036531464646304695e-141
-5.051622418879053722e-01 1.767345111590708446e-132
-5.015486725663713674e-01 1.156178165523350656e-124
-4.979351032448375847e-01 2.692129436220431057e-117
-4.943215339233035799e-01 2.365888197264628812e-110
-4.907079646017695751e-01 8.293544243845050447e-104
-4.870943952802357924e-01 1.221790194147638645e-97
-4.834808259587017876e-01 7.945940660755867142e-92
-4.798672566371680048e-01 2.389785957208526754e-86
-4.762536873156340000e-01 3.472720315164678820e-81
-4.726401179940999953e-01 2.541168991669291561e-76
-4.690265486725662125e-01 9.736223463066589311e-72
-4.654129793510322077e-01 2.026389484273330766e-67
-4.617994100294982029e-01 2.371968153639649593e-63
-4.581858407079644202e-01 1.613516907766236657e-59
-4.545722713864304154e-01 6.578658976429260741e-56
-4.509587020648964106e-01 1.655242369774119132e-52
-4.473451327433626279e-01 2.641745622865120828e-49
-4.437315634218286231e-01 2.744697617977111091e-46
-4.401179941002948404e-01 1.902406602828272619e-43
-4.365044247787608356e-01 9.002166898518473164e-41
-4.328908554572268308e-01 2.972264863645213982e-38
-4.292772861356930481e-01 6.989577272220741927e-36
-4.256637168141590433e-01 1.193598075468459714e-33
-4.220501474926250385e-01 1.507485335737795211e-31
-4.184365781710912557e-01 1.432616435330465871e-29
-4.148230088495572510e-01 1.041257479435053840e-27
-4.112094395280232462e-01 5.877689780238257103e-26
-4.075958702064894634e-01 2.614366613875000145e-24
-4.039823008849554586e-01 9.289064002785804276e-23
-4.003687315634216759e-01 2.670673980256626781e-21
-3.967551622418876711e-01 6.289172812049101954e-20
-3.931415929203536663e-01 1.227073483869746840e-18
-3.895280235988198836e-01 2.005164194081157828e-17
-3.859144542772858788e-01 2.772444113429689233e-16
-3.823008849557518740e-01 3.274828715349550422e-15
-3.786873156342180913e-01 3.334795632947397326e-14
-3.750737463126840865e-01 2.952721541096293166e-13
-3.714601769911500817e-01 2.291683834797381602e-12
-3.678466076696162990e-01 1.570987051352363992e-11
-3.642330383480822942e-01 9.580643175681371929e-11
-3.606194690265485114e-01 5.233131787890458668e-10
-3.570058997050145067e-01 2.576598620559786238e-09
-3.533923303834805019e-01 1.150442507618892596e-08
-3.497787610619467191e-01 4.684700434061392181e-08
-3.461651917404127143e-01 1.749131068576312750e-07
-3.425516224188787096e-01 6.018364584584039711e-07
-3.389380530973449268e-01 1.917418209474572167e-06
-3.353244837758109220e-01 5.681797089339376765e-06
-3.317109144542771393e-01 1.572612751926601542e-05
-3.280973451327431345e-01 4.081844279882600196e-05
-3.244837758112091297e-01 9.972904002769274222e-05
-3.208702064896753470e-01 2.301736786379849665e-04
-3.172566371681413422e-01 5.035102161494543283e-04
-3.136430678466073374e-01 1.047239134858804618e-03
-3.100294985250735547e-01 2.077093244348275029e-03
-3.064159292035395499e-01 3.939598823841406437e-03
-3.028023598820055451e-01 7.164355416022880063e-03
-2.991887905604717623e-01 1.252300314397645359e-02
-2.955752212389377576e-01 2.108923626173649091e-02
-2.919616519174039748e-01 3.429178715733217225e-02
-2.883480825958699700e-01 5.395065098351774918e-02
-2.847345132743359652e-01 8.228650049914733311e-02
-2.811209439528021825e-01 1.218945984780785696e-01
-2.775073746312681777e-01 1.756775735611859623e-01
-2.738938053097341729e-01 2.467358491066365123e-01
-2.702802359882003902e-01 3.382196656325033857e-01
-2.666666666666663854e-01 4.531517067470935967e-01
-2.630530973451323806e-01 5.942335146221879860e-01
-2.594395280235985979e-01 7.636515125727681985e-01
-2.558259587020645931e-01 9.628991644871733868e-01
-2.522123893805308104e-01 1.192630545355651384e+00
-2.485988200589968056e-01 1.452557631647700243e+00
-2.449852507374628008e-01 1.741399432586695939e+00
-2.413716814159290180e-01 2.056886284536427301e+00
-2.377581120943950133e-01 2.395817843354684840e+00
-2.341445427728610085e-01 2.754169073397086720e+00
-2.305309734513272257e-01 3.127235239982674830e+00
-2.269174041297932209e-01 3.509804782670725043e+00
-2.233038348082592162e-01 3.896348026466912362e+00
-2.196902654867254334e-01 4.281209880257249800e+00
-2.160766961651914286e-01 4.658795777346862899e+00
-2.124631268436576459e-01 5.023741876272782569e+00
-2.088495575221236411e-01 5.371062690589984534e+00
-2.052359882005896363e-01 5.696271602199709072e+00
-2.016224188790558536e-01 5.995471923299229289e+00
-1.980088495575218488e-01 6.265418149588424690e+00
-1.943952802359878440e-01 6.503548690215545491e+00
-1.907817109144540613e-01 6.707992618036210608e+00
-1.871681415929200565e-01 6.877553850261480584e+00
-1.835545722713860517e-01 7.011676670310282411e+00
-1.799410029498522690e-01 7.110396684285488433e+00
-1.763274336283182642e-01 7.174281229557357698e+00
-1.727138643067844814e-01 7.204362981872787230e+00
-1.691002949852504766e-01 7.202070102337842172e+00
-1.654867256637164719e-01 7.169155781255419413e+00
-1.618731563421826891e-01 7.107629518072747565e+00
-1.582595870206486843e-01 7.019691961855905937e+00
-1.546460176991146795e-01 6.907674651426041201e+00
-1.510324483775808968e-01 6.773985556521885165e+00
-1.474188790560468920e-01 6.621060941575735548e+00
-1.438053097345131093e-01 6.451323756336591053e+00
-1.401917404129791045e-01 6.267148502482291939e+00
-1.365781710914450997e-01 6.070832329059657972e+00
-1.329646017699113170e-01 5.864571966477760689e+00
-1.293510324483773122e-01 5.650446012029142651e+00
-1.257374631268433074e-01 5.430402022246354043e+00
-1.221238938053095247e-01 5.206247841575424751e+00
-1.185103244837755199e-01 4.979646596075490983e+00
-1.148967551622415151e-01 4.752114799003189560e+00
-1.112831858407077323e-01 4.525023046867372223e+00
-1.076696165191737276e-01 4.299598825340044783e+00
-1.040560471976399448e-01 4.076930990579789693e+00
-1.004424778761059400e-01 3.857975540127062786e+00
-9.682890855457193524e-02 3.643562336305133709e+00
-9.321533923303815250e-02 3.434402492328954448e+00
-8.960176991150414771e-02 3.231096175913946045e+00
-8.598820058997014293e-02 3.034140626313639011e+00
-8.237463126843636019e-02 2.843938217955504388e+00
-7.876106194690235540e-02 2.660804436997036948e+00
-7.514749262536835062e-02 2.484975666185878396e+00
-7.153392330383456788e-02 2.316616698514991413e+00
-6.792035398230056309e-02 2.155827921548690629e+00
-6.430678466076678035e-02 2.002652132247172201e+00
-6.069321533923277556e-02 1.857080956961891127e+00
-5.707964601769877078e-02 1.719060863351142165e+00
-5.346607669616498804e-02 1.588498760608062943e+00
-4.985250737463098325e-02 1.465267191928940393e+00
-4.623893805309697846e-02 1.349209128881395880e+00
-4.262536873156319572e-02 1.240142381539659500e+00
-3.901179941002919094e-02 1.137863641194285735e+00
-3.539823008849518615e-02 1.042152174341567594e+00
-3.178466076696140341e-02 9.527731877159071328e-01
-2.817109144542739863e-02 8.694808845213889414e-01
-2.455752212389361588e-02 7.920212318979208410e-01
-2.094395280235961110e-02 7.201344591521142702e-01
-1.733038348082560631e-02 6.535573055024758160e-01
-1.371681415929182357e-02 5.920250351235223363e-01
-1.010324483775781879e-02 5.352732361985892418e-01
-6.489675516223814000e-03 4.830394195673546887e-01
-2.876106194690031259e-03 4.350644314284535796e-01
7.374631268439735265e-04 3.910936852405156872e-01
4.351032448377978312e-03 3.508767920796896922e-01
7.964601769911761053e-03 3.141678111648326110e-01
1.157817109144576584e-02 2.807297352320208828e-01
1.519174041297954858e-02 2.503351244921954155e-01
1.880530973451355337e-02 2.227661803155595588e-01
2.241887905604755815e-02 1.978148041553139114e-01
2.603244837758134089e-02 1.752826359908744858e-01
2.964601769911534568e-02 1.549810674992214976e-01
3.325958702064935046e-02 1.367312261070346979e-01
3.687315634218313321e-02 1.203639270206319223e-01
4.048672566371713799e-02 1.057195912601438942e-01
4.410029498525114278e-02 9.264812862333152155e-02
4.771386430678492552e-02 8.100878535848819728e-02
5.132743362831893030e-02 7.066995712153487097e-02
5.494100294985271304e-02 6.150896851761234602e-02
5.855457227138671783e-02 5.341182117220076575e-02
6.216814159292072262e-02 4.627291283314016734e-02
6.578171091445450536e-02 3.999473046710065594e-02
6.939528023598851014e-02 3.448752067904747864e-02
7.300884955752251493e-02 2.966894105012019001e-02
7.662241887905629767e-02 2.546369615979180573e-02
8.023598820059030245e-02 2.180316213596010869e-02
8.384955752212408520e-02 1.862500356755448366e-02
8.746312684365808998e-02 1.587278652581514821e-02
9.107669616519209477e-02 1.349559128157103161e-02
9.469026548672587751e-02 1.144762808650805208e-02
9.830383480825988229e-02 9.687859117281922075e-03
1.019174041297938871e-01 8.179629373317169605e-03
1.055309734513278919e-01 6.890308983205206857e-03
1.091445427728614526e-01 5.790949021390102459e-03
1.127581120943954573e-01 4.855952576276443416e-03
1.163716814159294621e-01 4.062762452172096785e-03
1.199852507374634669e-01 3.391566538662967902e-03
1.235988200589974717e-01 2.825021549073116010e-03
1.272123893805314765e-01 2.347995520248823912e-03
1.308259587020650372e-01 1.947329183462806826e-03
1.344395280235990420e-01 1.611616063913605922e-03
1.380530973451330468e-01 1.331000946074651714e-03
1.416666666666670515e-01 1.096996154891587225e-03
1.452802359882010563e-01 9.023149484265749953e-04
1.488938053097346170e-01 7.407211950373546053e-04
1.525073746312686218e-01 6.068944158994488526e-04
1.561209439528026266e-01 4.963092094156367493e-04
1.597345132743366314e-01 4.051280351905127094e-04
1.633480825958706362e-01 3.301063188980750884e-04
1.669616519174046410e-01 2.685088425129306079e-04
1.705752212389382017e-01 2.180364039648959962e-04
1.741887905604722064e-01 1.767617633305654473e-04
1.778023598820062112e-01 1.430739363597722071e-04
1.814159292035402160e-01 1.156299478171413553e-04
1.850294985250742208e-01 9.331321441532793297e-05
1.886430678466077815e-01 7.519778791357187590e-05
1.922566371681417863e-01 6.051775142664857563e-05
1.958702064896757911e-01 4.864112459449192042e-05
1.994837758112097958e-01 3.904769473871543694e-05
2.030973451327438006e-01 3.131025047802127580e-05
2.067109144542778054e-01 2.507875072832050828e-05
2.103244837758113661e-01 2.006701502876780084e-05
2.139380530973453709e-01 1.604157035265824105e-05
2.175516224188793757e-01 1.281233478303005421e-05
2.211651917404133805e-01 1.022485959053111029e-05
2.247787610619473853e-01 8.153888386520297598e-06
2.283923303834809460e-01 6.498025261975524803e-06
2.320058997050149507e-01 5.175333349555212289e-06
2.356194690265489555e-01 4.119711293156324074e-06
2.392330383480829603e-01 3.277917935759196835e-06
2.428466076696169651e-01 2.607135416742726484e-06
2.464601769911509699e-01 2.072978083188796132e-06
2.500737463126845306e-01 1.647869441296741617e-06
2.536873156342185354e-01 1.309722069220951766e-06
2.573008849557525402e-01 1.040866232279794007e-06
2.609144542772865449e-01 8.271821189320755113e-07
2.645280235988205497e-01 6.573983653184239796e-07
2.681415929203541104e-01 5.225260516180357135e-07
2.717551622418881152e-01 4.154028090595794499e-07
2.753687315634221200e-01 3.303262267591087455e-07
2.789823008849561248e-01 2.627595287659227002e-07
2.825958702064901296e-01 2.090956226846607683e-07
2.862094395280241343e-01 1.664682051018648254e-07
2.898230088495576950e-01 1.326007345679896410e-07
2.934365781710916998e-01 1.056858260566311025e-07
2.970501474926257046e-01 8.428904629390958275e-08
3.006637168141597094e-01 6.727225183055988266e-08
3.042772861356937142e-01 5.373255727680435508e-08
3.078908554572272749e-01 4.295378832731432344e-08
3.115044247787612797e-01 3.436789526183214133e-08
3.151179941002952845e-01 2.752430425549532547e-08
3.187315634218292892e-01 2.206558819402127579e-08
3.223451327433632940e-01 1.770816399836894027e-08
3.259587020648972988e-01 1.422698469971436530e-08
3.295722713864308595e-01 1.144340393193215612e-08
3.331858407079648643e-01 9.215558134288096555e-09
3.367994100294988691e-01 7.430745727352246984e-09
3.404129793510328739e-01 5.999389451284787403e-09
3.440265486725668787e-01 4.850253289571901205e-09
3.476401179941004393e-01 3.926653265224064459e-09
3.512536873156344441e-01 3.183455373292941435e-09
3.548672566371684489e-01 2.584696803995492660e-09
3.584808259587024537e-01 2.101700662452415913e-09
3.620943952802364585e-01 1.711581404752007893e-09
3.657079646017700192e-01 1.396059625851827824e-09
3.693215339233040240e-01 1.140521802734374412e-09
3.729351032448380288e-01 9.332740332391532380e-10
3.765486725663720335e-01 7.649494473572509601e-10
3.801622418879060383e-01 6.280373843475219680e-10
3.837758112094400431e-01 5.165090873181396136e-10
3.873893805309736038e-01 4.255199332393395675e-10
3.910029498525076086e-01 3.511723812294202347e-10
3.946165191740416134e-01 2.903271156037473314e-10
3.982300884955756182e-01 2.404524649038299677e-10
4.018436578171096230e-01 1.995042382144298102e-10
4.054572271386431837e-01 1.658297496612426383e-10
4.090707964601771884e-01 1.380910913027539991e-10
4.126843657817111932e-01 1.152037350156165927e-10
4.162979351032451980e-01 9.628735178786368431e-11
4.199115044247792028e-01 8.062637660999360122e-11
4.235250737463132076e-01 6.763835406838433143e-11
4.271386430678467683e-01 5.684850158741355242e-11
4.307522123893807731e-01 4.786924598749574609e-11
4.343657817109147778e-01 4.038374196838207655e-11
4.379793510324487826e-01 3.413258199299812321e-11
4.415929203539827874e-01 2.890306666652572733e-11
4.452064896755163481e-01 2.452053163888201207e-11
4.488200589970503529e-01 2.084132807605854977e-11
4.524336283185843577e-01 1.774713420215151629e-11
4.560471976401183625e-01 1.514033954754189652e-11
4.596607669616523673e-01 1.294029470536837458e-11
4.632743362831863720e-01 1.108026025654513650e-11
4.668879056047199327e-01 9.504921180298011979e-12
4.705014749262539375e-01 8.168359193826310523e-12
4.741150442477879423e-01 7.032396387605452339e-12
4.777286135693219471e-01 6.065240295441660771e-12
4.813421828908559519e-01 5.240373997908072854e-12
4.849557522123895126e-01 4.535645670102014684e-12
4.885693215339235174e-01 3.932520679839655923e-12
4.921828908554575222e-01 3.415466342710148643e-12
4.957964601769915269e-01 2.971445082545584169e-12
4.994100294985255317e-01 2.589496298522742776e-12
5.030235988200595365e-01 2.260390917926899704e-12
5.066371681415930972e-01 1.976345588176571978e-12
5.102507374631271020e-01 1.730785870359652858e-12
5.138643067846611068e-01 1.518149749278855223e-12
5.174778761061951116e-01 1.333724360060846716e-12
5.210914454277291163e-01 1.173510119562375557e-12
5.247050147492626770e-01 1.034107499004554265e-12
5.283185840707966818e-01 9.126225282555767485e-13
5.319321533923306866e-01 8.065878188131483051e-13
5.355457227138646914e-01 7.138964615294990322e-13
5.391592920353986962e-01 6.327466204431643684e-13
5.427728613569327010e-01 5.615950251110669766e-13
5.463864306784662617e-01 4.991178762382015122e-13
5.500000000000002665e-01 4.441779358691746508e-13
5.536135693215342712e-01 3.957967842232635529e-13
5.572271386430682760e-01 3.531313987703548030e-13
5.608407079646022808e-01 3.154543541448605046e-13
5.644542772861358415e-01 2.821370594969442304e-13
5.680678466076698463e-01 2.526355473810491221e-13
5.716814159292038511e-01 2.264784089475151404e-13
5.752949852507378559e-01 2.032565370264931253e-13
5.789085545722718606e-01 1.826143941219939644e-13
5.825221238938058654e-01 1.642425683698353923e-13
5.861356932153394261e-01 1.478714187977228698e-13
5.897492625368734309e-01 1.332656431047375847e-13
5.933628318584074357e-01 1.202196277571537349e-13
5.969764011799414405e-01 1.085534623868699437e-13
6.005899705014754453e-01 9.810951902700532402e-14
6.042035398230090060e-01 8.874951224331706539e-14
6.078171091445430108e-01 8.035196922987219834e-14
6.114306784660770155e-01 7.281004985376548230e-14
6.150442477876110203e-01 6.602966580503630329e-14
6.186578171091450251e-01 5.992785572302177063e-14
6.222713864306790299e-01 5.443137966842075789e-14
6.258849557522125906e-01 4.947550179024181256e-14
6.294985250737465954e-01 4.500293466376370836e-14
6.331120943952806002e-01 4.096292268727342429e-14
6.367256637168146050e-01 3.731044523626109230e-14
6.403392330383486097e-01 3.400552307967674675e-14
6.439528023598821704e-01 3.101261394365400819e-14
6.475663716814161752e-01 2.830008513072693099e-14
6.511799410029501800e-01 2.583975282226207496e-14
6.547935103244841848e-01 2.360647915846500557e-14
6.584070796460181896e-01 2.157781943624913299e-14
6.620206489675521944e-01 1.973371283437146366e-14
6.656342182890857551e-01 1.805621098435424538e-14
6.692477876106197598e-01 1.652923948573992989e-14
6.728613569321537646e-01 1.513838813179801022e-14
6.764749262536877694e-01 1.387072618426377778e-14
6.800884955752217742e-01 1.271463952720154231e-14
6.837020648967553349e-01 1.165968695250498412e-14
6.873156342182893397e-01 1.069647319489321926e-14
6.909292035398233445e-01 9.816536634046255111e-15
6.945427728613573493e-01 9.012249890987106069e-15
6.981563421828913540e-01 8.276731719036645014e-15
7.017699115044253588e-01 7.603768832640955158e-15
7.053834808259589195e-01 6.987746498435868526e-15
7.089970501474929243e-01 6.423586827153433780e-15
7.126106194690269291e-01 5.906693865393747137e-15
7.162241887905609339e-01 5.432904689046554638e-15
7.198377581120949387e-01 4.998445800437033443e-15
7.234513274336284994e-01 4.599894217114421668e-15
7.270648967551625041e-01 4.234142714941418513e-15
7.306784660766965089e-01 3.898368753284803109e-15
7.342920353982305137e-01 3.590006666934342103e-15
7.379056047197645185e-01 3.306722759008230773e-15
7.415191740412985233e-01 3.046392972487244952e-15
7.451327433628320840e-01 2.807082855982164297e-15
7.487463126843660888e-01 2.587029572590733826e-15
7.523598820059000936e-01 2.384625729853953682e-15
7.559734513274340983e-01 2.198404834404324331e-15
7.595870206489681031e-01 2.027028197373483330e-15
7.632005899705016638e-01 1.869273136386536567e-15
7.668141592920356686e-01 1.724022337360615901e-15
7.704277286135696734e-01 1.590254254644846713e-15
7.740412979351036782e-01 1.467034441545406011e-15
7.776548672566376830e-01 1.353507715200070504e-15
7.812684365781712437e-01 1.248891070295376020e-15
7.848820058997052485e-01 1.152467265428671225e-15
7.884955752212392532e-01 1.063579014154460029e-15
7.921091445427732580e-01 9.816237200499190044e-16
7.957227138643072628e-01 9.060487016012797983e-16
7.993362831858412676e-01 8.363468584505549534e-16
8.029498525073748283e-01 7.720527356363506168e-16
8.065634218289088331e-01 7.127389469903067270e-16
8.101769911504428379e-01 6.580129228779699662e-16
8.137905604719768426e-01 6.075139510574090404e-16
8.174041297935108474e-01 5.609104826232865241e-16
8.210176991150444081e-01 5.178976778514530328e-16
8.246312684365784129e-01 4.781951693007451562e-16
8.282448377581124177e-01 4.415450217980830100e-16
8.318584070796464225e-01 4.077098709615061675e-16
8.354719764011804273e-01 3.764712237302485582e-16
8.390855457227144321e-01 3.476279059952221583e-16
8.426991150442479928e-01 3.209946438783318109e-16
8.463126843657819975e-01 2.964007665135931427e-16
8.499262536873160023e-01 2.736890193535220245e-16
8.535398230088500071e-01 2.527144780750454332e-16
8.571533923303840119e-01 2.333435541035240825e-16
8.607669616519175726e-01 2.154530836225556675e-16
8.643805309734515774e-01 1.989294927011020207e-16
8.679941002949855822e-01 1.836680318575412697e-16
8.716076696165195870e-01 1.695720740000645768e-16
8.752212389380535917e-01 1.565524702418099758e-16
8.788348082595875965e-01 1.445269585934927909e-16
8.824483775811211572e-01 1.334196209881812818e-16
8.860619469026551620e-01 1.231603845291422803e-16
8.896755162241891668e-01 1.136845631482826598e-16
8.932890855457231716e-01 1.049324363265767040e-16
8.969026548672571764e-01 9.684886170362075106e-17
9.005162241887907371e-01 8.938291875778238593e-17
9.041297935103247418e-01 8.248758096217023397e-17
9.077433628318587466e-01 7.611941405233980370e-17
9.113569321533927514e-01 7.023829824757392897e-17
9.149705014749267562e-01 6.480717245455410856e-17
9.185840707964607610e-01 5.979179865214337291e-17
9.221976401179943217e-01 5.516054481167530361e-17
9.258112094395283265e-01 5.088418483882075837e-17
9.294247787610623313e-01 4.693571417782297749e-17
9.330383480825963360e-01 4.329017978995311439e-17
9.366519174041303408e-01 3.992452337016112838e-17
9.402654867256639015e-01 3.681743673459799274e-17
9.438790560471979063e-01 3.394922840938144039e-17
9.474926253687319111e-01 3.130170053011097266e-17
9.511061946902659159e-01 2.885803523513514594e-17
9.547197640117999207e-01 2.660268980271585899e-17
9.583333333333339255e-01 2.452129984360891011e-17
9.619469026548674861e-01 2.260058991667725253e-17
9.655604719764014909e-01 2.082829098648318126e-17
9.691740412979354957e-01 1.919306418878972867e-17
9.727876106194695005e-01 1.768443041289410769e-17
9.764011799410035053e-01 1.629270524913454921e-17
9.800147492625370660e-01 1.500893888600199846e-17
9.836283185840710708e-01 1.382486057439465196e-17
9.872418879056050756e-01 1.273282730691371348e-17
9.908554572271390803e-01 1.172577638794892548e-17
9.944690265486730851e-01 1.079718159587323059e-17
9.980825958702070899e-01 9.941012662144786748e-18
1.001696165191740651e+00 9.151697813676864152e-18
1.005309734513274655e+00 8.424089144654301347e-18
1.008923303834808660e+00 7.753430602196246596e-18
1.012536873156342665e+00 7.135328387006437458e-18
1.016150442477876670e+00 6.565723585571555475e-18
1.019764011799410230e+00 6.040866864638226257e-18
1.023377581120944235e+00 5.557295071753349480e-18
1.026991150442478240e+00 5.111809597667231644e-18
1.030604719764012245e+00 4.701456367464673038e-18
1.034218289085546250e+00 4.323507337483870192e-18
1.037831858407080254e+00 3.975443384479667407e-18
1.041445427728613815e+00 3.654938482143709111e-18
1.045058997050147820e+00 3.359845068081412080e-18
1.048672566371681825e+00 3.088180511707173223e-18
1.052286135693215829e+00 2.838114600310959705e-18
1.055899705014749834e+00 2.607957966817779744e-18
1.059513274336283395e+00 2.396151388543008847e-18
1.063126843657817400e+00 2.201255891586245574e-18
1.066740412979351404e+00 2.021943600434559495e-18
1.070353982300885409e+00 1.856989276897348543e-18
1.073967551622419414e+00 1.705262496698372808e-18
1.077581120943953419e+00 1.565720415934261566e-18
1.081194690265486980e+00 1.437401083195992256e-18
1.084808259587020984e+00 1.319417256465369299e-18
1.088421828908554989e+00 1.210950686962955829e-18
1.092035398230088994e+00 1.111246834955810127e-18
1.095648967551622999e+00 1.019609985152280831e-18
1.099262536873156559e+00 9.353987317318731614e-19
1.102876106194690564e+00 8.580218052973140953e-19
1.106489675516224569e+00 7.869342161062976610e-19
1.110103244837758574e+00 7.216336898554305203e-19
1.113716814159292579e+00 6.616573740606777641e-19
1.117330383480826583e+00 6.065787947172295328e-19
1.120943952802360144e+00 5.560050444380856778e-19
1.124557522123894149e+00 5.095741846735095991e-19
1.128171091445428154e+00 4.669528459119435649e-19
1.131784660766962158e+00 4.278340109639097315e-19
1.135398230088496163e+00 3.919349675426624270e-19
1.139011799410029724e+00 3.589954173840616881e-19
1.142625368731563729e+00 3.287757301005638892e-19
1.146238938053097733e+00 3.010553308458051459e-19
1.149852507374631738e+00 2.756312116820480650e-19
1.153466076696165743e+00 2.523165572981629364e-19
1.157079646017699748e+00 2.309394764248797959e-19
1.160693215339233308e+00 2.113418309412172336e-19
1.164306784660767313e+00 1.933781552651004348e-19
1.167920353982301318e+00 1.769146591757854723e-19
1.171533923303835323e+00 1.618283077290207393e-19
1.175147492625369328e+00 1.480059724011886546e-19
1.178761061946902888e+00 1.353436480385253144e-19
1.182374631268436893e+00 1.237457305947930625e-19
1.185988200589970898e+00 1.131243510177381400e-19
1.189601769911504903e+00 1.033987609935495161e-19
1.193215339233038907e+00 9.449476658156847637e-20
1.196828908554572468e+00 8.634420607040993755e-20
1.200442477876106473e+00 7.888446866333733546e-20
1.204056047197640478e+00 7.205805085683521141e-20
1.207669616519174483e+00 6.581214761330023952e-20
1.211283185840708487e+00 6.009827564808465045e-20
1.214896755162242492e+00 5.487192635410488028e-20
1.218510324483776053e+00 5.009224607499970759e-20
1.222123893805310058e+00 4.572174161159401647e-20
1.225737463126844062e+00 4.172600900720489657e-20
1.229351032448378067e+00 3.807348380602759591e-20
1.232964601769912072e+00 3.473521111645697881e-20
1.236578171091445633e+00 3.168463393845123153e-20
1.240191740412979637e+00 2.889739833176423986e-20
1.243805309734513642e+00 2.635117411074732079e-20
1.247418879056047647e+00 2.402548985208970389e-20
1.251032448377581652e+00 2.190158109497331596e-20
1.254646017699115657e+00 1.996225069919604918e-20
1.258259587020649217e+00 1.819174040638890862e-20
1.261873156342183222e+00 1.657561272303181552e-20
1.265486725663717227e+00 1.510064231196389312e-20
1.269100294985251232e+00 1.375471614193620484e-20
1.272713864306785236e+00 1.252674170283553319e-20
1.276327433628318797e+00 1.140656264787487712e-20
1.279941002949852802e+00 1.038488127363363111e-20
1.283554572271386807e+00 9.453187294642315476e-21
1.287168141592920811e+00 8.603692411515241417e-21
1.290781710914454816e+00 7.829270210725591540e-21
1.294395280235988821e+00 7.123400970203035416e-21
1.298008849557522382e+00 6.480120978267556113e-21
1.301622418879056386e+00 5.893976004179303852e-21
1.305235988200590391e+00 5.359978586993322939e-21
1.308849557522124396e+00 4.873568835625279968e-21
1.312463126843658401e+00 4.430578457234992739e-21
1.316076696165191962e+00 4.027197753362245098e-21
1.319690265486725966e+00 3.659945343854370751e-21
1.323303834808259971e+00 3.325640397631468080e-21
1.326917404129793976e+00 3.021377166866644351e-21
1.330530973451327981e+00 2.744501637330237768e-21
1.334144542772861985e+00 2.492590122556003982e-21
1.337758112094395546e+00 2.263429643236559388e-21
1.341371681415929551e+00 2.054999945928644035e-21
1.344985250737463556e+00 1.865457026831918078e-21
1.348598820058997561e+00 1.693118037170537119e-21
1.352212389380531565e+00 1.536447456628270159e-21
1.355825958702065126e+00 1.394044430428818119e-21
1.359439528023599131e+00 1.264631174072157514e-21
1.363053097345133136e+00 1.147042357494386805e-21
1.366666666666667140e+00 1.040215387559411643e-21
1.370280235988201145e+00 9.431815143676229211e-22
1.373893805309735150e+00 8.550576929204779836e-22
1.377507374631268711e+00 7.750391372525400385e-22
1.381120943952802715e+00 7.023925092709033114e-22
1.384734513274336720e+00 6.364496892615471972e-22
1.388348082595870725e+00 5.766020793633733433e-22
1.391961651917404730e+00 5.222953953049912471e-22
1.395575221238938290e+00 4.730249053723271292e-22
1.399188790560472295e+00 4.283310789531726551e-22
1.402802359882006300e+00 3.877956101102720871e-22
1.406415929203540305e+00 3.510377844895014575e-22
1.410029498525074310e+00 3.177111604937865397e-22
1.413643067846608314e+00 2.875005380646067338e-22
1.417256637168141875e+00 2.601191906285359502e-22
1.420870206489675880e+00 2.353063378015785362e-22
1.424483775811209885e+00 2.128248383133830579e-22
1.428097345132743889e+00 1.924590843301536777e-22
1.431710914454277894e+00 1.740130799313290937e-22
1.435324483775811455e+00 1.573086879420891373e-22
1.438938053097345460e+00 1.421840306518577377e-22
1.442551622418879465e+00 1.284920311678179005e-22
1.446165191740413469e+00 1.160990832707174037e-22
1.449778761061947474e+00 1.048838386661519298e-22
1.453392330383481479e+00 9.473610146546833485e-23
1.457005899705015040e+00 8.555582059332580884e-23
1.460619469026549044e+00 7.725217161008446667e-23
1.464233038348083049e+00 6.974272016255677044e-23
1.467846607669617054e+00 6.295265994129798099e-23
1.471460176991151059e+00 5.681411863190020515e-23
1.475073746312684619e+00 5.126552590582197652e-23
1.478687315634218624e+00 4.625103800759598610e-23
1.482300884955752629e+00 4.172001396356236234e-23
1.485914454277286634e+00 3.762653886606147881e-23
1.489528023598820639e+00 3.392899007966426920e-23
1.493141592920354643e+00 3.058964257539412891e-23
1.496755162241888204e+00 2.757430992782842995e-23
1.500368731563422209e+00 2.485201781095041788e-23
1.503982300884956214e+00 2.239470710400035790e-23
1.507595870206490218e+00 2.017696397045167719e-23
1.511209439528024223e+00 1.817577450361011701e-23
1.514823008849557784e+00 1.637030174297493414e-23
1.518436578171091789e+00 1.474168305806719663e-23
1.522050147492625793e+00 1.327284607246063269e-23
1.525663716814159798e+00 1.194834146159858684e-23
1.529277286135693803e+00 1.075419110497274128e-23
1.532890855457227808e+00 9.677750207497483411e-24
1.536504424778761368e+00 8.707582127566558048e-24
1.540117994100295373e+00 7.833344761258598431e-24
1.543731563421829378e+00 7.045687434422503810e-24
1.547345132743363383e+00 6.336157347706540391e-24
1.550958702064897388e+00 5.697114704794208871e-24
1.554572271386430948e+00 5.121655731842963734e-24
1.558185840707964953e+00 4.603542867049872504e-24
1.561799410029498958e+00 4.137141463961457665e-24
1.565412979351032963e+00 3.717362411146338899e-24
1.569026548672566967e+00 3.339610124649960067e-24
1.572640117994100972e+00 2.999735418695446439e-24
1.576253687315634533e+00 2.693992804800616764e-24
1.579867256637168538e+00 2.419001810220378316e-24
1.583480825958702543e+00 2.171711943744314360e-24
1.587094395280236547e+00 1.949370970692375795e-24
1.590707964601770552e+00 1.749496189751917066e-24
1.594321533923304113e+00 1.569848432343046052e-24
1.597935103244838118e+00 1.408408530733972780e-24
1.601548672566372122e+00 1.263356024370803258e-24
1.605162241887906127e+00 1.133049895038970615e-24
1.608775811209440132e+00 1.016011140722512157e-24
1.612389380530973693e+00 9.109070155371219861e-25
1.616002949852507697e+00 8.165367790415154575e-25
1.619616519174041702e+00 7.318188127159009382e-25
1.623230088495575707e+00 6.557789745662809891e-25
1.626843657817109712e+00 5.875400747857589432e-25
1.630457227138643717e+00 5.263123662856578699e-25
1.634070796460177277e+00 4.713849537971509665e-25
1.637684365781711282e+00 4.221180342279883522e-25
1.641297935103245287e+00 3.779358891197542429e-25
1.644911504424779292e+00 3.383205574619685149e-25
1.648525073746313296e+00 3.028061238495472752e-25
1.652138643067846857e+00 2.709735630793020070e-25
1.655752212389380862e+00 2.424460878267250297e-25
1.659365781710914867e+00 2.168849510768386857e-25
1.662979351032448871e+00 1.939856595487665605e-25
1.666592920353982876e+00 1.734745584960751355e-25
1.670206489675516881e+00 1.551057520214952947e-25
1.673820058997050442e+00 1.386583264515290989e-25
1.677433628318584447e+00 1.239338474048491298e-25
1.681047197640118451e+00 1.107541039882822124e-25
1.684660766961652456e+00 9.895907609126924926e-26
1.688274336283186461e+00 8.840510304890285427e-26
1.691887905604720022e+00 7.896323402634227294e-26
1.695501474926254026e+00 7.051774236399005011e-26
1.699115044247788031e+00 6.296478783116207732e-26
1.702728613569322036e+00 5.621121228281177539e-26
1.706342182890856041e+00 5.017345561410413149e-26
1.709955752212390045e+00 4.477658017490649123e-26
1.713569321533923606e+00 3.995339295305082088e-26
1.717182890855457611e+00 3.564365587270390637e-26
1.720796460176991616e+00 3.179337549265185283e-26
1.724410029498525621e+00 2.835416423800946601e-26
1.728023598820059625e+00 2.528266606627949296e-26
1.731637168141593186e+00 2.254004016243207682e-26
1.735250737463127191e+00 2.009149688471702536e-26
1.738864306784661196e+00 1.790588074957688386e-26
1.742477876106195200e+00 1.595529575597256967e-26
1.746091445427729205e+00 1.421476881193075989e-26
1.749705014749263210e+00 1.266194744378115815e-26
1.753318584070796771e+00 1.127682834572594599e-26
1.756932153392330775e+00 1.004151366788043584e-26
1.760545722713864780e+00 8.939992248274156943e-27
1.764159292035398785e+00 7.957943271668434187e-27
1.767772861356932790e+00 7.082560088320324914e-27
1.771386430678466350e+00 6.302392151585706705e-27
1.775000000000000355e+00 5.607203236890080188e-27
1.778613569321534360e+00 4.987844288221267824e-27
1.782227138643068365e+00 4.436139403855823463e-27
1.785840707964602370e+00 3.944783622268038189e-27
1.789454277286136374e+00 3.507251303672200600e-27
1.793067846607669935e+00 3.117714023840636179e-27
1.796681415929203940e+00 2.770967006025010267e-27
1.800294985250737945e+00 2.462363215155946785e-27
1.803908554572271949e+00 2.187754327058270841e-27
1.807522123893805954e+00 1.943437865165550550e-27
1.811135693215339515e+00 1.726109869001067188e-27
1.814749262536873520e+00 1.532822523303674442e-27
1.818362831858407525e+00 1.360946234816235957e-27
1.821976401179941529e+00 1.208135696063084145e-27
1.825589970501475534e+00 1.072299522495572574e-27
1.829203539823009539e+00 9.515730917011106642e-28
1.832817109144543100e+00 8.442942514210828450e-28
1.836430678466077104e+00 7.489815973304202510e-28
1.840044247787611109e+00 6.643150522779893994e-28
1.843657817109145114e+00 5.891185063172185430e-28
1.847271386430679119e+00 5.223443016827027210e-28
1.850884955752212679e+00 4.630593691693529919e-28
1.854498525073746684e+00 4.104328424006954943e-28
1.858112094395280689e+00 3.637249944591956994e-28
1.861725663716814694e+00 3.222773574990938371e-28
1.865339233038348699e+00 2.855039004576158659e-28
1.868952802359882703e+00 2.528831529885399817e-28
1.872566371681416264e+00 2.239511754146723166e-28
1.876179941002950269e+00 1.982952849670576480e-28
1.879793510324484274e+00 1.755484579711231507e-28
1.883407079646018278e+00 1.553843360624580899e-28
1.887020648967552283e+00 1.375127720668341650e-28
1.890634218289085844e+00 1.216758579486032686e-28
1.894247787610619849e+00 1.076443832988905754e-28
1.897861356932153853e+00 9.521467827188111162e-29
1.901474926253687858e+00 8.420579974829133977e-29
1.905088495575221863e+00 7.445702386832271317e-29
1.908702064896755868e+00 6.582561198374600195e-29
1.912315634218289429e+00 5.818482057758566197e-29
1.915929203539823433e+00 5.142212883196035468e-29
1.919542772861357438e+00 4.543766032819129388e-29
1.923156342182891443e+00 4.014277787203220316e-29
1.926769911504425448e+00 3.545883268158667914e-29
1.930383480825959008e+00 3.131605118341087234e-29
1.933997050147493013e+00 2.765254445819773027e-29
1.937610619469027018e+00 2.441342698329948464e-29
1.941224188790561023e+00 2.155003275508379623e-29
1.944837758112095027e+00 1.901921815743671422e-29
1.948451327433629032e+00 1.678274208966272225e-29
1.952064896755162593e+00 1.480671489180902548e-29
1.955678466076696598e+00 1.306110852095520459e-29
1.959292035398230603e+00 1.151932124974023594e-29
1.962905604719764607e+00 1.015779088860980491e-29
1.966519174041298612e+00 8.955651185280976131e-30
1.970132743362832173e+00 7.894426636915329137e-30
1.973746312684366178e+00 6.957761469950951961e-30
1.977359882005900182e+00 6.131179006071774820e-30
1.980973451327434187e+00 5.401868046325380133e-30
1.984587020648968192e+00 4.758493274288614267e-30
1.988200589970502197e+00 4.191027008151446408e-30
1.991814159292035757e+00 3.690599924925641790e-30
1.995427728613569762e+00 3.249368641489602843e-30
1.999041297935103767e+00 2.860398270267386831e-30
2.002654867256637772e+00 2.517558275050067735e-30
2.006268436578171777e+00 2.215430137542464636e-30
2.009882005899705337e+00 1.949225510074690309e-30
2.013495575221239342e+00 1.714713676758288243e-30
2.017109144542773347e+00 1.508157276112819399e-30
2.020722713864307352e+00 1.326255354603215521e-30
2.024336283185841356e+00 1.166092924145340589e-30
2.027949852507374917e+00 1.025096288858928767e-30
2.031563421828908922e+00 9.009934884022443345e-31
2.035176991150442927e+00 7.917792782247318183e-31
2.038790560471976931e+00 6.956841320037549151e-31
2.042404129793510936e+00 6.111468092766459497e-31
2.046017699115044941e+00 5.367900826186058300e-31
2.049631268436578502e+00 4.713992643588685736e-31
2.053244837758112507e+00 4.139032133909934792e-31
2.056858407079646511e+00 3.633575386809210410e-31
2.060471976401180516e+00 3.189297481016525742e-31
2.064085545722714521e+00 2.798861196723314640e-31
2.067699115044248082e+00 2.455800975446639073e-31
2.071312684365782086e+00 2.154420375144036770e-31
2.074926253687316091e+00 1.889701467527676392e-31
2.078539823008850096e+00 1.657224801313029879e-31
2.082153392330384101e+00 1.453098712029895671e-31
2.085766961651918106e+00 1.273896898227763667e-31
2.089380530973451666e+00 1.116603307401698262e-31
2.092994100294985671e+00 9.785634844940271027e-32
2.096607669616519676e+00 8.574416329592238845e-32
2.100221238938053236e+00 7.511827244946485711e-32
2.103834808259587685e+00 6.579790698788869887e-32
2.107448377581121246e+00 5.762408310166688013e-32
2.111061946902655695e+00 5.045700142396338827e-32
2.114675516224189256e+00 4.417375380283183081e-32
2.118289085545722816e+00 3.866630153658567814e-32
2.121902654867257265e+00 3.383969326015650761e-32
2.125516224188790826e+00 2.961049435940490637e-32
2.129129793510325275e+00 2.590540305641807402e-32
2.132743362831858835e+00 2.266003119970335384e-32
2.136356932153393284e+00 1.981783035131439001e-32
2.139970501474926845e+00 1.732914602649391012e-32
2.143584070796460406e+00 1.515038494364754612e-32
2.147197640117994855e+00 1.324328191343271918e-32
2.150811209439528415e+00 1.157425456171146484e-32
2.154424778761062864e+00 1.011383546565249474e-32
2.158038348082596425e+00 8.836172506121395971e-33
2.161651917404129986e+00 7.718589321102398648e-33
2.165265486725664434e+00 6.741198700647540690e-33
2.168879056047197995e+00 5.886562608189550906e-33
2.172492625368732444e+00 5.139393258856678771e-33
2.176106194690266005e+00 4.486290344073220791e-33
2.179719764011799565e+00 3.915510073257546608e-33
2.183333333333334014e+00 3.416762216828726283e-33
2.186946902654867575e+00 2.981031787844389450e-33
2.190560471976402024e+00 2.600422399462639561e-33
2.194174041297935585e+00 2.268018688216776522e-33
2.197787610619469145e+00 1.977765504303151268e-33
2.201401179941003594e+00 1.724361844563724655e-33
2.205014749262537155e+00 1.503167745877734454e-33
2.208628318584071604e+00 1.310122570062785443e-33
2.212241887905605164e+00 1.141673299482138708e-33
2.215855457227138725e+00 9.947116283182151642e-34
2.219469026548673174e+00 8.665187805398872139e-34
2.223082595870206735e+00 7.547171142686633402e-34
2.226696165191741184e+00 6.572276855900668012e-34
2.230309734513274744e+00 5.722330446718698514e-34
2.233923303834809193e+00 4.981446249332935163e-34
2.237536873156342754e+00 4.335741633767048214e-34
2.241150442477876314e+00 3.773086582856771983e-34
2.244764011799410763e+00 3.282884304162819852e-34
2.248377581120944324e+00 2.855879065279759781e-34
2.251991150442478773e+00 2.483987904769477708e-34
2.255604719764012334e+00 2.160153278824536206e-34
2.259218289085545894e+00 1.878214062420689268e-34
2.262831858407080343e+00 1.632792639041348770e-34
2.266445427728613904e+00 1.419196090222231092e-34
2.270058997050148353e+00 1.233329739749746105e-34
2.273672566371681913e+00 1.071621521382083431e-34
2.277286135693215474e+00 9.309558269885654087e-35
2.280899705014749923e+00 8.086156571624172559e-35
2.284513274336283484e+00 7.022320413978132099e-35
2.288126843657817933e+00 6.097398222685573536e-35
2.291740412979351493e+00 5.293390098382618306e-35
2.295353982300885054e+00 4.594610106498825471e-35
2.298967551622419503e+00 3.987391217460540948e-35
2.302581120943953064e+00 3.459827557145301838e-35
2.306194690265487512e+00 3.001549290203776547e-35
2.309808259587021073e+00 2.603526040060390819e-35
2.313421828908555522e+00 2.257895259031483626e-35
2.317035398230089083e+00 1.957812408810428017e-35
2.320648967551622643e+00 1.697320203209987489e-35
2.324262536873157092e+00 1.471234508291713828e-35
2.327876106194690653e+00 1.275044795763833290e-35
2.331489675516225102e+00 1.104827309004925168e-35
2.335103244837758663e+00 9.571693318555578830e-36
2.338716814159292223e+00 8.291031524196397112e-36
2.342330383480826672e+00 7.180484910787109651e-36
2.345943952802360233e+00 6.217623168303751021e-36
2.349557522123894682e+00 5.382951116492342509e-36
2.353171091445428242e+00 4.659527612191348318e-36
2.356784660766961803e+00 4.032633541944183382e-36
2.360398230088496252e+00 3.489482629576944657e-36
2.364011799410029813e+00 3.018969582638607563e-36
2.367625368731564262e+00 2.611450796092898021e-36
2.371238938053097822e+00 2.258553438843066105e-36
2.374852507374631383e+00 1.953009279413425650e-36
2.378466076696165832e+00 1.688510070969563627e-36
2.382079646017699393e+00 1.459581721163838941e-36
2.385693215339233841e+00 1.261474826385908941e-36
2.389306784660767402e+00 1.090069459286714536e-36
2.392920353982301851e+00 9.417923685445552848e-37
2.396533923303835412e+00 8.135449856844132683e-37
2.400147492625368972e+00 7.026408396429841522e-37
2.403761061946903421e+00 6.067511594744044340e-37
2.407374631268436982e+00 5.238576024075110031e-37
2.410988200589971431e+00 4.522111812892850262e-37
2.414601769911504991e+00 3.902965848056549174e-37
2.418215339233038552e+00 3.368011879696956324e-37
2.421828908554573001e+00 2.905881411447945762e-37
2.425442477876106562e+00 2.506730050140284923e-37
2.429056047197641011e+00 2.162034678960879416e-37
2.432669616519174571e+00 1.864417419355647201e-37
2.436283185840708132e+00 1.607492870869438324e-37
2.439896755162242581e+00 1.385735574574851973e-37
2.443510324483776142e+00 1.194365043328351805e-37
2.447123893805310590e+00 1.029246048350770792e-37
2.450737463126844151e+00 8.868021531279342033e-38
2.454351032448377712e+00 7.639407480970668651e-38
2.457964601769912161e+00 6.579880680474870047e-38
2.461578171091445721e+00 5.666328729764793629e-38
2.465191740412980170e+00 4.878776461296719350e-38
2.468805309734513731e+00 4.199963134414686986e-38
2.472418879056048180e+00 3.614976194765929818e-38
2.476032448377581741e+00 3.110934087967399392e-38
2.479646017699115301e+00 2.676711606344613860e-38
2.483259587020649750e+00 2.302702107833853990e-38
2.486873156342183311e+00 1.980611693791195504e-38
2.490486725663717760e+00 1.703281082151253431e-38
2.494100294985251320e+00 1.464531476836635826e-38
2.497713864306784881e+00 1.259031224630043680e-38
2.501327433628319330e+00 1.082180476552546040e-38
2.504941002949852891e+00 9.300114405509215743e-39
2.508554572271387340e+00 7.991021333061992246e-39
2.512168141592920900e+00 6.865018176195831049e-39
2.515781710914454461e+00 5.896665536447408526e-39
2.519395280235988910e+00 5.064035020599713783e-39
2.523008849557522471e+00 4.348227992969359524e-39
2.526622418879056919e+00 3.732959828269064115e-39
2.530235988200590480e+00 3.204200814226384773e-39
2.533849557522124041e+00 2.749866040276827908e-39
2.537463126843658490e+00 2.359547637776211727e-39
2.541076696165192050e+00 2.024283629138808691e-39
2.544690265486726499e+00 1.736358416266698625e-39
2.548303834808260060e+00 1.489130608331872795e-39
2.551917404129794509e+00 1.276884469097382146e-39
2.555530973451328070e+00 1.094701766409941191e-39
2.559144542772861630e+00 9.383512415779685497e-40
2.562758112094396079e+00 8.041932930353619415e-40
2.566371681415929640e+00 6.890977947554041640e-40
2.569985250737464089e+00 5.903732520732447801e-40
2.573598820058997649e+00 5.057057417615790631e-40
2.577212389380531210e+00 4.331062944536596075e-40
2.580825958702065659e+00 3.708655602403848715e-40
2.584439528023599220e+00 3.175147562957238754e-40
2.588053097345133668e+00 2.717920320275232221e-40
2.591666666666667229e+00 2.326135053787444839e-40
2.595280235988200790e+00 1.990483260075131016e-40
2.598893805309735239e+00 1.702972093117512923e-40
2.602507374631268799e+00 1.456739615031433728e-40
2.606120943952803248e+00 1.245895817966902251e-40
2.609734513274336809e+00 1.065385846672092650e-40
2.613348082595870370e+00 9.108723424774559253e-41
2.616961651917404819e+00 7.786342535828142973e-41
2.620575221238938379e+00 6.654798226572690579e-41
2.624188790560472828e+00 5.686717787622507160e-41
2.627802359882006389e+00 4.858630332909723266e-41
2.631415929203539950e+00 4.150414148781344785e-41
2.635029498525074398e+00 3.544821811742757487e-41
2.638643067846607959e+00 3.027072204022022308e-41
2.642256637168142408e+00 2.584500065368575254e-41
2.645870206489675969e+00 2.206255020648845167e-41
2.649483775811210418e+00 1.883043144374046606e-41
2.653097345132743978e+00 1.606905089881837563e-41
2.656710914454277539e+00 1.371025643772440460e-41
2.660324483775811988e+00 1.169570283721516530e-41
2.663938053097345549e+00 9.975449358337201719e-42
2.667551622418879997e+00 8.506756599484766652e-42
2.671165191740413558e+00 7.253054495950252326e-42
2.674778761061947119e+00 6.183057278184592413e-42
2.678392330383481568e+00 5.270004596746088360e-42
2.682005899705015128e+00 4.491010944168677307e-42
2.685619469026549577e+00 3.826508018304079782e-42
2.689233038348083138e+00 3.259766834631872168e-42
2.692846607669616699e+00 2.776488255346256133e-42
2.696460176991151148e+00 2.364452202790568252e-42
2.700073746312684708e+00 2.013217200229325204e-42
2.703687315634219157e+00 1.713863065300676718e-42
2.707300884955752718e+00 1.458770597670260871e-42
2.710914454277286278e+00 1.241432975618877993e-42
2.714528023598820727e+00 1.056294326516141657e-42
2.718141592920354288e+00 8.986115805626427668e-43
2.721755162241888737e+00 7.643362706452486495e-43
2.725368731563422298e+00 6.500134163970268702e-43
2.728982300884956747e+00 5.526950385605909668e-43
2.732595870206490307e+00 4.698661999775285272e-43
2.736209439528023868e+00 3.993817700882350367e-43
2.739823008849558317e+00 3.394123677281714499e-43
2.743436578171091877e+00 2.883981582563796029e-43
2.747050147492626326e+00 2.450093708297356183e-43
2.750663716814159887e+00 2.081125643857573824e-43
2.754277286135693448e+00 1.767418104420834621e-43
2.757890855457227897e+00 1.500740804512193381e-43
2.761504424778761457e+00 1.274082279837418772e-43
2.765117994100295906e+00 1.081470438834364564e-43
2.768731563421829467e+00 9.178193782454354950e-44
2.772345132743363028e+00 7.787986419535486740e-44
2.775958702064897476e+00 6.607216547188036806e-44
2.779572271386431037e+00 5.604505354815208055e-44
2.783185840707965486e+00 4.753148999003095250e-44
2.786799410029499047e+00 4.030426084854284549e-44
2.790412979351032607e+00 3.417007134090636528e-44
2.794026548672567056e+00 2.896451109860323233e-44
2.797640117994100617e+00 2.454776240516894020e-44
2.801253687315635066e+00 2.080094242882460638e-44
2.804867256637168627e+00 1.762298634758146650e-44
2.808480825958703075e+00 1.492799185392685325e-44
2.812094395280236636e+00 1.264295714457241952e-44
2.815707964601770197e+00 1.070585443164299358e-44
2.819321533923304646e+00 9.063989499125293509e-45
2.822935103244838206e+00 7.672605080530807257e-45
2.826548672566372655e+00 6.493692029387379985e-45
2.830162241887906216e+00 5.494977546289164992e-45
2.833775811209439777e+00 4.649064245673657453e-45
2.837389380530974226e+00 3.932697704482892645e-45
2.841002949852507786e+00 3.326143429223850771e-45
2.844616519174042235e+00 2.812656989833535356e-45
2.848230088495575796e+00 2.378033468381602992e-45
2.851843657817109357e+00 2.010224418067018472e-45
2.855457227138643805e+00 1.699012274596559893e-45
2.859070796460177366e+00 1.435733651746708815e-45
2.862684365781711815e+00 1.213044223310223865e-45
2.866297935103245376e+00 1.024718976776901954e-45
2.869911504424778936e+00 8.654825474371997235e-46
2.873525073746313385e+00 7.308651285647553808e-46
2.877138643067846946e+00 6.170801239446354932e-46
2.880752212389381395e+00 5.209202803722898000e-46
2.884365781710914955e+00 4.396695244528847210e-46
2.887979351032449404e+00 3.710281425495026391e-46
2.891592920353982965e+00 3.130492957069846211e-46
2.895206489675516526e+00 2.640851618912215035e-46
2.898820058997050975e+00 2.227412536918746360e-46
2.902433628318584535e+00 1.878376773435869975e-46
2.906047197640118984e+00 1.583762841720852509e-46
2.909660766961652545e+00 1.335128231759022291e-46
2.913274336283186106e+00 1.125333375132464565e-46
2.916887905604720554e+00 9.483416167507974289e-47
2.920501474926254115e+00 7.990497306772373275e-47
2.924115044247788564e+00 6.731443414491697760e-47
2.927728613569322125e+00 5.669803128144284183e-47
2.931342182890855685e+00 4.774777611355639036e-47
2.934955752212390134e+00 4.020348565611554821e-47
2.938569321533923695e+00 3.384540047906209528e-47
2.942182890855458144e+00 2.848793672595290576e-47
2.945796460176991705e+00 2.397439875410985341e-47
2.949410029498525265e+00 2.017250549409025389e-47
2.953023598820059714e+00 1.697060596832254827e-47
2.956637168141593275e+00 1.427447837165221494e-47
2.960250737463127724e+00 1.200462320877616050e-47
2.963864306784661284e+00 1.009397463699720666e-47
2.967477876106195733e+00 8.485965744940936392e-48
2.971091445427729294e+00 7.132893321378938951e-48
2.974705014749262855e+00 5.994535998494609345e-48
2.978318584070797304e+00 5.036986716670341274e-48
2.981932153392330864e+00 4.231666444828822902e-48
2.985545722713865313e+00 3.554491164548337961e-48
2.989159292035398874e+00 2.985168425919457277e-48
2.992772861356932435e+00 2.506603425998972383e-48
2.996386430678466883e+00 2.104397646496926572e-48
3.000000000000000000e+00 1.766425700782851975e-48
