0.000000000000000000e+00
6.154524258191178959e-02
6.155364952134702999e-02
6.155364952134702999e-02
6.163309768143945822e-02
6.156211168787493332e-02
6.161781910933731427e-02
6.164220314027554770e-02
6.210111999200628591e-02
6.235721518197206992e-02
6.289397961150426652e-02
6.345648738696993418e-02
6.390078424195193285e-02
6.341692813414734342e-02
6.383167802479079722e-02
6.452768683704775132e-02
6.442051393139303084e-02
6.486763919372122433e-02
6.507396305092334743e-02
6.517399780515216456e-02
6.451596414175241045e-02
6.466956887374337992e-02
6.466086872843408717e-02
6.482626175960982950e-02
6.495273118493231912e-02
6.295061689263765914e-02
6.265882753445883857e-02
6.265586239864909257e-02
6.272946679167008821e-02
6.268755271770368176e-02
6.243384592202611688e-02
6.251665412273446631e-02
6.239543649873546122e-02
6.239543649873546122e-02
6.221956125487213690e-02
6.192739315466914279e-02
6.192895869305214962e-02
6.195305077334934546e-02
6.181232738342373745e-02
6.181605714420968650e-02
6.181605714420968650e-02
6.403012133150857987e-02
6.422223814212806026e-02
6.421304404832657575e-02
6.421304404832657575e-02
6.421304404832657575e-02
6.424542730244320321e-02
6.424542730244320321e-02
6.402527132052797387e-02
6.402527132052797387e-02
6.402527132052797387e-02
6.402527132052797387e-02
6.402527132052797387e-02
6.450905008066161461e-02
6.450905008066161461e-02
6.449410596135699003e-02
6.449410596135699003e-02
6.449410596135699003e-02
6.449410596135699003e-02
6.449410596135699003e-02
6.449410596135699003e-02
6.449410596135699003e-02
6.449410596135699003e-02
6.449410596135699003e-02
6.449410596135699003e-02
6.449410596135699003e-02
6.449410596135699003e-02
6.449410596135699003e-02
6.448088706571418471e-02
6.448088706571418471e-02
6.448088706571418471e-02
6.448088706571418471e-02
6.433162992361766974e-02
6.433162992361766974e-02
6.433162992361766974e-02
6.432482769470949935e-02
6.432482769470949935e-02
6.432482769470949935e-02
6.432482769470949935e-02
6.432482769470949935e-02
6.432482769470949935e-02
6.432482769470949935e-02
6.432482769470949935e-02
6.432482769470949935e-02
6.432482769470949935e-02
6.432482769470949935e-02
6.432482769470949935e-02
6.438843822747672418e-02
6.438843822747672418e-02
6.438843822747672418e-02
6.438843822747672418e-02
6.438843822747672418e-02
6.438843822747672418e-02
6.438843822747672418e-02
6.438843822747672418e-02
6.438843822747672418e-02
6.438430220362320600e-02
6.438430220362320600e-02
6.438430220362320600e-02
6.438430220362320600e-02
6.438430220362320600e-02
6.438430220362320600e-02
6.438430220362320600e-02
6.438430220362320600e-02
6.438430220362320600e-02
6.438430220362320600e-02
6.438430220362320600e-02
6.438430220362320600e-02
6.438430220362320600e-02
6.438430220362320600e-02
6.438430220362320600e-02
6.438430220362320600e-02
6.438430220362320600e-02
6.438430220362320600e-02
6.438430220362320600e-02
6.438430220362320600e-02
6.438430220362320600e-02
6.438430220362320600e-02
6.438430220362320600e-02
6.438430220362320600e-02
6.438430220362320600e-02
6.438430220362320600e-02
6.438430220362320600e-02
6.438430220362320600e-02
6.438430220362320600e-02
6.438430220362320600e-02
6.438430220362320600e-02
6.438430220362320600e-02
6.438430220362320600e-02
6.438430220362320600e-02
6.438430220362320600e-02
6.438430220362320600e-02
6.438430220362320600e-02
6.438430220362320600e-02
6.438430220362320600e-02
6.438430220362320600e-02
6.438430220362320600e-02
6.438430220362320600e-02
6.438430220362320600e-02
6.438430220362320600e-02
6.438430220362320600e-02
6.438430220362320600e-02
6.438430220362320600e-02
6.438430220362320600e-02
6.438430220362320600e-02
6.438430220362320600e-02
6.438430220362320600e-02
6.438430220362320600e-02
6.438430220362320600e-02
6.438430220362320600e-02
6.438430220362320600e-02
6.438430220362320600e-02
6.438430220362320600e-02
6.438430220362320600e-02
6.438430220362320600e-02
6.438430220362320600e-02
6.438430220362320600e-02
6.438430220362320600e-02
6.438430220362320600e-02
6.438430220362320600e-02
6.438430220362320600e-02
6.438430220362320600e-02
6.438430220362320600e-02
6.438430220362320600e-02
6.438430220362320600e-02
6.438430220362320600e-02
6.438430220362320600e-02
6.438430220362320600e-02
6.438430220362320600e-02
6.438430220362320600e-02
6.438430220362320600e-02
6.438430220362320600e-02
6.438430220362320600e-02
6.438430220362320600e-02
6.438430220362320600e-02
6.438430220362320600e-02
6.438430220362320600e-02
6.438430220362320600e-02
6.438430220362320600e-02
6.438430220362320600e-02
6.438430220362320600e-02
6.438430220362320600e-02
6.438430220362320600e-02
6.438430220362320600e-02
6.438430220362320600e-02
6.438430220362320600e-02
6.438430220362320600e-02
6.438430220362320600e-02
6.438430220362320600e-02
6.438430220362320600e-02
6.438430220362320600e-02
6.438430220362320600e-02
6.438430220362320600e-02
6.438430220362320600e-02
6.438430220362320600e-02
6.438430220362320600e-02
6.438430220362320600e-02
6.438430220362320600e-02
6.438430220362320600e-02
6.438430220362320600e-02
6.438430220362320600e-02
6.438430220362320600e-02
6.438430220362320600e-02
6.438430220362320600e-02
6.438430220362320600e-02
6.438430220362320600e-02
6.438430220362320600e-02
6.438430220362320600e-02
6.438430220362320600e-02
6.438430220362320600e-02
6.438430220362320600e-02
6.438430220362320600e-02
6.438430220362320600e-02
6.438430220362320600e-02
6.438430220362320600e-02
6.438430220362320600e-02
6.438430220362320600e-02
6.438430220362320600e-02
6.438430220362320600e-02
6.438430220362320600e-02
6.438430220362320600e-02
6.438430220362320600e-02
6.438430220362320600e-02
6.438430220362320600e-02
6.438430220362320600e-02
6.438430220362320600e-02
6.438430220362320600e-02
6.438430220362320600e-02
6.438430220362320600e-02
6.438430220362320600e-02
6.438430220362320600e-02
6.438430220362320600e-02
6.438430220362320600e-02
6.438430220362320600e-02
6.438430220362320600e-02
6.438430220362320600e-02
6.438430220362320600e-02
6.438430220362320600e-02
6.438430220362320600e-02
6.438430220362320600e-02
6.438430220362320600e-02
6.438430220362320600e-02
6.438430220362320600e-02
6.438430220362320600e-02
6.438430220362320600e-02
6.438430220362320600e-02
6.438430220362320600e-02
6.438430220362320600e-02
6.438430220362320600e-02
6.438430220362320600e-02
6.438430220362320600e-02
6.438430220362320600e-02
6.438430220362320600e-02
6.438430220362320600e-02
6.438430220362320600e-02
6.438430220362320600e-02
6.438430220362320600e-02
6.438430220362320600e-02
6.438430220362320600e-02
6.438430220362320600e-02
6.438430220362320600e-02
6.438430220362320600e-02
6.438430220362320600e-02
6.438430220362320600e-02
6.438430220362320600e-02
6.438430220362320600e-02
6.438430220362320600e-02
6.438430220362320600e-02
6.438430220362320600e-02
6.438430220362320600e-02
6.438430220362320600e-02
6.438430220362320600e-02
6.438430220362320600e-02
6.438430220362320600e-02
6.438430220362320600e-02
6.438430220362320600e-02
6.438430220362320600e-02
6.438430220362320600e-02
6.438430220362320600e-02
6.438430220362320600e-02
6.438430220362320600e-02
6.438430220362320600e-02
6.438430220362320600e-02
6.438430220362320600e-02
6.438430220362320600e-02
6.438430220362320600e-02
6.438430220362320600e-02
6.438430220362320600e-02
6.438430220362320600e-02
6.438430220362320600e-02
6.438430220362320600e-02
6.438430220362320600e-02
6.438430220362320600e-02
6.438430220362320600e-02
6.438430220362320600e-02
6.438430220362320600e-02
6.438430220362320600e-02
6.438430220362320600e-02
6.438430220362320600e-02
6.438430220362320600e-02
6.438430220362320600e-02
6.438430220362320600e-02
6.438430220362320600e-02
6.438430220362320600e-02
6.438430220362320600e-02
6.438430220362320600e-02
6.438430220362320600e-02
6.438430220362320600e-02
6.438430220362320600e-02
6.438430220362320600e-02
6.438430220362320600e-02
6.438430220362320600e-02
6.438430220362320600e-02
6.438430220362320600e-02
6.438430220362320600e-02
6.438430220362320600e-02
6.438430220362320600e-02
6.438430220362320600e-02
6.438430220362320600e-02
6.438430220362320600e-02
6.438430220362320600e-02
6.438430220362320600e-02
6.438430220362320600e-02
6.438430220362320600e-02
6.438430220362320600e-02
6.438430220362320600e-02
6.438430220362320600e-02
6.438430220362320600e-02
6.438430220362320600e-02
6.438430220362320600e-02
6.438430220362320600e-02
6.438430220362320600e-02
6.438430220362320600e-02
6.438430220362320600e-02
6.438430220362320600e-02
6.438430220362320600e-02
6.438430220362320600e-02
6.438430220362320600e-02
6.438430220362320600e-02
6.438430220362320600e-02
6.438430220362320600e-02
6.438430220362320600e-02
6.438430220362320600e-02
6.438430220362320600e-02
6.438430220362320600e-02
6.438430220362320600e-02
6.438430220362320600e-02
6.438430220362320600e-02
6.438430220362320600e-02
6.438430220362320600e-02
6.438430220362320600e-02
6.438430220362320600e-02
6.438430220362320600e-02
6.438430220362320600e-02
6.438430220362320600e-02
6.438430220362320600e-02
6.438430220362320600e-02
6.438430220362320600e-02
6.438430220362320600e-02
6.438430220362320600e-02
6.438430220362320600e-02
6.438430220362320600e-02
6.438430220362320600e-02
6.438430220362320600e-02
6.438430220362320600e-02
6.438430220362320600e-02
6.438430220362320600e-02
6.438430220362320600e-02
6.438430220362320600e-02
6.438430220362320600e-02
6.438430220362320600e-02
6.438430220362320600e-02
6.438430220362320600e-02
6.438430220362320600e-02
6.438430220362320600e-02
6.438430220362320600e-02
6.438430220362320600e-02
6.438430220362320600e-02
6.438430220362320600e-02
6.438430220362320600e-02
6.438430220362320600e-02
6.438430220362320600e-02
6.438430220362320600e-02
6.438430220362320600e-02
6.438430220362320600e-02
6.438430220362320600e-02
6.438430220362320600e-02
6.438430220362320600e-02
6.438430220362320600e-02
6.438430220362320600e-02
6.438430220362320600e-02
6.438430220362320600e-02
6.438430220362320600e-02
6.438430220362320600e-02
6.438430220362320600e-02
6.438430220362320600e-02
6.438430220362320600e-02
6.438430220362320600e-02
6.438430220362320600e-02
6.438430220362320600e-02
6.438430220362320600e-02
6.438430220362320600e-02
6.438430220362320600e-02
6.438430220362320600e-02
6.438430220362320600e-02
6.438430220362320600e-02
6.438430220362320600e-02
6.438430220362320600e-02
6.438430220362320600e-02
6.438430220362320600e-02
6.438430220362320600e-02
6.438430220362320600e-02
6.438430220362320600e-02
6.438430220362320600e-02
6.438430220362320600e-02
6.438430220362320600e-02
6.438430220362320600e-02
6.438430220362320600e-02
6.438430220362320600e-02
6.438430220362320600e-02
6.438430220362320600e-02
6.438430220362320600e-02
6.438430220362320600e-02
6.438430220362320600e-02
6.438430220362320600e-02
6.438430220362320600e-02
6.438430220362320600e-02
6.438430220362320600e-02
6.438430220362320600e-02
6.438430220362320600e-02
6.438430220362320600e-02
6.438430220362320600e-02
6.438430220362320600e-02
6.438430220362320600e-02
6.438430220362320600e-02
6.438430220362320600e-02
6.438430220362320600e-02
6.438430220362320600e-02
6.438430220362320600e-02
6.438430220362320600e-02
6.438430220362320600e-02
6.438430220362320600e-02
6.438430220362320600e-02
6.438430220362320600e-02
6.438430220362320600e-02
6.438430220362320600e-02
6.438430220362320600e-02
6.438430220362320600e-02
6.438430220362320600e-02
6.438430220362320600e-02
6.438430220362320600e-02
6.438430220362320600e-02
6.438430220362320600e-02
6.438430220362320600e-02
6.438430220362320600e-02
6.438430220362320600e-02
6.438430220362320600e-02
6.438430220362320600e-02
6.438430220362320600e-02
6.438430220362320600e-02
6.438430220362320600e-02
6.438430220362320600e-02
6.438430220362320600e-02
6.438430220362320600e-02
6.438430220362320600e-02
6.438430220362320600e-02
6.438430220362320600e-02
6.438430220362320600e-02
6.438430220362320600e-02
6.438430220362320600e-02
6.438430220362320600e-02
6.438430220362320600e-02
6.438430220362320600e-02
6.438430220362320600e-02
6.438430220362320600e-02
6.438430220362320600e-02
6.438430220362320600e-02
6.438430220362320600e-02
6.438430220362320600e-02
6.438430220362320600e-02
6.438430220362320600e-02
6.438430220362320600e-02
6.438430220362320600e-02
6.438430220362320600e-02
6.438430220362320600e-02
6.438430220362320600e-02
6.438430220362320600e-02
6.438430220362320600e-02
6.438430220362320600e-02
6.438430220362320600e-02
6.438430220362320600e-02
6.438430220362320600e-02
6.438430220362320600e-02
6.438430220362320600e-02
6.438430220362320600e-02
6.438430220362320600e-02
6.438430220362320600e-02
6.438430220362320600e-02
6.438430220362320600e-02
6.438430220362320600e-02
6.438430220362320600e-02
6.438430220362320600e-02
6.438430220362320600e-02
6.438430220362320600e-02
6.438430220362320600e-02
6.438430220362320600e-02
6.438430220362320600e-02
6.438430220362320600e-02
6.438430220362320600e-02
6.438430220362320600e-02
6.438430220362320600e-02
6.438430220362320600e-02
6.438430220362320600e-02
6.438430220362320600e-02
6.438430220362320600e-02
6.438430220362320600e-02
6.438430220362320600e-02
6.438430220362320600e-02
6.438430220362320600e-02
6.438430220362320600e-02
6.438430220362320600e-02
6.438430220362320600e-02
6.438430220362320600e-02
6.438430220362320600e-02
6.438430220362320600e-02
6.438430220362320600e-02
6.438430220362320600e-02
6.438430220362320600e-02
6.438430220362320600e-02
6.438430220362320600e-02
6.438430220362320600e-02
6.438430220362320600e-02
6.438430220362320600e-02
6.438430220362320600e-02
6.438430220362320600e-02
6.438430220362320600e-02
6.438430220362320600e-02
6.438430220362320600e-02
6.438430220362320600e-02
6.438430220362320600e-02
6.438430220362320600e-02
6.438430220362320600e-02
6.438430220362320600e-02
6.438430220362320600e-02
6.438430220362320600e-02
6.438430220362320600e-02
6.438430220362320600e-02
6.438430220362320600e-02
6.438430220362320600e-02
6.438430220362320600e-02
6.438430220362320600e-02
6.438430220362320600e-02
6.438430220362320600e-02
6.438430220362320600e-02
6.438430220362320600e-02
6.438430220362320600e-02
6.438430220362320600e-02
6.438430220362320600e-02
6.438430220362320600e-02
6.438430220362320600e-02
6.438430220362320600e-02
6.438430220362320600e-02
6.438430220362320600e-02
6.438430220362320600e-02
6.438430220362320600e-02
6.438430220362320600e-02
6.438430220362320600e-02
6.438430220362320600e-02
6.438430220362320600e-02
6.438430220362320600e-02
6.438430220362320600e-02
6.438430220362320600e-02
6.438430220362320600e-02
6.438430220362320600e-02
6.438430220362320600e-02
6.438430220362320600e-02
6.438430220362320600e-02
6.438430220362320600e-02
6.438430220362320600e-02
6.438430220362320600e-02
6.438430220362320600e-02
6.438430220362320600e-02
6.438430220362320600e-02
6.438430220362320600e-02
6.438430220362320600e-02
6.438430220362320600e-02
6.438430220362320600e-02
6.438430220362320600e-02
6.438430220362320600e-02
6.438430220362320600e-02
6.438430220362320600e-02
6.438430220362320600e-02
6.438430220362320600e-02
6.438430220362320600e-02
6.438430220362320600e-02
6.438430220362320600e-02
6.438430220362320600e-02
6.438430220362320600e-02
6.438430220362320600e-02
6.438430220362320600e-02
6.438430220362320600e-02
6.438430220362320600e-02
6.438430220362320600e-02
6.438430220362320600e-02
6.438430220362320600e-02
6.438430220362320600e-02
6.438430220362320600e-02
6.438430220362320600e-02
6.438430220362320600e-02
6.438430220362320600e-02
6.438430220362320600e-02
6.438430220362320600e-02
6.438430220362320600e-02
6.438430220362320600e-02
6.438430220362320600e-02
6.438430220362320600e-02
6.438430220362320600e-02
6.438430220362320600e-02
6.438430220362320600e-02
6.438430220362320600e-02
6.438430220362320600e-02
6.438430220362320600e-02
6.438430220362320600e-02
6.438430220362320600e-02
6.438430220362320600e-02
6.438430220362320600e-02
6.438430220362320600e-02
6.438430220362320600e-02
6.438430220362320600e-02
6.438430220362320600e-02
6.438430220362320600e-02
6.438430220362320600e-02
6.438430220362320600e-02
6.438430220362320600e-02
6.438430220362320600e-02
6.438430220362320600e-02
6.438430220362320600e-02
6.438430220362320600e-02
6.438430220362320600e-02
6.438430220362320600e-02
6.438430220362320600e-02
6.438430220362320600e-02
6.438430220362320600e-02
6.438430220362320600e-02
6.438430220362320600e-02
6.438430220362320600e-02
6.438430220362320600e-02
6.438430220362320600e-02
6.438430220362320600e-02
6.438430220362320600e-02
6.438430220362320600e-02
6.438430220362320600e-02
6.438430220362320600e-02
6.438430220362320600e-02
6.438430220362320600e-02
6.438430220362320600e-02
6.438430220362320600e-02
6.438430220362320600e-02
6.438430220362320600e-02
6.438430220362320600e-02
6.438430220362320600e-02
6.438430220362320600e-02
6.438430220362320600e-02
6.438430220362320600e-02
6.438430220362320600e-02
6.438430220362320600e-02
6.438430220362320600e-02
6.438430220362320600e-02
6.438430220362320600e-02
6.438430220362320600e-02
6.438430220362320600e-02
6.438430220362320600e-02
6.438430220362320600e-02
6.438430220362320600e-02
6.438430220362320600e-02
6.438430220362320600e-02
6.438430220362320600e-02
6.438430220362320600e-02
6.438430220362320600e-02
6.438430220362320600e-02
6.438430220362320600e-02
6.438430220362320600e-02
6.438430220362320600e-02
6.438430220362320600e-02
6.438430220362320600e-02
6.438430220362320600e-02
6.438430220362320600e-02
6.438430220362320600e-02
6.438430220362320600e-02
6.438430220362320600e-02
6.438430220362320600e-02
6.438430220362320600e-02
6.438430220362320600e-02
6.438430220362320600e-02
6.438430220362320600e-02
6.438430220362320600e-02
6.438430220362320600e-02
6.438430220362320600e-02
6.438430220362320600e-02
6.438430220362320600e-02
6.438430220362320600e-02
6.438430220362320600e-02
6.438430220362320600e-02
6.438430220362320600e-02
6.438430220362320600e-02
6.438430220362320600e-02
6.438430220362320600e-02
6.438430220362320600e-02
6.438430220362320600e-02
6.438430220362320600e-02
6.438430220362320600e-02
6.438430220362320600e-02
6.438430220362320600e-02
6.438430220362320600e-02
6.438430220362320600e-02
6.438430220362320600e-02
6.438430220362320600e-02
6.438430220362320600e-02
6.438430220362320600e-02
6.438430220362320600e-02
6.438430220362320600e-02
6.438430220362320600e-02
6.438430220362320600e-02
6.438430220362320600e-02
6.438430220362320600e-02
6.438430220362320600e-02
6.438430220362320600e-02
6.438430220362320600e-02
6.438430220362320600e-02
6.438430220362320600e-02
6.438430220362320600e-02
6.438430220362320600e-02
6.438430220362320600e-02
6.438430220362320600e-02
6.438430220362320600e-02
6.438430220362320600e-02
6.438430220362320600e-02
6.438430220362320600e-02
6.438430220362320600e-02
6.438430220362320600e-02
6.438430220362320600e-02
6.438430220362320600e-02
6.438430220362320600e-02
6.438430220362320600e-02
6.438430220362320600e-02
6.438430220362320600e-02
6.438430220362320600e-02
6.438430220362320600e-02
6.438430220362320600e-02
6.438430220362320600e-02
6.438430220362320600e-02
6.438430220362320600e-02
6.438430220362320600e-02
6.438430220362320600e-02
6.438430220362320600e-02
6.438430220362320600e-02
6.438430220362320600e-02
6.438430220362320600e-02
6.438430220362320600e-02
6.438430220362320600e-02
6.438430220362320600e-02
6.438430220362320600e-02
6.438430220362320600e-02
6.438430220362320600e-02
6.438430220362320600e-02
6.438430220362320600e-02
6.438430220362320600e-02
6.438430220362320600e-02
6.438430220362320600e-02
6.438430220362320600e-02
6.438430220362320600e-02
6.438430220362320600e-02
6.438430220362320600e-02
6.438430220362320600e-02
6.438430220362320600e-02
6.438430220362320600e-02
6.438430220362320600e-02
6.438430220362320600e-02
6.438430220362320600e-02
6.438430220362320600e-02
6.438430220362320600e-02
6.438430220362320600e-02
6.438430220362320600e-02
6.438430220362320600e-02
6.438430220362320600e-02
6.438430220362320600e-02
6.438430220362320600e-02
6.438430220362320600e-02
6.438430220362320600e-02
6.438430220362320600e-02
6.438430220362320600e-02
6.438430220362320600e-02
6.438430220362320600e-02
6.438430220362320600e-02
6.438430220362320600e-02
6.438430220362320600e-02
6.438430220362320600e-02
6.438430220362320600e-02
6.438430220362320600e-02
6.438430220362320600e-02
6.438430220362320600e-02
6.438430220362320600e-02
6.438430220362320600e-02
6.438430220362320600e-02
6.438430220362320600e-02
6.438430220362320600e-02
6.438430220362320600e-02
6.438430220362320600e-02
6.438430220362320600e-02
6.438430220362320600e-02
6.438430220362320600e-02
6.438430220362320600e-02
6.438430220362320600e-02
6.438430220362320600e-02
6.438430220362320600e-02
6.438430220362320600e-02
6.438430220362320600e-02
6.438430220362320600e-02
6.438430220362320600e-02
6.438430220362320600e-02
6.438430220362320600e-02
6.438430220362320600e-02
6.438430220362320600e-02
6.438430220362320600e-02
6.438430220362320600e-02
6.438430220362320600e-02
6.438430220362320600e-02
6.438430220362320600e-02
6.438430220362320600e-02
6.438430220362320600e-02
6.438430220362320600e-02
6.438430220362320600e-02
6.438430220362320600e-02
6.438430220362320600e-02
6.438430220362320600e-02
6.438430220362320600e-02
6.438430220362320600e-02
6.438430220362320600e-02
6.438430220362320600e-02
6.438430220362320600e-02
6.438430220362320600e-02
6.438430220362320600e-02
6.438430220362320600e-02
6.438430220362320600e-02
6.438430220362320600e-02
6.438430220362320600e-02
6.438430220362320600e-02
6.438430220362320600e-02
6.438430220362320600e-02
6.438430220362320600e-02
6.438430220362320600e-02
6.438430220362320600e-02
6.438430220362320600e-02
6.438430220362320600e-02
6.438430220362320600e-02
6.438430220362320600e-02
6.438430220362320600e-02
6.438430220362320600e-02
6.438430220362320600e-02
6.438430220362320600e-02
6.438430220362320600e-02
6.438430220362320600e-02
6.438430220362320600e-02
6.438430220362320600e-02
6.438430220362320600e-02
6.438430220362320600e-02
6.438430220362320600e-02
6.438430220362320600e-02
6.438430220362320600e-02
6.438430220362320600e-02
6.438430220362320600e-02
6.438430220362320600e-02
6.438430220362320600e-02
6.438430220362320600e-02
6.438430220362320600e-02
6.438430220362320600e-02
6.438430220362320600e-02
6.438430220362320600e-02
6.438430220362320600e-02
6.438430220362320600e-02
6.438430220362320600e-02
6.438430220362320600e-02
6.438430220362320600e-02
6.438430220362320600e-02
6.438430220362320600e-02
6.438430220362320600e-02
6.438430220362320600e-02
6.438430220362320600e-02
6.438430220362320600e-02
6.438430220362320600e-02
6.438430220362320600e-02
6.438430220362320600e-02
6.438430220362320600e-02
6.438430220362320600e-02
6.438430220362320600e-02
6.438430220362320600e-02
6.438430220362320600e-02
6.438430220362320600e-02
6.438430220362320600e-02
6.438430220362320600e-02
6.438430220362320600e-02
6.438430220362320600e-02
6.438430220362320600e-02
6.438430220362320600e-02
6.438430220362320600e-02
6.438430220362320600e-02
6.438430220362320600e-02
6.438430220362320600e-02
6.438430220362320600e-02
6.438430220362320600e-02
6.438430220362320600e-02
6.438430220362320600e-02
6.438430220362320600e-02
6.438430220362320600e-02
6.438430220362320600e-02
6.438430220362320600e-02
6.438430220362320600e-02
6.438430220362320600e-02
6.438430220362320600e-02
6.438430220362320600e-02
6.438430220362320600e-02
6.438430220362320600e-02
6.438430220362320600e-02
6.438430220362320600e-02
6.438430220362320600e-02
6.438430220362320600e-02
6.438430220362320600e-02
6.438430220362320600e-02
6.438430220362320600e-02
6.438430220362320600e-02
6.438430220362320600e-02
6.438430220362320600e-02
6.438430220362320600e-02
6.438430220362320600e-02
6.438430220362320600e-02
6.438430220362320600e-02
6.438430220362320600e-02
6.438430220362320600e-02
6.438430220362320600e-02
6.438430220362320600e-02
6.438430220362320600e-02
6.438430220362320600e-02
6.438430220362320600e-02
6.438430220362320600e-02
6.438430220362320600e-02
6.438430220362320600e-02
6.438430220362320600e-02
6.438430220362320600e-02
6.438430220362320600e-02
6.438430220362320600e-02
6.438430220362320600e-02
6.438430220362320600e-02
6.438430220362320600e-02
6.438430220362320600e-02
6.438430220362320600e-02
6.438430220362320600e-02
6.438430220362320600e-02
6.438430220362320600e-02
6.438430220362320600e-02
6.438430220362320600e-02
6.438430220362320600e-02
6.438430220362320600e-02
6.438430220362320600e-02
6.438430220362320600e-02
6.438430220362320600e-02
6.438430220362320600e-02
6.438430220362320600e-02
6.438430220362320600e-02
6.438430220362320600e-02
6.438430220362320600e-02
6.438430220362320600e-02
6.438430220362320600e-02
6.438430220362320600e-02
6.438430220362320600e-02
6.438430220362320600e-02
6.438430220362320600e-02
6.438430220362320600e-02
6.438430220362320600e-02
6.438430220362320600e-02
6.438430220362320600e-02
6.438430220362320600e-02
6.438430220362320600e-02
6.438430220362320600e-02
6.438430220362320600e-02
6.438430220362320600e-02
6.438430220362320600e-02
6.438430220362320600e-02
6.438430220362320600e-02
6.438430220362320600e-02
6.438430220362320600e-02
6.438430220362320600e-02
6.438430220362320600e-02
6.438430220362320600e-02
6.438430220362320600e-02
6.438430220362320600e-02
6.438430220362320600e-02
6.438430220362320600e-02
6.438430220362320600e-02
6.438430220362320600e-02
6.438430220362320600e-02
6.438430220362320600e-02
6.438430220362320600e-02
6.438430220362320600e-02
6.438430220362320600e-02
6.438430220362320600e-02
6.438430220362320600e-02
6.438430220362320600e-02
6.438430220362320600e-02
6.438430220362320600e-02
6.438430220362320600e-02
6.438430220362320600e-02
6.438430220362320600e-02
6.438430220362320600e-02
6.438430220362320600e-02
6.438430220362320600e-02
6.438430220362320600e-02
6.438430220362320600e-02
6.438430220362320600e-02
6.438430220362320600e-02
6.438430220362320600e-02
6.438430220362320600e-02
6.438430220362320600e-02
6.438430220362320600e-02
6.438430220362320600e-02
6.438430220362320600e-02
6.438430220362320600e-02
6.438430220362320600e-02
6.438430220362320600e-02
6.438430220362320600e-02
6.438430220362320600e-02
6.438430220362320600e-02
6.438430220362320600e-02
6.438430220362320600e-02
6.438430220362320600e-02
6.438430220362320600e-02
6.438430220362320600e-02
6.438430220362320600e-02
6.438430220362320600e-02
6.438430220362320600e-02
6.438430220362320600e-02
6.438430220362320600e-02
6.438430220362320600e-02
6.438430220362320600e-02
6.438430220362320600e-02
6.438430220362320600e-02
6.438430220362320600e-02
6.438430220362320600e-02
6.438430220362320600e-02
6.438430220362320600e-02
6.438430220362320600e-02
6.438430220362320600e-02
6.438430220362320600e-02
6.438430220362320600e-02
6.438430220362320600e-02
6.438430220362320600e-02
6.438430220362320600e-02
6.438430220362320600e-02
6.438430220362320600e-02
6.438430220362320600e-02
6.438430220362320600e-02
6.438430220362320600e-02
6.438430220362320600e-02
6.438430220362320600e-02
6.438430220362320600e-02
6.438430220362320600e-02
6.438430220362320600e-02
6.438430220362320600e-02
6.438430220362320600e-02
6.438430220362320600e-02
6.438430220362320600e-02
6.438430220362320600e-02
6.438430220362320600e-02
6.438430220362320600e-02
6.438430220362320600e-02
6.438430220362320600e-02
6.438430220362320600e-02
6.438430220362320600e-02
6.438430220362320600e-02
6.438430220362320600e-02
6.438430220362320600e-02
6.438430220362320600e-02
6.438430220362320600e-02
6.438430220362320600e-02
6.438430220362320600e-02
6.438430220362320600e-02
6.438430220362320600e-02
6.438430220362320600e-02
6.438430220362320600e-02
6.438430220362320600e-02
6.438430220362320600e-02
6.438430220362320600e-02
6.438430220362320600e-02
6.438430220362320600e-02
6.438430220362320600e-02
6.438430220362320600e-02
6.438430220362320600e-02
6.438430220362320600e-02
6.438430220362320600e-02
6.438430220362320600e-02
6.438430220362320600e-02
6.438430220362320600e-02
6.438430220362320600e-02
6.438430220362320600e-02
6.438430220362320600e-02
6.438430220362320600e-02
6.438430220362320600e-02
6.438430220362320600e-02
6.438430220362320600e-02
6.438430220362320600e-02
6.438430220362320600e-02
6.438430220362320600e-02
6.438430220362320600e-02
6.438430220362320600e-02
6.438430220362320600e-02
6.438430220362320600e-02
6.438430220362320600e-02
6.438430220362320600e-02
6.438430220362320600e-02
6.438430220362320600e-02
6.438430220362320600e-02
6.438430220362320600e-02
6.438430220362320600e-02
6.438430220362320600e-02
6.438430220362320600e-02
6.438430220362320600e-02
6.438430220362320600e-02
6.438430220362320600e-02
6.438430220362320600e-02
6.438430220362320600e-02
6.438430220362320600e-02
6.438430220362320600e-02
6.438430220362320600e-02
6.438430220362320600e-02
6.438430220362320600e-02
6.438430220362320600e-02
6.438430220362320600e-02
6.438430220362320600e-02
6.438430220362320600e-02
6.438430220362320600e-02
6.438430220362320600e-02
6.438430220362320600e-02
6.438430220362320600e-02
6.438430220362320600e-02
6.438430220362320600e-02
6.438430220362320600e-02
6.438430220362320600e-02
6.438430220362320600e-02
6.438430220362320600e-02
6.438430220362320600e-02
6.438430220362320600e-02
6.438430220362320600e-02
6.438430220362320600e-02
6.438430220362320600e-02
6.438430220362320600e-02
6.438430220362320600e-02
6.438430220362320600e-02
6.438430220362320600e-02
6.438430220362320600e-02
6.438430220362320600e-02
6.438430220362320600e-02
6.438430220362320600e-02
6.438430220362320600e-02
6.438430220362320600e-02
6.438430220362320600e-02
6.438430220362320600e-02
6.438430220362320600e-02
6.438430220362320600e-02
6.438430220362320600e-02
6.438430220362320600e-02
6.438430220362320600e-02
6.438430220362320600e-02
6.438430220362320600e-02
6.438430220362320600e-02
6.438430220362320600e-02
6.438430220362320600e-02
6.438430220362320600e-02
6.438430220362320600e-02
6.438430220362320600e-02
6.438430220362320600e-02
6.438430220362320600e-02
6.438430220362320600e-02
6.438430220362320600e-02
6.438430220362320600e-02
6.438430220362320600e-02
6.438430220362320600e-02
6.438430220362320600e-02
6.438430220362320600e-02
6.438430220362320600e-02
6.438430220362320600e-02
6.438430220362320600e-02
6.438430220362320600e-02
6.438430220362320600e-02
6.438430220362320600e-02
6.438430220362320600e-02
6.438430220362320600e-02
6.438430220362320600e-02
6.438430220362320600e-02
6.438430220362320600e-02
6.438430220362320600e-02
6.438430220362320600e-02
6.438430220362320600e-02
6.438430220362320600e-02
6.438430220362320600e-02
6.438430220362320600e-02
6.438430220362320600e-02
6.438430220362320600e-02
6.438430220362320600e-02
6.438430220362320600e-02
6.438430220362320600e-02
6.438430220362320600e-02
6.438430220362320600e-02
6.438430220362320600e-02
6.438430220362320600e-02
6.438430220362320600e-02
6.438430220362320600e-02
6.438430220362320600e-02
6.438430220362320600e-02
6.438430220362320600e-02
6.438430220362320600e-02
6.438430220362320600e-02
6.438430220362320600e-02
6.438430220362320600e-02
6.438430220362320600e-02
6.438430220362320600e-02
6.438430220362320600e-02
6.438430220362320600e-02
6.438430220362320600e-02
6.438430220362320600e-02
6.438430220362320600e-02
6.438430220362320600e-02
6.438430220362320600e-02
6.438430220362320600e-02
6.438430220362320600e-02
6.438430220362320600e-02
6.438430220362320600e-02
6.438430220362320600e-02
6.438430220362320600e-02
6.438430220362320600e-02
6.438430220362320600e-02
6.438430220362320600e-02
6.438430220362320600e-02
6.438430220362320600e-02
6.438430220362320600e-02
6.438430220362320600e-02
6.438430220362320600e-02
6.438430220362320600e-02
6.438430220362320600e-02
6.438430220362320600e-02
6.438430220362320600e-02
6.438430220362320600e-02
