1.000000000000000000e+00
9.763346787220906764e-01
9.111323060489877612e-01
8.240548967151822835e-01
7.207638330591449316e-01
6.203063494647648168e-01
5.219811400930737255e-01
4.389886487790090608e-01
3.708564372735209114e-01
3.220156389862602331e-01
2.811651116939761774e-01
2.542128278104116568e-01
2.369398035063579044e-01
2.295844276324969235e-01
2.302978844803713065e-01
2.277960405701644764e-01
2.172335492886840191e-01
2.161874346387449297e-01
2.138272429349771242e-01
2.081822532931301151e-01
2.076015741275986648e-01
1.998901072403255763e-01
1.985831800440726047e-01
1.869840574329645344e-01
1.809569117987090137e-01
1.736337004044317400e-01
1.729630738125725875e-01
1.696972501678917222e-01
1.655214684550876114e-01
1.633156956617976829e-01
1.597908670999846903e-01
1.527400706488538373e-01
1.518720662569679747e-01
1.467836338181660594e-01
1.407014703456676286e-01
1.400214662173002445e-01
1.408163549665437386e-01
1.320001435001882661e-01
1.292698568789203972e-01
1.271803560351373041e-01
1.251416307615246248e-01
1.300857996461182442e-01
1.335073833339733007e-01
1.314386984237828626e-01
1.259529771868960479e-01
1.286213793335049260e-01
1.311007342658111474e-01
1.264867207816392780e-01
1.250906703656345931e-01
1.203635863272503742e-01
1.207160390936881239e-01
1.168344124926078004e-01
1.195769592433890832e-01
1.225016006111914885e-01
1.155787482594667903e-01
1.154514995132167876e-01
1.074615235278773978e-01
1.055857468544800642e-01
1.079470599987626678e-01
1.080308908362129366e-01
1.083582763453990461e-01
1.095191057401013329e-01
1.098202243104604153e-01
1.095532954870710590e-01
1.114897930248300306e-01
1.140731822354662667e-01
1.108148134568202464e-01
1.152532222330316936e-01
1.174620786125262356e-01
1.133678707474355118e-01
1.134371849607641175e-01
1.151383714488261045e-01
1.134145338014156956e-01
1.124745865341168494e-01
1.101180383130172802e-01
1.112383795829654104e-01
1.129856149018864386e-01
1.110447018718882378e-01
1.135931153045249553e-01
1.172787700690331170e-01
1.174695550747241884e-01
1.192804363504879339e-01
1.211750714653925115e-01
1.197261742165354331e-01
1.224612275791859550e-01
1.225811953621117056e-01
1.208196317322812186e-01
1.178203879197374931e-01
1.202606626991553768e-01
1.176879178819457417e-01
1.193102912756072026e-01
1.200854702682086078e-01
1.160680269430646450e-01
1.092560089799033685e-01
1.111774041330807344e-01
1.077991157275061396e-01
1.044411755036696171e-01
1.059134530587590162e-01
1.026395001877066643e-01
9.991589313106311043e-02
9.967316759980543450e-02
1.002436947469266537e-01
1.006490119913536901e-01
9.962731608798651439e-02
9.954071567655937980e-02
1.037004401136169401e-01
1.049784366308598449e-01
1.027701749958438993e-01
1.063568207499855089e-01
1.038708381876290998e-01
1.035158357489443098e-01
1.028745983526807850e-01
1.036607084274805829e-01
1.040129410670569271e-01
1.049946278343901751e-01
1.078957824836790508e-01
1.108011128281196356e-01
1.104373936028131553e-01
1.087908084992221386e-01
1.096527825288346608e-01
1.104742335804727443e-01
1.101653444431179435e-01
1.076517727419530196e-01
1.061219862045840456e-01
1.037871137203711519e-01
1.020111253320177824e-01
1.037438192486325184e-01
1.036452708161202940e-01
1.058458381257987718e-01
1.036814299372227077e-01
1.018832043760833223e-01
1.005138587645592468e-01
1.012832321349233095e-01
1.036722025252923424e-01
1.015475158370697378e-01
1.032670936184266475e-01
1.022749299444908611e-01
1.017610652181337866e-01
1.029499427056451005e-01
1.041578418291994046e-01
9.847026635816037710e-02
9.804744233800478936e-02
9.748281160569946535e-02
9.740776951773294501e-02
9.640906769503537754e-02
9.938529973710379106e-02
1.033852609761614222e-01
1.056194419186128608e-01
1.121395986244241444e-01
1.133451763296486475e-01
1.126235680913552639e-01
1.082479217815985051e-01
1.082915920915356461e-01
1.040136827205158376e-01
1.058987444649229781e-01
1.026899253201757900e-01
1.023318731842131901e-01
9.975295622648255867e-02
9.823889953424233545e-02
1.026391444644833284e-01
1.011080526446068578e-01
1.016164149710565706e-01
1.018096354693882738e-01
1.010796297259461130e-01
1.040490786832437148e-01
1.026945206399299537e-01
9.964818252762260020e-02
9.957440618051145720e-02
1.003926597512230234e-01
1.007522256364162261e-01
1.016835733332909636e-01
9.915176973810996275e-02
1.024817899508890379e-01
1.035472674519196529e-01
9.607128228387035174e-02
9.825623985213022271e-02
9.691599802217780446e-02
9.534769466309260533e-02
9.403253162428715228e-02
9.568258953708362602e-02
9.192010563780450561e-02
8.872163578031178055e-02
9.184100683664798981e-02
9.099247298176543763e-02
9.453331818064795999e-02
9.072038405003551853e-02
8.829875872288156513e-02
8.808110942605208715e-02
8.938958617460691924e-02
8.791502777786021350e-02
8.766598050898050110e-02
8.911045255707628066e-02
9.001394757444813877e-02
9.060138159687140813e-02
9.019650952940898303e-02
9.193686619280892758e-02
9.354846306249195442e-02
9.240364849512501533e-02
9.553688364768556096e-02
9.689765228517878415e-02
9.734328121865205852e-02
9.569019902958761370e-02
9.742499141681573716e-02
9.649632771015823063e-02
9.784520633360457853e-02
9.954341291465085284e-02
9.565156932864535277e-02
9.617054990788682922e-02
9.727049413517148413e-02
9.724639490406435105e-02
9.558989039959096823e-02
9.185035748673295308e-02
9.311242971351522957e-02
9.541212988988417854e-02
9.266945293348029244e-02
9.260193600710590889e-02
9.077816437701746732e-02
9.149484604021834722e-02
8.937560567514170329e-02
9.326847027047519001e-02
9.199011264891303330e-02
9.313088541143672849e-02
9.390553706348346574e-02
9.383712699879968866e-02
9.356672905847925048e-02
9.438398683127430244e-02
9.199715250039361414e-02
8.969065442393965581e-02
8.927847582595702103e-02
8.877378986133226124e-02
8.872463417371360961e-02
8.634730194077033794e-02
8.923623360301063956e-02
8.875689024892692569e-02
9.076831128431253615e-02
8.980687549357485588e-02
8.989995815985103722e-02
9.313490027617774003e-02
9.357134919612138113e-02
9.195680176840227704e-02
9.158344368093793153e-02
9.041188099079228158e-02
9.173046463135854645e-02
9.299837510160642584e-02
9.254194613910225742e-02
9.494148727899935636e-02
9.794417718302775300e-02
9.810616566122171145e-02
9.881579741399554306e-02
9.780114828720670728e-02
