1.000000000000000000e+00
1.000000000000000222e+00
1.000000000000000222e+00
1.000000000000000222e+00
1.000000000000000222e+00
1.000000000000000222e+00
1.000000000000000222e+00
1.000000000000000222e+00
1.000000000000000222e+00
1.000000000000000222e+00
1.000000000000000222e+00
1.000000000000000222e+00
9.930474323716336205e-01
9.299654133708338266e-01
8.949888862915843513e-01
8.572960609414544964e-01
8.070815175258465590e-01
7.505575004843693110e-01
6.789481766733259649e-01
6.195792179463278648e-01
5.393510279851496669e-01
4.783398531664552200e-01
3.987488403852736951e-01
3.222991081417563297e-01
2.755913367652353951e-01
2.533386658628951071e-01
2.196128203506641230e-01
1.994384439647544083e-01
1.825913889237592014e-01
1.552122474805386065e-01
1.315545986810480461e-01
1.035719503184886342e-01
9.641487884237030792e-02
6.270685023704791750e-02
7.671190244357643795e-02
8.796861981482854975e-02
8.994526165411552421e-02
9.631351477876463896e-02
8.426831455728588105e-02
9.246474628723690137e-02
1.182771964540130089e-01
1.278458529401280686e-01
1.293652505867456393e-01
1.327961271916287544e-01
1.451843968161038445e-01
1.469650749869570450e-01
1.674524246977855679e-01
1.607141701209487683e-01
1.440184394879215624e-01
1.408170012983477326e-01
1.331415618342738083e-01
1.389792535349361757e-01
1.116558495275805224e-01
9.819312582950417978e-02
8.498601832570354397e-02
7.797414841164539145e-02
7.233855181788366451e-02
6.941297446272125249e-02
5.714585936113846659e-02
5.722143716407486480e-02
6.518274032121243455e-02
5.363784767572578327e-02
5.749207677499944963e-02
6.985582629633563245e-02
7.354298219889483790e-02
7.596346380142625365e-02
5.451358780760974521e-02
7.452249716994775730e-02
7.702800733057110771e-02
5.260123344546099866e-02
6.553123482229869512e-02
7.228236193541319465e-02
8.145951539211451764e-02
8.578148295576808191e-02
1.018337337325012221e-01
1.165455958744256448e-01
1.176458357057108550e-01
1.137342686301421046e-01
1.330958747852933610e-01
1.291017735166823388e-01
1.260939104670580901e-01
1.239513162118045936e-01
1.403068008851180715e-01
1.403612400649111025e-01
1.272584008149241219e-01
1.114671978824240961e-01
1.162364818267578453e-01
1.025561046088856038e-01
8.277689239533310428e-02
7.199034928753941798e-02
9.128140319343877596e-02
9.130133450893526681e-02
8.615478137102809686e-02
9.171849720689713437e-02
8.654368889551732058e-02
1.071614650187112106e-01
8.908710454423585112e-02
7.358577028995513802e-02
4.703952485363137315e-02
2.920218688729222037e-02
4.873068000546842277e-02
6.175296447428126057e-02
9.014872653787106560e-02
7.643446459102658241e-02
9.608180083728061482e-02
9.300432539027617129e-02
9.490324080062154111e-02
9.906014199829452083e-02
9.684214446434052936e-02
7.304301629860382450e-02
7.158705586382639596e-02
7.094210959461795529e-02
7.158308947875502426e-02
8.999276792761311261e-02
6.217048400712722744e-02
5.584951530805957326e-02
5.033805707567440280e-02
3.305421406158964848e-02
3.709938449946210970e-02
5.650986998879645173e-02
7.426377979681535180e-02
6.385984634799214688e-02
5.021580412445195152e-02
6.500264618609515044e-02
5.920825629932931905e-02
6.875000860963828564e-02
8.468891059622270234e-02
9.339648446516418678e-02
1.010075155312708528e-01
1.106305809267360135e-01
1.099435251502464822e-01
1.136546568242828709e-01
1.213161124098540572e-01
1.366828210121232012e-01
1.465669126880053685e-01
1.704746682531156354e-01
1.798013017550849080e-01
1.642488056961516618e-01
1.705254791095658917e-01
1.777116510136983740e-01
1.759657222471401605e-01
1.817188236697529491e-01
1.589889962136216972e-01
1.490932317245455274e-01
1.491130239901750643e-01
1.432618611162632394e-01
1.249058160902925402e-01
1.360802266508749359e-01
1.404355034612308761e-01
1.327626887570764747e-01
1.308628859695655233e-01
1.282244521748326649e-01
1.121426746899477217e-01
1.219157188733914904e-01
1.090837170023500613e-01
9.832304758097265562e-02
8.163592556376197962e-02
6.862903977139814260e-02
5.819162078998661031e-02
6.148235716411569463e-02
3.964823308149041658e-02
2.478796021951555975e-02
4.541478705382214279e-03
-3.683916084892419670e-03
-3.630696065497263959e-03
-4.680784145537817374e-03
-3.678392972397577770e-04
8.639647827602816438e-03
7.319911692884733222e-03
5.987295776528638383e-03
1.205504534975467869e-02
1.932315797873760885e-02
1.472926769593789660e-02
1.152743320687927078e-02
3.419210112533598717e-02
5.257580363661788075e-02
5.701155622351106872e-02
5.549684843853105315e-02
7.450114253461377622e-02
7.450451769811786140e-02
8.363619672378083680e-02
8.398280595627502509e-02
8.326178283780957812e-02
7.259252614785667579e-02
9.405570634934408425e-02
1.114626267239885588e-01
1.030273755767515953e-01
1.063011692616212811e-01
1.175736490793924394e-01
1.341807677612946448e-01
1.181644294557643859e-01
1.057003815187115420e-01
1.056128651527061674e-01
1.092947025684373324e-01
1.063500761260061794e-01
1.063778668338470901e-01
8.865388805906510017e-02
9.637407604612066581e-02
1.015844110351380725e-01
1.029541886430115349e-01
9.654929927282959734e-02
1.040636573774033347e-01
9.124071642756539924e-02
1.089816216349004246e-01
9.328987817772381452e-02
8.816378770375384033e-02
4.807841826361564097e-02
4.232851798911862334e-02
3.626765962237302188e-02
6.304562545701596077e-02
4.866382655321378065e-02
4.195565611268155942e-02
5.198760410010997562e-02
7.072638301769657021e-02
8.281914479649768457e-02
6.562807503028290912e-02
6.632820849720579004e-02
7.310755845637524619e-02
6.914220994512645935e-02
5.448173075511440061e-02
7.370912369164903111e-02
8.130741690151339907e-02
9.846230524829102659e-02
9.318648671912853343e-02
1.058596647048359596e-01
9.482722828743124499e-02
8.407031386749831692e-02
7.498003804916909820e-02
7.882425085447926361e-02
8.044023927777357863e-02
6.931582713765038761e-02
8.337448752325415935e-02
7.186310164842921178e-02
9.032729866581615252e-02
8.434064954103100142e-02
7.749537934408065598e-02
6.618252207124682152e-02
6.899921199488712187e-02
6.939109204276089349e-02
7.658815579753702751e-02
7.471383630720426772e-02
5.551815187025197634e-02
5.184450633956112775e-02
5.594372932440042773e-02
6.139271569206661977e-02
8.697734971526031866e-02
9.498601385747025561e-02
8.837915953678376901e-02
9.657835522864127720e-02
1.082166081527103085e-01
