-1.899999999999999911e+00 0.000000000000000000e+00
-1.896386430678465906e+00 0.000000000000000000e+00
-1.892772861356932124e+00 0.000000000000000000e+00
-1.889159292035398119e+00 0.000000000000000000e+00
-1.885545722713864114e+00 0.000000000000000000e+00
-1.881932153392330331e+00 0.000000000000000000e+00
-1.878318584070796327e+00 0.000000000000000000e+00
-1.874705014749262544e+00 0.000000000000000000e+00
-1.871091445427728539e+00 0.000000000000000000e+00
-1.867477876106194534e+00 0.000000000000000000e+00
-1.863864306784660752e+00 0.000000000000000000e+00
-1.860250737463126747e+00 0.000000000000000000e+00
-1.856637168141592742e+00 0.000000000000000000e+00
-1.853023598820058959e+00 0.000000000000000000e+00
-1.849410029498524954e+00 0.000000000000000000e+00
-1.845796460176990950e+00 0.000000000000000000e+00
-1.842182890855457167e+00 0.000000000000000000e+00
-1.838569321533923162e+00 0.000000000000000000e+00
-1.834955752212389379e+00 0.000000000000000000e+00
-1.831342182890855375e+00 0.000000000000000000e+00
-1.827728613569321370e+00 0.000000000000000000e+00
-1.824115044247787587e+00 0.000000000000000000e+00
-1.820501474926253582e+00 0.000000000000000000e+00
-1.816887905604719577e+00 0.000000000000000000e+00
-1.813274336283185795e+00 0.000000000000000000e+00
-1.809660766961651790e+00 0.000000000000000000e+00
-1.806047197640118007e+00 0.000000000000000000e+00
-1.802433628318584002e+00 0.000000000000000000e+00
-1.798820058997049998e+00 0.000000000000000000e+00
-1.795206489675516215e+00 0.000000000000000000e+00
-1.791592920353982210e+00 0.000000000000000000e+00
-1.787979351032448205e+00 0.000000000000000000e+00
-1.784365781710914423e+00 0.000000000000000000e+00
-1.780752212389380418e+00 0.000000000000000000e+00
-1.777138643067846413e+00 0.000000000000000000e+00
-1.773525073746312630e+00 0.000000000000000000e+00
-1.769911504424778625e+00 0.000000000000000000e+00
-1.766297935103244843e+00 0.000000000000000000e+00
-1.762684365781710838e+00 0.000000000000000000e+00
-1.759070796460176833e+00 0.000000000000000000e+00
-1.755457227138643050e+00 0.000000000000000000e+00
-1.751843657817109046e+00 0.000000000000000000e+00
-1.748230088495575041e+00 0.000000000000000000e+00
-1.744616519174041258e+00 0.000000000000000000e+00
-1.741002949852507253e+00 0.000000000000000000e+00
-1.737389380530973249e+00 0.000000000000000000e+00
-1.733775811209439466e+00 0.000000000000000000e+00
-1.730162241887905461e+00 0.000000000000000000e+00
-1.726548672566371678e+00 0.000000000000000000e+00
-1.722935103244837673e+00 0.000000000000000000e+00
-1.719321533923303669e+00 0.000000000000000000e+00
-1.715707964601769886e+00 0.000000000000000000e+00
-1.712094395280235881e+00 0.000000000000000000e+00
-1.708480825958701876e+00 0.000000000000000000e+00
-1.704867256637168094e+00 0.000000000000000000e+00
-1.701253687315634089e+00 0.000000000000000000e+00
-1.697640117994100084e+00 0.000000000000000000e+00
-1.694026548672566301e+00 0.000000000000000000e+00
-1.690412979351032297e+00 0.000000000000000000e+00
-1.686799410029498514e+00 0.000000000000000000e+00
-1.683185840707964509e+00 0.000000000000000000e+00
-1.679572271386430504e+00 0.000000000000000000e+00
-1.675958702064896721e+00 0.000000000000000000e+00
-1.672345132743362717e+00 0.000000000000000000e+00
-1.668731563421828712e+00 0.000000000000000000e+00
-1.665117994100294929e+00 0.000000000000000000e+00
-1.661504424778760924e+00 0.000000000000000000e+00
-1.657890855457226920e+00 0.000000000000000000e+00
-1.654277286135693137e+00 0.000000000000000000e+00
-1.650663716814159132e+00 0.000000000000000000e+00
-1.647050147492625349e+00 0.000000000000000000e+00
-1.643436578171091345e+00 0.000000000000000000e+00
-1.639823008849557340e+00 0.000000000000000000e+00
-1.636209439528023557e+00 0.000000000000000000e+00
-1.632595870206489552e+00 0.000000000000000000e+00
-1.628982300884955770e+00 0.000000000000000000e+00
-1.625368731563421765e+00 0.000000000000000000e+00
-1.621755162241887760e+00 0.000000000000000000e+00
-1.618141592920353755e+00 0.000000000000000000e+00
-1.614528023598819972e+00 0.000000000000000000e+00
-1.610914454277285968e+00 0.000000000000000000e+00
-1.607300884955752185e+00 0.000000000000000000e+00
-1.603687315634218180e+00 0.000000000000000000e+00
-1.600073746312684175e+00 0.000000000000000000e+00
-1.596460176991150393e+00 0.000000000000000000e+00
-1.592846607669616388e+00 0.000000000000000000e+00
-1.589233038348082605e+00 0.000000000000000000e+00
-1.585619469026548600e+00 0.000000000000000000e+00
-1.582005899705014595e+00 0.000000000000000000e+00
-1.578392330383480591e+00 0.000000000000000000e+00
-1.574778761061946808e+00 0.000000000000000000e+00
-1.571165191740412803e+00 0.000000000000000000e+00
-1.567551622418879020e+00 0.000000000000000000e+00
-1.563938053097345016e+00 0.000000000000000000e+00
-1.560324483775811011e+00 0.000000000000000000e+00
-1.556710914454277228e+00 0.000000000000000000e+00
-1.553097345132743223e+00 0.000000000000000000e+00
-1.549483775811209441e+00 0.000000000000000000e+00
-1.545870206489675436e+00 0.000000000000000000e+00
-1.542256637168141431e+00 0.000000000000000000e+00
-1.538643067846607426e+00 0.000000000000000000e+00
-1.535029498525073643e+00 0.000000000000000000e+00
-1.531415929203539639e+00 0.000000000000000000e+00
-1.527802359882005856e+00 0.000000000000000000e+00
-1.524188790560471851e+00 0.000000000000000000e+00
-1.520575221238937846e+00 0.000000000000000000e+00
-1.516961651917404064e+00 0.000000000000000000e+00
-1.513348082595870059e+00 0.000000000000000000e+00
-1.509734513274336276e+00 0.000000000000000000e+00
-1.506120943952802271e+00 0.000000000000000000e+00
-1.502507374631268267e+00 0.000000000000000000e+00
-1.498893805309734262e+00 0.000000000000000000e+00
-1.495280235988200479e+00 0.000000000000000000e+00
-1.491666666666666474e+00 0.000000000000000000e+00
-1.488053097345132691e+00 0.000000000000000000e+00
-1.484439528023598687e+00 0.000000000000000000e+00
-1.480825958702064682e+00 0.000000000000000000e+00
-1.477212389380530899e+00 0.000000000000000000e+00
-1.473598820058996894e+00 0.000000000000000000e+00
-1.469985250737463112e+00 0.000000000000000000e+00
-1.466371681415929107e+00 0.000000000000000000e+00
-1.462758112094395102e+00 0.000000000000000000e+00
-1.459144542772861097e+00 0.000000000000000000e+00
-1.455530973451327315e+00 0.000000000000000000e+00
-1.451917404129793310e+00 0.000000000000000000e+00
-1.448303834808259527e+00 0.000000000000000000e+00
-1.444690265486725522e+00 0.000000000000000000e+00
-1.441076696165191517e+00 0.000000000000000000e+00
-1.437463126843657735e+00 0.000000000000000000e+00
-1.433849557522123730e+00 0.000000000000000000e+00
-1.430235988200589947e+00 0.000000000000000000e+00
-1.426622418879055942e+00 0.000000000000000000e+00
-1.423008849557521938e+00 0.000000000000000000e+00
-1.419395280235987933e+00 0.000000000000000000e+00
-1.415781710914454150e+00 0.000000000000000000e+00
-1.412168141592920145e+00 0.000000000000000000e+00
-1.408554572271386363e+00 0.000000000000000000e+00
-1.404941002949852358e+00 0.000000000000000000e+00
-1.401327433628318353e+00 0.000000000000000000e+00
-1.397713864306784570e+00 0.000000000000000000e+00
-1.394100294985250565e+00 0.000000000000000000e+00
-1.390486725663716783e+00 0.000000000000000000e+00
-1.386873156342182778e+00 0.000000000000000000e+00
-1.383259587020648773e+00 0.000000000000000000e+00
-1.379646017699114768e+00 0.000000000000000000e+00
-1.376032448377580986e+00 0.000000000000000000e+00
-1.372418879056047203e+00 0.000000000000000000e+00
-1.368805309734513198e+00 0.000000000000000000e+00
-1.365191740412979193e+00 0.000000000000000000e+00
-1.361578171091445189e+00 0.000000000000000000e+00
-1.357964601769911406e+00 0.000000000000000000e+00
-1.354351032448377401e+00 0.000000000000000000e+00
-1.350737463126843618e+00 0.000000000000000000e+00
-1.347123893805309613e+00 0.000000000000000000e+00
-1.343510324483775609e+00 0.000000000000000000e+00
-1.339896755162241604e+00 0.000000000000000000e+00
-1.336283185840707821e+00 0.000000000000000000e+00
-1.332669616519174038e+00 0.000000000000000000e+00
-1.329056047197640034e+00 0.000000000000000000e+00
-1.325442477876106029e+00 0.000000000000000000e+00
-1.321828908554572024e+00 0.000000000000000000e+00
-1.318215339233038241e+00 0.000000000000000000e+00
-1.314601769911504237e+00 0.000000000000000000e+00
-1.310988200589970454e+00 0.000000000000000000e+00
-1.307374631268436449e+00 0.000000000000000000e+00
-1.303761061946902444e+00 0.000000000000000000e+00
-1.300147492625368439e+00 0.000000000000000000e+00
-1.296533923303834657e+00 0.000000000000000000e+00
-1.292920353982300874e+00 0.000000000000000000e+00
-1.289306784660766869e+00 0.000000000000000000e+00
-1.285693215339232864e+00 0.000000000000000000e+00
-1.282079646017698860e+00 0.000000000000000000e+00
-1.278466076696165077e+00 0.000000000000000000e+00
-1.274852507374631072e+00 0.000000000000000000e+00
-1.271238938053097289e+00 0.000000000000000000e+00
-1.267625368731563285e+00 0.000000000000000000e+00
-1.264011799410029280e+00 0.000000000000000000e+00
-1.260398230088495275e+00 0.000000000000000000e+00
-1.256784660766961492e+00 0.000000000000000000e+00
-1.253171091445427709e+00 0.000000000000000000e+00
-1.249557522123893705e+00 0.000000000000000000e+00
-1.245943952802359700e+00 0.000000000000000000e+00
-1.242330383480825695e+00 0.000000000000000000e+00
-1.238716814159291912e+00 0.000000000000000000e+00
-1.235103244837757908e+00 0.000000000000000000e+00
-1.231489675516224125e+00 0.000000000000000000e+00
-1.227876106194690120e+00 0.000000000000000000e+00
-1.224262536873156115e+00 0.000000000000000000e+00
-1.220648967551622111e+00 0.000000000000000000e+00
-1.217035398230088328e+00 0.000000000000000000e+00
-1.213421828908554545e+00 0.000000000000000000e+00
-1.209808259587020540e+00 0.000000000000000000e+00
-1.206194690265486535e+00 0.000000000000000000e+00
-1.202581120943952531e+00 0.000000000000000000e+00
-1.198967551622418748e+00 0.000000000000000000e+00
-1.195353982300884743e+00 0.000000000000000000e+00
-1.191740412979350960e+00 0.000000000000000000e+00
-1.188126843657816956e+00 0.000000000000000000e+00
-1.184513274336282951e+00 0.000000000000000000e+00
-1.180899705014748946e+00 0.000000000000000000e+00
-1.177286135693215163e+00 0.000000000000000000e+00
-1.173672566371681381e+00 0.000000000000000000e+00
-1.170058997050147376e+00 0.000000000000000000e+00
-1.166445427728613371e+00 0.000000000000000000e+00
-1.162831858407079366e+00 0.000000000000000000e+00
-1.159218289085545583e+00 0.000000000000000000e+00
-1.155604719764011579e+00 0.000000000000000000e+00
-1.151991150442477796e+00 0.000000000000000000e+00
-1.148377581120943791e+00 0.000000000000000000e+00
-1.144764011799409786e+00 0.000000000000000000e+00
-1.141150442477875782e+00 0.000000000000000000e+00
-1.137536873156341999e+00 0.000000000000000000e+00
-1.133923303834808216e+00 0.000000000000000000e+00
-1.130309734513274211e+00 0.000000000000000000e+00
-1.126696165191740207e+00 0.000000000000000000e+00
-1.123082595870206202e+00 0.000000000000000000e+00
-1.119469026548672419e+00 0.000000000000000000e+00
-1.115855457227138636e+00 0.000000000000000000e+00
-1.112241887905604631e+00 0.000000000000000000e+00
-1.108628318584070627e+00 0.000000000000000000e+00
-1.105014749262536622e+00 0.000000000000000000e+00
-1.101401179941002617e+00 0.000000000000000000e+00
-1.097787610619468834e+00 0.000000000000000000e+00
-1.094174041297935052e+00 0.000000000000000000e+00
-1.090560471976401047e+00 0.000000000000000000e+00
-1.086946902654867042e+00 0.000000000000000000e+00
-1.083333333333333037e+00 0.000000000000000000e+00
-1.079719764011799255e+00 0.000000000000000000e+00
-1.076106194690265472e+00 0.000000000000000000e+00
-1.072492625368731467e+00 0.000000000000000000e+00
-1.068879056047197462e+00 0.000000000000000000e+00
-1.065265486725663457e+00 0.000000000000000000e+00
-1.061651917404129453e+00 0.000000000000000000e+00
-1.058038348082595670e+00 0.000000000000000000e+00
-1.054424778761061887e+00 0.000000000000000000e+00
-1.050811209439527882e+00 0.000000000000000000e+00
-1.047197640117993878e+00 0.000000000000000000e+00
-1.043584070796459873e+00 0.000000000000000000e+00
-1.039970501474926090e+00 0.000000000000000000e+00
-1.036356932153392307e+00 0.000000000000000000e+00
-1.032743362831858303e+00 0.000000000000000000e+00
-1.029129793510324298e+00 0.000000000000000000e+00
-1.025516224188790293e+00 0.000000000000000000e+00
-1.021902654867256510e+00 0.000000000000000000e+00
-1.018289085545722505e+00 0.000000000000000000e+00
-1.014675516224188723e+00 0.000000000000000000e+00
-1.011061946902654718e+00 0.000000000000000000e+00
-1.007448377581120713e+00 0.000000000000000000e+00
-1.003834808259586708e+00 0.000000000000000000e+00
-1.000221238938052926e+00 0.000000000000000000e+00
-9.966076696165190318e-01 0.000000000000000000e+00
-9.929941002949850271e-01 0.000000000000000000e+00
-9.893805309734511333e-01 0.000000000000000000e+00
-9.857669616519172395e-01 0.000000000000000000e+00
-9.821533923303833458e-01 0.000000000000000000e+00
-9.785398230088493410e-01 0.000000000000000000e+00
-9.749262536873154472e-01 0.000000000000000000e+00
-9.713126843657815535e-01 0.000000000000000000e+00
-9.676991150442475487e-01 0.000000000000000000e+00
-9.640855457227136549e-01 0.000000000000000000e+00
-9.604719764011797611e-01 0.000000000000000000e+00
-9.568584070796458674e-01 0.000000000000000000e+00
-9.532448377581118626e-01 0.000000000000000000e+00
-9.496312684365779688e-01 0.000000000000000000e+00
-9.460176991150440751e-01 0.000000000000000000e+00
-9.424041297935101813e-01 0.000000000000000000e+00
-9.387905604719761765e-01 0.000000000000000000e+00
-9.351769911504422828e-01 0.000000000000000000e+00
-9.315634218289083890e-01 0.000000000000000000e+00
-9.279498525073743842e-01 0.000000000000000000e+00
-9.243362831858404904e-01 0.000000000000000000e+00
-9.207227138643065967e-01 0.000000000000000000e+00
-9.171091445427727029e-01 0.000000000000000000e+00
-9.134955752212386981e-01 0.000000000000000000e+00
-9.098820058997048044e-01 0.000000000000000000e+00
-9.062684365781709106e-01 0.000000000000000000e+00
-9.026548672566370168e-01 0.000000000000000000e+00
-8.990412979351030121e-01 0.000000000000000000e+00
-8.954277286135692293e-01 0.000000000000000000e+00
-8.918141592920352245e-01 0.000000000000000000e+00
-8.882005899705012197e-01 0.000000000000000000e+00
-8.845870206489674370e-01 0.000000000000000000e+00
-8.809734513274334322e-01 0.000000000000000000e+00
-8.773598820058994274e-01 0.000000000000000000e+00
-8.737463126843656447e-01 0.000000000000000000e+00
-8.701327433628316399e-01 0.000000000000000000e+00
-8.665191740412976351e-01 0.000000000000000000e+00
-8.629056047197638524e-01 0.000000000000000000e+00
-8.592920353982298476e-01 0.000000000000000000e+00
-8.556784660766960648e-01 0.000000000000000000e+00
-8.520648967551620601e-01 0.000000000000000000e+00
-8.484513274336280553e-01 0.000000000000000000e+00
-8.448377581120942725e-01 0.000000000000000000e+00
-8.412241887905602677e-01 0.000000000000000000e+00
-8.376106194690262630e-01 0.000000000000000000e+00
-8.339970501474924802e-01 0.000000000000000000e+00
-8.303834808259584754e-01 0.000000000000000000e+00
-8.267699115044244706e-01 0.000000000000000000e+00
-8.231563421828906879e-01 0.000000000000000000e+00
-8.195427728613566831e-01 0.000000000000000000e+00
-8.159292035398229004e-01 0.000000000000000000e+00
-8.123156342182888956e-01 0.000000000000000000e+00
-8.087020648967548908e-01 0.000000000000000000e+00
-8.050884955752211081e-01 0.000000000000000000e+00
-8.014749262536871033e-01 0.000000000000000000e+00
-7.978613569321530985e-01 0.000000000000000000e+00
-7.942477876106193158e-01 0.000000000000000000e+00
-7.906342182890853110e-01 0.000000000000000000e+00
-7.870206489675513062e-01 0.000000000000000000e+00
-7.834070796460175234e-01 0.000000000000000000e+00
-7.797935103244835187e-01 0.000000000000000000e+00
-7.761799410029497359e-01 0.000000000000000000e+00
-7.725663716814157311e-01 0.000000000000000000e+00
-7.689528023598817263e-01 0.000000000000000000e+00
-7.653392330383479436e-01 0.000000000000000000e+00
-7.617256637168139388e-01 0.000000000000000000e+00
-7.581120943952799340e-01 0.000000000000000000e+00
-7.544985250737461513e-01 0.000000000000000000e+00
-7.508849557522121465e-01 0.000000000000000000e+00
-7.472713864306783638e-01 0.000000000000000000e+00
-7.436578171091443590e-01 0.000000000000000000e+00
-7.400442477876103542e-01 0.000000000000000000e+00
-7.364306784660765715e-01 0.000000000000000000e+00
-7.328171091445425667e-01 0.000000000000000000e+00
-7.292035398230085619e-01 0.000000000000000000e+00
-7.255899705014747791e-01 0.000000000000000000e+00
-7.219764011799407744e-01 0.000000000000000000e+00
-7.183628318584067696e-01 0.000000000000000000e+00
-7.147492625368729868e-01 0.000000000000000000e+00
-7.111356932153389820e-01 0.000000000000000000e+00
-7.075221238938051993e-01 0.000000000000000000e+00
-7.039085545722711945e-01 0.000000000000000000e+00
-7.002949852507371897e-01 0.000000000000000000e+00
-6.966814159292034070e-01 0.000000000000000000e+00
-6.930678466076694022e-01 0.000000000000000000e+00
-6.894542772861353974e-01 0.000000000000000000e+00
-6.858407079646016147e-01 0.000000000000000000e+00
-6.822271386430676099e-01 0.000000000000000000e+00
-6.786135693215336051e-01 0.000000000000000000e+00
-6.749999999999998224e-01 0.000000000000000000e+00
-6.713864306784658176e-01 0.000000000000000000e+00
-6.677728613569320348e-01 0.000000000000000000e+00
-6.641592920353980301e-01 0.000000000000000000e+00
-6.605457227138640253e-01 0.000000000000000000e+00
-6.569321533923302425e-01 0.000000000000000000e+00
-6.533185840707962377e-01 0.000000000000000000e+00
-6.497050147492622330e-01 0.000000000000000000e+00
-6.460914454277284502e-01 0.000000000000000000e+00
-6.424778761061944454e-01 0.000000000000000000e+00
-6.388643067846604406e-01 0.000000000000000000e+00
-6.352507374631266579e-01 0.000000000000000000e+00
-6.316371681415926531e-01 0.000000000000000000e+00
-6.280235988200588704e-01 0.000000000000000000e+00
-6.244100294985248656e-01 0.000000000000000000e+00
-6.207964601769908608e-01 0.000000000000000000e+00
-6.171828908554570781e-01 0.000000000000000000e+00
-6.135693215339230733e-01 0.000000000000000000e+00
-6.099557522123890685e-01 0.000000000000000000e+00
-6.063421828908552857e-01 0.000000000000000000e+00
-6.027286135693212810e-01 0.000000000000000000e+00
-5.991150442477872762e-01 0.000000000000000000e+00
-5.955014749262534934e-01 0.000000000000000000e+00
-5.918879056047194887e-01 0.000000000000000000e+00
-5.882743362831857059e-01 0.000000000000000000e+00
-5.846607669616517011e-01 0.000000000000000000e+00
-5.810471976401176963e-01 0.000000000000000000e+00
-5.774336283185839136e-01 0.000000000000000000e+00
-5.738200589970499088e-01 0.000000000000000000e+00
-5.702064896755159040e-01 0.000000000000000000e+00
-5.665929203539821213e-01 0.000000000000000000e+00
-5.629793510324481165e-01 0.000000000000000000e+00
-5.593657817109143338e-01 0.000000000000000000e+00
-5.557522123893803290e-01 3.758838696547853921e-315
-5.521386430678463242e-01 3.741200504936991631e-297
-5.485250737463125414e-01 3.572633379056468850e-280
-5.449115044247785367e-01 3.735483519026917320e-264
-5.412979351032445319e-01 4.844178616434353618e-249
-5.376843657817107491e-01 8.763893136804107028e-235
-5.340707964601767443e-01 2.471678491779764770e-221
-5.304572271386427396e-01 1.206719932104641753e-208
-5.268436578171089568e-01 1.125853583044520891e-196
-5.232300884955749520e-01 2.203652786637624954e-185
-5.196165191740411693e-01 9.881765647481726060e-175
-5.160029498525071645e-01 1.103184013244355914e-164
-5.123893805309731597e-01 3.316224114174457781e-155
-5.087758112094393770e-01 2.890450563632409914e-146
-5.051622418879053722e-01 7.833336743193955960e-138
-5.015486725663713674e-01 7.050399666936309133e-130
-4.979351032448375847e-01 2.242749598258982842e-122
-4.943215339233035799e-01 2.673876258765013488e-115
-4.907079646017695751e-01 1.262853907775399161e-108
-4.870943952802357924e-01 2.489540684404462826e-102
-4.834808259587017876e-01 2.152107985050872600e-96
-4.798672566371680048e-01 8.546834869913200179e-91
-4.762536873156340000e-01 1.629378087804701718e-85
-4.726401179940999953e-01 1.554239152792559667e-80
-4.690265486725662125e-01 7.714060381113143450e-76
-4.654129793510322077e-01 2.067045270062633188e-71
-4.617994100294982029e-01 3.096334426308857385e-67
-4.581858407079644202e-01 2.679496775119599986e-63
-4.545722713864304154e-01 1.381777466612062383e-59
-4.509587020648964106e-01 4.372352076945836700e-56
-4.473451327433626279e-01 8.727309210580602664e-53
-4.437315634218286231e-01 1.127855904490604326e-49
-4.401179941002948404e-01 9.672004217166520679e-47
-4.365044247787608356e-01 5.633110149304010908e-44
-4.328908554572268308e-01 2.277507569965154378e-41
-4.292772861356930481e-01 6.525679700000761278e-39
-4.256637168141590433e-01 1.351183512937582685e-36
-4.220501474926250385e-01 2.059283788274878518e-34
-4.184365781710912557e-01 2.350558998673765542e-32
-4.148230088495572510e-01 2.042648287009137625e-30
-4.112094395280232462e-01 1.372449690156192665e-28
-4.075958702064894634e-01 7.234586802811740230e-27
-4.039823008849554586e-01 3.033346481019130823e-25
-4.003687315634216759e-01 1.024850312935298791e-23
-3.967551622418876711e-01 2.824553062967249153e-22
-3.931415929203536663e-01 6.424069303424438510e-21
-3.895280235988198836e-01 1.218929661827444765e-19
-3.859144542772858788e-01 1.949504464423958625e-18
-3.823008849557518740e-01 2.653772647232382003e-17
-3.786873156342180913e-01 3.102955570801550074e-16
-3.750737463126840865e-01 3.143499591647144702e-15
-3.714601769911500817e-01 2.781754174264997871e-14
-3.678466076696162990e-01 2.166869994247787520e-13
-3.642330383480822942e-01 1.496608089889408264e-12
-3.606194690265485114e-01 9.228232636500153166e-12
-3.570058997050145067e-01 5.112932502993825145e-11
-3.533923303834805019e-01 2.561001271679495127e-10
-3.497787610619467191e-01 1.166366616621096872e-09
-3.461651917404127143e-01 4.856259912533711035e-09
-3.425516224188787096e-01 1.857945423692102433e-08
-3.389380530973449268e-01 6.563340826783049494e-08
-3.353244837758109220e-01 2.150581840934321528e-07
-3.317109144542771393e-01 6.564353987108958558e-07
-3.280973451327431345e-01 1.874102211275308849e-06
-3.244837758112091297e-01 5.023660885436507584e-06
-3.208702064896753470e-01 1.268935324010229765e-05
-3.172566371681413422e-01 3.030598039292886655e-05
-3.136430678466073374e-01 6.865633423317453140e-05
-3.100294985250735547e-01 1.479827105810887686e-04
-3.064159292035395499e-01 3.043403240978904013e-04
-3.028023598820055451e-01 5.988193689950285434e-04
-2.991887905604717623e-01 1.130116576605346172e-03
-2.955752212389377576e-01 2.050606333687390610e-03
-2.919616519174039748e-01 3.585538891233951315e-03
-2.883480825958699700e-01 6.054319540478505547e-03
-2.847345132743359652e-01 9.892089322784477709e-03
-2.811209439528021825e-01 1.566916599747552805e-02
-2.775073746312681777e-01 2.410545964688476026e-02
-2.738938053097341729e-01 3.607687870263556057e-02
-2.702802359882003902e-01 5.261106788159676528e-02
-2.666666666666663854e-01 7.487057609862651786e-02
-2.630530973451323806e-01 1.041226680568707458e-01
-2.594395280235985979e-01 1.416963288148449795e-01
-2.558259587020645931e-01 1.889283854115070271e-01
-2.522123893805308104e-01 2.471018945670946376e-01
-2.485988200589968056e-01 3.173808566445891488e-01
-2.449852507374628008e-01 4.007458008257133164e-01
-2.413716814159290180e-01 4.979347979715658679e-01
-2.377581120943950133e-01 6.093940162373848723e-01
-2.341445427728610085e-01 7.352411176824110717e-01
-2.305309734513272257e-01 8.752437186276076364e-01
-2.269174041297932209e-01 1.028813937160028891e+00
-2.233038348082592162e-01 1.195018860339418953e+00
-2.196902654867254334e-01 1.372605694795055342e+00
-2.160766961651914286e-01 1.560039501284420815e+00
-2.124631268436576459e-01 1.755550805826118221e+00
-2.088495575221236411e-01 1.957190042989577883e+00
-2.052359882005896363e-01 2.162885707740257679e+00
-2.016224188790558536e-01 2.370503236178841178e+00
-1.980088495575218488e-01 2.577901954299132825e+00
-1.943952802359878440e-01 2.782987873423804714e+00
-1.907817109144540613e-01 2.983760617836772155e+00
-1.871681415929200565e-01 3.178353296405420192e+00
-1.835545722713860517e-01 3.365064636331771109e+00
-1.799410029498522690e-01 3.542383154239566512e+00
-1.763274336283182642e-01 3.709003528328185251e+00
-1.727138643067844814e-01 3.863835645254478646e+00
-1.691002949852504766e-01 4.006007024429171004e+00
-1.654867256637164719e-01 4.134859474203159024e+00
-1.618731563421826891e-01 4.249940916837850580e+00
-1.582595870206486843e-01 4.350993342611819692e+00
-1.546460176991146795e-01 4.437937829481092500e+00
-1.510324483775808968e-01 4.510857505007534130e+00
-1.474188790560468920e-01 4.569979242689329091e+00
-1.438053097345131093e-01 4.615654785016152672e+00
-1.401917404129791045e-01 4.648341878640907865e+00
-1.365781710914450997e-01 4.668585899513586490e+00
-1.329646017699113170e-01 4.677002342575566018e+00
-1.293510324483773122e-01 4.674260455152662530e+00
-1.257374631268433074e-01 4.661068207738382263e+00
-1.221238938053095247e-01 4.638158721623703684e+00
-1.185103244837755199e-01 4.606278210177048749e+00
-1.148967551622415151e-01 4.566175439264274161e+00
-1.112831858407077323e-01 4.518592671635545344e+00
-1.076696165191737276e-01 4.464258029124356320e+00
-1.040560471976399448e-01 4.403879184070661701e+00
-1.004424778761059400e-01 4.338138276292172080e+00
-9.682890855457193524e-02 4.267687943001953421e+00
-9.321533923303815250e-02 4.193148345168577151e+00
-8.960176991150414771e-02 4.115105073904270938e+00
-8.598820058997014293e-02 4.034107823617340216e+00
-8.237463126843636019e-02 3.950669724075903222e+00
-7.876106194690235540e-02 3.865267230513516505e+00
-7.514749262536835062e-02 3.778340478899271382e+00
-7.153392330383456788e-02 3.690294022033617338e+00
-6.792035398230056309e-02 3.601497870850669525e+00
-6.430678466076678035e-02 3.512288773932628949e+00
-6.069321533923277556e-02 3.422971676557893694e+00
-5.707964601769877078e-02 3.333821308471054401e+00
-5.346607669616498804e-02 3.245083856875447648e+00
-4.985250737463098325e-02 3.156978687855770183e+00
-4.623893805309697846e-02 3.069700085508285881e+00
-4.262536873156319572e-02 2.983418983489971588e+00
-3.901179941002919094e-02 2.898284668510576534e+00
-3.539823008849518615e-02 2.814426439511218181e+00
-3.178466076696140341e-02 2.731955209938106588e+00
-2.817109144542739863e-02 2.650965043671363652e+00
-2.455752212389361588e-02 2.571534617854433158e+00
-2.094395280235961110e-02 2.493728608132782298e+00
-1.733038348082560631e-02 2.417598993699053178e+00
-1.371681415929182357e-02 2.343186281097974000e+00
-1.010324483775781879e-02 2.270520647009357074e+00
-6.489675516223814000e-03 2.199623001241115539e+00
-2.876106194690031259e-03 2.130505971958187583e+00
7.374631268439735265e-04 2.063174772383092659e+00
4.351032448377978312e-03 1.997619769124757916e+00
7.964601769911761053e-03 1.933809690749646260e+00
1.157817109144576584e-02 1.871710747046354317e+00
1.519174041297954858e-02 1.811289349631494128e+00
1.880530973451355337e-02 1.752512128119694257e+00
2.241887905604755815e-02 1.695345945636795637e+00
2.603244837758134089e-02 1.639757913676840984e+00
2.964601769911534568e-02 1.585715406304675001e+00
3.325958702064935046e-02 1.533186073707165198e+00
3.687315634218313321e-02 1.482137855096737011e+00
4.048672566371713799e-02 1.432538990972016313e+00
4.410029498525114278e-02 1.384358034741403287e+00
4.771386430678492552e-02 1.337563863715725443e+00
5.132743362831893030e-02 1.292125689477418016e+00
5.494100294985271304e-02 1.248013067634116346e+00
5.855457227138671783e-02 1.205195906965149666e+00
6.216814159292072262e-02 1.163644477970215529e+00
6.578171091445450536e-02 1.123329420830069925e+00
6.939528023598851014e-02 1.084221752789323867e+00
7.300884955752251493e-02 1.046292874972340581e+00
7.662241887905629767e-02 1.009514578643377236e+00
8.023598820059030245e-02 9.738590509224703817e-01
8.384955752212408520e-02 9.392988799692484347e-01
8.746312684365808998e-02 9.058070596468194013e-01
9.107669616519209477e-02 8.733569936783767140e-01
9.469026548672587751e-02 8.419224993093531451e-01
9.830383480825988229e-02 8.114778104882124365e-01
1.019174041297938871e-01 7.819975805790916334e-01
1.055309734513278919e-01 7.534568846197231551e-01
1.091445427728614526e-01 7.258312211381816592e-01
1.127581120943954573e-01 6.990965135420259546e-01
1.163716814159294621e-01 6.732291110936357015e-01
1.199852507374634669e-01 6.482057894854605928e-01
1.235988200589974717e-01 6.240037510288571898e-01
1.272123893805314765e-01 6.006006244704891195e-01
1.308259587020650372e-01 5.779744644498231443e-01
1.344395280235990420e-01 5.561037506115662499e-01
1.380530973451330468e-01 5.349673863866385437e-01
1.416666666666670515e-01 5.145446974551958208e-01
1.452802359882010563e-01 4.948154299052244798e-01
1.488938053097346170e-01 4.757597480999462558e-01
1.525073746312686218e-01 4.573582322673328537e-01
1.561209439528026266e-01 4.395918758246632474e-01
1.597345132743366314e-01 4.224420824510878858e-01
1.633480825958706362e-01 4.058906629208387518e-01
1.669616519174046410e-01 3.899198317096391198e-01
1.705752212389382017e-01 3.745122033865752598e-01
1.741887905604722064e-01 3.596507888035743172e-01
1.778023598820062112e-01 3.453189910943152419e-01
1.814159292035402160e-01 3.315006014942586954e-01
1.850294985250742208e-01 3.181797949931567393e-01
1.886430678466077815e-01 3.053411258312397347e-01
1.922566371681417863e-01 2.929695228499715753e-01
1.958702064896757911e-01 2.810502847080238453e-01
1.994837758112097958e-01 2.695690749728557600e-01
2.030973451327438006e-01 2.585119170980264003e-01
2.067109144542778054e-01 2.478651892960739844e-01
2.103244837758113661e-01 2.376156193165699371e-01
2.139380530973453709e-01 2.277502791385974668e-01
2.175516224188793757e-01 2.182565795867356107e-01
2.211651917404133805e-01 2.091222648792345484e-01
2.247787610619473853e-01 2.003354071168897688e-01
2.283923303834809460e-01 1.918844007207680391e-01
2.320058997050149507e-01 1.837579568266878016e-01
2.356194690265489555e-01 1.759450976441009895e-01
2.392330383480829603e-01 1.684351507866901076e-01
2.428466076696169651e-01 1.612177435817533644e-01
2.464601769911509699e-01 1.542827973651781370e-01
2.500737463126845306e-01 1.476205217685105375e-01
2.536873156342185354e-01 1.412214090043730219e-01
2.573008849557525402e-01 1.350762281562036538e-01
2.609144542772865449e-01 1.291760194780335880e-01
2.645280235988205497e-01 1.235120887097695547e-01
2.681415929203541104e-01 1.180760014131500557e-01
2.717551622418881152e-01 1.128595773333508773e-01
2.753687315634221200e-01 1.078548847909173852e-01
2.789823008849561248e-01 1.030542351084742236e-01
2.825958702064901296e-01 9.845017707643491378e-02
2.862094395280241343e-01 9.403549146167498873e-02
2.898230088495576950e-01 8.980318556293008514e-02
2.934365781710916998e-01 8.574648781642110751e-02
2.970501474926257046e-01 8.185884245503545487e-02
3.006637168141597094e-01 7.813390422412629099e-02
3.042772861356937142e-01 7.456553315683081551e-02
3.078908554572272749e-01 7.114778941157025305e-02
3.115044247787612797e-01 6.787492817421535152e-02
3.151179941002952845e-01 6.474139462721305305e-02
3.187315634218292892e-01 6.174181898775976673e-02
3.223451327433632940e-01 5.887101161695418305e-02
3.259587020648972988e-01 5.612395820166918986e-02
3.295722713864308595e-01 5.349581501072509654e-02
3.331858407079648643e-01 5.098190422676962541e-02
3.367994100294988691e-01 4.857770935513266303e-02
3.404129793510328739e-01 4.627887071074398423e-02
3.440265486725668787e-01 4.408118098408765617e-02
3.476401179941004393e-01 4.198058088699899160e-02
3.512536873156344441e-01 3.997315487899182063e-02
3.548672566371684489e-01 3.805512697466944400e-02
3.584808259587024537e-01 3.622285663264063899e-02
3.620943952802364585e-01 3.447283472626214845e-02
3.657079646017700192e-01 3.280167959639257447e-02
3.693215339233040240e-01 3.120613318625461291e-02
3.729351032448380288e-01 2.968305725838861139e-02
3.765486725663720335e-01 2.822942969358079382e-02
3.801622418879060383e-01 2.684234087156715451e-02
3.837758112094400431e-01 2.551899013321499640e-02
3.873893805309736038e-01 2.425668232380711470e-02
3.910029498525076086e-01 2.305282441696994769e-02
3.946165191740416134e-01 2.190492221871997644e-02
3.982300884955756182e-01 2.081057715102397482e-02
4.018436578171096230e-01 1.976748311421240231e-02
4.054572271386431837e-01 1.877342342751326179e-02
4.090707964601771884e-01 1.782626784692857916e-02
4.126843657817111932e-01 1.692396965961299321e-02
4.162979351032451980e-01 1.606456285386883079e-02
4.199115044247792028e-01 1.524615936382508162e-02
4.235250737463132076e-01 1.446694638782583704e-02
4.271386430678467683e-01 1.372518377951699453e-02
4.307522123893807731e-01 1.301920151058035859e-02
4.343657817109147778e-01 1.234739720403794407e-02
4.379793510324487826e-01 1.170823373701497354e-02
4.415929203539827874e-01 1.110023691182928339e-02
4.452064896755163481e-01 1.052199319424720891e-02
4.488200589970503529e-01 9.972147517729601160e-03
4.524336283185843577e-01 9.449401152472721582e-03
4.560471976401183625e-01 8.952509638032679629e-03
4.596607669616523673e-01 8.480280778311406406e-03
4.632743362831863720e-01 8.031572697671645125e-03
4.668879056047199327e-01 7.605291956939307443e-03
4.705014749262539375e-01 7.200391728046742247e-03
4.741150442477879423e-01 6.815870026067359991e-03
4.777286135693219471e-01 6.450767997387724106e-03
4.813421828908559519e-01 6.104168262766442379e-03
4.849557522123895126e-01 5.775193314027355848e-03
4.885693215339235174e-01 5.463003963141007183e-03
4.921828908554575222e-01 5.166797842450657728e-03
4.957964601769915269e-01 4.885807954807122079e-03
4.994100294985255317e-01 4.619301272382612261e-03
5.030235988200595365e-01 4.366577382944620417e-03
5.066371681415930972e-01 4.126967182378762748e-03
5.102507374631271020e-01 3.899831612262424658e-03
5.138643067846611068e-01 3.684560441302007008e-03
5.174778761061951116e-01 3.480571089460506723e-03
5.210914454277291163e-01 3.287307493615194021e-03
5.247050147492626770e-01 3.104239013601115850e-03
5.283185840707966818e-01 2.930859377510519441e-03
5.319321533923306866e-01 2.766685665135620257e-03
5.355457227138646914e-01 2.611257328457641368e-03
5.391592920353986962e-01 2.464135248103747292e-03
5.427728613569327010e-01 2.324900824710316935e-03
5.463864306784662617e-01 2.193155104149942160e-03
5.500000000000002665e-01 2.068517935597930478e-03
5.536135693215342712e-01 1.950627161432930091e-03
5.572271386430682760e-01 1.839137837986271539e-03
5.608407079646022808e-01 1.733721486173070252e-03
5.644542772861358415e-01 1.634065371059211435e-03
5.680678466076698463e-01 1.539871809436839118e-03
5.716814159292038511e-01 1.450857504502242124e-03
5.752949852507378559e-01 1.366752906749142725e-03
5.789085545722718606e-01 1.287301600211078782e-03
5.825221238938058654e-01 1.212259713206572396e-03
5.861356932153394261e-01 1.141395352760743052e-03
5.897492625368734309e-01 1.074488061897466498e-03
5.933628318584074357e-01 1.011328299015628587e-03
5.969764011799414405e-01 9.517169385834853669e-04
6.005899705014754453e-01 8.954647924044004548e-04
6.042035398230090060e-01 8.423921507272521527e-04
6.078171091445430108e-01 7.923283424938327947e-04
6.114306784660770155e-01 7.451113140352977815e-04
6.150442477876110203e-01 7.005872255481302140e-04
6.186578171091450251e-01 6.586100646994790756e-04
6.222713864306790299e-01 6.190412767299740843e-04
6.258849557522125906e-01 5.817494104404464985e-04
6.294985250737465954e-01 5.466097794671242929e-04
6.331120943952806002e-01 5.135041382675882646e-04
6.367256637168146050e-01 4.823203722572025516e-04
6.403392330383486097e-01 4.529522015529630226e-04
6.439528023598821704e-01 4.252988977985443361e-04
6.475663716814161752e-01 3.992650135608529546e-04
6.511799410029501800e-01 3.747601238047601957e-04
6.547935103244841848e-01 3.516985789683145405e-04
6.584070796460181896e-01 3.299992691766520875e-04
6.620206489675521944e-01 3.095853991477668385e-04
6.656342182890857551e-01 2.903842733584568862e-04
6.692477876106197598e-01 2.723270910530988680e-04
6.728613569321537646e-01 2.553487506923660935e-04
6.764749262536877694e-01 2.393876634526934219e-04
6.800884955752217742e-01 2.243855754009750907e-04
6.837020648967553349e-01 2.102873979821873814e-04
6.873156342182893397e-01 1.970410464703751142e-04
6.909292035398233445e-01 1.845972860462068979e-04
6.945427728613573493e-01 1.729095851762569051e-04
6.981563421828913540e-01 1.619339759812551602e-04
7.017699115044253588e-01 1.516289212919670376e-04
7.053834808259589195e-01 1.419551881026243567e-04
7.089970501474929243e-01 1.328757271427354189e-04
7.126106194690269291e-01 1.243555582986822258e-04
7.162241887905609339e-01 1.163616616267438089e-04
7.198377581120949387e-01 1.088628737091947577e-04
7.234513274336284994e-01 1.018297891147482126e-04
7.270648967551625041e-01 9.523466673396887368e-05
7.306784660766965089e-01 8.905134076936313807e-05
7.342920353982305137e-01 8.325513616858920974e-05
7.379056047197645185e-01 7.782278829775743454e-05
7.415191740412985233e-01 7.273236665995678508e-05
7.451327433628320840e-01 6.796320247212656171e-05
7.487463126843660888e-01 6.349581992101625545e-05
7.523598820059000936e-01 5.931187092642861328e-05
7.559734513274340983e-01 5.539407324705464681e-05
7.595870206489681031e-01 5.172615177115271921e-05
7.632005899705016638e-01 4.829278284095498130e-05
7.668141592920356686e-01 4.507954146612575431e-05
7.704277286135696734e-01 4.207285128779411539e-05
7.740412979351036782e-01 3.925993716063270491e-05
7.776548672566376830e-01 3.662878022622529121e-05
7.812684365781712437e-01 3.416807535648984915e-05
7.848820058997052485e-01 3.186719085125434066e-05
7.884955752212392532e-01 2.971613027921658147e-05
7.921091445427732580e-01 2.770549635643911800e-05
7.957227138643072628e-01 2.582645676128221543e-05
7.993362831858412676e-01 2.407071178923086993e-05
8.029498525073748283e-01 2.243046375545056957e-05
8.065634218289088331e-01 2.089838805710878770e-05
8.101769911504428379e-01 1.946760581154338834e-05
8.137905604719768426e-01 1.813165799022385370e-05
8.174041297935108474e-01 1.688448097217876449e-05
8.210176991150444081e-01 1.572038344411885223e-05
8.246312684365784129e-01 1.463402457790991211e-05
8.282448377581124177e-01 1.362039341932320662e-05
8.318584070796464225e-01 1.267478942512776331e-05
8.354719764011804273e-01 1.179280408859662501e-05
8.390855457227144321e-01 1.097030359638022350e-05
8.426991150442479928e-01 1.020341246244898347e-05
8.463126843657819975e-01 9.488498087446761836e-06
8.499262536873160023e-01 8.822156194319662735e-06
8.535398230088500071e-01 8.201197093488844604e-06
8.571533923303840119e-01 7.622632733149296888e-06
8.607669616519175726e-01 7.083664492471073972e-06
8.643805309734515774e-01 6.581671677587306899e-06
8.679941002949855822e-01 6.114200682262421377e-06
8.716076696165195870e-01 5.678954777047517626e-06
8.752212389380535917e-01 5.273784492567835094e-06
8.788348082595875965e-01 4.896678564326039726e-06
8.824483775811211572e-01 4.545755408076344543e-06
8.860619469026551620e-01 4.219255096409650699e-06
8.896755162241891668e-01 3.915531808706518874e-06
8.932890855457231716e-01 3.633046728054403953e-06
8.969026548672571764e-01 3.370361360104161305e-06
9.005162241887907371e-01 3.126131250146115390e-06
9.041297935103247418e-01 2.899100075934533006e-06
9.077433628318587466e-01 2.688094094975608002e-06
9.113569321533927514e-01 2.492016926121392331e-06
9.149705014749267562e-01 2.309844646387754168e-06
9.185840707964607610e-01 2.140621184934135959e-06
9.221976401179943217e-01 1.983453997114476539e-06
9.258112094395283265e-01 1.837510002431427604e-06
9.294247787610623313e-01 1.702011771102007752e-06
9.330383480825963360e-01 1.576233944776268784e-06
9.366519174041303408e-01 1.459499877741362666e-06
9.402654867256639015e-01 1.351178485693637679e-06
9.438790560471979063e-01 1.250681289874776814e-06
9.474926253687319111e-01 1.157459645043310885e-06
9.511061946902659159e-01 1.071002140394644643e-06
9.547197640117999207e-01 9.908321631507811790e-07
9.583333333333339255e-01 9.165056151175903756e-07
9.619469026548674861e-01 8.476087730536752076e-07
9.655604719764014909e-01 7.837562842129787501e-07
9.691740412979354957e-01 7.245892889135981067e-07
9.727876106194695005e-01 6.697736624499649623e-07
9.764011799410035053e-01 6.189983691048378339e-07
9.800147492625370660e-01 5.719739214344552043e-07
9.836283185840710708e-01 5.284309383935571190e-07
9.872418879056050756e-01 4.881187962397298383e-07
9.908554572271390803e-01 4.508043665090430799e-07
9.944690265486730851e-01 4.162708356878787050e-07
9.980825958702070899e-01 3.843166015209213398e-07
1.001696165191740651e+00 3.547542411929835420e-07
1.005309734513274655e+00 3.274095469032102758e-07
1.008923303834808660e+00 3.021206246161259377e-07
1.012536873156342665e+00 2.787370520244340615e-07
1.016150442477876670e+00 2.571190919954023090e-07
1.019764011799410230e+00 2.371369579960301627e-07
1.023377581120944235e+00 2.186701282028606584e-07
1.026991150442478240e+00 2.016067052014232721e-07
1.030604719764012245e+00 1.858428183674360965e-07
1.034218289085546250e+00 1.712820661990160945e-07
1.037831858407080254e+00 1.578349960355972434e-07
1.041445427728613815e+00 1.454186187563192696e-07
1.045058997050147820e+00 1.339559561985985851e-07
1.048672566371681825e+00 1.233756191769477503e-07
1.052286135693215829e+00 1.136114141132186228e-07
1.055899705014749834e+00 1.046019764130407191e-07
1.059513274336283395e+00 9.629042883942295320e-08
1.063126843657817400e+00 8.862406324384339843e-08
1.066740412979351404e+00 8.155404411806437990e-08
1.070353982300885409e+00 7.503513252662934021e-08
1.073967551622419414e+00 6.902542907099077640e-08
1.077581120943953419e+00 6.348613462172768888e-08
1.081194690265486980e+00 5.838132763564692200e-08
1.084808259587020984e+00 5.367775695008279788e-08
1.088421828908554989e+00 4.934464901761999931e-08
1.092035398230088994e+00 4.535352861104342593e-08
1.095648967551622999e+00 4.167805209085587843e-08
1.099262536873156559e+00 3.829385238638761599e-08
1.102876106194690564e+00 3.517839489656289339e-08
1.106489675516224569e+00 3.231084356808706133e-08
1.110103244837758574e+00 2.967193645724379238e-08
1.113716814159292579e+00 2.724387012693143134e-08
1.117330383480826583e+00 2.501019227318233838e-08
1.120943952802360144e+00 2.295570201530748167e-08
1.124557522123894149e+00 2.106635732123040561e-08
1.128171091445428154e+00 1.932918907462626743e-08
1.131784660766962158e+00 1.773222132328080210e-08
1.135398230088496163e+00 1.626439727885248427e-08
1.139011799410029724e+00 1.491551066696273445e-08
1.142625368731563729e+00 1.367614205348409231e-08
1.146238938053097733e+00 1.253759979809647145e-08
1.149852507374631738e+00 1.149186530973322385e-08
1.153466076696165743e+00 1.053154230061237268e-08
1.157079646017699748e+00 9.649809756140591943e-09
1.160693215339233308e+00 8.840378357257847221e-09
1.164306784660767313e+00 8.097450109801467415e-09
1.167920353982301318e+00 7.415680952293213564e-09
1.171533923303835323e+00 6.790146129280581680e-09
1.175147492625369328e+00 6.216308132040974024e-09
1.178761061946902888e+00 5.689987022171877340e-09
1.182374631268436893e+00 5.207332966388025531e-09
1.185988200589970898e+00 4.764800822794143172e-09
1.189601769911504903e+00 4.359126630044891610e-09
1.193215339233038907e+00 3.987305861207541543e-09
1.196828908554572468e+00 3.646573313837849429e-09
1.200442477876106473e+00 3.334384516824287873e-09
1.204056047197640478e+00 3.048398542988709069e-09
1.207669616519174483e+00 2.786462124286496510e-09
1.211283185840708487e+00 2.546594973774392052e-09
1.214896755162242492e+00 2.326976225335295385e-09
1.218510324483776053e+00 2.125931908501663182e-09
1.222123893805310058e+00 1.941923381638618750e-09
1.225737463126844062e+00 1.773536652253492719e-09
1.229351032448378067e+00 1.619472518327434235e-09
1.232964601769912072e+00 1.478537469335085386e-09
1.236578171091445633e+00 1.349635290057884665e-09
1.240191740412979637e+00 1.231759314423694006e-09
1.243805309734513642e+00 1.123985280447825273e-09
1.247418879056047647e+00 1.025464740917499341e-09
1.251032448377581652e+00 9.354189877819457006e-10
1.254646017699115657e+00 8.531334512931846945e-10
1.258259587020649217e+00 7.779525378081691038e-10
1.261873156342183222e+00 7.092748728239578571e-10
1.265486725663717227e+00 6.465489182897621586e-10
1.269100294985251232e+00 5.892689355344106688e-10
1.272713864306785236e+00 5.369712672783339679e-10
1.276327433628318797e+00 4.892309141763663557e-10
1.279941002949852802e+00 4.456583831723804000e-10
1.283554572271386807e+00 4.058967866486978950e-10
1.287168141592920811e+00 3.696191729315944056e-10
1.290781710914454816e+00 3.365260701783538335e-10
1.294395280235988821e+00 3.063432270278560638e-10
1.298008849557522382e+00 2.788195346548992883e-10
1.301622418879056386e+00 2.537251160334751307e-10
1.305235988200590391e+00 2.308495692945644054e-10
1.308849557522124396e+00 2.100003530637620951e-10
1.312463126843658401e+00 1.910013025905306774e-10
1.316076696165191962e+00 1.736912663383731614e-10
1.319690265486725966e+00 1.579228534990513193e-10
1.323303834808259971e+00 1.435612836285927621e-10
1.326917404129793976e+00 1.304833302825658742e-10
1.330530973451327981e+00 1.185763511569482796e-10
1.334144542772861985e+00 1.077373978223684611e-10
1.337758112094395546e+00 9.787239867736201718e-11
1.341371681415929551e+00 8.889540924322938687e-11
1.344985250737463556e+00 8.072792438270982424e-11
1.348598820058997561e+00 7.329824744918564347e-11
1.352212389380531565e+00 6.654091176530066519e-11
1.355825958702065126e+00 6.039615019235478339e-11
1.359439528023599131e+00 5.480940888625866945e-11
1.363053097345133136e+00 4.973090164484482404e-11
1.366666666666667140e+00 4.511520153638658373e-11
1.370280235988201145e+00 4.092086676240947708e-11
1.373893805309735150e+00 3.711009795066071213e-11
1.377507374631268711e+00 3.364842429803909059e-11
1.381120943952802715e+00 3.050441618994639636e-11
1.384734513274336720e+00 2.764942211297290492e-11
1.388348082595870725e+00 2.505732785339166891e-11
1.391961651917404730e+00 2.270433613588611485e-11
1.395575221238938290e+00 2.056876500601390128e-11
1.399188790560472295e+00 1.863086339736411343e-11
1.402802359882006300e+00 1.687264245093286353e-11
1.406415929203540305e+00 1.527772127080488080e-11
1.410029498525074310e+00 1.383118590757144286e-11
1.413643067846608314e+00 1.251946045969938527e-11
1.417256637168141875e+00 1.133018927400326331e-11
1.420870206489675880e+00 1.025212931004026159e-11
1.424483775811209885e+00 9.275051810217078830e-12
1.428097345132743889e+00 8.389652488188461175e-12
1.431710914454277894e+00 7.587469513244857463e-12
1.435324483775811455e+00 6.860808628213516848e-12
1.438938053097345460e+00 6.202674793440396157e-12
1.442551622418879465e+00 5.606709799957129116e-12
1.446165191740413469e+00 5.067135341407028780e-12
1.449778761061947474e+00 4.578701076962844747e-12
1.453392330383481479e+00 4.136637256676558890e-12
1.457005899705015040e+00 3.736611516673174490e-12
1.460619469026549044e+00 3.374689484646366372e-12
1.464233038348083049e+00 3.047298866438243146e-12
1.467846607669617054e+00 2.751196712304285705e-12
1.471460176991151059e+00 2.483439586999978137e-12
1.475073746312684619e+00 2.241356391244304521e-12
1.478687315634218624e+00 2.022523603585198490e-12
1.482300884955752629e+00 1.824742731389929151e-12
1.485914454277286634e+00 1.646019777731016723e-12
1.489528023598820639e+00 1.484546547483526137e-12
1.493141592920354643e+00 1.338683631109317078e-12
1.496755162241888204e+00 1.206944918492813388e-12
1.500368731563422209e+00 1.087983507914296863e-12
1.503982300884956214e+00 9.805788868961208045e-13
1.507595870206490218e+00 8.836252723237009922e-13
1.511209439528024223e+00 7.961210070065866439e-13
1.514823008849557784e+00 7.171589187816175728e-13
1.518436578171091789e+00 6.459175564353180842e-13
1.522050147492625793e+00 5.816532242030376263e-13
1.525663716814159798e+00 5.236927434445047228e-13
1.529277286135693803e+00 4.714268763501989319e-13
1.532890855457227808e+00 4.243043522539851341e-13
1.536504424778761368e+00 3.818264423549839456e-13
1.540117994100295373e+00 3.435420334300086343e-13
1.543731563421829378e+00 3.090431554836377292e-13
1.547345132743363383e+00 2.779609222713533911e-13
1.550958702064897388e+00 2.499618472731469422e-13
1.554572271386430948e+00 2.247445010222278292e-13
1.558185840707964953e+00 2.020364787288452570e-13
1.561799410029498958e+00 1.815916499121935764e-13
1.565412979351032963e+00 1.631876642822883853e-13
1.569026548672566967e+00 1.466236904216901683e-13
1.572640117994100972e+00 1.317183659224122327e-13
1.576253687315634533e+00 1.183079395536505799e-13
1.579867256637168538e+00 1.062445877865099337e-13
1.583480825958702543e+00 9.539488959851297940e-14
1.587094395280236547e+00 8.563844493539671970e-14
1.590707964601770552e+00 7.686662353364913054e-14
1.594321533923304113e+00 6.898143201531996361e-14
1.597935103244838118e+00 6.189448826701937110e-14
1.601548672566372122e+00 5.552609311729189810e-14
1.605162241887906127e+00 4.980439023906616368e-14
1.608775811209440132e+00 4.466460603478371698e-14
1.612389380530973693e+00 4.004836201794021973e-14
1.616002949852507697e+00 3.590305289289274799e-14
1.619616519174041702e+00 3.218128416098999265e-14
1.623230088495575707e+00 2.884036365051910445e-14
1.626843657817109712e+00 2.584184188598191954e-14
1.630457227138643717e+00 2.315109668315376418e-14
1.634070796460177277e+00 2.073695778463530924e-14
1.637684365781711282e+00 1.857136773966266088e-14
1.641297935103245287e+00 1.662907558572568816e-14
1.644911504424779292e+00 1.488736021075956631e-14
1.648525073746313296e+00 1.332578056660901598e-14
1.652138643067846857e+00 1.192595016955641683e-14
1.655752212389380862e+00 1.067133356435397729e-14
1.659365781710914867e+00 9.547062646762161124e-15
1.662979351032448871e+00 8.539770937913965560e-15
1.666592920353982876e+00 7.637444083802898612e-15
1.670206489675516881e+00 6.829285016494276394e-15
1.673820058997050442e+00 6.105592361803170613e-15
1.677433628318584447e+00 5.457650812491110422e-15
1.681047197640118451e+00 4.877632307888343127e-15
1.684660766961652456e+00 4.358506971248560575e-15
1.688274336283186461e+00 3.893962856256606661e-15
1.691887905604720022e+00 3.478333644818781685e-15
1.695501474926254026e+00 3.106533520442072693e-15
1.699115044247788031e+00 2.773998515952994839e-15
1.702728613569322036e+00 2.476633701746005857e-15
1.706342182890856041e+00 2.210765641786690103e-15
1.709955752212390045e+00 1.973099599876064161e-15
1.713569321533923606e+00 1.760681028707680431e-15
1.717182890855457611e+00 1.570860919522707087e-15
1.720796460176991616e+00 1.401264631129855271e-15
1.724410029498525621e+00 1.249763854111115392e-15
1.728023598820059625e+00 1.114451399549621894e-15
1.731637168141593186e+00 9.936185319138744045e-16
1.735250737463127191e+00 8.857345931364515576e-16
1.738864306784661196e+00 7.894286896807017743e-16
1.742477876106195200e+00 7.034732367747715531e-16
1.746091445427729205e+00 6.267691742060849389e-16
1.749705014749263210e+00 5.583326863399302932e-16
1.753318584070796771e+00 4.972832755194193184e-16
1.756932153392330775e+00 4.428330529027344778e-16
1.760545722713864780e+00 3.942771242427424346e-16
1.764159292035398785e+00 3.509849602525968414e-16
1.767772861356932790e+00 3.123926521585041351e-16
1.771386430678466350e+00 2.779959629246752991e-16
1.775000000000000355e+00 2.473440935536141075e-16
1.778613569321534360e+00 2.200340919088900075e-16
1.782227138643068365e+00 1.957058387589753279e-16
1.785840707964602370e+00 1.740375522812626128e-16
1.789454277286136374e+00 1.547417581593383805e-16
1.793067846607669935e+00 1.375616777187051330e-16
1.796681415929203940e+00 1.222679913331610802e-16
1.800294985250737945e+00 1.086559386464242184e-16
1.803908554572271949e+00 9.654272103669397353e-17
1.807522123893805954e+00 8.576517525083096370e-17
1.811135693215339515e+00 7.617769028295455494e-17
1.814749262536873520e+00 6.765034240741198696e-17
1.818362831858407525e+00 6.006722582774498292e-17
1.821976401179941529e+00 5.332495869818044575e-17
1.825589970501475534e+00 4.733134634051739580e-17
1.829203539823009539e+00 4.200418533628637170e-17
1.832817109144543100e+00 3.727019384514656165e-17
1.836430678466077104e+00 3.306405500250297397e-17
1.840044247787611109e+00 2.932756159977968844e-17
1.843657817109145114e+00 2.600885146425329668e-17
1.847271386430679119e+00 2.306172404640918488e-17
1.850884955752212679e+00 2.044502970203744257e-17
1.854498525073746684e+00 1.812212403702313189e-17
1.858112094395280689e+00 1.606038047283018131e-17
1.861725663716814694e+00 1.423075490058451799e-17
1.865339233038348699e+00 1.260739692887632655e-17
1.868952802359882703e+00 1.116730280216314587e-17
1.872566371681416264e+00 9.890005579996839189e-18
1.876179941002950269e+00 8.757298627674298268e-18
1.879793510324484274e+00 7.752988882025310299e-18
1.883407079646018278e+00 6.862676726422839455e-18
1.887020648967552283e+00 6.073559641392680268e-18
1.890634218289085844e+00 5.374257094902031663e-18
1.894247787610619849e+00 4.754654403424049269e-18
1.897861356932153853e+00 4.205763534043058650e-18
1.901474926253687858e+00 3.719599032264465275e-18
1.905088495575221863e+00 3.289067452155820836e-18
1.908702064896755868e+00 2.907868837473719690e-18
1.912315634218289429e+00 2.570408956411177959e-18
1.915929203539823433e+00 2.271721130489019273e-18
1.919542772861357438e+00 2.007396621547065795e-18
1.923156342182891443e+00 1.773522651244953739e-18
1.926769911504425448e+00 1.566627226329065077e-18
1.930383480825959008e+00 1.383630031338958823e-18
1.933997050147493013e+00 1.221798729534247343e-18
1.937610619469027018e+00 1.078710083529271709e-18
1.941224188790561023e+00 9.522153703933574115e-19
1.944837758112095027e+00 8.404096224775887447e-19
1.948451327433629032e+00 7.416042757813460410e-19
1.952064896755162593e+00 6.543028528052506155e-19
1.955678466076696598e+00 5.771793471882489271e-19
1.959292035398230603e+00 5.090590134490889263e-19
1.962905604719764607e+00 4.489012973426467913e-19
1.966519174041298612e+00 3.957846710666373119e-19
1.970132743362832173e+00 3.488931632123366061e-19
1.973746312684366178e+00 3.075043962462301213e-19
1.977359882005900182e+00 2.709789647423138943e-19
1.980973451327434187e+00 2.387510058159780135e-19
1.984587020648968192e+00 2.103198294718096450e-19
1.988200589970502197e+00 1.852424910824517899e-19
1.991814159292035757e+00 1.631272011497194554e-19
1.995427728613569762e+00 1.436274790295664334e-19
1.999041297935103767e+00 1.264369675808299608e-19
2.002654867256637772e+00 1.112848348589788817e-19
2.006268436578171777e+00 9.793169713655492522e-20
2.009882005899705337e+00 8.616600480463293216e-20
2.013495575221239342e+00 7.580083918536966274e-20
2.017109144542773347e+00 6.667107405352837736e-20
2.020722713864307352e+00 5.863086079994047275e-20
2.024336283185841356e+00 5.155140074090527358e-20
2.027949852507374917e+00 4.531897214646800109e-20
2.031563421828908922e+00 3.983318318018044320e-20
2.035176991150442927e+00 3.500542516459116718e-20
2.038790560471976931e+00 3.075750345112910094e-20
2.042404129793510936e+00 2.702042572142411653e-20
2.046017699115044941e+00 2.373332981264778185e-20
2.049631268436578502e+00 2.084253517352090926e-20
2.053244837758112507e+00 1.830070384794888936e-20
2.056858407079646511e+00 1.606609847405463973e-20
2.060471976401180516e+00 1.410192620007556363e-20
2.064085545722714521e+00 1.237575867412367776e-20
2.067699115044248082e+00 1.085901938010991510e-20
2.071312684365782086e+00 9.526530582437679498e-21
2.074926253687316091e+00 8.356113021363369836e-21
2.078539823008850096e+00 7.328232281285864854e-21
2.082153392330384101e+00 6.425686446963246297e-21
2.085766961651918106e+00 5.633330277159055507e-21
2.089380530973451666e+00 4.937831670603591631e-21
2.092994100294985671e+00 4.327456682591603527e-21
2.096607669616519676e+00 3.791879779595708389e-21
2.100221238938053236e+00 3.322016399421321320e-21
2.103834808259587685e+00 2.909875221588099903e-21
2.107448377581121246e+00 2.548427851383374248e-21
2.111061946902655695e+00 2.231493885791462005e-21
2.114675516224189256e+00 1.953639564074914625e-21
2.118289085545722816e+00 1.710088413565451170e-21
2.121902654867257265e+00 1.496642485260535050e-21
2.125516224188790826e+00 1.309612936748352767e-21
2.129129793510325275e+00 1.145758864264464225e-21
2.132743362831858835e+00 1.002233413362941235e-21
2.136356932153393284e+00 8.765363106900637363e-22
2.139970501474926845e+00 7.664720593396459909e-22
2.143584070796460406e+00 6.701131287164585099e-22
2.147197640117994855e+00 5.857675480694461327e-22
2.150811209439528415e+00 5.119503820404346013e-22
2.154424778761062864e+00 4.473586277424784355e-22
2.158038348082596425e+00 3.908491269487122985e-22
2.161651917404129986e+00 3.414191347654276585e-22
2.165265486725664434e+00 2.981892283897430941e-22
2.168879056047197995e+00 2.603882768561248466e-22
2.172492625368732444e+00 2.273402256369345508e-22
2.176106194690266005e+00 1.984524790563403067e-22
2.179719764011799565e+00 1.732056891849778038e-22
2.183333333333334014e+00 1.511447825587449812e-22
2.186946902654867575e+00 1.318710760964337653e-22
2.190560471976402024e+00 1.150353512577989080e-22
2.194174041297935585e+00 1.003317710760069092e-22
2.197787610619469145e+00 8.749253845279057473e-23
2.201401179941003594e+00 7.628320623330327162e-23
2.205014749262537155e+00 6.649856027755494704e-23
2.208628318584071604e+00 5.795900617376790518e-23
2.212241887905605164e+00 5.050739855425704305e-23
2.215855457227138725e+00 4.400625930001536188e-23
2.219469026548673174e+00 3.833533737738757611e-23
2.223082595870206735e+00 3.338946873728217220e-23
2.226696165191741184e+00 2.907669971739299250e-23
2.230309734513274744e+00 2.531664180048745988e-23
2.233923303834809193e+00 2.203902946608712621e-23
2.237536873156342754e+00 1.918245629356689078e-23
2.241150442477876314e+00 1.669326748391424107e-23
2.244764011799410763e+00 1.452458961742362740e-23
2.248377581120944324e+00 1.263548079439229664e-23
2.251991150442478773e+00 1.099018635666863990e-23
2.255604719764012334e+00 9.557487190864807940e-24
2.259218289085545894e+00 8.310129199801982638e-24
2.262831858407080343e+00 7.224323922767317972e-24
2.266445427728613904e+00 6.279311510637838212e-24
2.270058997050148353e+00 5.456978338882958759e-24
2.273672566371681913e+00 4.741522487768730912e-24
2.277286135693215474e+00 4.119161150479492697e-24
2.280899705014749923e+00 3.577874760122904858e-24
2.284513274336283484e+00 3.107183267845247131e-24
2.288126843657817933e+00 2.697950567479352721e-24
2.291740412979351493e+00 2.342213556313046858e-24
2.295353982300885054e+00 2.033032755590735086e-24
2.298967551622419503e+00 1.764361794991151142e-24
2.302581120943953064e+00 1.530933399444078664e-24
2.306194690265487512e+00 1.328159809648716988e-24
2.309808259587021073e+00 1.152045824689211197e-24
2.313421828908555522e+00 9.991128805175850458e-25
2.317035398230089083e+00 8.663327756465618975e-25
2.320648967551622643e+00 7.510698286099456953e-25
2.324262536873157092e+00 6.510304035376007715e-25
2.327876106194690653e+00 5.642188731995678858e-25
2.331489675516225102e+00 4.888992054000805488e-25
2.335103244837758663e+00 4.235614606619901308e-25
2.338716814159292223e+00 3.668925785389761332e-25
2.342330383480826672e+00 3.177509081436456805e-25
2.345943952802360233e+00 2.751440070002689078e-25
2.349557522123894682e+00 2.382092923016273887e-25
2.353171091445428242e+00 2.061971811180463658e-25
2.356784660766961803e+00 1.784564020351759436e-25
2.360398230088496252e+00 1.544212008472618967e-25
2.364011799410029813e+00 1.336001980762789598e-25
2.367625368731564262e+00 1.155666867951631553e-25
2.371238938053097822e+00 9.995018609776571639e-26
2.374852507374631383e+00 8.642908902878050655e-26
2.378466076696165832e+00 7.472426431099286461e-26
2.382079646017699393e+00 6.459348912925201810e-26
2.385693215339233841e+00 5.582660589821989997e-26
2.389306784660767402e+00 4.824130961944917356e-26
2.392920353982301851e+00 4.167948438369005991e-26
2.396533923303835412e+00 3.600401800426071712e-26
2.400147492625368972e+00 3.109603287784371327e-26
2.403761061946903421e+00 2.685247911581755014e-26
2.407374631268436982e+00 2.318404292798247048e-26
2.410988200589971431e+00 2.001332929311322865e-26
2.414601769911504991e+00 1.727328323021685583e-26
2.418215339233038552e+00 1.490581859033113175e-26
2.421828908554573001e+00 1.286062730419721921e-26
2.425442477876106562e+00 1.109414552266009159e-26
2.429056047197641011e+00 9.568656138603423974e-27
2.432669616519174571e+00 8.251509839313083475e-27
2.436283185840708132e+00 7.114449156043729649e-27
2.439896755162242581e+00 6.133021997144829070e-27
2.443510324483776142e+00 5.286072909722297944e-27
2.447123893805310590e+00 4.555301847164017421e-27
2.450737463126844151e+00 3.924881553516171923e-27
2.454351032448377712e+00 3.381125836999897387e-27
2.457964601769912161e+00 2.912202015771243476e-27
2.461578171091445721e+00 2.507881698704037537e-27
2.465191740412980170e+00 2.159324829180994989e-27
2.468805309734513731e+00 1.858892585940958320e-27
2.472418879056048180e+00 1.599985313900769262e-27
2.476032448377581741e+00 1.376902161671947724e-27
2.479646017699115301e+00 1.184719540193182579e-27
2.483259587020649750e+00 1.019185897645048389e-27
2.486873156342183311e+00 8.766306365641388867e-28
2.490486725663717760e+00 7.538852865630801250e-28
2.494100294985251320e+00 6.482152958161406443e-28
2.497713864306784881e+00 5.572610214306097022e-28
2.501327433628319330e+00 4.789866872300157913e-28
2.504941002949852891e+00 4.116362411072340653e-28
2.508554572271387340e+00 3.536951861193526179e-28
2.512168141592920900e+00 3.038575828308072100e-28
2.515781710914454461e+00 2.609975273720812579e-28
2.519395280235988910e+00 2.241445025603645633e-28
2.523008849557522471e+00 1.924620799514851112e-28
2.526622418879056919e+00 1.652295205682013009e-28
2.530235988200590480e+00 1.418258826348114667e-28
2.533849557522124041e+00 1.217162971745757003e-28
2.537463126843658490e+00 1.044401178713327881e-28
2.541076696165192050e+00 8.960069106848220623e-29
2.544690265486726499e+00 7.685652597650033689e-29
2.548303834808260060e+00 6.591367480431285222e-29
2.551917404129794509e+00 5.651915819234848677e-29
2.555530973451328070e+00 4.845529356984271145e-29
2.559144542772861630e+00 4.153480330183333532e-29
2.562758112094396079e+00 3.559659617055473172e-29
2.566371681415929640e+00 3.050213015802888951e-29
2.569985250737464089e+00 2.613227698928857602e-29
2.573598820058997649e+00 2.238461969987949684e-29
2.577212389380531210e+00 1.917112384008700271e-29
2.580825958702065659e+00 1.641613101571662314e-29
2.584439528023599220e+00 1.405463045837822154e-29
2.588053097345133668e+00 1.203077036494748018e-29
2.591666666666667229e+00 1.029657597441321800e-29
2.595280235988200790e+00 8.810845868230004676e-30
2.598893805309735239e+00 7.538201885955722318e-30
2.602507374631268799e+00 6.448271421315556119e-30
2.606120943952803248e+00 5.514983779166544070e-30
2.609734513274336809e+00 4.715964791035036445e-30
2.613348082595870370e+00 4.032016061028977597e-30
2.616961651917404819e+00 3.446667091166398124e-30
2.620575221238938379e+00 2.945790155173504973e-30
2.624188790560472828e+00 2.517269188754325162e-30
2.627802359882006389e+00 2.150715170813660614e-30
2.631415929203539950e+00 1.837221511556496404e-30
2.635029498525074398e+00 1.569153861414284092e-30
2.638643067846607959e+00 1.339969529467610987e-30
2.642256637168142408e+00 1.144062367924868655e-30
2.645870206489675969e+00 9.766295551368293720e-31
2.649483775811210418e+00 8.335572059848064228e-31
2.653097345132743978e+00 7.113221663152119941e-31
2.656710914454277539e+00 6.069077166860965928e-31
2.660324483775811988e+00 5.177312282836449657e-31
2.663938053097345549e+00 4.415820873973761431e-31
2.667551622418879997e+00 3.765684404207674932e-31
2.671165191740413558e+00 3.210715141770476792e-31
2.674778761061947119e+00 2.737064409868426825e-31
2.678392330383481568e+00 2.332886681918424392e-31
2.682005899705015128e+00 1.988051611923835621e-31
2.685619469026549577e+00 1.693897203387286136e-31
2.689233038348083138e+00 1.443018277471097489e-31
2.692846607669616699e+00 1.229085224565197057e-31
2.696460176991151148e+00 1.046688731486168650e-31
2.700073746312684708e+00 8.912067852375342868e-32
2.703687315634219157e+00 7.586907777185700461e-32
2.707300884955752718e+00 6.457679853906022886e-32
2.710914454277286278e+00 5.495580845654852634e-32
2.714528023598820727e+00 4.676016949046150091e-32
2.718141592920354288e+00 3.977992290688819764e-32
2.721755162241888737e+00 3.383585713378741849e-32
2.725368731563422298e+00 2.877503184646137074e-32
2.728982300884956747e+00 2.446694965431762904e-32
2.732595870206490307e+00 2.080028227445465249e-32
2.736209439528023868e+00 1.768007137864071020e-32
2.739823008849558317e+00 1.502533571610490407e-32
2.743436578171091877e+00 1.276702590852082766e-32
2.747050147492626326e+00 1.084627671258035641e-32
2.750663716814159887e+00 9.212913750753083799e-33
2.754277286135693448e+00 7.824177886464742088e-33
2.757890855457227897e+00 6.643635715930194031e-33
2.761504424778761457e+00 5.640249187086136726e-33
2.765117994100295906e+00 4.787581245734600155e-33
2.768731563421829467e+00 4.063117741573409187e-33
2.772345132743363028e+00 3.447688681310356106e-33
2.775958702064897476e+00 2.924974361449711772e-33
2.779572271386431037e+00 2.481084007092297948e-33
2.783185840707965486e+00 2.104196335849558335e-33
2.786799410029499047e+00 1.784253000498392172e-33
2.790412979351032607e+00 1.512697177603155733e-33
2.794026548672567056e+00 1.282250693100552103e-33
2.797640117994100617e+00 1.086724037594376362e-33
2.801253687315635066e+00 9.208544465402352652e-34
2.804867256637168627e+00 7.801679240129295574e-34
2.808480825958703075e+00 6.608616903910302894e-34
2.812094395280236636e+00 5.597040484285718573e-34
2.815707964601770197e+00 4.739491019291332543e-34
2.819321533923304646e+00 4.012641368466745694e-34
2.822935103244838206e+00 3.396677957053909018e-34
2.826548672566372655e+00 2.874774504820739795e-34
2.830162241887906216e+00 2.432644133353353341e-34
2.833775811209439777e+00 2.058158246563455649e-34
2.837389380530974226e+00 1.741022287166538225e-34
2.841002949852507786e+00 1.472499930308279934e-34
2.844616519174042235e+00 1.245178520113552638e-34
2.848230088495575796e+00 1.052769617372369533e-34
2.851843657817109357e+00 8.899394326672100665e-35
2.855457227138643805e+00 7.521646926326040112e-35
2.859070796460177366e+00 6.356101463757166050e-35
2.862684365781711815e+00 5.370244814907367561e-35
2.866297935103245376e+00 4.536518985462216680e-35
2.869911504424778936e+00 3.831570017633260133e-35
2.873525073746313385e+00 3.235610118092901519e-35
2.877138643067846946e+00 2.731876036607630308e-35
2.880752212389381395e+00 2.306169252914581818e-35
2.884365781710914955e+00 1.946465684850834912e-35
2.887979351032449404e+00 1.642584464880279838e-35
2.891592920353982965e+00 1.385906895515262091e-35
2.895206489675516526e+00 1.169138023839490545e-35
2.898820058997050975e+00 9.861044080701350702e-36
2.902433628318584535e+00 8.315826127902821527e-36
2.906047197640118984e+00 7.011537894554663540e-36
2.909660766961652545e+00 5.910803966109579014e-36
2.913274336283186106e+00 4.982017076005783984e-36
2.916887905604720554e+00 4.198452583073465356e-36
2.920501474926254115e+00 3.537518166383776716e-36
2.924115044247788564e+00 2.980118202410065906e-36
2.927728613569322125e+00 2.510115391336829116e-36
2.931342182890855685e+00 2.113874834115294862e-36
2.934955752212390134e+00 1.779878001790650863e-36
2.938569321533923695e+00 1.498395940309755672e-36
2.942182890855458144e+00 1.261212670596310841e-36
2.945796460176991705e+00 1.061391115218841119e-36
2.949410029498525265e+00 8.930750484535979334e-37
2.953023598820059714e+00 7.513215555467683749e-37
2.956637168141593275e+00 6.319593262816954289e-37
2.960250737463127724e+00 5.314688206223929876e-37
2.963864306784661284e+00 4.468809483773242993e-37
2.967477876106195733e+00 3.756914177438173733e-37
2.971091445427729294e+00 3.157883424133293025e-37
2.974705014749262855e+00 2.653910656521312742e-37
2.978318584070797304e+00 2.229984725272773291e-37
2.981932153392330864e+00 1.873453264107155269e-37
2.985545722713865313e+00 1.573653905673973979e-37
2.989159292035398874e+00 1.321602859728927687e-37
2.992772861356932435e+00 1.109731977771653107e-37
2.996386430678466883e+00 9.316667943861054389e-38
3.000000000000000000e+00 7.820391925123569994e-38
