1.000000000000000000e+00
1.000000000000000000e+00
1.000000000000000000e+00
1.000000000000000000e+00
1.000000000000000000e+00
1.000000000000000000e+00
1.000000000000000000e+00
1.000000000000000000e+00
1.000000000000000000e+00
1.000000000000000000e+00
1.000000000000000000e+00
1.000000000000000000e+00
1.000000000000000000e+00
1.000000000000000000e+00
1.000000000000000000e+00
1.000000000000000000e+00
1.000000000000000000e+00
1.000000000000000000e+00
1.000000000000000000e+00
1.000000000000000000e+00
1.000000000000000000e+00
1.000000000000000000e+00
1.000000000000000000e+00
1.000000000000000000e+00
1.000000000000000000e+00
1.000000000000000000e+00
1.000000000000000000e+00
1.000000000000000000e+00
1.000000000000000000e+00
1.000000000000000000e+00
1.000000000000000000e+00
1.000000000000000000e+00
1.000000000000000000e+00
1.000000000000000000e+00
1.000000000000000000e+00
1.000000000000000000e+00
1.000000000000000000e+00
1.000000000000000000e+00
1.000000000000000000e+00
1.000000000000000000e+00
1.000000000000000000e+00
1.000000000000000000e+00
1.000000000000000000e+00
1.000000000000000000e+00
1.000000000000000000e+00
1.000000000000000000e+00
1.000000000000000000e+00
1.000000000000000000e+00
1.000000000000000000e+00
1.000000000000000000e+00
1.000000000000000000e+00
1.000000000000000000e+00
1.000000000000000000e+00
1.000000000000000000e+00
1.000000000000000000e+00
1.000000000000000000e+00
1.000000000000000000e+00
1.000000000000000000e+00
1.000000000000000000e+00
1.000000000000000000e+00
1.000000000000000000e+00
1.000000000000000000e+00
1.000000000000000000e+00
1.000000000000000000e+00
1.000000000000000000e+00
1.000000000000000000e+00
1.000000000000000000e+00
1.000000000000000000e+00
1.000000000000000000e+00
1.000000000000000000e+00
1.000000000000000000e+00
1.000000000000000000e+00
1.000000000000000000e+00
1.000000000000000000e+00
1.000000000000000000e+00
1.000000000000000000e+00
1.000000000000000000e+00
1.000000000000000000e+00
1.000000000000000000e+00
1.000000000000000000e+00
1.000000000000000000e+00
1.000000000000000000e+00
1.000000000000000000e+00
1.000000000000000000e+00
1.000000000000000000e+00
1.000000000000000000e+00
1.000000000000000000e+00
1.000000000000000000e+00
1.000000000000000000e+00
1.000000000000000000e+00
1.000000000000000000e+00
1.000000000000000000e+00
1.000000000000000000e+00
1.000000000000000000e+00
1.000000000000000000e+00
1.000000000000000000e+00
1.000000000000000000e+00
1.000000000000000000e+00
1.000000000000000000e+00
1.000000000000000000e+00
1.000000000000000000e+00
1.000000000000000000e+00
1.000000000000000000e+00
1.000000000000000000e+00
1.000000000000000000e+00
1.000000000000000000e+00
1.000000000000000000e+00
1.000000000000000000e+00
1.000000000000000000e+00
1.000000000000000000e+00
1.000000000000000000e+00
1.000000000000000000e+00
1.000000000000000000e+00
1.000000000000000000e+00
1.000000000000000000e+00
1.000000000000000000e+00
9.909844603035452559e-01
9.909844603035452559e-01
9.909844603035452559e-01
9.909844603035452559e-01
9.909844603035452559e-01
9.909844603035452559e-01
9.909844603035452559e-01
9.909844603035452559e-01
9.909844603035452559e-01
9.909844603035452559e-01
9.909844603035452559e-01
9.909844603035452559e-01
9.828293130749670148e-01
9.828293130749670148e-01
9.828293130749670148e-01
9.828293130749670148e-01
9.828293130749670148e-01
9.828293130749670148e-01
9.828293130749670148e-01
9.828293130749670148e-01
9.828293130749670148e-01
9.828293130749670148e-01
9.680530957714884588e-01
9.680530957714884588e-01
9.680530957714884588e-01
9.680530957714884588e-01
9.680530957714884588e-01
9.680530957714884588e-01
9.680530957714884588e-01
9.680530957714884588e-01
9.680530957714884588e-01
9.612091382930727512e-01
9.612091382930727512e-01
9.612091382930727512e-01
9.612091382930727512e-01
9.612091382930727512e-01
9.544182669277455622e-01
9.544182669277455622e-01
9.544182669277455622e-01
9.544182669277455622e-01
9.544182669277455622e-01
9.544182669277455622e-01
9.544182669277455622e-01
9.544182669277455622e-01
9.544182669277455622e-01
9.544182669277455622e-01
9.544182669277455622e-01
9.482061158326944295e-01
9.482061158326944295e-01
9.482061158326944295e-01
9.482061158326944295e-01
9.482061158326944295e-01
9.421910236247700299e-01
9.421910236247700299e-01
9.421910236247700299e-01
9.421910236247700299e-01
9.421910236247700299e-01
9.421910236247700299e-01
9.421910236247700299e-01
9.364250078011666645e-01
9.364250078011666645e-01
9.306209079273142226e-01
9.306209079273142226e-01
9.306209079273142226e-01
9.193195947867445206e-01
9.193195947867445206e-01
9.024385151132918725e-01
8.968962795443951030e-01
8.968962795443951030e-01
8.968962795443951030e-01
8.968962795443951030e-01
8.913898681495093790e-01
8.913898681495093790e-01
8.913898681495093790e-01
8.913898681495093790e-01
8.860412575276577218e-01
8.860412575276577218e-01
8.754190133686309272e-01
8.754190133686309272e-01
8.754190133686309272e-01
8.754190133686309272e-01
8.703140314622364038e-01
8.703140314622364038e-01
8.651578863978915956e-01
8.601482865661881361e-01
8.601482865661881361e-01
8.550024301489964618e-01
8.499386688256687084e-01
8.399006238875453834e-01
8.200962567073839526e-01
8.200962567073839526e-01
8.102456015277802459e-01
8.053623795819659925e-01
8.005171915525343129e-01
8.005171915525343129e-01
7.957711402668083966e-01
7.957711402668083966e-01
7.910453190955888392e-01
7.910453190955888392e-01
7.910453190955888392e-01
7.910453190955888392e-01
7.814629200828580036e-01
7.673579020290444141e-01
7.580450370853495379e-01
7.580450370853495379e-01
7.534308037229578980e-01
7.534308037229578980e-01
7.488247333536404149e-01
7.488247333536404149e-01
7.307034939350246505e-01
7.216948426267069117e-01
7.216948426267069117e-01
7.171906478268396112e-01
7.128132305656443846e-01
7.039867543796668459e-01
6.950342394297374105e-01
6.728335435997884195e-01
6.728335435997884195e-01
6.641555368222953337e-01
6.597742768481873465e-01
6.555370110808804718e-01
6.555370110808804718e-01
6.469080056433443859e-01
6.341732662284722544e-01
6.341732662284722544e-01
6.341732662284722544e-01
6.341732662284722544e-01
6.299721041654889886e-01
6.257496046744904783e-01
6.173629735368495464e-01
6.007318295021263355e-01
5.966231076888725005e-01
5.966231076888725005e-01
5.966231076888725005e-01
5.884746841570778209e-01
5.844000029820181075e-01
5.844000029820181075e-01
5.723784584882628534e-01
5.682974067065862389e-01
5.601766687080964591e-01
5.520603134548940361e-01
5.441454335236404205e-01
5.362065223099585776e-01
5.282765000737462691e-01
5.244104211080159450e-01
5.204395478600967184e-01
5.164952952881705084e-01
5.164952952881705084e-01
5.126442952978562673e-01
5.087411820638297888e-01
5.049066005509212918e-01
5.011064710757311413e-01
4.897610028132627913e-01
4.745913686229532580e-01
4.745913686229532580e-01
4.633161081380693935e-01
4.557926680860458490e-01
4.482797391920396168e-01
4.482797391920396168e-01
4.334460603448225258e-01
4.297445883208279027e-01
4.260596707719530585e-01
4.150122537069853013e-01
4.113477754550717291e-01
4.077185494655902742e-01
4.040511417318949916e-01
3.968502628214862216e-01
3.968502628214862216e-01
3.968502628214862216e-01
3.932462861837915935e-01
3.932462861837915935e-01
3.932462861837915935e-01
3.897423505617956807e-01
3.791899138523696089e-01
3.791899138523696089e-01
3.686472149586744185e-01
3.651465018494035597e-01
3.651465018494035597e-01
3.651465018494035597e-01
3.616789430273570916e-01
3.547906005851539368e-01
3.547906005851539368e-01
3.547906005851539368e-01
3.514154948277923851e-01
3.446582576815311882e-01
3.378884056632921462e-01
3.344948012554345151e-01
3.344948012554345151e-01
3.277946531286241583e-01
3.244361292555126841e-01
3.144276049671561601e-01
3.144276049671561601e-01
3.111065650618837775e-01
3.044596807933830362e-01
2.979210320045967975e-01
2.979210320045967975e-01
2.979210320045967975e-01
2.979210320045967975e-01
2.946903080325566915e-01
2.914668910954562042e-01
2.818141849197650650e-01
2.753485895661610394e-01
2.689233651985454832e-01
2.657212127125530010e-01
2.498051971203367472e-01
2.434733917713091111e-01
2.434733917713091111e-01
2.371634584739847895e-01
2.371634584739847895e-01
2.309009021463761524e-01
2.309009021463761524e-01
2.309009021463761524e-01
2.278022599457592001e-01
2.247114398656530898e-01
2.185214196007936316e-01
2.154318912752120341e-01
2.154318912752120341e-01
2.093173334868245750e-01
2.032285837120859640e-01
1.971766137940193508e-01
1.941481072750691761e-01
1.850886326877859422e-01
1.820514091849024796e-01
1.790523047901394216e-01
1.760655991806168719e-01
1.700578456998085852e-01
1.700578456998085852e-01
1.641518616586570001e-01
1.641518616586570001e-01
1.581443285186422965e-01
1.552062123768648827e-01
1.552062123768648827e-01
1.552062123768648827e-01
1.552062123768648827e-01
1.523014493290887339e-01
1.494029209026047078e-01
1.494029209026047078e-01
1.494029209026047078e-01
1.465335451924288379e-01
1.465335451924288379e-01
1.436791787713823376e-01
1.408050641185516205e-01
1.408050641185516205e-01
1.379736932489456502e-01
1.379736932489456502e-01
1.379736932489456502e-01
1.295171295156985758e-01
1.351056278040204395e-01
1.323040304760548791e-01
1.295167714646687507e-01
1.267342132063308813e-01
1.267342132063308813e-01
1.212039751064942911e-01
1.184466004738133071e-01
1.156984376778206342e-01
1.156984376778206342e-01
1.102230742020022108e-01
1.074959477773126393e-01
1.047740571025805728e-01
1.020576410219058427e-01
9.935012208062921069e-02
9.935012208062921069e-02
9.935012208062921069e-02
9.405668603553953011e-02
8.863663654789578905e-02
8.326830753966110721e-02
8.060406286315036084e-02
8.060406286315036084e-02
7.795299042742112605e-02
7.795299042742112605e-02
7.004556541473692943e-02
7.274299900543383657e-02
7.012103852714260399e-02
7.012103852714260399e-02
6.490516039498876733e-02
5.710153807071001453e-02
5.960972697125695163e-02
5.960972697125695163e-02
5.701372421583394967e-02
5.443931784561405196e-02
5.443931784561405196e-02
5.443931784561405196e-02
5.188328117560730285e-02
5.703942623995217343e-02
5.449602879785357679e-02
5.196184466495672866e-02
5.196184466495672866e-02
4.943576205361795844e-02
5.458161847080957724e-02
4.956251959602767099e-02
4.956251959602767099e-02
4.706645162463022475e-02
4.701996053179385848e-02
4.701996053179385848e-02
4.453695590809655241e-02
4.206343890737478802e-02
4.206343890737478802e-02
4.451801847580071775e-02
4.201488000877377782e-02
4.689175148113911007e-02
4.444663572943952784e-02
3.714496504587676967e-02
3.714496504587676967e-02
3.960030970927728988e-02
3.960030970927728988e-02
3.960030970927728988e-02
4.191569539153246898e-02
4.191569539153246898e-02
3.712008595518229148e-02
3.233017491499035057e-02
2.994212253865198570e-02
2.756247582541859059e-02
2.280955853773909692e-02
2.280955853773909692e-02
2.044341111962758029e-02
1.334621553362021207e-02
1.099241228123969301e-02
1.566148711213899425e-02
6.256505662296987097e-03
8.551614724476481327e-03
1.096506790197341111e-02
1.096506790197341111e-02
1.333316771663695631e-02
2.760564625601802380e-02
2.297308710840765753e-02
2.067020013311625729e-02
1.836686599800838732e-02
1.607057190253485465e-02
2.052506992638087821e-02
2.052506992638087821e-02
2.736794371915462001e-02
1.827285929477944978e-02
2.283569047966030330e-02
2.283569047966030330e-02
2.507924715904185503e-02
2.741974458854619032e-02
2.741974458854619032e-02
2.517489469650221329e-02
1.849773837013313910e-02
1.626918303320580919e-02
1.626918303320580919e-02
2.066313495762957947e-02
2.066313495762957947e-02
1.180279351818533558e-02
1.398853671319629129e-02
9.436256074473509461e-03
1.386878033602747563e-02
1.167556382578091578e-02
7.294461266515510529e-03
7.294461266515510529e-03
5.112615376485916269e-03
9.558842422003716380e-03
1.406513032641533954e-02
1.830239609372220563e-02
1.613842963535424072e-02
2.480503533761336740e-02
2.480503533761336740e-02
2.265757569330217880e-02
2.051503287994651051e-02
1.839601075919786860e-02
1.625995958193169819e-02
1.412838741186487300e-02
1.197500141014555541e-02
1.197500141014555541e-02
1.630426432558562677e-02
1.630426432558562677e-02
1.630426432558562677e-02
1.420307891929624075e-02
1.210155028544226442e-02
1.000686507738524252e-02
1.000686507738524252e-02
1.000686507738524252e-02
1.214588225873098129e-02
1.634388309420552188e-02
1.634388309420552188e-02
1.634388309420552188e-02
1.426138298918757860e-02
8.071827680886769010e-03
2.054565218741742985e-02
2.253005495880587919e-02
2.259307982121507713e-02
2.055012809387472827e-02
2.055012809387472827e-02
2.055012809387472827e-02
1.648584971986439413e-02
1.648584971986439413e-02
1.445993479065821145e-02
2.047505793520226422e-02
2.256994839681507325e-02
2.055794363207670908e-02
1.854816084654957106e-02
1.051738455873918107e-02
1.078292198774455195e-02
1.078292198774455195e-02
8.791261363804685897e-03
1.664187206424126014e-02
2.072045635300167124e-02
2.072045635300167124e-02
2.467734591183408377e-02
2.674389629181585584e-02
3.465626614321249549e-02
3.269249209906187337e-02
3.269249209906187337e-02
3.269249209906187337e-02
3.269249209906187337e-02
3.269249209906187337e-02
3.474092018901200896e-02
3.478260974929090615e-02
3.861719126219934767e-02
3.844917915184157403e-02
3.651830774324860834e-02
3.458637184102884149e-02
3.266184655380610646e-02
2.690250517274985279e-02
3.834621949198791652e-02
4.020142338424691902e-02
3.447382053460964352e-02
3.447382053460964352e-02
3.257142612309989887e-02
3.257142612309989887e-02
3.067596675246491225e-02
3.252656909237482130e-02
3.252082955879005699e-02
2.875415792829859665e-02
2.875415792829859665e-02
2.687669325778973412e-02
3.265923678262135782e-02
3.078865967376478649e-02
2.520428858088322524e-02
2.723794783018554377e-02
3.475502219356862987e-02
3.671015319225939127e-02
4.042729761695223328e-02
3.857669930360064364e-02
4.227817132759523200e-02
4.020752883612542516e-02
3.837228225723421371e-02
4.390860371789600397e-02
3.711022503106067155e-02
3.527926611420963837e-02
3.900941822733409309e-02
4.271758896733263838e-02
4.271758896733263838e-02
4.271758896733263838e-02
4.638206721924623827e-02
5.001129320872772094e-02
5.363510531879141230e-02
5.363510531879141230e-02
5.183526292714993322e-02
5.541232972749497721e-02
5.907973746119030145e-02
6.268371409888486012e-02
6.268371409888486012e-02
6.715964381887883083e-02
5.566288094936742981e-02
5.566288094936742981e-02
5.916681657136335648e-02
5.739571353120249270e-02
5.739571353120249270e-02
5.563043116524110654e-02
5.563043116524110654e-02
5.917555285437316182e-02
6.613385770137211739e-02
6.080715238322120797e-02
6.080715238322120797e-02
6.433768622339285093e-02
6.259209488501722707e-02
6.612227725436167769e-02
6.612227725436167769e-02
6.612227725436167769e-02
6.612227725436167769e-02
6.612227725436167769e-02
6.439425366118972649e-02
6.266930200236658921e-02
6.266930200236658921e-02
6.095356908793882200e-02
6.439935834854561281e-02
6.276193526419754365e-02
6.620448844579390757e-02
6.448794303443053377e-02
7.119611541358718265e-02
6.207016065876735933e-02
5.801377966837303196e-02
5.285763460402815445e-02
5.625655542507675827e-02
5.625655542507675827e-02
5.625655542507675827e-02
5.625655542507675827e-02
5.457469823532781067e-02
6.130637218121071791e-02
5.962957292241548302e-02
5.448371650522385728e-02
5.281139669716157503e-02
4.948749898417847959e-02
5.617977137496282802e-02
6.118033069640142069e-02
5.622772211154713345e-02
5.457199043283149364e-02
5.793545973705931107e-02
5.793545973705931107e-02
6.125816917740960210e-02
6.287713772735283035e-02
5.803194969792108138e-02
5.639383247745306110e-02
5.475718168416990328e-02
5.644461564091078631e-02
4.988174481691266815e-02
4.496319842932335747e-02
4.007566890827075207e-02
4.007566890827075207e-02
4.150397571901153632e-02
3.990291720577178458e-02
3.989831969700538550e-02
4.152461939971301835e-02
4.152461939971301835e-02
4.303082799205459885e-02
3.473312145248503430e-02
3.473312145248503430e-02
3.791963745529046415e-02
3.631505824993462583e-02
3.631505824993462583e-02
3.472226563168422098e-02
4.439945439888642875e-02
4.601208007388040561e-02
4.917635252426912074e-02
5.236504585640918558e-02
5.236504585640918558e-02
5.078490599423617080e-02
5.078490599423617080e-02
5.078490599423617080e-02
5.395393236434760376e-02
5.081453836211083375e-02
4.924788185006935548e-02
4.768068892390248115e-02
4.611917165884975300e-02
4.925104624203741760e-02
5.489491713365007852e-02
5.335652404717178277e-02
4.717573316302521580e-02
3.774352825333761319e-02
3.774352825333761319e-02
3.619774911645653320e-02
3.619774911645653320e-02
3.932298611350108775e-02
3.767292809998858127e-02
3.767292809998858127e-02
3.767292809998858127e-02
4.076245642557014409e-02
3.147142308525748000e-02
2.851772594873851555e-02
2.699366090434189916e-02
2.847122751977974528e-02
2.847122751977974528e-02
3.151145056941857120e-02
3.151145056941857120e-02
3.151145056941857120e-02
3.453098246383570075e-02
3.114755007186906580e-02
3.114755007186906580e-02
3.414665446663209952e-02
3.264542689781386314e-02
3.568265040069734662e-02
3.857624812757305677e-02
3.861115189520526042e-02
3.697996343391557472e-02
3.843123548305109327e-02
3.843123548305109327e-02
3.397932786890725532e-02
2.958537594448349545e-02
3.261008452418977244e-02
3.557377085810999734e-02
3.409558341872157006e-02
3.261961310736243708e-02
3.261961310736243708e-02
3.410535784850370761e-02
3.263681388689020774e-02
2.673780063401934651e-02
2.555561771710590860e-02
1.969676122847395169e-02
1.969676122847395169e-02
1.969676122847395169e-02
1.969676122847395169e-02
1.969676122847395169e-02
1.969676122847395169e-02
1.825244874739727352e-02
2.115097717388134124e-02
1.970583354368129342e-02
2.201016235431153822e-02
1.633348538807733244e-02
1.025034614832378600e-02
4.327957012068664108e-03
2.821448997261540953e-05
1.449527012352322657e-03
1.449527012352322657e-03
1.449527012352322657e-03
1.449527012352322657e-03
2.380418320293628537e-05
-1.400481692700515516e-03
4.214782962656653427e-03
7.088897615487410424e-03
5.672376599161208302e-03
5.672376599161208302e-03
8.486457453343821886e-03
7.075913027311656056e-03
1.334388204347828743e-03
-7.402102440153630804e-05
-7.402102440153630804e-05
1.334929532046731865e-03
4.164665012813427089e-03
1.363964214010141701e-03
1.363964214010141701e-03
1.363964214010141701e-03
4.165561541975708153e-03
6.952820553361793200e-03
9.735378811699660004e-03
6.959617656619111921e-03
2.800257731445386471e-03
2.800257731445386471e-03
-3.058705983379905198e-05
-2.804044539387843312e-03
-4.666990670683990913e-05
-4.155391719960640183e-03
-9.569730235058870188e-03
-1.503009779246887272e-02
-1.640096728665508055e-02
-1.640096728665508055e-02
-1.232224014164240260e-02
-8.324039288091783159e-03
-6.974714451416889026e-03
-1.115118684252744928e-02
-1.053042563939483346e-02
-1.471905594156113287e-02
-1.871642042051592514e-02
-7.249086488894440627e-03
-1.276171607490718743e-02
-1.276171607490718743e-02
-2.367762684247460073e-02
-2.370068458243965517e-02
-2.504588948397826545e-02
-2.773209897581819031e-02
-2.906801203680661055e-02
-2.773762322044770467e-02
-3.318813876405609514e-02
-3.482665744092096338e-02
-3.742870715012044935e-02
-4.265516819643437596e-02
-4.265516819643437596e-02
-3.995845748486068216e-02
-3.995845748486068216e-02
-3.995845748486068216e-02
-3.723012726308582571e-02
-3.723012726308582571e-02
-3.457905482735661173e-02
-3.721968572341440712e-02
-4.261135315206823759e-02
-3.869286200928025860e-02
-4.387206184102260265e-02
-4.243729505155029863e-02
-4.111903838998397925e-02
-3.849707791169274668e-02
-3.849707791169274668e-02
-4.245396747052515574e-02
-3.984462001382721441e-02
-3.984462001382721441e-02
-3.853911983934256436e-02
-3.593737847800942964e-02
-3.728142480052186458e-02
-3.782377920811385436e-02
-3.911697806035034641e-02
-3.652018505450278091e-02
-2.843704712429953249e-02
-2.972533731054570819e-02
-3.227095468144913076e-02
-2.969654831122924693e-02
-3.369022264929351362e-02
-4.313422301609635967e-02
-4.441579301225897364e-02
-4.962923889416738510e-02
-5.090722949649091611e-02
-4.835119282648417394e-02
-4.352671737614397657e-02
-4.352671737614397657e-02
-4.216220707977086368e-02
-3.708462550477540504e-02
-4.098773873880187657e-02
-4.225414640572524444e-02
-4.352060482180698797e-02
-4.352060482180698797e-02
-4.600265289950045133e-02
-4.600265289950045133e-02
-4.600265289950045133e-02
-4.590780824421247797e-02
-4.716344155885839051e-02
-4.716344155885839051e-02
-4.214434268407647732e-02
-4.214434268407647732e-02
-4.214434268407647732e-02
-4.214463562231070271e-02
-4.981217397021490967e-02
-4.342306076399122389e-02
-4.215796896717236703e-02
-4.590237241168618199e-02
-4.969022811391077959e-02
-5.345875356340323847e-02
-5.345875356340323847e-02
-5.851808048804527096e-02
-5.975360330172527906e-02
-5.728008630100351467e-02
-5.381633318676818517e-02
-5.246499104413245018e-02
-6.058414292874793328e-02
-6.552383701651699754e-02
-6.960242130527742599e-02
-7.076552675470634823e-02
-6.586510140562547300e-02
-6.003655326195925235e-02
-6.003655326195925235e-02
-6.248864607674397414e-02
-6.248864607674397414e-02
-6.248864607674397414e-02
-5.764345804731223905e-02
-5.764345804731223905e-02
-6.372926613952077657e-02
-5.881071975193147977e-02
-6.243453186199517113e-02
-6.606375785147663993e-02
-6.606375785147663993e-02
-6.859862539511819846e-02
-6.528858580577247273e-02
-6.628266818522325632e-02
-6.628266818522325632e-02
-6.388563086972984251e-02
-6.149104288094733861e-02
-5.909571982953788077e-02
-6.276312756323321196e-02
-6.276312756323321196e-02
-6.395214198723989107e-02
-6.864523379850941132e-02
-6.882547826201097785e-02
-6.525901729647345939e-02
-6.525901729647345939e-02
-6.525901729647345939e-02
-6.525901729647345939e-02
-6.289286987836194276e-02
-6.173004131526046295e-02
-5.700971721076751597e-02
-5.935472261869866040e-02
-5.700091936631814654e-02
-5.700091936631814654e-02
-5.817466508720103152e-02
-6.399825658417644669e-02
-6.518245306324489674e-02
-5.826689998795808734e-02
-5.826689998795808734e-02
-5.826689998795808734e-02
-5.593448946919077347e-02
-5.352605547419152232e-02
-5.115120777364833698e-02
-5.208013121558215802e-02
-5.208013121558215802e-02
-4.976188981682232865e-02
-5.323117211382311781e-02
-5.323117211382311781e-02
-5.207039018477301745e-02
-4.617080177557612158e-02
-4.269608810239616109e-02
-4.039275396728828765e-02
-3.923872020938544425e-02
-3.707861616643959302e-02
-3.257319242641403684e-02
-3.372268759154730539e-02
-3.372268759154730539e-02
-4.062472462943032825e-02
-3.578818931296368078e-02
-3.925574813501010035e-02
-3.925574813501010035e-02
-3.697896482536661839e-02
-3.362132842332367366e-02
-3.479125407637343598e-02
-3.365281810532685935e-02
-3.365281810532685935e-02
-3.145961123057766651e-02
-3.485853205162626339e-02
-3.598611285932139248e-02
-3.677571781757733166e-02
-3.677571781757733166e-02
-3.566685165851429806e-02
-3.678993224081390095e-02
-4.014824856602650094e-02
-4.126795511872289463e-02
-4.574431065610893438e-02
-4.908238019413423137e-02
-5.019898544043463473e-02
-5.131473983260207566e-02
-5.131473983260207566e-02
-5.131473983260207566e-02
-5.131473983260207566e-02
-4.970717731366252473e-02
-4.970717731366252473e-02
-4.970717731366252473e-02
-5.081423225745121397e-02
-5.192205456382925632e-02
-4.749356771486607648e-02
-4.527660025835728713e-02
-5.349508064473421087e-02
-6.061248689777819915e-02
-5.379377796673875251e-02
-5.715724727096654911e-02
-6.042150287260292241e-02
-6.042150287260292241e-02
-6.042150287260292241e-02
-5.822837605262341787e-02
-5.383285119704918353e-02
-4.983628681049864784e-02
-4.765444092046906138e-02
-4.874359669804355366e-02
-4.874359669804355366e-02
-4.874359669804355366e-02
-4.874359669804355366e-02
-4.201579208442862007e-02
-3.645193359072653599e-02
-4.714732619334047886e-02
-4.404089907595113568e-02
-4.404089907595113568e-02
-4.295603955621989795e-02
-4.403393856944444462e-02
-4.403393856944444462e-02
-4.722963203955934247e-02
-4.278340499404153369e-02
-4.601412896608172293e-02
-4.386666932177053085e-02
-4.220863782017270777e-02
-4.006609500681703601e-02
-4.195932354574528900e-02
-3.982078885412351082e-02
-3.875097770632798116e-02
-3.875097770632798116e-02
-4.024073068787537705e-02
-4.130378596889249659e-02
-4.130378596889249659e-02
-4.236409149669073670e-02
-4.559630609328726991e-02
-4.877137838040385143e-02
-4.983220055418532274e-02
-4.604029587560114212e-02
-4.604029587560114212e-02
-5.569064834989594787e-02
-5.569064834989594787e-02
-5.341425541311377312e-02
-5.446467154241715208e-02
-5.236314290856316361e-02
-5.026845770050614171e-02
-5.026845770050614171e-02
-5.026845770050614171e-02
-5.341613299645311258e-02
-5.341613299645311258e-02
-5.341613299645311258e-02
-5.661828548244556697e-02
-5.661828548244556697e-02
-6.078835077966752293e-02
-6.078835077966752293e-02
-6.078835077966752293e-02
-5.659034994419299969e-02
-5.659034994419299969e-02
-5.351716238695749389e-02
-5.664784413137850805e-02
-4.857960014193087039e-02
-4.857960014193087039e-02
-4.649710003691291671e-02
-4.028463259471843499e-02
-4.133037861252405326e-02
-4.133037861252405326e-02
-3.327663314317493015e-02
-3.327663314317493015e-02
-3.122534517134785761e-02
-3.535795279382311640e-02
-3.126791959991818276e-02
-3.228835976597286411e-02
-3.632042699885257991e-02
-4.246739456498002663e-02
-3.986707086386481053e-02
-4.229493685972358225e-02
-4.229493685972358225e-02
-3.770248516498371505e-02
-3.769653801569304574e-02
-3.769653801569304574e-02
-3.567062308648687174e-02
-3.857538613426300667e-02
-3.747694315784835806e-02
-3.848982596515312937e-02
-3.947108803294982482e-02
-3.631892637434630533e-02
-2.955399377035876352e-02
-2.754198900562038893e-02
-2.754198900562038893e-02
-2.659219447693205243e-02
-2.458790055727081217e-02
-1.856141818912165203e-02
-1.956135752754192131e-02
-1.956135752754192131e-02
-1.544862473896277399e-02
-2.933068598628282495e-02
-3.032516162209332108e-02
-3.331186723161587426e-02
-3.426250431490736326e-02
-3.426250431490736326e-02
-3.525466930057727377e-02
-3.525466930057727377e-02
-3.525466930057727377e-02
-3.723273403921607133e-02
-3.318644315354968982e-02
-3.821231153956321930e-02
-4.816073523206441942e-02
-4.914626380988078302e-02
-5.946762831241626107e-02
-6.249233689212255194e-02
-5.953003648182557395e-02
-5.447962925486960623e-02
-5.447962925486960623e-02
-5.545921466751682627e-02
-5.643786626677071289e-02
-5.939612355961899209e-02
-5.748651447706567413e-02
-5.748651447706567413e-02
-5.846148375676598480e-02
-5.846148375676598480e-02
-5.846148375676598480e-02
-5.846148375676598480e-02
-5.255934794981945157e-02
-4.684530483477671037e-02
-4.973745604944299070e-02
-5.070554116845599202e-02
-5.070554116845599202e-02
-5.263685760721651535e-02
-5.553538603370056920e-02
-5.156451278578132180e-02
-4.495229397324567583e-02
-4.083612460348255008e-02
-4.189820980162934499e-02
-4.189820980162934499e-02
-4.189820980162934499e-02
-3.805870040547528615e-02
-2.820884618436078628e-02
-2.820884618436078628e-02
-2.820884618436078628e-02
-2.629162848468077907e-02
-2.438077311932899602e-02
-2.725014882950488326e-02
-2.343340134521939427e-02
-2.064310569704696369e-02
-2.064310569704696369e-02
-2.159426754618501768e-02
-2.250595398885786580e-02
-2.250595398885786580e-02
-2.250595398885786580e-02
-2.250595398885786580e-02
-2.250595398885786580e-02
-2.250595398885786580e-02
-2.348885361891875703e-02
-2.052852489785574400e-02
-1.747921144230635618e-02
-1.842054907352173865e-02
-1.653840239413896518e-02
-1.465387744303027137e-02
-1.916533595817933311e-02
-2.375932671904560506e-02
-2.000614990141801400e-02
-2.560961118146146825e-02
-2.373903407260490386e-02
-2.467295650058208903e-02
-2.748570389887986659e-02
-3.124761434393954693e-02
-2.280161798974783202e-02
-2.281591276155169393e-02
-1.835565488148033220e-02
-1.742318298799448717e-02
-1.922216895756933761e-02
-2.396803265383357431e-02
-2.669515907852313547e-02
-2.948241808990922225e-02
-2.661769364170154389e-02
-2.661769364170154389e-02
-2.754080546547281461e-02
-2.754080546547281461e-02
-3.030686340938927928e-02
-2.463904176999014498e-02
-3.028635970053263765e-02
-3.028635970053263765e-02
-2.657818896053409582e-02
-2.474133969901455565e-02
-2.546699339607311208e-02
-3.459894086637003985e-02
-3.537534691797441372e-02
-3.170910300151855848e-02
-2.174121324163548821e-02
-2.174121324163548821e-02
-1.418008259610505778e-02
-2.181293085451182709e-02
-2.849933569198491792e-02
-3.123449625801131765e-02
-3.123449625801131765e-02
-2.760344530189983575e-02
-2.488582540413458721e-02
-2.488582540413458721e-02
-2.712810538679649719e-02
-2.352412874910192811e-02
-1.989490275962045585e-02
-1.919132287600022399e-02
-1.919132287600022399e-02
-2.009281661324391691e-02
-2.319108577436614430e-02
-2.319108577436614430e-02
-2.586270407102715663e-02
-2.406286167938568796e-02
-2.406286167938568796e-02
-2.495686980386493947e-02
-2.819114960360187550e-02
-2.739473292288254272e-02
-2.640305759915588871e-02
-2.640305759915588871e-02
-2.915122039514856517e-02
-2.736964987127815316e-02
-2.736964987127815316e-02
-2.273091085556904964e-02
-2.542263012143793771e-02
-2.542263012143793771e-02
-2.542263012143793771e-02
-3.022989694214836195e-02
-3.022989694214836195e-02
-2.934954085337700830e-02
-2.314591355166217834e-02
-2.402744167094274241e-02
-2.162886955008597872e-02
-2.162886955008597872e-02
-1.986358718412459257e-02
-2.259191740589944902e-02
-1.530603577844838990e-02
-1.122745148968797881e-02
-6.775216089623847110e-03
-9.413292799927299934e-03
-7.765631034910755980e-03
1.728185393261205639e-03
1.728185393261205639e-03
-3.526627673298175086e-03
-4.358075931920552871e-04
-5.701575034758671161e-03
-1.285779645636887097e-02
-1.285779645636887097e-02
-1.285779645636887097e-02
-1.546714391306682444e-02
-1.633618567367702001e-02
-1.633618567367702001e-02
-2.352520989934160991e-02
-2.352520989934160991e-02
-2.703353963070509805e-02
-3.121553963999788156e-02
-3.381574588941165666e-02
-2.818426874943873520e-02
-2.904746111406996192e-02
-2.731943752089800725e-02
-2.731943752089800725e-02
-2.507458762885403022e-02
-2.213647148707666504e-02
-2.473326449292423748e-02
-2.473326449292423748e-02
-2.845031276371281712e-02
-2.845031276371281712e-02
-3.375294161433749218e-02
-3.632734798455738295e-02
-3.297749193061332712e-02
-3.383230792024431721e-02
-3.036474909819788723e-02
-3.121759155507038488e-02
-2.768705771489874540e-02
-2.582145595260327761e-02
-2.670658525477174333e-02
-3.061462314076188879e-02
-2.891610525116183189e-02
-3.419699226502999345e-02
-3.419699226502999345e-02
-2.894376332590048104e-02
-2.550121014430410324e-02
-2.063546109530153480e-02
-2.360883850552860513e-02
-2.360883850552860513e-02
-2.360883850552860513e-02
-2.360883850552860513e-02
-2.360883850552860513e-02
-2.697641949479104295e-02
-2.363834995676574596e-02
-2.363834995676574596e-02
-2.195649276701677061e-02
-2.195649276701677061e-02
-2.195649276701677061e-02
-2.195649276701677061e-02
-2.620871922483779259e-02
-1.944645875367131266e-02
-1.944645875367131266e-02
-1.679944822151946404e-02
-2.601654793177591088e-02
-2.095062371585597327e-02
-2.095062371585597327e-02
-1.760720530884960291e-02
-1.760720530884960291e-02
-2.022306235836440411e-02
-1.191213744829749781e-02
-1.434803352774906109e-02
-1.434803352774906109e-02
-1.143923265359961423e-02
-1.143923265359961423e-02
-1.547492339681513437e-02
-1.632528544601872383e-02
-1.116914038167385673e-02
-1.256824757318632420e-02
-1.171853377378740020e-02
-7.449246285504611785e-03
-7.449246285504611785e-03
-7.449246285504611785e-03
-2.441880645026325326e-03
-4.915397645748085381e-03
-4.915397645748085381e-03
9.459818676328696652e-04
9.459818676328696652e-04
1.283374761721330700e-04
1.283374761721330700e-04
4.203985614162714969e-03
4.203985614162714969e-03
1.700847147135774824e-03
-3.418263245394802079e-03
-8.318688594475657366e-03
-9.265147309877598894e-03
-3.309160194717578659e-03
-3.309160194717578659e-03
-9.010978373252364129e-03
