1.000000000000000000e+00
1.000000000000000000e+00
1.000000000000000000e+00
9.948995637535181791e-01
9.948995637535181791e-01
9.925271470527778916e-01
9.893226289073887569e-01
9.871078197908512708e-01
9.871078197908512708e-01
9.871078197908512708e-01
9.871078197908512708e-01
9.871078197908512708e-01
9.871078197908512708e-01
9.871078197908512708e-01
9.871078197908512708e-01
9.871078197908512708e-01
9.871078197908512708e-01
9.871078197908512708e-01
9.871078197908512708e-01
9.871078197908512708e-01
9.871078197908512708e-01
9.871078197908512708e-01
9.871078197908512708e-01
9.871078197908512708e-01
9.871078197908512708e-01
9.871078197908512708e-01
9.871078197908512708e-01
9.871078197908512708e-01
9.871078197908512708e-01
9.871078197908512708e-01
9.871078197908512708e-01
9.871078197908512708e-01
9.871078197908512708e-01
9.871078197908512708e-01
9.871078197908512708e-01
9.871078197908512708e-01
9.871078197908512708e-01
9.871078197908512708e-01
9.871078197908512708e-01
9.871078197908512708e-01
9.871078197908512708e-01
9.871078197908512708e-01
9.871078197908512708e-01
9.871078197908512708e-01
9.871078197908512708e-01
9.871078197908512708e-01
9.871078197908512708e-01
9.871078197908512708e-01
9.871078197908512708e-01
9.871078197908512708e-01
9.871078197908512708e-01
9.871078197908512708e-01
9.871078197908512708e-01
9.871078197908512708e-01
9.871078197908512708e-01
9.871078197908512708e-01
9.871078197908512708e-01
9.871078197908512708e-01
9.871078197908512708e-01
9.871078197908512708e-01
9.871078197908512708e-01
9.871078197908512708e-01
9.871078197908512708e-01
9.871078197908512708e-01
9.871078197908512708e-01
9.871078197908512708e-01
9.871078197908512708e-01
9.871078197908512708e-01
9.871078197908512708e-01
9.871078197908512708e-01
9.871078197908512708e-01
9.871078197908512708e-01
9.871078197908512708e-01
9.871078197908512708e-01
9.871078197908512708e-01
9.871078197908512708e-01
9.871078197908512708e-01
9.871078197908512708e-01
9.871078197908512708e-01
9.871078197908512708e-01
9.871078197908512708e-01
9.871078197908512708e-01
9.871078197908512708e-01
9.871078197908512708e-01
9.871078197908512708e-01
9.871078197908512708e-01
9.871078197908512708e-01
9.871078197908512708e-01
9.871078197908512708e-01
9.871078197908512708e-01
9.871078197908512708e-01
9.871078197908512708e-01
9.871078197908512708e-01
9.871078197908512708e-01
9.871078197908512708e-01
9.871078197908512708e-01
9.871078197908512708e-01
9.871078197908512708e-01
9.871078197908512708e-01
9.871078197908512708e-01
9.871078197908512708e-01
9.871078197908512708e-01
9.871078197908512708e-01
9.871078197908512708e-01
9.871078197908512708e-01
9.871078197908512708e-01
9.871078197908512708e-01
9.871078197908512708e-01
9.871078197908512708e-01
9.871078197908512708e-01
9.871078197908512708e-01
9.871078197908512708e-01
9.871078197908512708e-01
9.871078197908512708e-01
9.871078197908512708e-01
9.871078197908512708e-01
9.871078197908512708e-01
9.871078197908512708e-01
9.871078197908512708e-01
9.871078197908512708e-01
9.871078197908512708e-01
9.871078197908512708e-01
9.871078197908512708e-01
9.871078197908512708e-01
9.871078197908512708e-01
9.871078197908512708e-01
9.871078197908512708e-01
9.871078197908512708e-01
9.871078197908512708e-01
9.871078197908512708e-01
9.871078197908512708e-01
9.871078197908512708e-01
9.871078197908512708e-01
9.871078197908512708e-01
9.871078197908512708e-01
9.871078197908512708e-01
9.871078197908512708e-01
9.871078197908512708e-01
9.871078197908512708e-01
9.871078197908512708e-01
9.871078197908512708e-01
9.871078197908512708e-01
9.871078197908512708e-01
9.871078197908512708e-01
9.871078197908512708e-01
9.871078197908512708e-01
9.871078197908512708e-01
9.871078197908512708e-01
9.871078197908512708e-01
9.871078197908512708e-01
9.871078197908512708e-01
9.871078197908512708e-01
9.871078197908512708e-01
9.871078197908512708e-01
9.871078197908512708e-01
9.871078197908512708e-01
9.871078197908512708e-01
9.871078197908512708e-01
9.871078197908512708e-01
9.871078197908512708e-01
9.871078197908512708e-01
9.871078197908512708e-01
9.871078197908512708e-01
9.871078197908512708e-01
9.871078197908512708e-01
9.871078197908512708e-01
9.871078197908512708e-01
9.871078197908512708e-01
9.871078197908512708e-01
9.871078197908512708e-01
9.871078197908512708e-01
9.871078197908512708e-01
9.871078197908512708e-01
9.871078197908512708e-01
9.871078197908512708e-01
9.871078197908512708e-01
9.871078197908512708e-01
9.871078197908512708e-01
9.871078197908512708e-01
9.871078197908512708e-01
9.871078197908512708e-01
9.871078197908512708e-01
9.871078197908512708e-01
9.871078197908512708e-01
9.871078197908512708e-01
9.871078197908512708e-01
9.871078197908512708e-01
9.871078197908512708e-01
9.871078197908512708e-01
9.871078197908512708e-01
9.871078197908512708e-01
9.871078197908512708e-01
9.871078197908512708e-01
9.871078197908512708e-01
9.871078197908512708e-01
9.871078197908512708e-01
9.871078197908512708e-01
9.871078197908512708e-01
9.871078197908512708e-01
9.871078197908512708e-01
9.871078197908512708e-01
9.871078197908512708e-01
9.871078197908512708e-01
9.871078197908512708e-01
9.871078197908512708e-01
9.871078197908512708e-01
9.871078197908512708e-01
9.871078197908512708e-01
9.871078197908512708e-01
9.871078197908512708e-01
9.871078197908512708e-01
9.871078197908512708e-01
9.871078197908512708e-01
9.871078197908512708e-01
9.871078197908512708e-01
9.871078197908512708e-01
9.871078197908512708e-01
9.871078197908512708e-01
9.871078197908512708e-01
9.871078197908512708e-01
9.871078197908512708e-01
9.871078197908512708e-01
9.871078197908512708e-01
9.871078197908512708e-01
9.871078197908512708e-01
9.871078197908512708e-01
9.871078197908512708e-01
9.871078197908512708e-01
9.871078197908512708e-01
9.871078197908512708e-01
9.871078197908512708e-01
9.871078197908512708e-01
9.871078197908512708e-01
9.871078197908512708e-01
9.871078197908512708e-01
9.871078197908512708e-01
9.871078197908512708e-01
9.871078197908512708e-01
9.871078197908512708e-01
9.871078197908512708e-01
9.871078197908512708e-01
9.871078197908512708e-01
9.871078197908512708e-01
9.871078197908512708e-01
9.871078197908512708e-01
9.871078197908512708e-01
9.871078197908512708e-01
9.871078197908512708e-01
9.871078197908512708e-01
9.871078197908512708e-01
