0.000000000000000000e+00
2.971080159126469888e-02
3.013362379475133246e-02
3.261942682215123596e-02
3.074858452822769317e-02
3.078614536526828524e-02
3.012260926263867281e-02
3.017408908795593536e-02
3.047036968200215676e-02
2.933616159512490718e-02
2.709709035472236335e-02
3.366587700568235419e-02
3.695410335397374818e-02
4.234922032672459175e-02
6.271686974916997059e-02
-5.192565220329284359e-02
-5.385652493339389973e-02
-4.662085682407921677e-02
-5.124533569847856268e-02
-4.541028897110534895e-02
-4.227778680923675175e-02
-4.178681159041781196e-02
-4.181247289314038440e-02
-4.642542206888442685e-02
-4.619997166972265173e-02
-4.802008111954051556e-02
-5.371068231114558417e-02
-4.910506011933810089e-02
-5.219814235522880069e-02
-4.810498317420627140e-02
4.216885800229757536e-02
5.239555638616223004e-02
3.801647169948348809e-02
3.791978967601730005e-02
3.708508660460959477e-02
3.332695162293968644e-02
3.444457865498018467e-02
3.184720078377310110e-02
3.735781419958013327e-02
4.312266582018381422e-02
3.772102024320250074e-02
4.159990417020972137e-02
4.928755143328287375e-02
3.123992897858791917e-02
-2.651523466452469432e-02
-2.162819477487177081e-02
-3.324314726567315775e-02
-4.264863097980883117e-02
-3.879427540378052597e-02
-4.536209432300374739e-02
-5.241970020774275318e-02
-4.938490896646723777e-02
-4.764500242026592502e-02
-5.040365188728653661e-02
-4.962829862230672823e-02
-3.850651563107224118e-02
-3.613955910139209776e-02
-3.438729478723168836e-02
-4.134897715274920421e-02
3.753940788601398126e-02
3.331540946779642381e-02
3.899478037654440649e-02
3.716716751892584075e-02
4.791638929070324293e-02
4.648860630254959131e-02
3.777144250894209909e-02
3.956588262536626238e-02
3.731896202576521354e-02
4.109828107332069019e-02
4.539325303847800003e-02
5.131250001915127479e-02
4.599991320122284039e-02
-4.175557205972903890e-02
-5.085159744913337471e-02
-4.980760789598633748e-02
-4.335210734166922153e-02
-4.826785642687480421e-02
-4.357075457875372176e-02
-4.078960965454767745e-02
-4.226967395494648366e-02
-4.458306164677997008e-02
-4.009440116462072157e-02
-5.007172795952676697e-02
-4.534301476058416602e-02
-4.804884017153244341e-02
-4.640684486096955524e-02
-5.414479916951594335e-02
-3.854627213064219793e-02
3.752524147815558542e-02
3.675384556133564490e-02
4.166418661587043687e-02
4.146933928583522444e-02
5.248246487840928926e-02
5.507819748533435839e-02
5.365287728643123449e-02
4.546368094495712581e-02
5.440990129539551717e-02
4.696477010642635674e-02
5.237172777206488411e-02
5.217199047201299261e-02
-4.879077970182236351e-02
-4.564603647825108551e-02
-4.911710831172331343e-02
-4.594308106242355610e-02
-4.440535745335291717e-02
-4.180194064088526423e-02
-4.810328824010483978e-02
-3.637003814782100580e-02
-4.440560506770050569e-02
-3.894192178803319165e-02
-4.030209751226986742e-02
-3.560142226189533243e-02
-3.434746891526266332e-02
-3.940142530504486817e-02
-4.075212104119707579e-02
3.141667225605716818e-02
2.974140509069951588e-02
2.639346466702086405e-02
3.416169270188620932e-02
4.233246604520279205e-02
4.712880326343812237e-02
4.616824275592961574e-02
5.153376792114938709e-02
4.541618593788878527e-02
5.368814503609933841e-02
5.262648637443319982e-02
4.595856521822338364e-02
-4.633419154011783614e-02
-4.786294329162119748e-02
-4.623664953300163361e-02
-5.146524711709787869e-02
-5.374472318352141453e-02
-5.548877437743288121e-02
-6.598267357351490781e-02
-5.035965297578046812e-02
-6.148422933811916596e-02
-5.875486338204751607e-02
-6.347953558499834503e-02
-5.455948381256228719e-02
-5.559501619120488236e-02
-4.509598157475096930e-02
-4.012038610469959715e-02
4.029110915450557356e-02
4.448478936707550568e-02
4.585705369432570983e-02
4.087438000398407878e-02
3.774108471139748372e-02
3.956171029587982751e-02
3.377880221989097015e-02
4.073884522285238508e-02
4.109018081902843927e-02
4.178825638955954713e-02
3.336255282242037851e-02
2.814463894249269807e-02
3.009698305091182760e-02
-2.890406617551695770e-02
-3.685188711351965185e-02
-4.099474818393328279e-02
-3.498166985203970264e-02
-4.009838758882825621e-02
-4.362413347049488160e-02
-4.725333050471581392e-02
-5.095717344495231255e-02
-4.460061494386600295e-02
-4.395481645170928181e-02
-4.305841762643259490e-02
-5.131149108909350415e-02
-5.595412994982474492e-02
-5.064251422662265772e-02
-5.354359489705574210e-02
-5.429888600999776410e-02
5.383444260432331679e-02
5.071148093554398578e-02
4.500625819448138970e-02
4.017785235942652328e-02
3.513257468959454094e-02
3.146286577593091632e-02
2.713654092768203949e-02
2.856938488439779780e-02
3.329897038336635667e-02
3.207601881206651601e-02
3.700962801335071217e-02
3.812513573547528234e-02
3.387254040239925240e-02
4.482269876755864274e-02
-3.842156273983914766e-02
-3.707550416543507060e-02
-4.850998844427215073e-02
-4.658377297527425270e-02
-5.443887959525444548e-02
-5.535338751929032991e-02
-5.620018336215207300e-02
-5.655109323967858620e-02
-4.618074990062700363e-02
-4.712481765072638190e-02
-4.921796179546250594e-02
-4.361549706288839895e-02
-4.778473349677896803e-02
-4.885227905788949027e-02
-6.058271706135464479e-02
-5.980591542920390968e-02
5.741537348852180506e-02
5.465355127146235420e-02
5.105452466691701857e-02
4.625164785226060921e-02
3.987917069131469844e-02
3.584894513561492219e-02
2.991415878526916539e-02
3.896522712041813885e-02
3.095084533594965812e-02
3.306344701023099936e-02
3.341192066150659029e-02
3.377956477050522016e-02
3.254781043251746275e-02
4.123568265732206750e-02
4.789445037557473611e-02
-4.699626527498663303e-02
-4.862921602184596542e-02
-4.623998356426642364e-02
-5.021121051301766919e-02
-4.545897861558182568e-02
-4.463598324563685521e-02
-4.199047884048660167e-02
-3.868319548612640657e-02
-4.140832281255373698e-02
-3.903091908611910216e-02
-3.812508719642838939e-02
-3.843506839432429129e-02
-4.455873331563523637e-02
-5.012128406536819208e-02
-5.654695123928776823e-02
5.861042829589893643e-02
4.285688596259366184e-02
4.563409547881022710e-02
4.390455974039614295e-02
3.996044633240993654e-02
4.853038929139802393e-02
4.644343184836776522e-02
4.775100068558973260e-02
5.082241382691191078e-02
4.659578895943536359e-02
4.918836721950643059e-02
5.589437731689500533e-02
5.063932023576282054e-02
5.059253403028271534e-02
-5.082794433555976044e-02
-4.217541936579465717e-02
-3.975414698573864758e-02
-4.687279351898828578e-02
-4.279985821635057253e-02
