0.000000000000000000e+00
5.790077594065756728e-02
5.787569156680166110e-02
5.770405789003239111e-02
5.760513598696082038e-02
5.760513598696082038e-02
5.726261520557122259e-02
5.731168884485382531e-02
5.689977383484726842e-02
5.703449186529766651e-02
5.689466708323213245e-02
5.695074120575877724e-02
5.709732241539298286e-02
5.724883781567749463e-02
5.736333973312479628e-02
5.760810197755714818e-02
5.768837415196542001e-02
5.747425011962428026e-02
5.749446129864290572e-02
5.765825525394886047e-02
5.929553978213520510e-02
5.914345335974247053e-02
6.015738580882368236e-02
6.017515479674991757e-02
6.013374138356377546e-02
5.863199681277866254e-02
5.837744009286658514e-02
5.888771578532217554e-02
5.871890900425552617e-02
5.832788696890209290e-02
5.814426373905551976e-02
5.829008842406286500e-02
5.856185792143576291e-02
5.909273458630689285e-02
5.954500080394853345e-02
5.992168817162387556e-02
5.990486527680034118e-02
6.013560736659673972e-02
5.990624984787359941e-02
5.935077059979731312e-02
5.882546976961915836e-02
5.810330653327976796e-02
5.742361812922813780e-02
5.806746071839071627e-02
5.803915400214298970e-02
5.795952302190105626e-02
5.736721009679657257e-02
5.857411885905219190e-02
5.835130549483914103e-02
5.898840497753665008e-02
5.907944689547797723e-02
5.943042171790396955e-02
5.910862535353138963e-02
5.943810321679105640e-02
6.112262394620529560e-02
6.061870631641777529e-02
6.113764426566400956e-02
6.170442619404224033e-02
6.094525376169390024e-02
6.083845414333673846e-02
6.164386963406703890e-02
6.222685175847533084e-02
6.049831930570367250e-02
6.214972640403765292e-02
6.428409236450573216e-02
6.397478465644382273e-02
6.479553686892186581e-02
6.530882022033766832e-02
6.897013894985992710e-02
5.889244443272572543e-02
6.143111072533870981e-02
6.539547918238418356e-02
6.134565696916336602e-02
6.173833815800005426e-02
5.028047964574151180e-02
4.576836864339661748e-02
-4.479314926503605299e-02
-4.587292746562615653e-02
-4.592366953672451929e-02
-4.793460738593331022e-02
-4.879849007601292504e-02
-4.645310704921833816e-02
-5.305647505164692856e-02
-5.103169528597506499e-02
-5.064398558445239867e-02
-4.996688192756248287e-02
-4.645349019639391508e-02
-4.818159202840618244e-02
-4.415740191512315671e-02
-4.440455934318562198e-02
-4.445178160610222667e-02
-4.567488203668502306e-02
-4.463268725493379357e-02
-4.701970174818729392e-02
-4.981355070231413551e-02
-4.901825253521749359e-02
-4.810971156339747395e-02
-4.845678605834385921e-02
-4.589283278339465616e-02
-4.543502241265944680e-02
-4.650540514784339691e-02
-4.478363657847042600e-02
-4.447766488409492930e-02
-4.416941019687911640e-02
-4.502733294164557726e-02
-4.516758749142569390e-02
-4.378469582405768862e-02
-4.636414721232338249e-02
-4.683082246237080942e-02
-4.676772148979457810e-02
-4.604904689945783086e-02
-4.592339077576245571e-02
-4.523476117654674084e-02
-4.561039412774495899e-02
-4.543054353959716241e-02
-4.616282916747944248e-02
-4.483785755966639835e-02
-4.321652153110710354e-02
-4.615255548225072335e-02
-4.688005037279491249e-02
-4.727529446903191990e-02
-4.767925202853010025e-02
-4.715789030191209347e-02
-4.921249468457872950e-02
-5.010111019269796601e-02
-4.811813469471796362e-02
-4.949368024760027879e-02
-5.337963875419334675e-02
-5.092136577428724165e-02
-4.767549451045650227e-02
-4.689630495757048795e-02
-4.845683036108425906e-02
-4.820295441663245001e-02
-4.866664656595764971e-02
-5.073695197655381239e-02
-4.063052528486105902e-02
-3.954414511177646585e-02
-2.871772877073313843e-02
-3.329189329749161763e-02
-3.871453284452772148e-02
-3.620502635499012883e-02
-3.179057370685017120e-02
-3.601212341303215020e-02
-3.487003103359208322e-02
-4.157819306750838717e-02
4.164978735549421801e-02
4.378610916348130155e-02
4.125544692685401832e-02
3.989288264453110661e-02
4.523139580328546655e-02
4.845806494784499208e-02
5.939283077605933547e-02
5.980527980860178561e-02
6.319450037554300015e-02
6.511269546674543218e-02
6.493114844459332846e-02
6.355295957426522480e-02
6.455804684421968809e-02
6.461082383147316588e-02
6.154356161224156657e-02
6.240408308370817836e-02
6.197812103969283642e-02
6.226217711892003542e-02
6.392455568442835523e-02
6.452868042443019037e-02
6.352768510339323882e-02
6.562967824628852809e-02
6.649761971035590691e-02
6.522424831833337211e-02
6.301996863911459024e-02
6.094098613780150192e-02
6.232750622855912775e-02
6.179936585728276754e-02
5.934685006808429475e-02
5.859234674267704834e-02
5.839209611524188298e-02
5.804602686890054236e-02
5.647541442022254582e-02
5.506859789106214459e-02
5.577433328667737861e-02
5.641894119031279353e-02
5.726811049155100530e-02
5.637423055272901967e-02
5.631961208481200271e-02
5.604507459213440429e-02
5.061385668898383400e-02
5.208999876479591951e-02
5.512628580652797344e-02
5.538480617011548590e-02
5.741369463027057307e-02
5.787868573834062391e-02
5.601958885432522378e-02
5.470247923812190938e-02
5.459449547843142625e-02
5.573417210377030334e-02
5.735687123750238953e-02
5.532725891580986266e-02
5.383176881074655529e-02
5.758346319388883000e-02
5.646860626819744100e-02
5.395764340073477827e-02
5.483821451437761313e-02
5.505524133655955582e-02
5.729481342320316695e-02
5.348311882076318274e-02
4.906945985501089819e-02
4.336077274020522232e-02
4.619726806027078109e-02
4.234879393832169381e-02
4.725205657990849684e-02
4.882428321738915833e-02
4.826375117665159670e-02
4.137540303123116159e-02
4.375210863766017949e-02
4.598338443787409330e-02
4.729214110016511513e-02
4.489754277152849943e-02
4.149106581181550429e-02
4.603075614140619137e-02
4.202879684870697297e-02
4.642782879293781001e-02
-4.637765187141292683e-02
-3.929240453498609315e-02
-3.963462692410175264e-02
-3.623289651183084215e-02
-3.396953898551992312e-02
-3.199024905341629754e-02
-3.118404242715202071e-02
-3.734910266292498088e-02
-3.814695772942851976e-02
-4.072528927522800490e-02
-4.288820275096155016e-02
-3.869097000441631268e-02
-3.878027993380610966e-02
-4.062453601692538746e-02
-4.409409402980374315e-02
-4.036015314622894146e-02
-4.143008945670167975e-02
-4.130324022105524157e-02
-3.986516854783510311e-02
-4.187768151357815216e-02
-4.261720161064827539e-02
-4.109978533523178656e-02
-3.842186751221995239e-02
-4.043512431085572595e-02
-3.870327985938917803e-02
-3.862414491266586564e-02
-4.213304558206745071e-02
-4.285546629242577982e-02
-4.269766987316559598e-02
-4.372638327011923315e-02
-4.244858546060754217e-02
-4.191257966788494715e-02
-4.177172396978869745e-02
-4.287756601132680645e-02
-4.329640221188426480e-02
-4.319620549328104242e-02
-4.444564001016432231e-02
-4.355201065661717247e-02
-4.664445966814852879e-02
-4.762638881573225819e-02
-4.923896293290574988e-02
-4.925678593696963814e-02
-4.854851421761396252e-02
-4.623810804768224703e-02
-4.846696239602732437e-02
-4.981317751164792557e-02
-5.124465894334509497e-02
-4.948486146674433567e-02
-5.206792161604923558e-02
-5.119322121629712313e-02
-5.149993140289712418e-02
-5.208086923271943586e-02
-4.738873787406287091e-02
-4.515031336843311482e-02
-4.579339442904639679e-02
-4.849167127051837167e-02
-4.809012500719345856e-02
-4.964057826207812774e-02
-5.117312015081692395e-02
-4.891264061490955412e-02
-4.723583039116643206e-02
-4.460539405963012682e-02
-4.870864372559208233e-02
-4.813609974958421578e-02
-4.615659841931415985e-02
-4.235635047241256834e-02
-3.448199386924497012e-02
3.362236376253355946e-02
4.130134702804604679e-02
4.060177262289247496e-02
3.701382186595802981e-02
3.768223981958067348e-02
3.983291686049345026e-02
3.762677873325857153e-02
3.776881839171140898e-02
3.649278957412774305e-02
3.720252823179025919e-02
3.828041107664734849e-02
3.968950454089131830e-02
4.097675721286560963e-02
4.445406968827857880e-02
4.333661874283776388e-02
4.055511307250847519e-02
4.261274965082843119e-02
4.339676317866763416e-02
4.528011929102872951e-02
4.006301409114445405e-02
4.250482181529858378e-02
4.096300311954964579e-02
3.856725510410292240e-02
3.821951033712536056e-02
3.631210259892699022e-02
3.690841287441538193e-02
4.183867697894421561e-02
4.141511650576261416e-02
4.348251112282788128e-02
4.630429526197118312e-02
4.916073640557099694e-02
4.516474978821358871e-02
4.345849846735595073e-02
4.270944007389918667e-02
4.303441546786338640e-02
4.153047435642182039e-02
4.234898429672357550e-02
4.432867287588997812e-02
4.278491306024820306e-02
4.464957711832497761e-02
4.347563059238796629e-02
4.437303708227924304e-02
4.122295639173320647e-02
4.248364741016030788e-02
4.300360589247977788e-02
4.275803707701018169e-02
4.092639628221445697e-02
4.205698311955785584e-02
3.992262847396101100e-02
3.771279954344423924e-02
3.754963983085720519e-02
4.026651356282692079e-02
4.216388626889013697e-02
4.195439679014991569e-02
4.204433418446632681e-02
3.984985454512229852e-02
4.688945957639167189e-02
5.028007203877279951e-02
4.845800273707621258e-02
5.118618565266313397e-02
4.984087992415489610e-02
5.443630066107194715e-02
5.516177517351759235e-02
5.312261689120508640e-02
5.112254326970688129e-02
4.590521309914415843e-02
4.780448232399810843e-02
4.996156009858256780e-02
4.882853262345521195e-02
5.047588679374748200e-02
5.248705787360358893e-02
5.063504914867671819e-02
5.260626016661065080e-02
5.559194105541725994e-02
5.551322004389536158e-02
5.891937578429461836e-02
5.538415350268131171e-02
-5.537367683482247865e-02
-5.041222642777409835e-02
-4.588162550015342095e-02
-4.141662025878799919e-02
-3.829868255243051162e-02
-3.830810511699687254e-02
-3.407129082799071479e-02
-3.074513393842026251e-02
-3.252716303540922893e-02
-3.317844071439823850e-02
-3.067518118406933544e-02
-2.886181922266541425e-02
-2.790157832944348271e-02
-2.831652173916415424e-02
-3.038856832357957061e-02
-2.968957872962307842e-02
-2.929515181810886382e-02
-2.992079030689019994e-02
-3.436438522818729968e-02
-3.741508759146830454e-02
-3.676627469430245737e-02
-3.871753073489772601e-02
-3.903634737956488548e-02
-3.843222293411598794e-02
-3.866650688703740513e-02
-4.046519954429277088e-02
-4.245714110414547382e-02
-4.174346265372100295e-02
-4.450410349758854994e-02
-4.343183264239416919e-02
-4.429279980078487666e-02
-4.119907436667571976e-02
-4.746381581019726986e-02
-4.752643793549441581e-02
-4.652086207725616290e-02
-4.753275313105184002e-02
-4.774986825939190466e-02
-4.898849434612901482e-02
-4.943258216287052531e-02
-4.802745457719310301e-02
-4.665700560425925514e-02
-4.697651352443041328e-02
-4.918029738875617785e-02
-4.745694330211801953e-02
-4.762864261140486305e-02
-4.858269847104456501e-02
-5.128814667505778718e-02
-5.269032345792420274e-02
-5.266480503114787104e-02
-5.166980719024170249e-02
-6.003384176984073034e-02
-5.273836034074739360e-02
-4.590381325307511112e-02
-4.404696341896343487e-02
-4.693629957145694503e-02
-4.175469970667872177e-02
-4.306855342415801674e-02
-4.221709036124774578e-02
-4.724008451097757438e-02
-4.394886535606035149e-02
-5.182133624730626137e-02
-5.283425949123821824e-02
-5.103521364474419841e-02
-4.601781491759129872e-02
4.559123619995946591e-02
5.003004818751511512e-02
4.752890341657928230e-02
5.241914761126916650e-02
5.260335059591603885e-02
5.387636029036995539e-02
5.251382804803205601e-02
5.212205770850938252e-02
4.994605223495138940e-02
4.816719077105192232e-02
4.401865854163805603e-02
4.391934646124492220e-02
4.514022598606400732e-02
3.965043554723684388e-02
3.851334113742500842e-02
3.713557610603056974e-02
3.664408815406054037e-02
3.758502933506826377e-02
3.939469500339024682e-02
4.176549732234281082e-02
4.150861475834378284e-02
4.057647497583957014e-02
4.103698983430417724e-02
4.190468168346300759e-02
3.853630495389113314e-02
4.294697098486221359e-02
4.100340276628375996e-02
4.091697149727026306e-02
3.836688631101849156e-02
4.004923098187346958e-02
4.155131877118621586e-02
3.964046153950324947e-02
4.113356346535019387e-02
4.410901208973357773e-02
4.578936276209762818e-02
4.357510183838993884e-02
4.354342978540141212e-02
4.452077791345868119e-02
4.595957212474429537e-02
4.705176069991479776e-02
4.529951897684006412e-02
4.602316531410432371e-02
4.499291751307374354e-02
4.666693600732705477e-02
4.607345022755653802e-02
5.057695822694512761e-02
5.439956359369931688e-02
5.223370260075601429e-02
5.341209074172939553e-02
5.708323529441711869e-02
5.481647110071884849e-02
5.652945130287605896e-02
5.986359974314269666e-02
6.012418326732524299e-02
6.075749455924390335e-02
6.503526788288511995e-02
6.618532135496943414e-02
6.882310379581357829e-02
7.143307753135412497e-02
7.082440631235363548e-02
7.134934891326136230e-02
6.866320619518510859e-02
6.348226322617631090e-02
6.416801834034524532e-02
6.164650777062416487e-02
6.090677255405620855e-02
6.043707760886753849e-02
5.745327458663217896e-02
5.933258804604197439e-02
5.851273217951682981e-02
6.110795899635033251e-02
6.151054375283443454e-02
5.891132324031595618e-02
5.883566591281284147e-02
6.088800036937495191e-02
6.227410984586229103e-02
5.812065777150063339e-02
-5.572880734865234831e-02
-5.222478897664763892e-02
-5.387722506705922704e-02
-5.203569526826937880e-02
-4.916287236754290219e-02
-4.897410868526066302e-02
-5.028565313796414665e-02
-5.118515956754818991e-02
-5.900152074353231385e-02
-5.878830819823007564e-02
-5.159071277127125210e-02
-5.133193671694406129e-02
-5.273682970567216549e-02
-5.547787213297772357e-02
-5.513003508991275864e-02
-5.445339402797768485e-02
-6.092637202319706180e-02
-5.990217576159995172e-02
-5.866790316504929409e-02
-5.956033136754867313e-02
-5.234984048308596871e-02
-4.924043147311860796e-02
-4.785107931941274401e-02
-4.943101779515269439e-02
-4.473286296091374264e-02
-4.425936652804899479e-02
-4.741470252425972198e-02
-4.629189470465863709e-02
-4.881441144703155266e-02
-4.831042834763595722e-02
-4.911920195174687004e-02
-5.275341573603035267e-02
-5.551586239881064339e-02
-5.755229834967739294e-02
-5.871098707844939896e-02
-5.949526352715355654e-02
-5.725182609313349963e-02
-5.880488942504991101e-02
-6.060904417220513291e-02
-5.416497056389412562e-02
-5.242812114419518471e-02
-4.460710534121448134e-02
-4.561864825324254274e-02
-4.288374649979932035e-02
-4.030033424566777794e-02
-3.951557124568775420e-02
-4.124397542542367762e-02
-4.257350587101360606e-02
-4.279583058332011442e-02
-4.355036143604881782e-02
-4.292502237590290620e-02
-4.270251760931798035e-02
-4.531669421007295667e-02
-4.212521513528366679e-02
-3.981586657930926559e-02
-4.160264573127464560e-02
-3.928634918669022397e-02
3.905046897759392038e-02
4.148507275695275526e-02
3.802927041754419063e-02
3.485963827023638023e-02
3.155755426076868597e-02
3.537177735367253578e-02
3.390303589321131544e-02
3.479128933973365395e-02
3.314935292578243681e-02
3.524742152405448831e-02
3.805967191698072377e-02
3.892257284564521608e-02
4.200102997838086466e-02
3.932589309450660459e-02
3.837883148353413848e-02
3.891023311327891643e-02
4.251017612323685496e-02
4.618223857157465612e-02
4.865937054667480305e-02
4.965950905682831040e-02
5.150148611529605652e-02
5.201261057749767547e-02
5.001895535700327106e-02
4.812804364811248958e-02
4.981917369351523267e-02
5.012811007054793211e-02
5.030450071244821353e-02
5.030359786947666972e-02
4.757447560833625438e-02
4.808116018389377300e-02
4.868044344281603070e-02
4.967606372449429736e-02
4.860370642064795743e-02
4.786578132633025756e-02
4.616999975901658892e-02
4.433466976533090992e-02
4.486910891481457608e-02
4.505705591370456897e-02
4.566797571460296662e-02
4.784496834056738840e-02
4.671495352593680456e-02
4.542865896266060077e-02
4.391213334833048848e-02
4.505950945882683523e-02
4.372636400128515621e-02
5.078931155662674835e-02
5.228139148219364957e-02
5.301500696659613987e-02
5.342962695724526312e-02
5.293619665875487490e-02
5.149106623642846214e-02
4.853787694230716349e-02
4.794280203568043047e-02
4.735900088314292516e-02
4.558179271571316526e-02
4.413379796273852324e-02
4.487905602999580496e-02
4.674863922247832898e-02
4.446054393117338660e-02
4.281584299089896684e-02
4.166561792003086601e-02
4.236093772403761587e-02
4.439326587696393323e-02
4.858299711984672559e-02
5.521658228206784841e-02
5.151162950984693872e-02
5.516678293228010482e-02
5.505565260305267383e-02
5.389286090877153795e-02
6.029073547506260539e-02
7.121430966931376061e-02
7.031963125793477820e-02
7.059307560155438088e-02
7.009756045443252259e-02
-6.854544001198244196e-02
-6.914623180738758979e-02
-6.747952031228711400e-02
-6.697226265729049055e-02
-6.595922704351470101e-02
-6.572825807387462638e-02
-6.107076947754702667e-02
-6.125299610658943572e-02
-6.151959872732829654e-02
-5.967411843303169899e-02
-6.269399692950780589e-02
-6.315311278872672018e-02
-5.766319539000860223e-02
-5.710117681862514338e-02
-5.951260671900931304e-02
-5.910998894074036974e-02
-5.809985382909624296e-02
-5.743660898991802960e-02
-5.890831437152684730e-02
-5.260604306358684923e-02
-5.787277596606782426e-02
-5.617122440088038321e-02
-5.695000271250563045e-02
-5.697854418051061937e-02
-5.457101240022193406e-02
-5.168482844348839395e-02
-5.324837736903430957e-02
-5.717242596564898333e-02
-5.485871868125984790e-02
-5.373476312201373034e-02
-5.468769881577664055e-02
-5.801715474121094118e-02
-6.216598177173290884e-02
-5.865167727169400685e-02
-5.856620161469461294e-02
-5.912077972993304287e-02
-5.645667210568575817e-02
-5.435748149414498798e-02
-5.308761886921842948e-02
-5.261154564066077705e-02
-5.525039441197385215e-02
-5.577065360980874159e-02
-5.543894509165098183e-02
-5.513115453424435874e-02
-5.373722181858680419e-02
-5.264920346446758798e-02
-5.267810736839095842e-02
-4.996585748007795896e-02
-5.011088700831783926e-02
-5.010570402301511156e-02
-4.513807822096579242e-02
-4.279209809096278655e-02
-4.171731112638237676e-02
-4.172768222446993081e-02
-4.106769860761631113e-02
-4.002429977419622725e-02
-4.439729362542788049e-02
-4.561429023335102778e-02
-4.315509714463739571e-02
-4.200257836345641649e-02
-4.254596737964892045e-02
-3.881013994453085675e-02
-3.476468632120494756e-02
3.455799214416209464e-02
3.576026606816470194e-02
3.532285683753096789e-02
3.839023547502415368e-02
3.890394816860812816e-02
3.729913176709568484e-02
3.658636930325786379e-02
3.484069009974242320e-02
3.640978138212450782e-02
3.777245844053658125e-02
4.129991855303600384e-02
4.210129539381058522e-02
4.193499779320994381e-02
3.893664619704218649e-02
4.030287188065947990e-02
4.023052460124389856e-02
3.986825330382998828e-02
3.782479423628632570e-02
4.424959355477203760e-02
4.244105535003876023e-02
3.802342533049877377e-02
3.993304855532407716e-02
4.106683394046749952e-02
4.406705824359771762e-02
4.373009272275943382e-02
4.575727170391027943e-02
4.373237968556192151e-02
4.230493963120091766e-02
4.173313652572387816e-02
4.140338114172047862e-02
4.561668374041030066e-02
4.780799308327177144e-02
4.553652432751926354e-02
4.756743632458238641e-02
4.605975383980037002e-02
4.410170152459311210e-02
4.516163668454258734e-02
4.510459480466593590e-02
4.426231646300492900e-02
4.441405892130858429e-02
4.622961596763747183e-02
4.367757194260769166e-02
4.447805109220245856e-02
5.028688214456738387e-02
5.220653338399083854e-02
5.155999953267322716e-02
5.621045484963627104e-02
5.332967720549843665e-02
5.354951271951119418e-02
5.065391991087359741e-02
5.188238302460661949e-02
5.387734756637430761e-02
5.194243329128186981e-02
5.367916662781266335e-02
5.321170335436161553e-02
5.328069825469649440e-02
5.474417534981576572e-02
4.955788836027034266e-02
4.663168903628123890e-02
4.747743296546328567e-02
4.903329809759069541e-02
4.734851993875584947e-02
4.651587405075068710e-02
4.714365669228531841e-02
5.123018814397394677e-02
5.275313077823851754e-02
4.948405222023932043e-02
4.951292497032760281e-02
5.005165435375605321e-02
4.681205669637693995e-02
4.769008284581934681e-02
4.076613955427448033e-02
4.323434916578164366e-02
4.473349739338269154e-02
4.743374390881440611e-02
4.955053603656958683e-02
-5.360069720299514423e-02
-5.205964982501176674e-02
-5.403988550934420848e-02
-5.146817938165233058e-02
-5.205088996092724352e-02
-4.985642244104398352e-02
-5.108028255346207941e-02
-5.014313434526384422e-02
-5.144344338630083002e-02
-5.318489141162847239e-02
-4.973057138541486788e-02
-5.133643044013977419e-02
-4.956183070839100674e-02
-5.220625643269258265e-02
-5.020649902446334273e-02
-4.554853634858369027e-02
-4.213314602646291845e-02
-4.393361425181192131e-02
-4.729755181598815916e-02
-4.851445301842799429e-02
-4.766475955415078875e-02
-4.729472491504576465e-02
-4.971739127322694074e-02
-5.516262805727740332e-02
-4.851864769923753401e-02
-5.074240312075798537e-02
-5.097479114960942748e-02
-5.188091184133222095e-02
-5.364573816440355164e-02
-5.295991938424644135e-02
-5.038533791979358384e-02
-5.170746134040127978e-02
-5.127974962352727095e-02
-4.959703054394039995e-02
-4.881473598165286809e-02
-4.799105554541208130e-02
-5.003281206740829018e-02
-5.416593828544080669e-02
-5.588425054128704633e-02
-5.571546858145385445e-02
-5.524296749433816461e-02
-5.498182691903302083e-02
-5.646577229200119841e-02
-5.242207366610001501e-02
-5.067846635714881587e-02
-5.104564710701096214e-02
-5.183147881143828489e-02
-4.807217595045082392e-02
-5.263194673985675115e-02
-5.622006722512850468e-02
-5.602404027430565175e-02
-5.594150454272760892e-02
-5.080858091160884299e-02
-5.020031695007015626e-02
-4.709112337978177409e-02
-4.867043298086209252e-02
-4.755883908760485251e-02
-4.374058612312125421e-02
-4.580336251058927249e-02
-4.397404796906068114e-02
-4.485785983875292815e-02
-4.152079470052295190e-02
-3.747162366630382713e-02
-3.724527822826816797e-02
-3.652501338418869675e-02
-3.747773739101906143e-02
-3.066980563650633859e-02
-3.315158521934154223e-02
-3.166763204035023122e-02
-3.372780157411674196e-02
-4.056197338413192882e-02
3.788282229823669578e-02
3.752321509918984249e-02
3.426884169834676364e-02
2.630129525595467990e-02
2.681722391008053638e-02
2.851501036331896208e-02
2.777349181891098154e-02
2.834119432337353292e-02
3.019128203036283709e-02
3.218164516709717121e-02
3.301310430417959269e-02
3.298482530031802279e-02
3.436973971606045730e-02
3.594192453243619939e-02
3.607698005831957988e-02
3.682594424455511856e-02
3.279481398030237999e-02
3.565977347283073862e-02
3.563678136938348145e-02
3.968271632902922036e-02
4.236215234040695971e-02
4.441132443927964940e-02
4.519493047368765976e-02
4.692805980147021078e-02
4.569849177365425952e-02
4.676340905626730216e-02
4.597697399043950556e-02
4.998810748443525270e-02
4.913409935263729489e-02
4.964900082880201876e-02
5.161511817509389921e-02
5.009937887034299209e-02
5.187952519447155270e-02
5.470299601628673264e-02
5.861367515526375027e-02
5.797864400291516396e-02
5.829512427604290753e-02
5.866753694224174226e-02
5.427491359880911442e-02
5.474904695337062116e-02
5.426379861830692847e-02
5.290373419671909327e-02
5.133761435806216689e-02
5.115667690438893689e-02
5.418163118538180806e-02
5.804319285834161346e-02
5.503717113608342509e-02
5.610135634831676238e-02
5.800135783392116468e-02
5.825878499744995692e-02
5.755486692778073038e-02
5.871702408564535847e-02
5.889534855276374464e-02
6.038879965198658967e-02
5.930675648275068879e-02
5.816902943991802966e-02
5.839228626452398069e-02
6.061189506121219400e-02
6.202661229928981695e-02
5.901332212733511468e-02
5.686066041625836148e-02
6.077764871343241393e-02
5.826856081923807024e-02
5.755650628637623556e-02
5.806045642483259606e-02
6.215718363317154077e-02
6.093183767535240158e-02
6.067437838720116106e-02
5.604963922153360922e-02
6.040383872742228349e-02
5.872422250133692984e-02
5.802828630721379444e-02
5.430172991006229632e-02
5.402674631035578323e-02
5.643301655305851122e-02
5.289599527876987645e-02
5.307191870873329692e-02
5.162401049355619387e-02
4.936812275770204733e-02
5.364751357804772164e-02
5.516457503697916320e-02
5.713839726434095240e-02
-5.872983690519441996e-02
-5.751014681660662764e-02
-5.619677091842698730e-02
-5.772440609910670095e-02
-5.080989362910005164e-02
-5.228965617553487516e-02
-4.917753245043199328e-02
-5.177532038755581351e-02
-4.833500221215687037e-02
-5.008811826078287538e-02
-4.877910361277828372e-02
-5.117168556375454452e-02
-5.016942456960115510e-02
-4.714966538730706175e-02
-4.888548884225163427e-02
-4.981005478524349467e-02
-4.937609431936585552e-02
-4.773757776358578814e-02
-4.898825520095417135e-02
-4.724881000452049729e-02
-4.657132640194037304e-02
-4.689983107559375641e-02
-4.832256159876211626e-02
-4.773748710387595157e-02
-4.353649402892664083e-02
-4.308815624528767457e-02
-4.413968601322232344e-02
-4.319972055749399936e-02
-4.446626994425893070e-02
-4.571876783308808506e-02
-4.544801848961482066e-02
-4.645305467862004267e-02
-4.250406750845456966e-02
-4.274501334832649796e-02
-4.037958718060951496e-02
-4.136292800726738134e-02
-3.964711503197734105e-02
-4.044300355264710684e-02
-4.076821902991102642e-02
-4.111730621673354708e-02
-4.131305758220386176e-02
-3.907798505274764911e-02
-3.880387622555023230e-02
-4.003935819779932959e-02
-3.996425385343908149e-02
-4.259041049208900365e-02
-4.172923935944764656e-02
-4.191267116504133333e-02
-4.478077305286709553e-02
-4.435601418847088390e-02
-4.658136254967440437e-02
-4.473684216875557090e-02
-3.929548108779949006e-02
-3.376682552656243980e-02
-3.194818191010947994e-02
-2.795519416952379696e-02
-2.968509227444891471e-02
-3.334045198670542581e-02
-3.335524383834808509e-02
-3.465730825424817585e-02
-3.629312955559385601e-02
-3.780961116838513908e-02
-3.929435632691532371e-02
-3.869018362751883849e-02
-4.103106903841785558e-02
-3.921349899734272865e-02
-3.603768844663945287e-02
-3.740400742164096126e-02
-3.111459151618771804e-02
-3.116360159498726343e-02
3.267857266832915192e-02
3.143457654104314658e-02
3.371341000027108792e-02
3.460737709801530587e-02
3.048670397800632911e-02
3.157232449050812600e-02
2.930401719011214642e-02
3.365669826726375852e-02
3.699045749841178843e-02
3.702668514008016637e-02
3.841642455052290961e-02
3.864828151546475382e-02
3.911032085396557584e-02
4.014724522912974797e-02
3.594331367306253383e-02
4.124000992138507349e-02
4.568931748534257875e-02
4.799046377499455174e-02
4.849631721385410515e-02
5.222403883662716378e-02
5.334169348858645160e-02
5.415209965984435492e-02
5.355143402057539054e-02
5.159140361230523525e-02
5.493616222823986123e-02
5.798661561498650446e-02
5.643274982945672286e-02
4.979420134052056635e-02
4.920972500880235051e-02
4.985123913514496324e-02
5.212134705888398639e-02
5.030268734501683325e-02
5.202079584029750681e-02
5.235641042566119979e-02
5.585671705440195534e-02
5.510359160704694087e-02
5.617639892771082027e-02
5.736029904528369694e-02
5.650134559460981420e-02
5.504414672546890236e-02
6.075494306873382294e-02
6.485550577086043877e-02
6.600329433737833762e-02
6.394054723686155850e-02
6.558046299885479657e-02
6.466656491556137254e-02
6.758922132509363745e-02
6.994291780896931543e-02
6.905339855961327433e-02
7.031014383071991503e-02
6.778550501719173005e-02
6.809659095759056091e-02
6.562355917149433060e-02
6.286045549367630381e-02
6.411005710513627276e-02
6.306474824009140889e-02
6.329935372048360598e-02
6.172091445371960527e-02
6.332738184172699569e-02
6.444126945157008235e-02
6.174235453676304997e-02
5.978132083557305410e-02
5.339548895936471751e-02
5.263630157289305583e-02
5.262676425991602569e-02
5.134050669587605226e-02
5.187071250191793714e-02
5.205300725917221677e-02
4.886077060594853916e-02
4.996056916337211079e-02
5.202854127368865961e-02
4.985752507469421585e-02
5.294833019213238123e-02
5.198024930437356722e-02
5.149652492583542407e-02
5.039164917119983572e-02
5.099880549034364191e-02
5.091867799184807836e-02
4.979280429094220389e-02
-5.222493583554366214e-02
-5.248323107519495268e-02
-5.381568267411670353e-02
-4.729497209812878050e-02
-4.824137561990497064e-02
-4.913225342947363794e-02
-4.448875799931428787e-02
-4.427558796567334504e-02
-4.334786747498080989e-02
-3.687581385513812038e-02
-3.636005044925120361e-02
-3.730648452409347088e-02
-3.852071645278284939e-02
-3.841237731985144149e-02
-3.735858846250935533e-02
-3.607532335660763173e-02
-3.584898081574531409e-02
-3.677661295701822181e-02
-3.607246549211560321e-02
-3.787626660523525646e-02
-3.718652945711826280e-02
-4.111653819305207541e-02
-4.015007933249104682e-02
-3.944976177464337014e-02
-4.435586844548903424e-02
-4.749317404317554558e-02
-4.521369616259917484e-02
-4.379606024504947848e-02
-3.996580870002926916e-02
-3.934727251868857384e-02
-4.013048633054557002e-02
-4.400670242732600962e-02
-4.634979200247780345e-02
-4.760472358439437474e-02
-4.473257460364671312e-02
-4.204724366602524688e-02
-4.122268102495731806e-02
-4.047769155289287352e-02
-4.001378505965298010e-02
-3.762736881047817200e-02
-3.473787566276323457e-02
-3.598754116802319047e-02
-3.429887595927510330e-02
-3.598292582780480975e-02
-3.712575072904863299e-02
-3.653842944442332180e-02
-3.373583186444626542e-02
-3.410425714152706678e-02
-3.176549077910294921e-02
-2.805406726451844732e-02
-2.694095467490012843e-02
-3.089367659736780639e-02
-2.717031219528572017e-02
-2.854115263612955547e-02
-2.976783768869467259e-02
-3.174378209716859078e-02
-3.290361126503763695e-02
-2.809760027020519191e-02
-2.810766854179936117e-02
-3.069829993603367599e-02
-3.176283812249148381e-02
-3.271613411251867581e-02
-3.210982934171002084e-02
-3.058219462677794209e-02
-3.114617839831540849e-02
-2.979324478888509611e-02
-3.060872820705468414e-02
-3.286486981492297427e-02
2.544866561456075524e-02
2.703888770993303700e-02
2.876435765317653451e-02
2.865659699234586466e-02
3.084345310602467846e-02
3.178192377802555035e-02
3.227043598436984267e-02
3.274671876015006200e-02
3.510809750310412564e-02
3.762755819430952525e-02
4.403872320892265185e-02
4.132946788963742790e-02
4.303293325197975888e-02
4.474655546055459482e-02
4.361292363787763748e-02
4.994297878816794656e-02
5.131126484300488344e-02
5.420869982200582360e-02
5.323745879549884180e-02
5.726706514764223765e-02
5.937542124426830464e-02
6.115214458055587277e-02
5.908893659895891187e-02
5.812288431700815550e-02
5.961575927587658280e-02
6.070672134652427276e-02
5.945208089445419564e-02
5.783684432386051316e-02
6.122434870171809124e-02
5.986631744386462090e-02
6.489938788509402867e-02
6.469255208825643033e-02
6.324722956741256341e-02
6.037847948199670522e-02
6.102175816081876342e-02
5.960425501060911957e-02
6.141115698435334336e-02
6.236722535312136384e-02
6.320971252182712441e-02
6.429704503893717005e-02
6.763342171258196478e-02
6.697888907619652110e-02
6.779301687447639169e-02
6.952343384579377783e-02
6.815434192196039020e-02
6.818094068948911401e-02
6.805704737873506660e-02
6.863247818073602013e-02
7.113526938989313264e-02
6.602808439493763892e-02
6.419645437643836661e-02
6.192029537050538351e-02
6.308546934213886404e-02
6.182858000450505709e-02
5.790539591111375922e-02
5.598983688342038662e-02
5.539015753804507614e-02
5.904044764743598267e-02
5.770113146907077106e-02
5.800494530991615050e-02
5.919892138456735869e-02
6.328256455012572224e-02
6.385722776029230385e-02
6.411263324977090061e-02
6.477977139121468553e-02
6.403723005116589151e-02
6.739370014993210922e-02
6.639803918030565133e-02
6.519311814258892113e-02
6.505408343738280919e-02
6.383985199382692655e-02
6.121167821953615168e-02
6.414090778487732680e-02
6.398367401903079510e-02
6.173733546292946989e-02
6.305766067763442229e-02
6.160437793213126983e-02
5.763313368793534369e-02
5.763754810881668161e-02
5.577717644510112732e-02
5.824990205490267886e-02
5.531893143064161439e-02
4.947021315844582490e-02
4.883093538654789678e-02
-4.437091656720824201e-02
-4.542559942139356988e-02
-4.524735571775687082e-02
-4.445445887887373299e-02
-4.474219992400920581e-02
-4.439190866876547431e-02
-4.150790359172623623e-02
-4.411995219481067848e-02
-4.074748695295901668e-02
-4.123318350671023591e-02
-4.249683569696174196e-02
-3.795998454745459771e-02
-4.011469299118966547e-02
-4.033106638762370272e-02
-3.989727562270000555e-02
-3.749596812929115869e-02
-3.668078449410534098e-02
-3.483959557202617741e-02
-3.354277260646947034e-02
-3.634541740663292664e-02
