1.000000000000000000e+00
9.293177465630974021e-01
7.788230420153688938e-01
5.696440540358197469e-01
3.667446302773340050e-01
1.783706928110217471e-01
8.645434299802486067e-02
4.004640518567708501e-02
2.064033690592394568e-02
2.064033690592394568e-02
2.064033690592394568e-02
2.064033690592394568e-02
2.064033690592394568e-02
2.064033690592394568e-02
2.064033690592394568e-02
2.064033690592394568e-02
2.064033690592394568e-02
2.064033690592394568e-02
2.064033690592394568e-02
2.064033690592394568e-02
2.064033690592394568e-02
2.064033690592394568e-02
2.064033690592394568e-02
2.064033690592394568e-02
2.064033690592394568e-02
2.064033690592394568e-02
2.064033690592394568e-02
2.064033690592394568e-02
2.064033690592394568e-02
2.064033690592394568e-02
2.064033690592394568e-02
2.064033690592394568e-02
2.064033690592394568e-02
2.064033690592394568e-02
2.064033690592394568e-02
2.064033690592394568e-02
2.064033690592394568e-02
2.064033690592394568e-02
2.064033690592394568e-02
2.064033690592394568e-02
2.064033690592394568e-02
2.064033690592394568e-02
2.064033690592394568e-02
2.064033690592394568e-02
2.064033690592394568e-02
2.064033690592394568e-02
2.064033690592394568e-02
2.064033690592394568e-02
2.064033690592394568e-02
2.064033690592394568e-02
2.064033690592394568e-02
2.064033690592394568e-02
2.064033690592394568e-02
2.064033690592394568e-02
2.064033690592394568e-02
2.064033690592394568e-02
2.064033690592394568e-02
2.064033690592394568e-02
2.064033690592394568e-02
2.064033690592394568e-02
2.064033690592394568e-02
2.064033690592394568e-02
2.064033690592394568e-02
2.064033690592394568e-02
2.064033690592394568e-02
2.064033690592394568e-02
2.064033690592394568e-02
2.064033690592394568e-02
2.064033690592394568e-02
2.064033690592394568e-02
2.064033690592394568e-02
2.064033690592394568e-02
2.064033690592394568e-02
2.064033690592394568e-02
2.064033690592394568e-02
2.064033690592394568e-02
2.064033690592394568e-02
2.064033690592394568e-02
2.064033690592394568e-02
2.064033690592394568e-02
2.064033690592394568e-02
2.064033690592394568e-02
2.064033690592394568e-02
2.064033690592394568e-02
2.064033690592394568e-02
2.064033690592394568e-02
2.064033690592394568e-02
2.064033690592394568e-02
2.064033690592394568e-02
2.064033690592394568e-02
2.064033690592394568e-02
2.064033690592394568e-02
2.064033690592394568e-02
2.064033690592394568e-02
2.064033690592394568e-02
2.064033690592394568e-02
2.064033690592394568e-02
2.064033690592394568e-02
2.064033690592394568e-02
2.064033690592394568e-02
2.064033690592394568e-02
2.064033690592394568e-02
2.064033690592394568e-02
2.064033690592394568e-02
2.064033690592394568e-02
2.064033690592394568e-02
2.064033690592394568e-02
2.064033690592394568e-02
2.064033690592394568e-02
2.064033690592394568e-02
2.064033690592394568e-02
2.064033690592394568e-02
2.064033690592394568e-02
2.064033690592394568e-02
2.064033690592394568e-02
2.064033690592394568e-02
2.064033690592394568e-02
2.064033690592394568e-02
2.064033690592394568e-02
2.064033690592394568e-02
2.064033690592394568e-02
2.064033690592394568e-02
2.064033690592394568e-02
2.064033690592394568e-02
2.064033690592394568e-02
2.064033690592394568e-02
2.064033690592394568e-02
2.064033690592394568e-02
2.064033690592394568e-02
2.064033690592394568e-02
2.064033690592394568e-02
2.064033690592394568e-02
2.064033690592394568e-02
2.064033690592394568e-02
2.064033690592394568e-02
2.064033690592394568e-02
2.064033690592394568e-02
2.064033690592394568e-02
2.064033690592394568e-02
2.064033690592394568e-02
2.064033690592394568e-02
2.064033690592394568e-02
2.064033690592394568e-02
2.064033690592394568e-02
2.064033690592394568e-02
2.064033690592394568e-02
2.064033690592394568e-02
2.064033690592394568e-02
2.064033690592394568e-02
2.064033690592394568e-02
2.064033690592394568e-02
2.064033690592394568e-02
2.064033690592394568e-02
2.064033690592394568e-02
2.064033690592394568e-02
2.064033690592394568e-02
2.064033690592394568e-02
2.064033690592394568e-02
2.064033690592394568e-02
2.064033690592394568e-02
2.064033690592394568e-02
2.064033690592394568e-02
2.064033690592394568e-02
2.064033690592394568e-02
2.064033690592394568e-02
2.064033690592394568e-02
2.064033690592394568e-02
2.064033690592394568e-02
2.064033690592394568e-02
2.064033690592394568e-02
2.064033690592394568e-02
2.064033690592394568e-02
2.064033690592394568e-02
2.064033690592394568e-02
2.064033690592394568e-02
2.064033690592394568e-02
2.064033690592394568e-02
2.064033690592394568e-02
2.064033690592394568e-02
2.064033690592394568e-02
2.064033690592394568e-02
2.064033690592394568e-02
2.064033690592394568e-02
2.064033690592394568e-02
2.064033690592394568e-02
2.064033690592394568e-02
2.064033690592394568e-02
2.064033690592394568e-02
2.064033690592394568e-02
2.064033690592394568e-02
2.064033690592394568e-02
2.064033690592394568e-02
2.064033690592394568e-02
2.064033690592394568e-02
2.064033690592394568e-02
2.064033690592394568e-02
2.064033690592394568e-02
2.064033690592394568e-02
2.064033690592394568e-02
2.064033690592394568e-02
2.064033690592394568e-02
2.064033690592394568e-02
2.064033690592394568e-02
2.064033690592394568e-02
2.064033690592394568e-02
2.064033690592394568e-02
2.064033690592394568e-02
2.064033690592394568e-02
2.064033690592394568e-02
2.064033690592394568e-02
2.064033690592394568e-02
2.064033690592394568e-02
2.064033690592394568e-02
2.064033690592394568e-02
2.064033690592394568e-02
2.064033690592394568e-02
2.064033690592394568e-02
2.064033690592394568e-02
2.064033690592394568e-02
2.064033690592394568e-02
2.064033690592394568e-02
2.064033690592394568e-02
2.064033690592394568e-02
2.064033690592394568e-02
2.064033690592394568e-02
2.064033690592394568e-02
2.064033690592394568e-02
2.064033690592394568e-02
2.064033690592394568e-02
2.064033690592394568e-02
2.064033690592394568e-02
2.064033690592394568e-02
2.064033690592394568e-02
2.064033690592394568e-02
2.064033690592394568e-02
2.064033690592394568e-02
2.064033690592394568e-02
2.064033690592394568e-02
2.064033690592394568e-02
2.064033690592394568e-02
2.064033690592394568e-02
2.064033690592394568e-02
2.064033690592394568e-02
2.064033690592394568e-02
2.064033690592394568e-02
2.064033690592394568e-02
2.064033690592394568e-02
2.064033690592394568e-02
2.064033690592394568e-02
2.064033690592394568e-02
