1.000000000000000000e+00
1.000000000000000000e+00
1.000000000000000000e+00
1.000000000000000000e+00
1.000000000000000000e+00
1.000000000000000000e+00
1.000000000000000000e+00
1.000000000000000000e+00
1.000000000000000000e+00
1.000000000000000000e+00
1.000000000000000000e+00
1.000000000000000000e+00
9.915919129126548048e-01
9.915919129126548048e-01
9.915919129126548048e-01
9.847238829597063647e-01
9.594467764557824685e-01
9.356691850993903437e-01
9.244053344411562456e-01
9.033832752138347688e-01
8.781190110879754096e-01
8.542628712486526332e-01
8.266638653183012719e-01
7.874990597054671859e-01
7.790716159721607914e-01
7.509889822770169365e-01
7.161854356084892403e-01
6.904456016409002972e-01
6.724669742732880540e-01
6.449445073735138312e-01
6.315958787067962321e-01
5.866437919032168047e-01
5.553632571337102641e-01
5.342318168577649962e-01
5.077635314312093362e-01
4.851100351812890898e-01
4.602475627388978308e-01
4.442640605406362186e-01
4.207580583370335581e-01
3.977984635214276699e-01
3.804677137855497771e-01
3.659909658502104590e-01
3.448251594774888185e-01
3.195018281423327444e-01
3.059795170464249536e-01
2.949748981901798572e-01
2.885118721702772393e-01
2.737565258942749047e-01
2.573176713015119521e-01
2.472296856707976442e-01
2.412518548762731252e-01
2.379090967912207422e-01
2.341143020146020937e-01
2.229134669752939890e-01
2.119782445672868387e-01
2.029746964939138087e-01
1.959212442075823069e-01
1.907334469780486708e-01
1.856138177130051414e-01
1.818306044388235954e-01
1.759834771750861393e-01
1.743678053219572255e-01
1.699680672700990269e-01
1.652991684424013341e-01
1.591148664421024039e-01
1.576088733675573561e-01
1.546249182573191383e-01
1.502220861412156272e-01
1.473242290610219107e-01
1.459048869924162439e-01
1.416949589279331290e-01
1.375283184277451831e-01
1.270392878590708707e-01
1.256969421189018110e-01
1.230255917591808745e-01
1.191070356341618758e-01
1.150402959306064538e-01
1.091462896473337357e-01
1.078810847248702909e-01
1.066362540038736512e-01
1.041891791636968823e-01
1.041891791636968823e-01
9.938507287234171761e-02
9.702309019234797716e-02
9.702309019234797716e-02
9.702309019234797716e-02
9.244193476326474646e-02
9.131480266182197270e-02
8.907127767542592778e-02
8.686678505579617515e-02
7.903101791559555278e-02
7.795091785011028229e-02
7.474394519465289710e-02
7.157670116047328002e-02
7.053297417827364413e-02
6.847106353623681751e-02
6.642094377640661573e-02
6.642094377640661573e-02
6.770307228169061831e-02
6.817761635031245604e-02
6.719291034435605214e-02
6.719291034435605214e-02
6.719291034435605214e-02
6.719291034435605214e-02
6.435731507685377162e-02
6.435731507685377162e-02
6.343113410255574180e-02
6.491071213576718457e-02
6.400265168781216207e-02
6.130041727502220927e-02
6.040929224939096953e-02
5.952331955476738296e-02
5.864844424778511978e-02
5.690911304725553010e-02
5.604667862993115840e-02
5.519443168882870454e-02
5.350178355227415417e-02
5.266246649003087504e-02
5.182833577793912599e-02
5.364319485467779203e-02
5.364319485467779203e-02
5.364319485467779203e-02
5.283838783430983704e-02
5.283838783430983704e-02
5.283838783430983704e-02
5.283838783430983704e-02
5.128392916627756704e-02
4.820070803431877882e-02
4.820070803431877882e-02
4.820070803431877882e-02
4.744596681440362007e-02
4.670005972718959536e-02
4.595829331010554269e-02
4.146356869946171003e-02
4.000061536079161512e-02
3.927534416338705064e-02
3.855469495067811309e-02
3.855469495067811309e-02
3.855469495067811309e-02
3.855469495067811309e-02
3.733378375298692514e-02
3.594521426038906065e-02
3.594521426038906065e-02
3.594521426038906065e-02
3.594521426038906065e-02
3.594521426038906065e-02
3.527496972004317416e-02
3.346011064330450119e-02
3.279716157263398713e-02
3.214077835997128374e-02
3.148733199606861682e-02
3.148733199606861682e-02
3.084443092606681605e-02
2.978468533125824477e-02
2.914870998178091185e-02
2.914870998178091185e-02
2.852072447310496570e-02
2.852072447310496570e-02
2.852072447310496570e-02
2.852072447310496570e-02
2.852072447310496570e-02
2.852072447310496570e-02
2.791650000196939027e-02
2.791650000196939027e-02
2.731977135563694661e-02
2.731977135563694661e-02
2.731977135563694661e-02
2.731977135563694661e-02
2.731977135563694661e-02
2.674214532969975550e-02
2.616695094450395553e-02
2.559517378716448868e-02
2.502566566390667518e-02
2.445843160303749417e-02
2.445843160303749417e-02
2.445843160303749417e-02
2.445843160303749417e-02
2.100682033935626775e-02
2.100682033935626775e-02
2.100682033935626775e-02
2.046275803711908661e-02
2.046275803711908661e-02
1.992517019560767141e-02
1.992517019560767141e-02
1.939381205002384256e-02
1.939381205002384256e-02
1.981302067892945842e-02
1.928838121417811649e-02
1.928838121417811649e-02
1.825395806819996025e-02
1.825395806819996025e-02
1.825395806819996025e-02
1.825395806819996025e-02
1.825395806819996025e-02
1.825395806819996025e-02
1.825395806819996025e-02
1.825395806819996025e-02
1.825395806819996025e-02
1.825395806819996025e-02
1.776355282973219804e-02
1.776355282973219804e-02
1.776355282973219804e-02
1.776355282973219804e-02
1.776355282973219804e-02
1.776355282973219804e-02
1.776355282973219804e-02
1.681410166450546598e-02
1.681410166450546598e-02
1.681410166450546598e-02
1.681410166450546598e-02
1.681410166450546598e-02
1.634989355758152338e-02
1.634989355758152338e-02
1.589181747318976420e-02
1.589181747318976420e-02
1.589181747318976420e-02
1.589181747318976420e-02
1.544220462054611727e-02
1.621477966151875505e-02
1.621477966151875505e-02
1.621477966151875505e-02
1.621477966151875505e-02
1.621477966151875505e-02
1.621477966151875505e-02
1.577786794033141787e-02
1.577786794033141787e-02
1.577786794033141787e-02
1.577786794033141787e-02
1.565470053241686463e-02
1.565470053241686463e-02
1.565470053241686463e-02
1.565470053241686463e-02
1.481241651925261846e-02
1.481241651925261846e-02
1.439450073315896514e-02
1.397918041753826689e-02
1.397918041753826689e-02
1.397918041753826689e-02
1.397918041753826689e-02
1.397918041753826689e-02
1.397918041753826689e-02
1.397918041753826689e-02
1.397918041753826689e-02
1.357641367886669795e-02
1.357641367886669795e-02
1.357641367886669795e-02
1.357641367886669795e-02
1.357641367886669795e-02
1.318210719003041348e-02
1.318210719003041348e-02
1.244827462380141553e-02
1.244827462380141553e-02
1.206049461275776613e-02
1.206049461275776613e-02
1.206049461275776613e-02
1.167693154063901596e-02
1.167693154063901596e-02
1.167693154063901596e-02
1.167693154063901596e-02
1.130017574800363557e-02
1.130017574800363557e-02
1.130017574800363557e-02
1.130017574800363557e-02
1.130017574800363557e-02
1.130017574800363557e-02
1.093201573311647183e-02
1.093201573311647183e-02
1.093201573311647183e-02
1.093201573311647183e-02
1.093201573311647183e-02
1.093201573311647183e-02
1.093201573311647183e-02
1.093201573311647183e-02
1.093201573311647183e-02
1.093201573311647183e-02
1.093201573311647183e-02
1.093201573311647183e-02
1.057975301443968459e-02
1.057975301443968459e-02
1.057975301443968459e-02
1.057975301443968459e-02
1.057975301443968459e-02
1.057975301443968459e-02
1.023474008583362578e-02
1.023474008583362578e-02
1.023474008583362578e-02
9.893790757748405218e-03
9.893790757748405218e-03
9.893790757748405218e-03
9.893790757748405218e-03
9.893790757748405218e-03
9.893790757748405218e-03
9.893790757748405218e-03
9.893790757748405218e-03
9.893790757748405218e-03
9.893790757748405218e-03
9.893790757748405218e-03
9.893790757748405218e-03
9.893790757748405218e-03
9.893790757748405218e-03
9.893790757748405218e-03
9.893790757748405218e-03
9.893790757748405218e-03
9.893790757748405218e-03
9.893790757748405218e-03
9.893790757748405218e-03
9.893790757748405218e-03
9.893790757748405218e-03
9.893790757748405218e-03
9.893790757748405218e-03
9.893790757748405218e-03
9.893790757748405218e-03
9.893790757748405218e-03
9.893790757748405218e-03
9.893790757748405218e-03
9.893790757748405218e-03
9.585058523518060966e-03
9.585058523518060966e-03
9.585058523518060966e-03
9.585058523518060966e-03
9.585058523518060966e-03
9.585058523518060966e-03
9.282220542905117444e-03
9.282220542905117444e-03
9.282220542905117444e-03
9.282220542905117444e-03
9.282220542905117444e-03
9.282220542905117444e-03
9.282220542905117444e-03
8.689366070242029658e-03
8.689366070242029658e-03
8.689366070242029658e-03
8.689366070242029658e-03
8.689366070242029658e-03
8.689366070242029658e-03
8.689366070242029658e-03
8.689366070242029658e-03
8.689366070242029658e-03
8.689366070242029658e-03
8.401059384828714685e-03
8.114319447082999140e-03
8.114319447082999140e-03
7.828656889070114214e-03
7.543878609026943849e-03
7.543878609026943849e-03
7.261093920641622547e-03
7.261093920641622547e-03
7.261093920641622547e-03
7.261093920641622547e-03
7.261093920641622547e-03
7.261093920641622547e-03
7.261093920641622547e-03
7.261093920641622547e-03
6.984755266934309335e-03
6.984755266934309335e-03
6.984755266934309335e-03
6.984755266934309335e-03
6.711693538832508472e-03
6.711693538832508472e-03
6.711693538832508472e-03
6.711693538832508472e-03
6.441153539094498018e-03
6.441153539094498018e-03
6.441153539094498018e-03
6.441153539094498018e-03
6.441153539094498018e-03
6.441153539094498018e-03
6.441153539094498018e-03
6.441153539094498018e-03
6.441153539094498018e-03
6.441153539094498018e-03
6.441153539094498018e-03
6.441153539094498018e-03
6.441153539094498018e-03
6.441153539094498018e-03
6.441153539094498018e-03
6.441153539094498018e-03
6.441153539094498018e-03
6.441153539094498018e-03
6.183364035138349916e-03
6.183364035138349916e-03
6.183364035138349916e-03
5.928176447395658993e-03
5.928176447395658993e-03
5.928176447395658993e-03
5.674815463282289855e-03
5.674815463282289855e-03
5.674815463282289855e-03
5.674815463282289855e-03
5.674815463282289855e-03
5.424645482314379048e-03
5.174944589927378547e-03
5.174944589927378547e-03
5.174944589927378547e-03
4.927339721075205820e-03
4.927339721075205820e-03
4.927339721075205820e-03
4.927339721075205820e-03
4.927339721075205820e-03
4.927339721075205820e-03
4.927339721075205820e-03
4.927339721075205820e-03
4.927339721075205820e-03
4.927339721075205820e-03
4.927339721075205820e-03
4.927339721075205820e-03
4.927339721075205820e-03
4.927339721075205820e-03
4.927339721075205820e-03
4.927339721075205820e-03
4.927339721075205820e-03
4.927339721075205820e-03
4.927339721075205820e-03
4.927339721075205820e-03
4.927339721075205820e-03
4.927339721075205820e-03
4.927339721075205820e-03
4.927339721075205820e-03
4.927339721075205820e-03
4.927339721075205820e-03
4.694989816330413096e-03
4.463069665531385274e-03
4.463069665531385274e-03
4.463069665531385274e-03
4.233230647409156819e-03
4.233230647409156819e-03
4.233230647409156819e-03
4.233230647409156819e-03
4.233230647409156819e-03
4.005832957433918574e-03
4.005832957433918574e-03
4.005832957433918574e-03
4.005832957433918574e-03
4.005832957433918574e-03
4.005832957433918574e-03
4.005832957433918574e-03
4.005832957433918574e-03
4.005832957433918574e-03
4.005832957433918574e-03
4.005832957433918574e-03
4.005832957433918574e-03
4.005832957433918574e-03
4.005832957433918574e-03
4.005832957433918574e-03
4.005832957433918574e-03
3.786482263575262179e-03
3.786482263575262179e-03
3.786482263575262179e-03
3.786482263575262179e-03
3.569380379929609076e-03
3.569380379929609076e-03
3.569380379929609076e-03
3.569380379929609076e-03
3.569380379929609076e-03
3.569380379929609076e-03
3.569380379929609076e-03
3.569380379929609076e-03
3.356230247871897897e-03
3.356230247871897897e-03
3.143941046036737279e-03
3.143941046036737279e-03
3.143941046036737279e-03
3.143941046036737279e-03
3.143941046036737279e-03
3.143941046036737279e-03
3.143941046036737279e-03
3.143941046036737279e-03
3.143941046036737279e-03
3.143941046036737279e-03
3.143941046036737279e-03
3.143941046036737279e-03
3.143941046036737279e-03
3.143941046036737279e-03
3.143941046036737279e-03
3.143941046036737279e-03
3.143941046036737279e-03
2.939003742032633617e-03
2.939003742032633617e-03
2.939003742032633617e-03
2.939003742032633617e-03
2.939003742032633617e-03
2.939003742032633617e-03
2.939003742032633617e-03
2.939003742032633617e-03
2.939003742032633617e-03
2.939003742032633617e-03
2.939003742032633617e-03
2.939003742032633617e-03
2.939003742032633617e-03
2.939003742032633617e-03
2.939003742032633617e-03
2.939003742032633617e-03
2.939003742032633617e-03
2.939003742032633617e-03
2.741580113505965016e-03
2.741580113505965016e-03
2.741580113505965016e-03
2.741580113505965016e-03
2.741580113505965016e-03
2.546071096726245080e-03
2.546071096726245080e-03
2.546071096726245080e-03
2.546071096726245080e-03
2.546071096726245080e-03
2.546071096726245080e-03
2.546071096726245080e-03
2.546071096726245080e-03
2.546071096726245080e-03
2.546071096726245080e-03
2.546071096726245080e-03
2.546071096726245080e-03
2.546071096726245080e-03
2.546071096726245080e-03
2.546071096726245080e-03
2.546071096726245080e-03
2.546071096726245080e-03
2.546071096726245080e-03
2.546071096726245080e-03
2.546071096726245080e-03
2.546071096726245080e-03
2.546071096726245080e-03
2.546071096726245080e-03
2.546071096726245080e-03
2.546071096726245080e-03
2.546071096726245080e-03
2.546071096726245080e-03
2.546071096726245080e-03
2.546071096726245080e-03
2.546071096726245080e-03
2.546071096726245080e-03
2.546071096726245080e-03
2.546071096726245080e-03
2.546071096726245080e-03
2.546071096726245080e-03
2.546071096726245080e-03
2.546071096726245080e-03
2.546071096726245080e-03
2.546071096726245080e-03
2.546071096726245080e-03
2.546071096726245080e-03
2.546071096726245080e-03
2.546071096726245080e-03
2.546071096726245080e-03
2.546071096726245080e-03
2.546071096726245080e-03
2.546071096726245080e-03
2.546071096726245080e-03
2.367845362840161928e-03
2.367845362840161928e-03
2.367845362840161928e-03
2.367845362840161928e-03
2.367845362840161928e-03
2.367845362840161928e-03
2.367845362840161928e-03
2.367845362840161928e-03
2.367845362840161928e-03
2.367845362840161928e-03
2.367845362840161928e-03
2.367845362840161928e-03
2.367845362840161928e-03
2.367845362840161928e-03
2.367845362840161928e-03
2.194319911871352863e-03
2.194319911871352863e-03
2.194319911871352863e-03
2.194319911871352863e-03
2.194319911871352863e-03
2.022516540676553252e-03
2.022516540676553252e-03
2.022516540676553252e-03
2.022516540676553252e-03
2.022516540676553252e-03
2.022516540676553252e-03
2.022516540676553252e-03
2.022516540676553252e-03
2.022516540676553252e-03
2.022516540676553252e-03
2.022516540676553252e-03
2.022516540676553252e-03
2.022516540676553252e-03
2.022516540676553252e-03
2.022516540676553252e-03
2.022516540676553252e-03
2.022516540676553252e-03
2.022516540676553252e-03
2.022516540676553252e-03
2.022516540676553252e-03
2.022516540676553252e-03
2.022516540676553252e-03
2.022516540676553252e-03
2.022516540676553252e-03
2.022516540676553252e-03
2.022516540676553252e-03
1.858247548558463998e-03
1.858247548558463998e-03
1.858247548558463998e-03
1.858247548558463998e-03
1.858247548558463998e-03
1.858247548558463998e-03
1.858247548558463998e-03
1.858247548558463998e-03
1.858247548558463998e-03
1.858247548558463998e-03
1.858247548558463998e-03
1.858247548558463998e-03
1.697182792889244049e-03
1.697182792889244049e-03
1.697182792889244049e-03
1.697182792889244049e-03
1.697182792889244049e-03
1.697182792889244049e-03
1.697182792889244049e-03
1.697182792889244049e-03
1.697182792889244049e-03
1.697182792889244049e-03
1.697182792889244049e-03
1.697182792889244049e-03
1.697182792889244049e-03
1.697182792889244049e-03
1.697182792889244049e-03
1.697182792889244049e-03
1.697182792889244049e-03
1.697182792889244049e-03
1.697182792889244049e-03
1.697182792889244049e-03
1.541383733748380317e-03
1.541383733748380317e-03
1.541383733748380317e-03
1.541383733748380317e-03
1.541383733748380317e-03
1.541383733748380317e-03
1.541383733748380317e-03
1.541383733748380317e-03
1.541383733748380317e-03
1.541383733748380317e-03
1.541383733748380317e-03
1.541383733748380317e-03
1.541383733748380317e-03
1.541383733748380317e-03
1.388850176877337063e-03
1.388850176877337063e-03
1.388850176877337063e-03
1.388850176877337063e-03
1.388850176877337063e-03
1.388850176877337063e-03
1.388850176877337063e-03
1.388850176877337063e-03
1.388850176877337063e-03
1.388850176877337063e-03
1.388850176877337063e-03
1.388850176877337063e-03
1.388850176877337063e-03
1.388850176877337063e-03
1.388850176877337063e-03
1.388850176877337063e-03
1.388850176877337063e-03
1.388850176877337063e-03
1.388850176877337063e-03
1.388850176877337063e-03
1.388850176877337063e-03
1.388850176877337063e-03
1.388850176877337063e-03
1.388850176877337063e-03
1.388850176877337063e-03
1.388850176877337063e-03
1.388850176877337063e-03
1.388850176877337063e-03
1.388850176877337063e-03
1.388850176877337063e-03
1.388850176877337063e-03
1.243383947044386737e-03
1.243383947044386737e-03
1.243383947044386737e-03
1.243383947044386737e-03
1.243383947044386737e-03
1.243383947044386737e-03
1.243383947044386737e-03
1.243383947044386737e-03
1.243383947044386737e-03
1.243383947044386737e-03
1.243383947044386737e-03
1.243383947044386737e-03
1.243383947044386737e-03
1.243383947044386737e-03
1.243383947044386737e-03
1.243383947044386737e-03
1.243383947044386737e-03
1.243383947044386737e-03
1.243383947044386737e-03
1.243383947044386737e-03
1.243383947044386737e-03
1.243383947044386737e-03
1.243383947044386737e-03
1.243383947044386737e-03
1.243383947044386737e-03
1.243383947044386737e-03
1.243383947044386737e-03
1.243383947044386737e-03
1.243383947044386737e-03
1.243383947044386737e-03
1.243383947044386737e-03
1.243383947044386737e-03
1.104708979766073212e-03
1.104708979766073212e-03
1.104708979766073212e-03
1.104708979766073212e-03
1.104708979766073212e-03
1.104708979766073212e-03
1.104708979766073212e-03
1.104708979766073212e-03
1.104708979766073212e-03
1.104708979766073212e-03
1.104708979766073212e-03
1.104708979766073212e-03
1.104708979766073212e-03
1.104708979766073212e-03
1.104708979766073212e-03
1.104708979766073212e-03
1.104708979766073212e-03
1.104708979766073212e-03
1.104708979766073212e-03
1.104708979766073212e-03
1.104708979766073212e-03
1.104708979766073212e-03
1.104708979766073212e-03
1.104708979766073212e-03
1.104708979766073212e-03
1.104708979766073212e-03
1.104708979766073212e-03
1.104708979766073212e-03
1.104708979766073212e-03
1.104708979766073212e-03
1.104708979766073212e-03
1.104708979766073212e-03
1.104708979766073212e-03
1.104708979766073212e-03
1.104708979766073212e-03
1.104708979766073212e-03
1.104708979766073212e-03
1.104708979766073212e-03
1.104708979766073212e-03
1.104708979766073212e-03
1.104708979766073212e-03
1.104708979766073212e-03
1.104708979766073212e-03
1.104708979766073212e-03
1.104708979766073212e-03
1.104708979766073212e-03
1.104708979766073212e-03
1.104708979766073212e-03
1.104708979766073212e-03
1.104708979766073212e-03
1.104708979766073212e-03
1.104708979766073212e-03
1.104708979766073212e-03
1.104708979766073212e-03
1.104708979766073212e-03
1.104708979766073212e-03
1.104708979766073212e-03
1.104708979766073212e-03
1.104708979766073212e-03
1.104708979766073212e-03
1.104708979766073212e-03
1.104708979766073212e-03
1.104708979766073212e-03
1.104708979766073212e-03
1.104708979766073212e-03
1.104708979766073212e-03
1.104708979766073212e-03
1.104708979766073212e-03
1.104708979766073212e-03
1.104708979766073212e-03
1.104708979766073212e-03
1.104708979766073212e-03
1.104708979766073212e-03
1.104708979766073212e-03
1.104708979766073212e-03
1.104708979766073212e-03
1.104708979766073212e-03
1.104708979766073212e-03
1.104708979766073212e-03
1.104708979766073212e-03
1.104708979766073212e-03
1.104708979766073212e-03
1.104708979766073212e-03
1.104708979766073212e-03
9.807929887092324030e-04
9.807929887092324030e-04
9.807929887092324030e-04
9.807929887092324030e-04
9.807929887092324030e-04
9.807929887092324030e-04
9.807929887092324030e-04
9.807929887092324030e-04
8.582055305686183506e-04
8.582055305686183506e-04
8.582055305686183506e-04
8.582055305686183506e-04
8.582055305686183506e-04
8.582055305686183506e-04
8.582055305686183506e-04
8.582055305686183506e-04
8.582055305686183506e-04
8.582055305686183506e-04
8.582055305686183506e-04
8.582055305686183506e-04
8.582055305686183506e-04
8.582055305686183506e-04
8.582055305686183506e-04
8.582055305686183506e-04
8.582055305686183506e-04
8.582055305686183506e-04
8.582055305686183506e-04
8.582055305686183506e-04
8.582055305686183506e-04
7.386892805575689860e-04
7.386892805575689860e-04
7.386892805575689860e-04
7.386892805575689860e-04
7.386892805575689860e-04
7.386892805575689860e-04
7.386892805575689860e-04
7.386892805575689860e-04
7.386892805575689860e-04
7.386892805575689860e-04
7.386892805575689860e-04
7.386892805575689860e-04
7.386892805575689860e-04
7.386892805575689860e-04
7.386892805575689860e-04
7.386892805575689860e-04
7.386892805575689860e-04
7.386892805575689860e-04
7.386892805575689860e-04
7.386892805575689860e-04
7.386892805575689860e-04
7.386892805575689860e-04
7.386892805575689860e-04
7.386892805575689860e-04
7.386892805575689860e-04
7.386892805575689860e-04
7.386892805575689860e-04
7.386892805575689860e-04
7.386892805575689860e-04
7.386892805575689860e-04
7.386892805575689860e-04
7.386892805575689860e-04
7.386892805575689860e-04
7.386892805575689860e-04
7.386892805575689860e-04
7.386892805575689860e-04
7.386892805575689860e-04
7.386892805575689860e-04
7.386892805575689860e-04
7.386892805575689860e-04
7.386892805575689860e-04
7.386892805575689860e-04
7.386892805575689860e-04
7.386892805575689860e-04
7.386892805575689860e-04
7.386892805575689860e-04
7.386892805575689860e-04
7.386892805575689860e-04
7.386892805575689860e-04
7.386892805575689860e-04
7.386892805575689860e-04
7.386892805575689860e-04
7.386892805575689860e-04
7.386892805575689860e-04
7.386892805575689860e-04
7.386892805575689860e-04
7.386892805575689860e-04
7.386892805575689860e-04
7.386892805575689860e-04
7.386892805575689860e-04
7.386892805575689860e-04
7.386892805575689860e-04
7.386892805575689860e-04
7.386892805575689860e-04
7.386892805575689860e-04
7.386892805575689860e-04
7.386892805575689860e-04
7.386892805575689860e-04
7.386892805575689860e-04
7.386892805575689860e-04
7.386892805575689860e-04
7.386892805575689860e-04
7.386892805575689860e-04
7.386892805575689860e-04
7.386892805575689860e-04
7.386892805575689860e-04
7.386892805575689860e-04
7.386892805575689860e-04
7.386892805575689860e-04
7.386892805575689860e-04
7.386892805575689860e-04
7.386892805575689860e-04
7.386892805575689860e-04
7.386892805575689860e-04
7.386892805575689860e-04
7.386892805575689860e-04
7.386892805575689860e-04
7.386892805575689860e-04
7.386892805575689860e-04
7.386892805575689860e-04
7.386892805575689860e-04
7.386892805575689860e-04
7.386892805575689860e-04
7.386892805575689860e-04
7.386892805575689860e-04
7.386892805575689860e-04
7.386892805575689860e-04
7.386892805575689860e-04
7.386892805575689860e-04
6.321971536580002016e-04
6.321971536580002016e-04
6.321971536580002016e-04
6.321971536580002016e-04
6.321971536580002016e-04
6.321971536580002016e-04
6.321971536580002016e-04
6.321971536580002016e-04
6.321971536580002016e-04
6.321971536580002016e-04
6.321971536580002016e-04
6.321971536580002016e-04
6.321971536580002016e-04
6.321971536580002016e-04
6.321971536580002016e-04
6.321971536580002016e-04
6.321971536580002016e-04
6.321971536580002016e-04
6.321971536580002016e-04
6.321971536580002016e-04
6.321971536580002016e-04
6.321971536580002016e-04
6.321971536580002016e-04
6.321971536580002016e-04
6.321971536580002016e-04
6.321971536580002016e-04
6.321971536580002016e-04
6.321971536580002016e-04
6.321971536580002016e-04
6.321971536580002016e-04
6.321971536580002016e-04
6.321971536580002016e-04
6.321971536580002016e-04
6.321971536580002016e-04
6.321971536580002016e-04
6.321971536580002016e-04
6.321971536580002016e-04
6.321971536580002016e-04
6.321971536580002016e-04
6.321971536580002016e-04
6.321971536580002016e-04
6.321971536580002016e-04
6.321971536580002016e-04
6.321971536580002016e-04
6.321971536580002016e-04
6.321971536580002016e-04
6.321971536580002016e-04
6.321971536580002016e-04
6.321971536580002016e-04
6.321971536580002016e-04
6.321971536580002016e-04
6.321971536580002016e-04
6.321971536580002016e-04
6.321971536580002016e-04
6.321971536580002016e-04
6.321971536580002016e-04
6.321971536580002016e-04
6.321971536580002016e-04
6.321971536580002016e-04
6.321971536580002016e-04
6.321971536580002016e-04
6.321971536580002016e-04
6.321971536580002016e-04
6.321971536580002016e-04
6.321971536580002016e-04
6.321971536580002016e-04
6.321971536580002016e-04
6.321971536580002016e-04
6.321971536580002016e-04
6.321971536580002016e-04
6.321971536580002016e-04
6.321971536580002016e-04
6.321971536580002016e-04
6.321971536580002016e-04
6.321971536580002016e-04
6.321971536580002016e-04
6.321971536580002016e-04
6.321971536580002016e-04
6.321971536580002016e-04
6.321971536580002016e-04
6.321971536580002016e-04
6.321971536580002016e-04
6.321971536580002016e-04
6.321971536580002016e-04
6.321971536580002016e-04
6.321971536580002016e-04
6.321971536580002016e-04
6.321971536580002016e-04
6.321971536580002016e-04
6.321971536580002016e-04
6.321971536580002016e-04
6.321971536580002016e-04
6.321971536580002016e-04
6.321971536580002016e-04
6.321971536580002016e-04
6.321971536580002016e-04
6.321971536580002016e-04
6.321971536580002016e-04
6.321971536580002016e-04
6.321971536580002016e-04
6.321971536580002016e-04
6.321971536580002016e-04
6.321971536580002016e-04
6.321971536580002016e-04
6.321971536580002016e-04
6.321971536580002016e-04
6.321971536580002016e-04
6.321971536580002016e-04
6.321971536580002016e-04
6.321971536580002016e-04
6.321971536580002016e-04
6.321971536580002016e-04
6.321971536580002016e-04
6.321971536580002016e-04
6.321971536580002016e-04
6.321971536580002016e-04
6.321971536580002016e-04
6.321971536580002016e-04
6.321971536580002016e-04
6.321971536580002016e-04
6.321971536580002016e-04
5.382129696707629992e-04
5.382129696707629992e-04
5.382129696707629992e-04
5.382129696707629992e-04
5.382129696707629992e-04
5.382129696707629992e-04
5.382129696707629992e-04
5.382129696707629992e-04
5.382129696707629992e-04
5.382129696707629992e-04
5.382129696707629992e-04
5.382129696707629992e-04
5.382129696707629992e-04
5.382129696707629992e-04
5.382129696707629992e-04
5.382129696707629992e-04
5.382129696707629992e-04
5.382129696707629992e-04
5.382129696707629992e-04
5.382129696707629992e-04
5.382129696707629992e-04
5.382129696707629992e-04
5.382129696707629992e-04
5.382129696707629992e-04
5.382129696707629992e-04
5.382129696707629992e-04
5.382129696707629992e-04
5.382129696707629992e-04
5.382129696707629992e-04
5.382129696707629992e-04
5.382129696707629992e-04
5.382129696707629992e-04
5.382129696707629992e-04
5.382129696707629992e-04
5.382129696707629992e-04
5.382129696707629992e-04
5.382129696707629992e-04
5.382129696707629992e-04
5.382129696707629992e-04
5.382129696707629992e-04
5.382129696707629992e-04
5.382129696707629992e-04
5.382129696707629992e-04
5.382129696707629992e-04
5.382129696707629992e-04
5.382129696707629992e-04
5.382129696707629992e-04
5.382129696707629992e-04
5.382129696707629992e-04
5.382129696707629992e-04
5.382129696707629992e-04
5.382129696707629992e-04
5.382129696707629992e-04
5.382129696707629992e-04
5.382129696707629992e-04
5.382129696707629992e-04
5.382129696707629992e-04
5.382129696707629992e-04
5.382129696707629992e-04
5.382129696707629992e-04
5.382129696707629992e-04
5.382129696707629992e-04
5.382129696707629992e-04
5.382129696707629992e-04
5.382129696707629992e-04
5.382129696707629992e-04
5.382129696707629992e-04
5.382129696707629992e-04
5.382129696707629992e-04
5.382129696707629992e-04
5.382129696707629992e-04
5.382129696707629992e-04
5.382129696707629992e-04
5.382129696707629992e-04
5.382129696707629992e-04
5.382129696707629992e-04
5.382129696707629992e-04
5.382129696707629992e-04
5.382129696707629992e-04
5.382129696707629992e-04
5.382129696707629992e-04
5.382129696707629992e-04
5.382129696707629992e-04
5.382129696707629992e-04
5.382129696707629992e-04
5.382129696707629992e-04
5.382129696707629992e-04
5.382129696707629992e-04
5.382129696707629992e-04
5.382129696707629992e-04
5.382129696707629992e-04
5.382129696707629992e-04
5.382129696707629992e-04
5.382129696707629992e-04
5.382129696707629992e-04
5.382129696707629992e-04
5.382129696707629992e-04
5.382129696707629992e-04
5.382129696707629992e-04
5.382129696707629992e-04
5.382129696707629992e-04
5.382129696707629992e-04
5.382129696707629992e-04
5.382129696707629992e-04
5.382129696707629992e-04
5.382129696707629992e-04
5.382129696707629992e-04
5.382129696707629992e-04
5.382129696707629992e-04
5.382129696707629992e-04
5.382129696707629992e-04
5.382129696707629992e-04
5.382129696707629992e-04
5.382129696707629992e-04
5.382129696707629992e-04
5.382129696707629992e-04
5.382129696707629992e-04
5.382129696707629992e-04
5.382129696707629992e-04
5.382129696707629992e-04
5.382129696707629992e-04
5.382129696707629992e-04
5.382129696707629992e-04
4.541901606033033750e-04
4.541901606033033750e-04
4.541901606033033750e-04
4.541901606033033750e-04
4.541901606033033750e-04
4.541901606033033750e-04
4.541901606033033750e-04
4.541901606033033750e-04
4.541901606033033750e-04
4.541901606033033750e-04
4.541901606033033750e-04
4.541901606033033750e-04
4.541901606033033750e-04
4.541901606033033750e-04
4.541901606033033750e-04
4.541901606033033750e-04
4.541901606033033750e-04
4.541901606033033750e-04
4.541901606033033750e-04
4.541901606033033750e-04
4.541901606033033750e-04
4.541901606033033750e-04
4.541901606033033750e-04
4.541901606033033750e-04
4.541901606033033750e-04
4.541901606033033750e-04
4.541901606033033750e-04
4.541901606033033750e-04
4.541901606033033750e-04
4.541901606033033750e-04
4.541901606033033750e-04
4.541901606033033750e-04
4.541901606033033750e-04
4.541901606033033750e-04
4.541901606033033750e-04
4.541901606033033750e-04
4.541901606033033750e-04
4.541901606033033750e-04
4.541901606033033750e-04
4.541901606033033750e-04
4.541901606033033750e-04
4.541901606033033750e-04
4.541901606033033750e-04
4.541901606033033750e-04
4.541901606033033750e-04
4.541901606033033750e-04
4.541901606033033750e-04
4.541901606033033750e-04
4.541901606033033750e-04
4.541901606033033750e-04
4.541901606033033750e-04
4.541901606033033750e-04
4.541901606033033750e-04
4.541901606033033750e-04
4.541901606033033750e-04
4.541901606033033750e-04
4.541901606033033750e-04
4.541901606033033750e-04
4.541901606033033750e-04
4.541901606033033750e-04
4.541901606033033750e-04
4.541901606033033750e-04
4.541901606033033750e-04
4.541901606033033750e-04
4.541901606033033750e-04
4.541901606033033750e-04
4.541901606033033750e-04
4.541901606033033750e-04
4.541901606033033750e-04
4.541901606033033750e-04
4.541901606033033750e-04
4.541901606033033750e-04
4.541901606033033750e-04
4.541901606033033750e-04
4.541901606033033750e-04
4.541901606033033750e-04
4.541901606033033750e-04
4.541901606033033750e-04
4.541901606033033750e-04
4.541901606033033750e-04
4.541901606033033750e-04
4.541901606033033750e-04
4.541901606033033750e-04
4.541901606033033750e-04
4.541901606033033750e-04
4.541901606033033750e-04
4.541901606033033750e-04
4.541901606033033750e-04
4.541901606033033750e-04
4.541901606033033750e-04
4.541901606033033750e-04
4.541901606033033750e-04
