-1.899999999999999911e+00 0.000000000000000000e+00
-1.896386430678465906e+00 0.000000000000000000e+00
-1.892772861356932124e+00 0.000000000000000000e+00
-1.889159292035398119e+00 0.000000000000000000e+00
-1.885545722713864114e+00 0.000000000000000000e+00
-1.881932153392330331e+00 0.000000000000000000e+00
-1.878318584070796327e+00 0.000000000000000000e+00
-1.874705014749262544e+00 0.000000000000000000e+00
-1.871091445427728539e+00 0.000000000000000000e+00
-1.867477876106194534e+00 0.000000000000000000e+00
-1.863864306784660752e+00 0.000000000000000000e+00
-1.860250737463126747e+00 0.000000000000000000e+00
-1.856637168141592742e+00 0.000000000000000000e+00
-1.853023598820058959e+00 0.000000000000000000e+00
-1.849410029498524954e+00 0.000000000000000000e+00
-1.845796460176990950e+00 0.000000000000000000e+00
-1.842182890855457167e+00 0.000000000000000000e+00
-1.838569321533923162e+00 0.000000000000000000e+00
-1.834955752212389379e+00 0.000000000000000000e+00
-1.831342182890855375e+00 0.000000000000000000e+00
-1.827728613569321370e+00 0.000000000000000000e+00
-1.824115044247787587e+00 0.000000000000000000e+00
-1.820501474926253582e+00 0.000000000000000000e+00
-1.816887905604719577e+00 0.000000000000000000e+00
-1.813274336283185795e+00 0.000000000000000000e+00
-1.809660766961651790e+00 0.000000000000000000e+00
-1.806047197640118007e+00 0.000000000000000000e+00
-1.802433628318584002e+00 0.000000000000000000e+00
-1.798820058997049998e+00 0.000000000000000000e+00
-1.795206489675516215e+00 0.000000000000000000e+00
-1.791592920353982210e+00 0.000000000000000000e+00
-1.787979351032448205e+00 0.000000000000000000e+00
-1.784365781710914423e+00 0.000000000000000000e+00
-1.780752212389380418e+00 0.000000000000000000e+00
-1.777138643067846413e+00 0.000000000000000000e+00
-1.773525073746312630e+00 0.000000000000000000e+00
-1.769911504424778625e+00 0.000000000000000000e+00
-1.766297935103244843e+00 0.000000000000000000e+00
-1.762684365781710838e+00 0.000000000000000000e+00
-1.759070796460176833e+00 0.000000000000000000e+00
-1.755457227138643050e+00 0.000000000000000000e+00
-1.751843657817109046e+00 0.000000000000000000e+00
-1.748230088495575041e+00 0.000000000000000000e+00
-1.744616519174041258e+00 0.000000000000000000e+00
-1.741002949852507253e+00 0.000000000000000000e+00
-1.737389380530973249e+00 0.000000000000000000e+00
-1.733775811209439466e+00 0.000000000000000000e+00
-1.730162241887905461e+00 0.000000000000000000e+00
-1.726548672566371678e+00 0.000000000000000000e+00
-1.722935103244837673e+00 0.000000000000000000e+00
-1.719321533923303669e+00 0.000000000000000000e+00
-1.715707964601769886e+00 0.000000000000000000e+00
-1.712094395280235881e+00 0.000000000000000000e+00
-1.708480825958701876e+00 0.000000000000000000e+00
-1.704867256637168094e+00 0.000000000000000000e+00
-1.701253687315634089e+00 0.000000000000000000e+00
-1.697640117994100084e+00 0.000000000000000000e+00
-1.694026548672566301e+00 0.000000000000000000e+00
-1.690412979351032297e+00 0.000000000000000000e+00
-1.686799410029498514e+00 0.000000000000000000e+00
-1.683185840707964509e+00 0.000000000000000000e+00
-1.679572271386430504e+00 0.000000000000000000e+00
-1.675958702064896721e+00 0.000000000000000000e+00
-1.672345132743362717e+00 0.000000000000000000e+00
-1.668731563421828712e+00 0.000000000000000000e+00
-1.665117994100294929e+00 0.000000000000000000e+00
-1.661504424778760924e+00 0.000000000000000000e+00
-1.657890855457226920e+00 0.000000000000000000e+00
-1.654277286135693137e+00 0.000000000000000000e+00
-1.650663716814159132e+00 0.000000000000000000e+00
-1.647050147492625349e+00 0.000000000000000000e+00
-1.643436578171091345e+00 0.000000000000000000e+00
-1.639823008849557340e+00 0.000000000000000000e+00
-1.636209439528023557e+00 0.000000000000000000e+00
-1.632595870206489552e+00 0.000000000000000000e+00
-1.628982300884955770e+00 0.000000000000000000e+00
-1.625368731563421765e+00 0.000000000000000000e+00
-1.621755162241887760e+00 0.000000000000000000e+00
-1.618141592920353755e+00 0.000000000000000000e+00
-1.614528023598819972e+00 0.000000000000000000e+00
-1.610914454277285968e+00 0.000000000000000000e+00
-1.607300884955752185e+00 0.000000000000000000e+00
-1.603687315634218180e+00 0.000000000000000000e+00
-1.600073746312684175e+00 0.000000000000000000e+00
-1.596460176991150393e+00 0.000000000000000000e+00
-1.592846607669616388e+00 0.000000000000000000e+00
-1.589233038348082605e+00 0.000000000000000000e+00
-1.585619469026548600e+00 0.000000000000000000e+00
-1.582005899705014595e+00 0.000000000000000000e+00
-1.578392330383480591e+00 0.000000000000000000e+00
-1.574778761061946808e+00 0.000000000000000000e+00
-1.571165191740412803e+00 0.000000000000000000e+00
-1.567551622418879020e+00 0.000000000000000000e+00
-1.563938053097345016e+00 0.000000000000000000e+00
-1.560324483775811011e+00 0.000000000000000000e+00
-1.556710914454277228e+00 0.000000000000000000e+00
-1.553097345132743223e+00 0.000000000000000000e+00
-1.549483775811209441e+00 0.000000000000000000e+00
-1.545870206489675436e+00 0.000000000000000000e+00
-1.542256637168141431e+00 0.000000000000000000e+00
-1.538643067846607426e+00 0.000000000000000000e+00
-1.535029498525073643e+00 0.000000000000000000e+00
-1.531415929203539639e+00 0.000000000000000000e+00
-1.527802359882005856e+00 0.000000000000000000e+00
-1.524188790560471851e+00 0.000000000000000000e+00
-1.520575221238937846e+00 0.000000000000000000e+00
-1.516961651917404064e+00 0.000000000000000000e+00
-1.513348082595870059e+00 0.000000000000000000e+00
-1.509734513274336276e+00 0.000000000000000000e+00
-1.506120943952802271e+00 0.000000000000000000e+00
-1.502507374631268267e+00 0.000000000000000000e+00
-1.498893805309734262e+00 0.000000000000000000e+00
-1.495280235988200479e+00 0.000000000000000000e+00
-1.491666666666666474e+00 0.000000000000000000e+00
-1.488053097345132691e+00 0.000000000000000000e+00
-1.484439528023598687e+00 0.000000000000000000e+00
-1.480825958702064682e+00 0.000000000000000000e+00
-1.477212389380530899e+00 0.000000000000000000e+00
-1.473598820058996894e+00 0.000000000000000000e+00
-1.469985250737463112e+00 0.000000000000000000e+00
-1.466371681415929107e+00 0.000000000000000000e+00
-1.462758112094395102e+00 0.000000000000000000e+00
-1.459144542772861097e+00 0.000000000000000000e+00
-1.455530973451327315e+00 0.000000000000000000e+00
-1.451917404129793310e+00 0.000000000000000000e+00
-1.448303834808259527e+00 0.000000000000000000e+00
-1.444690265486725522e+00 0.000000000000000000e+00
-1.441076696165191517e+00 0.000000000000000000e+00
-1.437463126843657735e+00 0.000000000000000000e+00
-1.433849557522123730e+00 0.000000000000000000e+00
-1.430235988200589947e+00 0.000000000000000000e+00
-1.426622418879055942e+00 0.000000000000000000e+00
-1.423008849557521938e+00 0.000000000000000000e+00
-1.419395280235987933e+00 0.000000000000000000e+00
-1.415781710914454150e+00 0.000000000000000000e+00
-1.412168141592920145e+00 0.000000000000000000e+00
-1.408554572271386363e+00 0.000000000000000000e+00
-1.404941002949852358e+00 0.000000000000000000e+00
-1.401327433628318353e+00 0.000000000000000000e+00
-1.397713864306784570e+00 0.000000000000000000e+00
-1.394100294985250565e+00 0.000000000000000000e+00
-1.390486725663716783e+00 0.000000000000000000e+00
-1.386873156342182778e+00 0.000000000000000000e+00
-1.383259587020648773e+00 0.000000000000000000e+00
-1.379646017699114768e+00 0.000000000000000000e+00
-1.376032448377580986e+00 0.000000000000000000e+00
-1.372418879056047203e+00 0.000000000000000000e+00
-1.368805309734513198e+00 0.000000000000000000e+00
-1.365191740412979193e+00 0.000000000000000000e+00
-1.361578171091445189e+00 0.000000000000000000e+00
-1.357964601769911406e+00 0.000000000000000000e+00
-1.354351032448377401e+00 0.000000000000000000e+00
-1.350737463126843618e+00 0.000000000000000000e+00
-1.347123893805309613e+00 0.000000000000000000e+00
-1.343510324483775609e+00 0.000000000000000000e+00
-1.339896755162241604e+00 0.000000000000000000e+00
-1.336283185840707821e+00 0.000000000000000000e+00
-1.332669616519174038e+00 0.000000000000000000e+00
-1.329056047197640034e+00 0.000000000000000000e+00
-1.325442477876106029e+00 0.000000000000000000e+00
-1.321828908554572024e+00 0.000000000000000000e+00
-1.318215339233038241e+00 0.000000000000000000e+00
-1.314601769911504237e+00 0.000000000000000000e+00
-1.310988200589970454e+00 0.000000000000000000e+00
-1.307374631268436449e+00 0.000000000000000000e+00
-1.303761061946902444e+00 0.000000000000000000e+00
-1.300147492625368439e+00 0.000000000000000000e+00
-1.296533923303834657e+00 0.000000000000000000e+00
-1.292920353982300874e+00 0.000000000000000000e+00
-1.289306784660766869e+00 0.000000000000000000e+00
-1.285693215339232864e+00 0.000000000000000000e+00
-1.282079646017698860e+00 0.000000000000000000e+00
-1.278466076696165077e+00 0.000000000000000000e+00
-1.274852507374631072e+00 0.000000000000000000e+00
-1.271238938053097289e+00 0.000000000000000000e+00
-1.267625368731563285e+00 0.000000000000000000e+00
-1.264011799410029280e+00 0.000000000000000000e+00
-1.260398230088495275e+00 0.000000000000000000e+00
-1.256784660766961492e+00 0.000000000000000000e+00
-1.253171091445427709e+00 0.000000000000000000e+00
-1.249557522123893705e+00 0.000000000000000000e+00
-1.245943952802359700e+00 0.000000000000000000e+00
-1.242330383480825695e+00 0.000000000000000000e+00
-1.238716814159291912e+00 0.000000000000000000e+00
-1.235103244837757908e+00 0.000000000000000000e+00
-1.231489675516224125e+00 0.000000000000000000e+00
-1.227876106194690120e+00 0.000000000000000000e+00
-1.224262536873156115e+00 0.000000000000000000e+00
-1.220648967551622111e+00 0.000000000000000000e+00
-1.217035398230088328e+00 0.000000000000000000e+00
-1.213421828908554545e+00 0.000000000000000000e+00
-1.209808259587020540e+00 0.000000000000000000e+00
-1.206194690265486535e+00 0.000000000000000000e+00
-1.202581120943952531e+00 0.000000000000000000e+00
-1.198967551622418748e+00 0.000000000000000000e+00
-1.195353982300884743e+00 0.000000000000000000e+00
-1.191740412979350960e+00 0.000000000000000000e+00
-1.188126843657816956e+00 0.000000000000000000e+00
-1.184513274336282951e+00 0.000000000000000000e+00
-1.180899705014748946e+00 0.000000000000000000e+00
-1.177286135693215163e+00 0.000000000000000000e+00
-1.173672566371681381e+00 0.000000000000000000e+00
-1.170058997050147376e+00 0.000000000000000000e+00
-1.166445427728613371e+00 0.000000000000000000e+00
-1.162831858407079366e+00 0.000000000000000000e+00
-1.159218289085545583e+00 0.000000000000000000e+00
-1.155604719764011579e+00 0.000000000000000000e+00
-1.151991150442477796e+00 0.000000000000000000e+00
-1.148377581120943791e+00 0.000000000000000000e+00
-1.144764011799409786e+00 0.000000000000000000e+00
-1.141150442477875782e+00 0.000000000000000000e+00
-1.137536873156341999e+00 0.000000000000000000e+00
-1.133923303834808216e+00 0.000000000000000000e+00
-1.130309734513274211e+00 0.000000000000000000e+00
-1.126696165191740207e+00 0.000000000000000000e+00
-1.123082595870206202e+00 0.000000000000000000e+00
-1.119469026548672419e+00 0.000000000000000000e+00
-1.115855457227138636e+00 0.000000000000000000e+00
-1.112241887905604631e+00 0.000000000000000000e+00
-1.108628318584070627e+00 0.000000000000000000e+00
-1.105014749262536622e+00 0.000000000000000000e+00
-1.101401179941002617e+00 0.000000000000000000e+00
-1.097787610619468834e+00 0.000000000000000000e+00
-1.094174041297935052e+00 0.000000000000000000e+00
-1.090560471976401047e+00 0.000000000000000000e+00
-1.086946902654867042e+00 0.000000000000000000e+00
-1.083333333333333037e+00 0.000000000000000000e+00
-1.079719764011799255e+00 0.000000000000000000e+00
-1.076106194690265472e+00 0.000000000000000000e+00
-1.072492625368731467e+00 0.000000000000000000e+00
-1.068879056047197462e+00 0.000000000000000000e+00
-1.065265486725663457e+00 0.000000000000000000e+00
-1.061651917404129453e+00 0.000000000000000000e+00
-1.058038348082595670e+00 0.000000000000000000e+00
-1.054424778761061887e+00 0.000000000000000000e+00
-1.050811209439527882e+00 0.000000000000000000e+00
-1.047197640117993878e+00 0.000000000000000000e+00
-1.043584070796459873e+00 0.000000000000000000e+00
-1.039970501474926090e+00 0.000000000000000000e+00
-1.036356932153392307e+00 0.000000000000000000e+00
-1.032743362831858303e+00 0.000000000000000000e+00
-1.029129793510324298e+00 0.000000000000000000e+00
-1.025516224188790293e+00 0.000000000000000000e+00
-1.021902654867256510e+00 0.000000000000000000e+00
-1.018289085545722505e+00 0.000000000000000000e+00
-1.014675516224188723e+00 0.000000000000000000e+00
-1.011061946902654718e+00 0.000000000000000000e+00
-1.007448377581120713e+00 0.000000000000000000e+00
-1.003834808259586708e+00 0.000000000000000000e+00
-1.000221238938052926e+00 0.000000000000000000e+00
-9.966076696165190318e-01 0.000000000000000000e+00
-9.929941002949850271e-01 0.000000000000000000e+00
-9.893805309734511333e-01 0.000000000000000000e+00
-9.857669616519172395e-01 0.000000000000000000e+00
-9.821533923303833458e-01 0.000000000000000000e+00
-9.785398230088493410e-01 0.000000000000000000e+00
-9.749262536873154472e-01 0.000000000000000000e+00
-9.713126843657815535e-01 0.000000000000000000e+00
-9.676991150442475487e-01 0.000000000000000000e+00
-9.640855457227136549e-01 0.000000000000000000e+00
-9.604719764011797611e-01 0.000000000000000000e+00
-9.568584070796458674e-01 0.000000000000000000e+00
-9.532448377581118626e-01 0.000000000000000000e+00
-9.496312684365779688e-01 0.000000000000000000e+00
-9.460176991150440751e-01 0.000000000000000000e+00
-9.424041297935101813e-01 0.000000000000000000e+00
-9.387905604719761765e-01 0.000000000000000000e+00
-9.351769911504422828e-01 0.000000000000000000e+00
-9.315634218289083890e-01 0.000000000000000000e+00
-9.279498525073743842e-01 0.000000000000000000e+00
-9.243362831858404904e-01 0.000000000000000000e+00
-9.207227138643065967e-01 0.000000000000000000e+00
-9.171091445427727029e-01 0.000000000000000000e+00
-9.134955752212386981e-01 0.000000000000000000e+00
-9.098820058997048044e-01 0.000000000000000000e+00
-9.062684365781709106e-01 0.000000000000000000e+00
-9.026548672566370168e-01 0.000000000000000000e+00
-8.990412979351030121e-01 0.000000000000000000e+00
-8.954277286135692293e-01 0.000000000000000000e+00
-8.918141592920352245e-01 0.000000000000000000e+00
-8.882005899705012197e-01 0.000000000000000000e+00
-8.845870206489674370e-01 0.000000000000000000e+00
-8.809734513274334322e-01 0.000000000000000000e+00
-8.773598820058994274e-01 0.000000000000000000e+00
-8.737463126843656447e-01 0.000000000000000000e+00
-8.701327433628316399e-01 0.000000000000000000e+00
-8.665191740412976351e-01 0.000000000000000000e+00
-8.629056047197638524e-01 0.000000000000000000e+00
-8.592920353982298476e-01 0.000000000000000000e+00
-8.556784660766960648e-01 0.000000000000000000e+00
-8.520648967551620601e-01 0.000000000000000000e+00
-8.484513274336280553e-01 0.000000000000000000e+00
-8.448377581120942725e-01 0.000000000000000000e+00
-8.412241887905602677e-01 0.000000000000000000e+00
-8.376106194690262630e-01 0.000000000000000000e+00
-8.339970501474924802e-01 0.000000000000000000e+00
-8.303834808259584754e-01 0.000000000000000000e+00
-8.267699115044244706e-01 0.000000000000000000e+00
-8.231563421828906879e-01 0.000000000000000000e+00
-8.195427728613566831e-01 0.000000000000000000e+00
-8.159292035398229004e-01 0.000000000000000000e+00
-8.123156342182888956e-01 0.000000000000000000e+00
-8.087020648967548908e-01 0.000000000000000000e+00
-8.050884955752211081e-01 0.000000000000000000e+00
-8.014749262536871033e-01 0.000000000000000000e+00
-7.978613569321530985e-01 0.000000000000000000e+00
-7.942477876106193158e-01 0.000000000000000000e+00
-7.906342182890853110e-01 0.000000000000000000e+00
-7.870206489675513062e-01 0.000000000000000000e+00
-7.834070796460175234e-01 0.000000000000000000e+00
-7.797935103244835187e-01 0.000000000000000000e+00
-7.761799410029497359e-01 0.000000000000000000e+00
-7.725663716814157311e-01 0.000000000000000000e+00
-7.689528023598817263e-01 0.000000000000000000e+00
-7.653392330383479436e-01 0.000000000000000000e+00
-7.617256637168139388e-01 0.000000000000000000e+00
-7.581120943952799340e-01 0.000000000000000000e+00
-7.544985250737461513e-01 0.000000000000000000e+00
-7.508849557522121465e-01 0.000000000000000000e+00
-7.472713864306783638e-01 0.000000000000000000e+00
-7.436578171091443590e-01 0.000000000000000000e+00
-7.400442477876103542e-01 0.000000000000000000e+00
-7.364306784660765715e-01 0.000000000000000000e+00
-7.328171091445425667e-01 0.000000000000000000e+00
-7.292035398230085619e-01 0.000000000000000000e+00
-7.255899705014747791e-01 0.000000000000000000e+00
-7.219764011799407744e-01 0.000000000000000000e+00
-7.183628318584067696e-01 0.000000000000000000e+00
-7.147492625368729868e-01 0.000000000000000000e+00
-7.111356932153389820e-01 0.000000000000000000e+00
-7.075221238938051993e-01 0.000000000000000000e+00
-7.039085545722711945e-01 0.000000000000000000e+00
-7.002949852507371897e-01 0.000000000000000000e+00
-6.966814159292034070e-01 0.000000000000000000e+00
-6.930678466076694022e-01 0.000000000000000000e+00
-6.894542772861353974e-01 0.000000000000000000e+00
-6.858407079646016147e-01 0.000000000000000000e+00
-6.822271386430676099e-01 0.000000000000000000e+00
-6.786135693215336051e-01 0.000000000000000000e+00
-6.749999999999998224e-01 0.000000000000000000e+00
-6.713864306784658176e-01 0.000000000000000000e+00
-6.677728613569320348e-01 0.000000000000000000e+00
-6.641592920353980301e-01 0.000000000000000000e+00
-6.605457227138640253e-01 0.000000000000000000e+00
-6.569321533923302425e-01 0.000000000000000000e+00
-6.533185840707962377e-01 0.000000000000000000e+00
-6.497050147492622330e-01 0.000000000000000000e+00
-6.460914454277284502e-01 0.000000000000000000e+00
-6.424778761061944454e-01 0.000000000000000000e+00
-6.388643067846604406e-01 0.000000000000000000e+00
-6.352507374631266579e-01 0.000000000000000000e+00
-6.316371681415926531e-01 0.000000000000000000e+00
-6.280235988200588704e-01 0.000000000000000000e+00
-6.244100294985248656e-01 0.000000000000000000e+00
-6.207964601769908608e-01 0.000000000000000000e+00
-6.171828908554570781e-01 0.000000000000000000e+00
-6.135693215339230733e-01 0.000000000000000000e+00
-6.099557522123890685e-01 0.000000000000000000e+00
-6.063421828908552857e-01 0.000000000000000000e+00
-6.027286135693212810e-01 0.000000000000000000e+00
-5.991150442477872762e-01 0.000000000000000000e+00
-5.955014749262534934e-01 0.000000000000000000e+00
-5.918879056047194887e-01 0.000000000000000000e+00
-5.882743362831857059e-01 0.000000000000000000e+00
-5.846607669616517011e-01 0.000000000000000000e+00
-5.810471976401176963e-01 0.000000000000000000e+00
-5.774336283185839136e-01 0.000000000000000000e+00
-5.738200589970499088e-01 0.000000000000000000e+00
-5.702064896755159040e-01 0.000000000000000000e+00
-5.665929203539821213e-01 0.000000000000000000e+00
-5.629793510324481165e-01 0.000000000000000000e+00
-5.593657817109143338e-01 0.000000000000000000e+00
-5.557522123893803290e-01 8.987365458022283792e-316
-5.521386430678463242e-01 8.984600942315609391e-298
-5.485250737463125414e-01 8.610823021410806513e-281
-5.449115044247785367e-01 9.029419912108082085e-265
-5.412979351032445319e-01 1.173559619941081856e-249
-5.376843657817107491e-01 2.126639607078516219e-235
-5.340707964601767443e-01 6.004311673820950301e-222
-5.304572271386427396e-01 2.933160684224099005e-209
-5.268436578171089568e-01 2.736986528853984922e-197
-5.232300884955749520e-01 5.355706070659645722e-186
-5.196165191740411693e-01 2.400099961900228296e-175
-5.160029498525071645e-01 2.676813811118048053e-165
-5.123893805309731597e-01 8.036343922537689384e-156
-5.087758112094393770e-01 6.993708172311816033e-147
-5.051622418879053722e-01 1.891960131454776888e-138
-5.015486725663713674e-01 1.699457441193361498e-130
-4.979351032448375847e-01 5.394216819444464202e-123
-4.943215339233035799e-01 6.416091208902099832e-116
-4.907079646017695751e-01 3.022767726144225907e-109
-4.870943952802357924e-01 5.943521909873571272e-103
-4.834808259587017876e-01 5.124144830005607773e-97
-4.798672566371680048e-01 2.029381834669081535e-91
-4.762536873156340000e-01 3.857963459995216657e-86
-4.726401179940999953e-01 3.669579908659491870e-81
-4.690265486725662125e-01 1.816083044346445855e-76
-4.654129793510322077e-01 4.852390706969405720e-72
-4.617994100294982029e-01 7.247902818841146312e-68
-4.581858407079644202e-01 6.254440016074356963e-64
-4.545722713864304154e-01 3.216340242980562190e-60
-4.509587020648964106e-01 1.014965790890637569e-56
-4.473451327433626279e-01 2.020496919767760283e-53
-4.437315634218286231e-01 2.604397724145999582e-50
-4.401179941002948404e-01 2.227846363687082446e-47
-4.365044247787608356e-01 1.294422156607319236e-44
-4.328908554572268308e-01 5.221493457800311551e-42
-4.292772861356930481e-01 1.492864361229810419e-39
-4.256637168141590433e-01 3.084786246197729306e-37
-4.220501474926250385e-01 4.692489537279507521e-35
-4.184365781710912557e-01 5.346855679116971699e-33
-4.148230088495572510e-01 4.639042139571288662e-31
-4.112094395280232462e-01 3.112497661228874856e-29
-4.075958702064894634e-01 1.638618073490459838e-27
-4.039823008849554586e-01 6.862998275598577560e-26
-4.003687315634216759e-01 2.316644523470699264e-24
-3.967551622418876711e-01 6.380249524455249634e-23
-3.931415929203536663e-01 1.450345601709117980e-21
-3.895280235988198836e-01 2.751060151575111251e-20
-3.859144542772858788e-01 4.399414930450668841e-19
-3.823008849557518740e-01 5.989284504310917651e-18
-3.786873156342180913e-01 7.005202975929556589e-17
-3.750737463126840865e-01 7.100483620286983750e-16
-3.714601769911500817e-01 6.288107995563073039e-15
-3.678466076696162990e-01 4.902979376315768360e-14
-3.642330383480822942e-01 3.390488918938061216e-13
-3.606194690265485114e-01 2.093643006949816883e-12
-3.570058997050145067e-01 1.161952974186138704e-11
-3.533923303834805019e-01 5.831347113632506201e-11
-3.497787610619467191e-01 2.661599055705867875e-10
-3.461651917404127143e-01 1.110880585610258302e-09
-3.425516224188787096e-01 4.261547474210348214e-09
-3.389380530973449268e-01 1.509874439645292015e-08
-3.353244837758109220e-01 4.963264866417880195e-08
-3.317109144542771393e-01 1.520248872866036828e-07
-3.280973451327431345e-01 4.356566093087031751e-07
-3.244837758112091297e-01 1.172514679111439878e-06
-3.208702064896753470e-01 2.974434957563764717e-06
-3.172566371681413422e-01 7.136444352457346051e-06
-3.136430678466073374e-01 1.624597220956528211e-05
-3.100294985250735547e-01 3.519751918823097006e-05
-3.064159292035395499e-01 7.278173724923263051e-05
-3.028023598820055451e-01 1.440283131860280120e-04
-2.991887905604717623e-01 2.734595318756210050e-04
-2.955752212389377576e-01 4.993441265620026130e-04
-2.919616519174039748e-01 8.789239856522877486e-04
-2.883480825958699700e-01 1.494425142191899061e-03
-2.847345132743359652e-01 2.459477279762917103e-03
-2.811209439528021825e-01 3.925381672226661844e-03
-2.775073746312681777e-01 6.086520974514018738e-03
-2.738938053097341729e-01 9.184129368431607349e-03
-2.702802359882003902e-01 1.350766314477601718e-02
-2.666666666666663854e-01 1.939313974633473381e-02
-2.630530973451323806e-01 2.721803946455318354e-02
-2.594395280235985979e-01 3.739266313889615806e-02
-2.558259587020645931e-01 5.034817352638316229e-02
-2.522123893805308104e-01 6.652187396531798746e-02
-2.485988200589968056e-01 8.634055393686612678e-02
-2.449852507374628008e-01 1.102029241019837347e-01
-2.413716814159290180e-01 1.384622534394264193e-01
-2.377581120943950133e-01 1.714103032050585118e-01
-2.341445427728610085e-01 2.092635355552756316e-01
-2.305309734513272257e-01 2.521523788565135371e-01
-2.269174041297932209e-01 3.001140838379777742e-01
-2.233038348082592162e-01 3.530894341301887285e-01
-2.196902654867254334e-01 4.109233090463618177e-01
-2.160766961651914286e-01 4.733688587404101811e-01
-2.124631268436576459e-01 5.400948586855282008e-01
-2.088495575221236411e-01 6.106956712471364179e-01
-2.052359882005896363e-01 6.847031597497507116e-01
-2.016224188790558536e-01 7.615998720111237796e-01
-1.980088495575218488e-01 8.408328288363819958e-01
-1.943952802359878440e-01 9.218273088580187791e-01
-1.907817109144540613e-01 1.004000103703121649e+00
-1.871681415929200565e-01 1.086771816214936681e+00
-1.835545722713860517e-01 1.169577879819693855e+00
-1.799410029498522690e-01 1.251878081165958667e+00
-1.763274336283182642e-01 1.333164464784671654e+00
-1.727138643067844814e-01 1.412967583523602189e+00
-1.691002949852504766e-01 1.490861129443065369e+00
-1.654867256637164719e-01 1.566465035748697332e+00
-1.618731563421826891e-01 1.639447181392318820e+00
-1.582595870206486843e-01 1.709523857260484059e+00
-1.546460176991146795e-01 1.776459168024965951e+00
-1.510324483775808968e-01 1.840063548688670725e+00
-1.474188790560468920e-01 1.900191571662049439e+00
-1.438053097345131093e-01 1.956739210832637577e+00
-1.401917404129791045e-01 2.009640715365005548e+00
-1.365781710914450997e-01 2.058865229482573778e+00
-1.329646017699113170e-01 2.104413276573160463e+00
-1.293510324483773122e-01 2.146313207694679370e+00
-1.257374631268433074e-01 2.184617696756565586e+00
-1.221238938053095247e-01 2.219400347907473758e+00
-1.185103244837755199e-01 2.250752465363096810e+00
-1.148967551622415151e-01 2.278780022295086916e+00
-1.112831858407077323e-01 2.303600853569945706e+00
-1.076696165191737276e-01 2.325342087081357256e+00
-1.040560471976399448e-01 2.344137820085783641e+00
-1.004424778761059400e-01 2.360127040211984717e+00
-9.682890855457193524e-02 2.373451785516526247e+00
-9.321533923303815250e-02 2.384255533932948090e+00
-8.960176991150414771e-02 2.392681809540670557e+00
-8.598820058997014293e-02 2.398872991092412033e+00
-8.237463126843636019e-02 2.402969307027795764e+00
-7.876106194690235540e-02 2.405108000621305475e+00
-7.514749262536835062e-02 2.405422648835207955e+00
-7.153392330383456788e-02 2.404042618758587935e+00
-6.792035398230056309e-02 2.401092646114747708e+00
-6.430678466076678035e-02 2.396692521129760056e+00
-6.069321533923277556e-02 2.390956868004436853e+00
-5.707964601769877078e-02 2.383995005267203648e+00
-5.346607669616498804e-02 2.375910875360622843e+00
-4.985250737463098325e-02 2.366803032895059555e+00
-4.623893805309697846e-02 2.356764682063773542e+00
-4.262536873156319572e-02 2.345883754733792514e+00
-3.901179941002919094e-02 2.334243021694152986e+00
-3.539823008849518615e-02 2.321920230447074296e+00
-3.178466076696140341e-02 2.308988263764274684e+00
-2.817109144542739863e-02 2.295515313996691731e+00
-2.455752212389361588e-02 2.281565068822053455e+00
-2.094395280235961110e-02 2.267196904741855867e+00
-1.733038348082560631e-02 2.252466085200736767e+00
-1.371681415929182357e-02 2.237423960700639203e+00
-1.010324483775781879e-02 2.222118168722567066e+00
-6.489675516223814000e-03 2.206592831656862153e+00
-2.876106194690031259e-03 2.190888751280481994e+00
7.374631268439735265e-04 2.175043552860711937e+00
4.351032448377978312e-03 2.159082925550031451e+00
7.964601769911761053e-03 2.143011284403091299e+00
1.157817109144576584e-02 2.126830570311483370e+00
1.519174041297954858e-02 2.110543008813977384e+00
1.880530973451355337e-02 2.094151089013290612e+00
2.241887905604755815e-02 2.077657543058546885e+00
2.603244837758134089e-02 2.061065326236362516e+00
2.964601769911534568e-02 2.044377597706542371e+00
3.325958702064935046e-02 2.027597701912771111e+00
3.687315634218313321e-02 2.010729150692661449e+00
4.048672566371713799e-02 1.993775606105834264e+00
4.410029498525114278e-02 1.976740863994079334e+00
4.771386430678492552e-02 1.959628838282351238e+00
5.132743362831893030e-02 1.942443546025510281e+00
5.494100294985271304e-02 1.925189093201146839e+00
5.855457227138671783e-02 1.907869661245526149e+00
6.216814159292072262e-02 1.890489494326197173e+00
6.578171091445450536e-02 1.873052887341772887e+00
6.939528023598851014e-02 1.855564174636736841e+00
7.300884955752251493e-02 1.838027719416791772e+00
7.662241887905629767e-02 1.820447903848132265e+00
8.023598820059030245e-02 1.802829119822218384e+00
8.384955752212408520e-02 1.785175760366092268e+00
8.746312684365808998e-02 1.767492211677119451e+00
9.107669616519209477e-02 1.749782845759713545e+00
9.469026548672587751e-02 1.732052013641051103e+00
9.830383480825988229e-02 1.714304039141967939e+00
1.019174041297938871e-01 1.696543213178874909e+00
1.055309734513278919e-01 1.678773788572119008e+00
1.091445427728614526e-01 1.660999975336352019e+00
1.127581120943954573e-01 1.643225936428034162e+00
1.163716814159294621e-01 1.625455783925936482e+00
1.199852507374634669e-01 1.607693575620205095e+00
1.235988200589974717e-01 1.589943311986127261e+00
1.272123893805314765e-01 1.572208933519355645e+00
1.308259587020650372e-01 1.554494318409529008e+00
1.344395280235990420e-01 1.536803280529966287e+00
1.380530973451330468e-01 1.519139567721902395e+00
1.416666666666670515e-01 1.501506860352053829e+00
1.452802359882010563e-01 1.483908770123409271e+00
1.488938053097346170e-01 1.466348839119652192e+00
1.525073746312686218e-01 1.448830539064497103e+00
1.561209439528026266e-01 1.431357270777956492e+00
1.597345132743366314e-01 1.413932363812500093e+00
1.633480825958706362e-01 1.396559076252634091e+00
1.669616519174046410e-01 1.379240594662640707e+00
1.705752212389382017e-01 1.361980034167478149e+00
1.741887905604722064e-01 1.344780438653277788e+00
1.778023598820062112e-01 1.327644781074104774e+00
1.814159292035402160e-01 1.310575963852889325e+00
1.850294985250742208e-01 1.293576819364815389e+00
1.886430678466077815e-01 1.276650110492557832e+00
1.922566371681417863e-01 1.259798531243220721e+00
1.958702064896757911e-01 1.243024707417687225e+00
1.994837758112097958e-01 1.226331197323698330e+00
2.030973451327438006e-01 1.209720492524797963e+00
2.067109144542778054e-01 1.193195018617598357e+00
2.103244837758113661e-01 1.176757136030876616e+00
2.139380530973453709e-01 1.160409140840189313e+00
2.175516224188793757e-01 1.144153265592556590e+00
2.211651917404133805e-01 1.127991680136073427e+00
2.247787610619473853e-01 1.111926492450063808e+00
2.283923303834809460e-01 1.095959749471577815e+00
2.320058997050149507e-01 1.080093437914843468e+00
2.356194690265489555e-01 1.064329485080367288e+00
2.392330383480829603e-01 1.048669759651076339e+00
2.428466076696169651e-01 1.033116072473102998e+00
2.464601769911509699e-01 1.017670177319221159e+00
2.500737463126845306e-01 1.002333771633351356e+00
2.536873156342185354e-01 9.871084972547663483e-01
2.573008849557525402e-01 9.719959411209517786e-01
2.609144542772865449e-01 9.569976359484118067e-01
2.645280235988205497e-01 9.421150608908921420e-01
2.681415929203541104e-01 9.273496421747182694e-01
2.717551622418881152e-01 9.127027537112503142e-01
2.753687315634221200e-01 8.981757176865104997e-01
2.789823008849561248e-01 8.837698051284056389e-01
2.825958702064901296e-01 8.694862364518439746e-01
2.862094395280241343e-01 8.553261819825792589e-01
2.898230088495576950e-01 8.412907624603287449e-01
2.934365781710916998e-01 8.273810495221513017e-01
2.970501474926257046e-01 8.135980661669737213e-01
3.006637168141597094e-01 7.999427872023691100e-01
3.042772861356937142e-01 7.864161396746389698e-01
3.078908554572272749e-01 7.730190032834303171e-01
3.115044247787612797e-01 7.597522107821158555e-01
3.151179941002952845e-01 7.466165483651867607e-01
3.187315634218292892e-01 7.336127560439837936e-01
3.223451327433632940e-01 7.207415280120871293e-01
3.259587020648972988e-01 7.080035130017113820e-01
3.295722713864308595e-01 6.953993146324213281e-01
3.331858407079648643e-01 6.829294917535593257e-01
3.367994100294988691e-01 6.705945587816871667e-01
3.404129793510328739e-01 6.583949860343428773e-01
3.440265486725668787e-01 6.463312000614486186e-01
3.476401179941004393e-01 6.344035839756233530e-01
3.512536873156344441e-01 6.226124777825939871e-01
3.548672566371684489e-01 6.109581787129939601e-01
3.584808259587024537e-01 5.994409415566314125e-01
3.620943952802364585e-01 5.880609790003614723e-01
3.657079646017700192e-01 5.768184619706472338e-01
3.693215339233040240e-01 5.657135199818317250e-01
3.729351032448380288e-01 5.547462414910490081e-01
3.765486725663720335e-01 5.439166742607444149e-01
3.801622418879060383e-01 5.332248257295817417e-01
3.837758112094400431e-01 5.226706633926185841e-01
3.873893805309736038e-01 5.122541151914220547e-01
3.910029498525076086e-01 5.019750699148344264e-01
3.946165191740416134e-01 4.918333776110094813e-01
3.982300884955756182e-01 4.818288500112420381e-01
4.018436578171096230e-01 4.719612609661467117e-01
4.054572271386431837e-01 4.622303468945487825e-01
4.090707964601771884e-01 4.526358072455157755e-01
4.126843657817111932e-01 4.431773049738333414e-01
4.162979351032451980e-01 4.338544670291591410e-01
4.199115044247792028e-01 4.246668848590759993e-01
4.235250737463132076e-01 4.156141149261594059e-01
4.271386430678467683e-01 4.066956792391832054e-01
4.307522123893807731e-01 3.979110658984341686e-01
4.343657817109147778e-01 3.892597296551691954e-01
4.379793510324487826e-01 3.807410924850945233e-01
4.415929203539827874e-01 3.723545441757631358e-01
4.452064896755163481e-01 3.640994429277039091e-01
4.488200589970503529e-01 3.559751159690593414e-01
4.524336283185843577e-01 3.479808601834919468e-01
4.560471976401183625e-01 3.401159427510029865e-01
4.596607669616523673e-01 3.323796018013377984e-01
4.632743362831863720e-01 3.247710470796156823e-01
4.668879056047199327e-01 3.172894606236939530e-01
4.705014749262539375e-01 3.099339974528683150e-01
4.741150442477879423e-01 3.027037862673842561e-01
4.777286135693219471e-01 2.955979301582457031e-01
4.813421828908559519e-01 2.886155073267603344e-01
4.849557522123895126e-01 2.817555718132694897e-01
4.885693215339235174e-01 2.750171542344259090e-01
4.921828908554575222e-01 2.683992625284425393e-01
4.957964601769915269e-01 2.619008827076276802e-01
4.994100294985255317e-01 2.555209796175811343e-01
5.030235988200595365e-01 2.492584977023584170e-01
5.066371681415930972e-01 2.431123617749332833e-01
5.102507374631271020e-01 2.370814777922395644e-01
5.138643067846611068e-01 2.311647336341180470e-01
5.174778761061951116e-01 2.253609998854213814e-01
5.210914454277291163e-01 2.196691306205877381e-01
5.247050147492626770e-01 2.140879641899402219e-01
5.283185840707966818e-01 2.086163240070025293e-01
5.319321533923306866e-01 2.032530193361117565e-01
5.355457227138646914e-01 1.979968460795902829e-01
5.391592920353986962e-01 1.928465875637832283e-01
5.427728613569327010e-01 1.878010153232257673e-01
5.463864306784662617e-01 1.828588898822659792e-01
5.500000000000002665e-01 1.780189615334130948e-01
5.536135693215342712e-01 1.732799711117520292e-01
5.572271386430682760e-01 1.686406507647417452e-01
5.608407079646022808e-01 1.640997247167139683e-01
5.644542772861358415e-01 1.596559100274570209e-01
5.680678466076698463e-01 1.553079173442218908e-01
5.716814159292038511e-01 1.510544516465394393e-01
5.752949852507378559e-01 1.468942129832489230e-01
5.789085545722718606e-01 1.428258972011480776e-01
5.825221238938058654e-01 1.388481966646916421e-01
5.861356932153394261e-01 1.349598009662030529e-01
5.897492625368734309e-01 1.311593976260547467e-01
5.933628318584074357e-01 1.274456727823246038e-01
5.969764011799414405e-01 1.238173118694235464e-01
6.005899705014754453e-01 1.202730002852424596e-01
6.042035398230090060e-01 1.168114240463681841e-01
6.078171091445430108e-01 1.134312704309426295e-01
6.114306784660770155e-01 1.101312286087796632e-01
6.150442477876110203e-01 1.069099902583442313e-01
6.186578171091450251e-01 1.037662501702553142e-01
6.222713864306790299e-01 1.006987068369798594e-01
6.258849557522125906e-01 9.770606302840292856e-02
6.294985250737465954e-01 9.478702635300385870e-02
6.331120943952806002e-01 9.194030980436669609e-02
6.367256637168146050e-01 8.916463229279963931e-02
6.403392330383486097e-01 8.645871916183618666e-02
6.439528023598821704e-01 8.382130268944747165e-02
6.475663716814161752e-01 8.125112257377585523e-02
6.511799410029501800e-01 7.874692640326744209e-02
6.547935103244841848e-01 7.630747011106460420e-02
6.584070796460181896e-01 7.393151841356833398e-02
6.620206489675521944e-01 7.161784523308765971e-02
6.656342182890857551e-01 6.936523410452229144e-02
6.692477876106197598e-01 6.717247856603938971e-02
6.728613569321537646e-01 6.503838253373338263e-02
6.764749262536877694e-01 6.296176066026830387e-02
6.800884955752217742e-01 6.094143867753203797e-02
6.837020648967553349e-01 5.897625372334298205e-02
6.873156342182893397e-01 5.706505465226882623e-02
6.909292035398233445e-01 5.520670233064417509e-02
6.945427728613573493e-01 5.340006991587616103e-02
6.981563421828913540e-01 5.164404312015555276e-02
7.017699115044253588e-01 4.993752045870458733e-02
7.053834808259589195e-01 4.827941348270346766e-02
7.089970501474929243e-01 4.666864699705939451e-02
7.126106194690269291e-01 4.510415926319082808e-02
7.162241887905609339e-01 4.358490218701474572e-02
7.198377581120949387e-01 4.210984149233885226e-02
7.234513274336284994e-01 4.067795687987423026e-02
7.270648967551625041e-01 3.928824217208821967e-02
7.306784660766965089e-01 3.793970544414041607e-02
7.342920353982305137e-01 3.663136914114301090e-02
7.379056047197645185e-01 3.536227018200219924e-02
7.415191740412985233e-01 3.413146005010932182e-02
7.451327433628320840e-01 3.293800487115159520e-02
7.487463126843660888e-01 3.178098547832303167e-02
7.523598820059000936e-01 3.065949746522889444e-02
7.559734513274340983e-01 2.957265122677220012e-02
7.595870206489681031e-01 2.851957198832578977e-02
7.632005899705016638e-01 2.749939982349690337e-02
7.668141592920356686e-01 2.651128966079102992e-02
7.704277286135696734e-01 2.555441127949315688e-02
7.740412979351036782e-01 2.462794929508164976e-02
7.776548672566376830e-01 2.373110313449565065e-02
7.812684365781712437e-01 2.286308700158061827e-02
7.848820058997052485e-01 2.202312983303525082e-02
7.884955752212392532e-01 2.121047524518593699e-02
7.921091445427732580e-01 2.042438147191660489e-02
7.957227138643072628e-01 1.966412129407994064e-02
7.993362831858412676e-01 1.892898196071697570e-02
8.029498525073748283e-01 1.821826510241271110e-02
8.065634218289088331e-01 1.753128663710951801e-02
8.101769911504428379e-01 1.686737666870652408e-02
8.137905604719768426e-01 1.622587937876270384e-02
8.174041297935108474e-01 1.560615291162441992e-02
8.210176991150444081e-01 1.500756925329467875e-02
8.246312684365784129e-01 1.442951410435646883e-02
8.282448377581124177e-01 1.387138674726090017e-02
8.318584070796464225e-01 1.333259990828722548e-02
8.354719764011804273e-01 1.281257961447507428e-02
8.390855457227144321e-01 1.231076504582991754e-02
8.426991150442479928e-01 1.182660838309271961e-02
8.463126843657819975e-01 1.135957465136359403e-02
8.499262536873160023e-01 1.090914155986434306e-02
8.535398230088500071e-01 1.047479933811520762e-02
8.571533923303840119e-01 1.005605056880222101e-02
8.607669616519175726e-01 9.652410017599366565e-03
8.643805309734515774e-01 9.263404460209238162e-03
8.679941002949855822e-01 8.888572506876980459e-03
8.716076696165195870e-01 8.527464424625843392e-03
8.752212389380535917e-01 8.179641957458835821e-03
8.788348082595875965e-01 7.844678144762756364e-03
8.824483775811211572e-01 7.522157138144574574e-03
8.860619469026551620e-01 7.211674016924202874e-03
8.896755162241891668e-01 6.912834602501226507e-03
8.932890855457231716e-01 6.625255271805728999e-03
8.969026548672571764e-01 6.348562770037079542e-03
9.005162241887907371e-01 6.082394022888434719e-03
9.041297935103247418e-01 5.826395948446513873e-03
9.077433628318587466e-01 5.580225268951733569e-03
9.113569321533927514e-01 5.343548322594368800e-03
9.149705014749267562e-01 5.116040875517808076e-03
9.185840707964607610e-01 4.897387934192803417e-03
9.221976401179943217e-01 4.687283558318942715e-03
9.258112094395283265e-01 4.485430674404554223e-03
9.294247787610623313e-01 4.291540890168514359e-03
9.330383480825963360e-01 4.105334309901662038e-03
9.366519174041303408e-01 3.926539350918269861e-03
9.402654867256639015e-01 3.754892561223244218e-03
9.438790560471979063e-01 3.590138438512398365e-03
9.474926253687319111e-01 3.432029250618899401e-03
9.511061946902659159e-01 3.280324857511739828e-03
9.547197640117999207e-01 3.134792534946504155e-03
9.583333333333339255e-01 2.995206799862989468e-03
9.619469026548674861e-01 2.861349237618411069e-03
9.655604719764014909e-01 2.733008331138680590e-03
9.691740412979354957e-01 2.609979292066461846e-03
9.727876106194695005e-01 2.492063893976775944e-03
9.764011799410035053e-01 2.379070307728149009e-03
9.800147492625370660e-01 2.270812939010643204e-03
9.836283185840710708e-01 2.167112268147597560e-03
9.872418879056050756e-01 2.067794692203104266e-03
9.908554572271390803e-01 1.972692369442319467e-03
9.944690265486730851e-01 1.881643066187520643e-03
9.980825958702070899e-01 1.794490006107642968e-03
1.001696165191740651e+00 1.711081721975592088e-03
1.005309734513274655e+00 1.631271909922876739e-03
1.008923303834808660e+00 1.554919286217219072e-03
1.012536873156342665e+00 1.481887446584968316e-03
1.016150442477876670e+00 1.412044728096323136e-03
1.019764011799410230e+00 1.345264073627972954e-03
1.023377581120944235e+00 1.281422898913730287e-03
1.026991150442478240e+00 1.220402962191369971e-03
1.030604719764012245e+00 1.162090236449494270e-03
1.034218289085546250e+00 1.106374784276267223e-03
1.037831858407080254e+00 1.053150635308233848e-03
1.041445427728613815e+00 1.002315666274931211e-03
1.045058997050147820e+00 9.537714836323165539e-04
1.048672566371681825e+00 9.074233087754927799e-04
1.052286135693215829e+00 8.631798658186874132e-04
1.055899705014749834e+00 8.209532719283514982e-04
1.059513274336283395e+00 7.806589301929748844e-04
1.063126843657817400e+00 7.422154250111613095e-04
1.066740412979351404e+00 7.055444199776640885e-04
1.070353982300885409e+00 6.705705582451602746e-04
1.073967551622419414e+00 6.372213653379594188e-04
1.077581120943953419e+00 6.054271543922321421e-04
1.081194690265486980e+00 5.751209337957744654e-04
1.084808259587020984e+00 5.462383171990800416e-04
1.088421828908554989e+00 5.187174358681564826e-04
1.092035398230088994e+00 4.924988533482845725e-04
1.095648967551622999e+00 4.675254824069988895e-04
1.099262536873156559e+00 4.437425042234009417e-04
1.102876106194690564e+00 4.210972897901674996e-04
1.106489675516224569e+00 3.995393234936927412e-04
1.110103244837758574e+00 3.790201288371665075e-04
1.113716814159292579e+00 3.594931962706601064e-04
1.117330383480826583e+00 3.409139130917849961e-04
1.120943952802360144e+00 3.232394953799758771e-04
1.124557522123894149e+00 3.064289219269916991e-04
1.128171091445428154e+00 2.904428701259596964e-04
1.131784660766962158e+00 2.752436537808667315e-04
1.135398230088496163e+00 2.607951627983122380e-04
1.139011799410029724e+00 2.470628047230977154e-04
1.142625368731563729e+00 2.340134480791055955e-04
1.146238938053097733e+00 2.216153674769347714e-04
1.149852507374631738e+00 2.098381904497051388e-04
1.153466076696165743e+00 1.986528459784906104e-04
1.157079646017699748e+00 1.880315146689620057e-04
1.160693215339233308e+00 1.779475805409777805e-04
1.164306784660767313e+00 1.683755843929610923e-04
1.167920353982301318e+00 1.592911787032370396e-04
1.171533923303835323e+00 1.506710840306417195e-04
1.175147492625369328e+00 1.424930468771315093e-04
1.178761061946902888e+00 1.347357989753267932e-04
1.182374631268436893e+00 1.273790179643775455e-04
1.185988200589970898e+00 1.204032894178836397e-04
1.189601769911504903e+00 1.137900701879686165e-04
1.193215339233038907e+00 1.075216530301559948e-04
1.196828908554572468e+00 1.015811324740269352e-04
1.200442477876106473e+00 9.595237190520479876e-05
1.204056047197640478e+00 9.061997182467545543e-05
1.207669616519174483e+00 8.556923925196929022e-05
1.211283185840708487e+00 8.078615823925600363e-05
1.214896755162242492e+00 7.625736146396102906e-05
1.218510324483776053e+00 7.197010286806189146e-05
1.222123893805310058e+00 6.791223131277333445e-05
1.225737463126844062e+00 6.407216521793868776e-05
1.229351032448378067e+00 6.043886815599086907e-05
1.232964601769912072e+00 5.700182537097359217e-05
1.236578171091445633e+00 5.375102119367639237e-05
1.240191740412979637e+00 5.067691732456487425e-05
1.243805309734513642e+00 4.777043195677450611e-05
1.247418879056047647e+00 4.502291971204265916e-05
1.251032448377581652e+00 4.242615236307371954e-05
1.254646017699115657e+00 3.997230031642536301e-05
1.258259587020649217e+00 3.765391483061272609e-05
1.261873156342183222e+00 3.546391094474159780e-05
1.265486725663717227e+00 3.339555109357436754e-05
1.269100294985251232e+00 3.144242938553453543e-05
1.272713864306785236e+00 2.959845652075339712e-05
1.276327433628318797e+00 2.785784532685327283e-05
1.279941002949852802e+00 2.621509689074606270e-05
1.283554572271386807e+00 2.466498726531158957e-05
1.287168141592920811e+00 2.320255473038340300e-05
1.290781710914454816e+00 2.182308758805459782e-05
1.294395280235988821e+00 2.052211247286094453e-05
1.298008849557522382e+00 1.929538315796238332e-05
1.301622418879056386e+00 1.813886983898413725e-05
1.305235988200590391e+00 1.704874887772042194e-05
1.308849557522124396e+00 1.602139298842595171e-05
1.312463126843658401e+00 1.505336184994962784e-05
1.316076696165191962e+00 1.414139312746674479e-05
1.319690265486725966e+00 1.328239388807357830e-05
1.323303834808259971e+00 1.247343239500069008e-05
1.326917404129793976e+00 1.171173026568000231e-05
1.330530973451327981e+00 1.099465497937730427e-05
1.334144542772861985e+00 1.031971272056573927e-05
1.337758112094395546e+00 9.684541544665125124e-06
1.341371681415929551e+00 9.086904853220552036e-06
1.344985250737463556e+00 8.524685166022779752e-06
1.348598820058997561e+00 7.995878178099167445e-06
1.352212389380531565e+00 7.498587089915645735e-06
1.355825958702065126e+00 7.031017199533549786e-06
1.359439528023599131e+00 6.591470745859273828e-06
1.363053097345133136e+00 6.178341992507021707e-06
1.366666666666667140e+00 5.790112542168153637e-06
1.370280235988201145e+00 5.425346871744132683e-06
1.373893805309735150e+00 5.082688078854349415e-06
1.377507374631268711e+00 4.760853830672467968e-06
1.381120943952802715e+00 4.458632506379989079e-06
1.384734513274336720e+00 4.174879524851357355e-06
1.388348082595870725e+00 3.908513849497881397e-06
1.391961651917404730e+00 3.658514662505887283e-06
1.395575221238938290e+00 3.423918201000829890e-06
1.399188790560472295e+00 3.203814747956024443e-06
1.402802359882006300e+00 2.997345770945564787e-06
1.406415929203540305e+00 2.803701202109560176e-06
1.410029498525074310e+00 2.622116852962335723e-06
1.413643067846608314e+00 2.451871957928408252e-06
1.417256637168141875e+00 2.292286840734532327e-06
1.420870206489675880e+00 2.142720698024978740e-06
1.424483775811209885e+00 2.002569494795420459e-06
1.428097345132743889e+00 1.871263966462385680e-06
1.431710914454277894e+00 1.748267722599913063e-06
1.435324483775811455e+00 1.633075447580589268e-06
1.438938053097345460e+00 1.525211193558387488e-06
1.442551622418879465e+00 1.424226761422994958e-06
1.446165191740413469e+00 1.329700165540111001e-06
1.449778761061947474e+00 1.241234178272074149e-06
1.453392330383481479e+00 1.158454950444742971e-06
1.457005899705015040e+00 1.081010704092964807e-06
1.460619469026549044e+00 1.008570493976548069e-06
1.464233038348083049e+00 9.408230345128248458e-07
1.467846607669617054e+00 8.774755889197032154e-07
1.471460176991151059e+00 8.182529175054688749e-07
1.475073746312684619e+00 7.628962821789059530e-07
1.478687315634218624e+00 7.111625043843183308e-07
1.482300884955752629e+00 6.628230737930162588e-07
1.485914454277286634e+00 6.176633052039775093e-07
1.489528023598820639e+00 5.754815412230161454e-07
1.493141592920354643e+00 5.360883984018442790e-07
1.496755162241888204e+00 4.993060546257182416e-07
1.500368731563422209e+00 4.649675756412524388e-07
1.503982300884956214e+00 4.329162787150297308e-07
1.507595870206490218e+00 4.030051315078759523e-07
1.511209439528024223e+00 3.750961843408350912e-07
1.514823008849557784e+00 3.490600341153511118e-07
1.518436578171091789e+00 3.247753182336239526e-07
1.522050147492625793e+00 3.021282369446206981e-07
1.525663716814159798e+00 2.810121026174502799e-07
1.529277286135693803e+00 2.613269145167390673e-07
1.532890855457227808e+00 2.429789577243171938e-07
1.536504424778761368e+00 2.258804249182132397e-07
1.540117994100295373e+00 2.099490597836234505e-07
1.543731563421829378e+00 1.951078208914202113e-07
1.547345132743363383e+00 1.812845649378603746e-07
1.550958702064897388e+00 1.684117482946423945e-07
1.554572271386430948e+00 1.564261458715190523e-07
1.558185840707964953e+00 1.452685863441118819e-07
1.561799410029498958e+00 1.348837028479193503e-07
1.565412979351032963e+00 1.252196982854147085e-07
1.569026548672566967e+00 1.162281244370252860e-07
1.572640117994100972e+00 1.078636741085627844e-07
1.576253687315634533e+00 1.000839855875063899e-07
1.579867256637168538e+00 9.284945871844723817e-08
1.583480825958702543e+00 8.612308194416238638e-08
1.587094395280236547e+00 7.987026969312274243e-08
1.590707964601770552e+00 7.405870952700914768e-08
1.594321533923304113e+00 6.865821849291808022e-08
1.597935103244838118e+00 6.364060815456265603e-08
1.601548672566372122e+00 5.897955780493782891e-08
1.605162241887906127e+00 5.465049538967446200e-08
1.608775811209440132e+00 5.063048569576555165e-08
1.612389380530973693e+00 4.689812538450148520e-08
1.616002949852507697e+00 4.343344447041213359e-08
1.619616519174041702e+00 4.021781386982103180e-08
1.623230088495575707e+00 3.723385866329654771e-08
1.626843657817109712e+00 3.446537673592779967e-08
1.630457227138643717e+00 3.189726247798666288e-08
1.634070796460177277e+00 2.951543524620415473e-08
1.637684365781711282e+00 2.730677230265246000e-08
1.641297935103245287e+00 2.525904596410228329e-08
1.644911504424779292e+00 2.336086470978135591e-08
1.648525073746313296e+00 2.160161800972891898e-08
1.652138643067846857e+00 1.997142464944267002e-08
1.655752212389380862e+00 1.846108433931864182e-08
1.659365781710914867e+00 1.706203240948628387e-08
1.662979351032448871e+00 1.576629740211019320e-08
1.666592920353982876e+00 1.456646138408003334e-08
1.670206489675516881e+00 1.345562281325876923e-08
1.673820058997050442e+00 1.242736180117652436e-08
1.677433628318584447e+00 1.147570762421938587e-08
1.681047197640118451e+00 1.059510834404289392e-08
1.684660766961652456e+00 9.780402406126809126e-09
1.688274336283186461e+00 9.026792093132607854e-09
1.691887905604720022e+00 8.329818717035873312e-09
1.695501474926254026e+00 7.685339440906501280e-09
1.699115044247788031e+00 7.089505627729605142e-09
1.702728613569322036e+00 6.538742619807159582e-09
1.706342182890856041e+00 6.029730858083444985e-09
1.709955752212390045e+00 5.559388256212128913e-09
1.713569321533923606e+00 5.124853749342250064e-09
1.717182890855457611e+00 4.723471942466675317e-09
1.720796460176991616e+00 4.352778787763857135e-09
1.724410029498525621e+00 4.010488224685016784e-09
1.728023598820059625e+00 3.694479720609885889e-09
1.731637168141593186e+00 3.402786653729371254e-09
1.735250737463127191e+00 3.133585483423623894e-09
1.738864306784661196e+00 2.885185656804276360e-09
1.742477876106195200e+00 2.656020203285509857e-09
1.746091445427729205e+00 2.444636972062240566e-09
1.749705014749263210e+00 2.249690470201868609e-09
1.753318584070796771e+00 2.069934261720043563e-09
1.756932153392330775e+00 1.904213890513936147e-09
1.760545722713864780e+00 1.751460292379912895e-09
1.764159292035398785e+00 1.610683663552813557e-09
1.767772861356932790e+00 1.480967755283180457e-09
1.771386430678466350e+00 1.361464565918563120e-09
1.775000000000000355e+00 1.251389403788948744e-09
1.778613569321534360e+00 1.150016295915663154e-09
1.782227138643068365e+00 1.056673719178687054e-09
1.785840707964602370e+00 9.707406320921306557e-10
1.789454277286136374e+00 8.916427867595265205e-10
1.793067846607669935e+00 8.188493019136689100e-10
1.796681415929203940e+00 7.518694791962807831e-10
1.800294985250737945e+00 6.902498460047748445e-10
1.803908554572271949e+00 6.335714093319297390e-10
1.807522123893805954e+00 5.814471060538900568e-10
1.811135693215339515e+00 5.335194360861008622e-10
1.814749262536873520e+00 4.894582657302129264e-10
1.818362831858407525e+00 4.489587893805850877e-10
1.821976401179941529e+00 4.117396385509158613e-10
1.825589970501475534e+00 3.775411279225169072e-10
1.829203539823009539e+00 3.461236288091793432e-10
1.832817109144543100e+00 3.172660610822422784e-10
1.836430678466077104e+00 2.907644952062555240e-10
1.840044247787611109e+00 2.664308566028194593e-10
1.843657817109145114e+00 2.440917250905891641e-10
1.847271386430679119e+00 2.235872226451241690e-10
1.850884955752212679e+00 2.047699831853811571e-10
1.854498525073746684e+00 1.875041985263494529e-10
1.858112094395280689e+00 1.716647350414711441e-10
1.861725663716814694e+00 1.571363159557898127e-10
1.865339233038348699e+00 1.438127645431074144e-10
1.868952802359882703e+00 1.315963038291891185e-10
1.872566371681416264e+00 1.203969087098733133e-10
1.876179941002950269e+00 1.101317066791514603e-10
1.879793510324484274e+00 1.007244236292984626e-10
1.883407079646018278e+00 9.210487143397521410e-11
1.887020648967552283e+00 8.420847425740352071e-11
1.890634218289085844e+00 7.697583074895304219e-11
1.894247787610619849e+00 7.035230948407969425e-11
1.897861356932153853e+00 6.428767520035469955e-11
1.901474926253687858e+00 5.873574355220587332e-11
1.905088495575221863e+00 5.365406227090129117e-11
1.908702064896755868e+00 4.900361676795273473e-11
1.912315634218289429e+00 4.474855836125713041e-11
1.915929203539823433e+00 4.085595343465341844e-11
1.919542772861357438e+00 3.729555196379986311e-11
1.923156342182891443e+00 3.403957395492939624e-11
1.926769911504425448e+00 3.106251244878621109e-11
1.930383480825959008e+00 2.834095184032005558e-11
1.933997050147493013e+00 2.585340035609776210e-11
1.937610619469027018e+00 2.358013561629385381e-11
1.941224188790561023e+00 2.150306228702776627e-11
1.944837758112095027e+00 1.960558090210248861e-11
1.948451327433629032e+00 1.787246700126708355e-11
1.952064896755162593e+00 1.628975979533122757e-11
1.955678466076696598e+00 1.484465962712458560e-11
1.959292035398230603e+00 1.352543355176280719e-11
1.962905604719764607e+00 1.232132841019451824e-11
1.966519174041298612e+00 1.122249081689596315e-11
1.970132743362832173e+00 1.021989352605003188e-11
1.973746312684366178e+00 9.305267680866016606e-12
1.977359882005900182e+00 8.471040488079277753e-12
1.980973451327434187e+00 7.710277894311414848e-12
1.984587020648968192e+00 7.016631873082830846e-12
1.988200589970502197e+00 6.384291961012902504e-12
1.991814159292035757e+00 5.807940709302189622e-12
1.995427728613569762e+00 5.282712742103933990e-12
1.999041297935103767e+00 4.804157137023762841e-12
2.002654867256637772e+00 4.368202864853880104e-12
2.006268436578171777e+00 3.971127045893311374e-12
2.009882005899705337e+00 3.609525798932633550e-12
2.013495575221239342e+00 3.280287476309876555e-12
2.017109144542773347e+00 2.980568094468551362e-12
2.020722713864307352e+00 2.707768784267718640e-12
2.024336283185841356e+00 2.459515098992960922e-12
2.027949852507374917e+00 2.233638030680804456e-12
2.031563421828908922e+00 2.028156597068710379e-12
2.035176991150442927e+00 1.841261872295406612e-12
2.038790560471976931e+00 1.671302344461448530e-12
2.042404129793510936e+00 1.516770492381856081e-12
2.046017699115044941e+00 1.376290482378633683e-12
2.049631268436578502e+00 1.248606893820034786e-12
2.053244837758112507e+00 1.132574389368497604e-12
2.056858407079646511e+00 1.027148252592632154e-12
2.060471976401180516e+00 9.313757217736387396e-13
2.064085545722714521e+00 8.443880544320463286e-13
2.067699115044248082e+00 7.653932623526828874e-13
2.071312684365782086e+00 6.936694617274376472e-13
2.074926253687316091e+00 6.285587874989960200e-13
2.078539823008850096e+00 5.694618251006945198e-13
2.082153392330384101e+00 5.158325165780137188e-13
2.085766961651918106e+00 4.671735015671772958e-13
2.089380530973451666e+00 4.230318568213154102e-13
2.092994100294985671e+00 3.829952009347469993e-13
2.096607669616519676e+00 3.466881336407566870e-13
2.100221238938053236e+00 3.137689815662518403e-13
2.103834808259587685e+00 2.839268246344490436e-13
2.107448377581121246e+00 2.568787794301540992e-13
2.111061946902655695e+00 2.323675177946854350e-13
2.114675516224189256e+00 2.101590007138798286e-13
2.118289085545722816e+00 1.900404092133748962e-13
2.121902654867257265e+00 1.718182554935566302e-13
2.125516224188790826e+00 1.553166589312517597e-13
2.129129793510325275e+00 1.403757728570004206e-13
2.132743362831858835e+00 1.268503491943455560e-13
2.136356932153393284e+00 1.146084291288186152e-13
2.139970501474926845e+00 1.035301489675341771e-13
2.143584070796460406e+00 9.350665126188354500e-14
2.147197640117994855e+00 8.443909210274739471e-14
2.150811209439528415e+00 7.623773626560262826e-14
2.154424778761062864e+00 6.882113258745117472e-14
2.158038348082596425e+00 6.211536260398456796e-14
2.161651917404129986e+00 5.605335606805531437e-14
2.165265486725664434e+00 5.057426751419062098e-14
2.168879056047197995e+00 4.562290853214290349e-14
2.172492625368732444e+00 4.114923086918298123e-14
2.176106194690266005e+00 3.710785589942486065e-14
2.179719764011799565e+00 3.345764638187560941e-14
2.183333333333334014e+00 3.016131678017310821e-14
2.186946902654867575e+00 2.718507873862864243e-14
2.190560471976402024e+00 2.449831860372029596e-14
2.194174041297935585e+00 2.207330414980586212e-14
2.197787610619469145e+00 1.988491791457903076e-14
2.201401179941003594e+00 1.791041477560775876e-14
2.205014749262537155e+00 1.612920160586824632e-14
2.208628318584071604e+00 1.452263703513920890e-14
2.212241887905605164e+00 1.307384951693939414e-14
2.215855457227138725e+00 1.176757205865199770e-14
2.219469026548673174e+00 1.058999211693532937e-14
2.223082595870206735e+00 9.528615292488586236e-15
2.226696165191741184e+00 8.572141578859030444e-15
2.230309734513274744e+00 7.710353030165959565e-15
2.233923303834809193e+00 6.934011813241660308e-15
2.237536873156342754e+00 6.234767701609537911e-15
2.241150442477876314e+00 5.605074152610768520e-15
2.244764011799410763e+00 5.038112185596609721e-15
2.248377581120944324e+00 4.527721348996534902e-15
2.251991150442478773e+00 4.068337127854999518e-15
2.255604719764012334e+00 3.654934201619628117e-15
2.259218289085545894e+00 3.282975015025964234e-15
2.262831858407080343e+00 2.948363173324894366e-15
2.266445427728613904e+00 2.647401217216160514e-15
2.270058997050148353e+00 2.376752373069832277e-15
2.273672566371681913e+00 2.133405910673166601e-15
2.277286135693215474e+00 1.914645774131157309e-15
2.280899705014749923e+00 1.718022181978002318e-15
2.284513274336283484e+00 1.541325920261089379e-15
2.288126843657817933e+00 1.382565077594250537e-15
2.291740412979351493e+00 1.239943994148468099e-15
2.295353982300885054e+00 1.111844217457772047e-15
2.298967551622419503e+00 9.968072769486943183e-16
2.302581120943953064e+00 8.935191064155806569e-16
2.306194690265487512e+00 8.007959594150722151e-16
2.309808259587021073e+00 7.175716768794669609e-16
2.313421828908555522e+00 6.428861792745495857e-16
2.317035398230089083e+00 5.758750674721743144e-16
2.320648967551622643e+00 5.157602272714635263e-16
2.324262536873157092e+00 4.618413422874069967e-16
2.327876106194690653e+00 4.134882288137299655e-16
2.331489675516225102e+00 3.701339143422135569e-16
2.335103244837758663e+00 3.312683887552125474e-16
2.338716814159292223e+00 2.964329638672687841e-16
2.342330383480826672e+00 2.652151830386272034e-16
2.345943952802360233e+00 2.372442280714758008e-16
2.349557522123894682e+00 2.121867755801863319e-16
2.353171091445428242e+00 1.897432595465027070e-16
2.356784660766961803e+00 1.696445008696639374e-16
2.360398230088496252e+00 1.516486684400688290e-16
2.364011799410029813e+00 1.355385396365338872e-16
2.367625368731564262e+00 1.211190312040756842e-16
2.371238938053097822e+00 1.082149742400162394e-16
2.374852507374631383e+00 9.666910952715867260e-17
2.378466076696165832e+00 8.634028172810597646e-17
2.382079646017699393e+00 7.710181301582897674e-17
2.385693215339233841e+00 6.884003858243247721e-17
2.389306784660767402e+00 6.145298815850605052e-17
2.392920353982301851e+00 5.484919920588320046e-17
2.396533923303835412e+00 4.894664883206830465e-17
2.400147492625368972e+00 4.367179272822349994e-17
2.403761061946903421e+00 3.895870056714194799e-17
2.407374631268436982e+00 3.474827832380328296e-17
2.410988200589971431e+00 3.098756890936126056e-17
2.414601769911504991e+00 2.762912334876936219e-17
2.418215339233038552e+00 2.463043549113079208e-17
2.421828908554573001e+00 2.195343392784854540e-17
2.425442477876106562e+00 1.956402541361691202e-17
2.429056047197641011e+00 1.743168464544117740e-17
2.432669616519174571e+00 1.552908576099948866e-17
2.436283185840708132e+00 1.383177137469088878e-17
2.439896755162242581e+00 1.231785538253471227e-17
2.443510324483776142e+00 1.096775613974862548e-17
2.447123893805310590e+00 9.763956951240534418e-18
2.450737463126844151e+00 8.690791118895043115e-18
2.454351032448377712e+00 7.734249063479221803e-18
2.457964601769912161e+00 6.881805286169036755e-18
2.461578171091445721e+00 6.122263157633966027e-18
2.465191740412980170e+00 5.445615723658353714e-18
2.468805309734513731e+00 4.842920897557043358e-18
2.472418879056048180e+00 4.306189573039786094e-18
2.476032448377581741e+00 3.828285338466235905e-18
2.479646017699115301e+00 3.402834606129954066e-18
2.483259587020649750e+00 3.024146089785919000e-18
2.486873156342183311e+00 2.687138671320433582e-18
2.490486725663717760e+00 2.387276794458774070e-18
2.494100294985251320e+00 2.120512610731343371e-18
2.497713864306784881e+00 1.883234181532535236e-18
2.501327433628319330e+00 1.672219110869367596e-18
2.504941002949852891e+00 1.484593047064707451e-18
2.508554572271387340e+00 1.317792548969493095e-18
2.512168141592920900e+00 1.169531863769582461e-18
2.515781710914454461e+00 1.037773209814269486e-18
2.519395280235988910e+00 9.207001995688030624e-19
2.523008849557522471e+00 8.166940752530601833e-19
2.526622418879056919e+00 7.243124634024044630e-19
2.530235988200590480e+00 6.422703848471377314e-19
2.533849557522124041e+00 5.694232837932888843e-19
2.537463126843658490e+00 5.047518641123003868e-19
2.541076696165192050e+00 4.473485428806433316e-19
2.544690265486726499e+00 3.964053509078846597e-19
2.548303834808260060e+00 3.512031276749285035e-19
2.551917404129794509e+00 3.111018739764802509e-19
2.555530973451328070e+00 2.755321398069953725e-19
2.559144542772861630e+00 2.439873378100797296e-19
2.562758112094396079e+00 2.160168840776345934e-19
2.566371681415929640e+00 1.912200783686263704e-19
2.569985250737464089e+00 1.692406450394699875e-19
2.573598820058997649e+00 1.497618642463028290e-19
2.577212389380531210e+00 1.325022303907271169e-19
2.580825958702065659e+00 1.172115814232188461e-19
2.584439528023599220e+00 1.036676485701659881e-19
2.588053097345133668e+00 9.167298138275178127e-20
2.591666666666667229e+00 8.105220778195963558e-20
2.595280235988200790e+00 7.164959305104138521e-20
2.598893805309735239e+00 6.332686555643534580e-20
2.602507374631268799e+00 5.596128040622556911e-20
2.606120943952803248e+00 4.944389532352949709e-20
2.609734513274336809e+00 4.367803575783755024e-20
2.613348082595870370e+00 3.857792871372309865e-20
2.616961651917404819e+00 3.406748697365166216e-20
2.620575221238938379e+00 3.007922735669535835e-20
2.624188790560472828e+00 2.655330841201568791e-20
2.627802359882006389e+00 2.343667451686913513e-20
2.631415929203539950e+00 2.068229475280890286e-20
2.635029498525074398e+00 1.824848618854587812e-20
2.638643067846607959e+00 1.609831231886613337e-20
2.642256637168142408e+00 1.419904841047845785e-20
2.645870206489675969e+00 1.252170640003138355e-20
2.649483775811210418e+00 1.104061278818741233e-20
2.653097345132743978e+00 9.733033686684323383e-21
2.656710914454277539e+00 8.578841811757886495e-21
2.660324483775811988e+00 7.560220785315941757e-21
2.663938053097345549e+00 6.661402612065031292e-21
2.667551622418879997e+00 5.868434652922815165e-21
2.671165191740413558e+00 5.168972818329484693e-21
2.674778761061947119e+00 4.552098064685653851e-21
2.678392330383481568e+00 4.008153597792243775e-21
2.682005899705015128e+00 3.528600472987407611e-21
2.685619469026549577e+00 3.105889536415838882e-21
2.689233038348083138e+00 2.733347878870509241e-21
2.692846607669616699e+00 2.405078175870665035e-21
2.696460176991151148e+00 2.115869467788337899e-21
2.700073746312684708e+00 1.861118094256361089e-21
2.703687315634219157e+00 1.636757639938130929e-21
2.707300884955752718e+00 1.439196875906176297e-21
2.710914454277286278e+00 1.265264794060001971e-21
2.714528023598820727e+00 1.112161932739212994e-21
2.718141592920354288e+00 9.774172813036018410e-22
2.721755162241888737e+00 8.588501311707286526e-22
2.725368731563422298e+00 7.545363117040454352e-22
2.728982300884956747e+00 6.627783123899568730e-22
2.732595870206490307e+00 5.820788487955733074e-22
2.736209439528023868e+00 5.111174796211781767e-22
2.739823008849558317e+00 4.487299264413419972e-22
2.743436578171091877e+00 3.938897870719083478e-22
2.747050147492626326e+00 3.456923684519032684e-22
2.750663716814159887e+00 3.033403959750847678e-22
2.754277286135693448e+00 2.661313837737608194e-22
2.757890855457227897e+00 2.334464749359583390e-22
2.761504424778761457e+00 2.047405823656786337e-22
2.765117994100295906e+00 1.795336802811336992e-22
2.768731563421829467e+00 1.574031134591592987e-22
2.772345132743363028e+00 1.379768065164139238e-22
2.775958702064897476e+00 1.209272689857692441e-22
2.779572271386431037e+00 1.059663038900258585e-22
2.783185840707965486e+00 9.284033810562668322e-23
2.786799410029499047e+00 8.132630219811908859e-23
2.790412979351032607e+00 7.122799573275234325e-23
2.794026548672567056e+00 6.237288143866396652e-23
2.797640117994100617e+00 5.460925813926058607e-23
2.801253687315635066e+00 4.780376814989668084e-23
2.804867256637168627e+00 4.183919997080798911e-23
2.808480825958703075e+00 3.661255164305391290e-23
2.812094395280236636e+00 3.203332415476975869e-23
2.815707964601770197e+00 2.802201784291540968e-23
2.819321533923304646e+00 2.450880788465488725e-23
2.822935103244838206e+00 2.143237775878356846e-23
2.826548672566372655e+00 1.873889202265203062e-23
2.830162241887906216e+00 1.638109193044280281e-23
2.833775811209439777e+00 1.431749934683384431e-23
2.837389380530974226e+00 1.251171611505606607e-23
2.841002949852507786e+00 1.093180754552085269e-23
2.844616519174042235e+00 9.549760023342851324e-24
2.848230088495575796e+00 8.341003910301010647e-24
2.851843657817109357e+00 7.283993956856974768e-24
2.855457227138643805e+00 6.359840358642299267e-24
2.859070796460177366e+00 5.551984403269737799e-24
2.862684365781711815e+00 4.845913369868708498e-24
2.866297935103245376e+00 4.228909976352900092e-24
2.869911504424778936e+00 3.689832227814926142e-24
2.873525073746313385e+00 3.218920012260046117e-24
2.877138643067846946e+00 2.807625224711266156e-24
2.880752212389381395e+00 2.448462584331732987e-24
2.884365781710914955e+00 2.134878647567241667e-24
2.887979351032449404e+00 1.861136818691801952e-24
2.891592920353982965e+00 1.622216422231949791e-24
2.895206489675516526e+00 1.413724133661018541e-24
2.898820058997050975e+00 1.231816269168236939e-24
2.902433628318584535e+00 1.073130615431038425e-24
2.906047197640118984e+00 9.347266390191230121e-25
2.909660766961652545e+00 8.140330548542200222e-25
2.913274336283186106e+00 7.088018562664894347e-25
2.916887905604720554e+00 6.170680176024867184e-25
2.920501474926254115e+00 5.371141757821857973e-25
2.924115044247788564e+00 4.674396812148364073e-25
2.927728613569322125e+00 4.067334824183426494e-25
2.931342182890855685e+00 3.538503737406689824e-25
2.934955752212390134e+00 3.077901928123143369e-25
2.938569321533923695e+00 2.676796046958332169e-25
2.942182890855458144e+00 2.327561539645078139e-25
2.945796460176991705e+00 2.023543048633120919e-25
2.949410029498525265e+00 1.758932239181377954e-25
2.953023598820059714e+00 1.528660894303873307e-25
2.956637168141593275e+00 1.328307387179316686e-25
2.960250737463127724e+00 1.154014871788603622e-25
2.963864306784661284e+00 1.002419736477167475e-25
2.967477876106195733e+00 8.705890442347518196e-26
2.971091445427729294e+00 7.559658407527378230e-26
2.974705014749262855e+00 6.563213493835100023e-26
2.978318584070797304e+00 5.697131933155735093e-26
2.981932153392330864e+00 4.944488916313939392e-26
2.985545722713865313e+00 4.290539692338069516e-26
2.989159292035398874e+00 3.722441024912161155e-26
2.992772861356932435e+00 3.229007942562615170e-26
2.996386430678466883e+00 2.800501348800236643e-26
3.000000000000000000e+00 2.428442610527704149e-26
