0.000000000000000000e+00
5.998752104108048128e-02
6.010934178796933230e-02
5.984519027013068121e-02
6.007564602870071879e-02
5.973517147244526010e-02
5.820355039347918646e-02
5.764421169571745662e-02
5.688557764476260409e-02
5.615835199501963831e-02
5.551839222421390413e-02
5.522272101589877774e-02
5.614660805907264324e-02
5.588108205006354218e-02
5.602251622348770194e-02
5.652547385674694391e-02
5.637605835181257879e-02
5.653884795113975348e-02
5.630467464162548091e-02
5.597075715429843806e-02
5.578696177028521358e-02
5.532790088819333069e-02
5.524932665722725317e-02
5.530317656896851369e-02
5.530413086121421101e-02
5.530413086121421101e-02
5.474475787648907382e-02
5.480444294227715396e-02
5.480444294227715396e-02
5.468089866842575780e-02
5.481851060806058884e-02
5.392675024860765082e-02
5.392675024860765082e-02
5.392675024860765082e-02
5.368892067404369001e-02
5.378818439810231083e-02
5.378818439810231083e-02
5.378538748679888987e-02
5.378538748679888987e-02
5.378538748679888987e-02
5.378538748679888987e-02
5.378538748679888987e-02
5.378538748679888987e-02
5.378538748679888987e-02
5.378538748679888987e-02
5.378538748679888987e-02
5.378538748679888987e-02
5.378538748679888987e-02
5.378538748679888987e-02
5.378538748679888987e-02
5.378538748679888987e-02
5.378538748679888987e-02
5.378538748679888987e-02
5.378538748679888987e-02
5.378538748679888987e-02
5.378538748679888987e-02
5.378538748679888987e-02
5.378538748679888987e-02
5.378538748679888987e-02
5.378538748679888987e-02
5.378538748679888987e-02
5.378538748679888987e-02
5.378538748679888987e-02
5.378538748679888987e-02
5.378538748679888987e-02
5.378538748679888987e-02
5.378538748679888987e-02
5.378538748679888987e-02
5.378538748679888987e-02
5.378538748679888987e-02
5.378538748679888987e-02
5.378538748679888987e-02
5.378538748679888987e-02
5.378538748679888987e-02
5.378538748679888987e-02
5.378538748679888987e-02
5.378538748679888987e-02
5.378538748679888987e-02
5.378538748679888987e-02
5.378538748679888987e-02
5.378538748679888987e-02
5.378538748679888987e-02
5.378538748679888987e-02
5.378538748679888987e-02
5.378538748679888987e-02
5.378538748679888987e-02
5.378538748679888987e-02
5.378538748679888987e-02
5.378538748679888987e-02
5.378538748679888987e-02
5.378538748679888987e-02
5.378538748679888987e-02
5.378538748679888987e-02
5.378538748679888987e-02
5.378538748679888987e-02
5.378538748679888987e-02
5.378538748679888987e-02
5.378538748679888987e-02
5.378538748679888987e-02
5.378538748679888987e-02
5.378538748679888987e-02
5.378538748679888987e-02
5.378538748679888987e-02
5.378538748679888987e-02
5.378538748679888987e-02
5.378538748679888987e-02
5.378538748679888987e-02
5.378538748679888987e-02
5.378538748679888987e-02
5.378538748679888987e-02
5.378538748679888987e-02
5.378538748679888987e-02
5.378538748679888987e-02
5.378538748679888987e-02
5.378538748679888987e-02
5.378538748679888987e-02
5.378538748679888987e-02
5.378538748679888987e-02
5.378538748679888987e-02
5.378538748679888987e-02
5.378538748679888987e-02
5.378538748679888987e-02
5.378538748679888987e-02
5.378538748679888987e-02
5.378538748679888987e-02
5.378538748679888987e-02
5.378538748679888987e-02
5.378538748679888987e-02
5.378538748679888987e-02
5.378538748679888987e-02
5.378538748679888987e-02
5.378538748679888987e-02
5.378538748679888987e-02
5.378538748679888987e-02
5.378538748679888987e-02
5.378538748679888987e-02
5.378538748679888987e-02
5.378538748679888987e-02
5.378538748679888987e-02
5.378538748679888987e-02
5.378538748679888987e-02
5.378538748679888987e-02
5.378538748679888987e-02
5.378538748679888987e-02
5.378538748679888987e-02
5.378538748679888987e-02
5.378538748679888987e-02
5.378538748679888987e-02
5.378538748679888987e-02
5.378538748679888987e-02
5.378538748679888987e-02
5.378538748679888987e-02
5.378538748679888987e-02
5.378538748679888987e-02
5.378538748679888987e-02
5.378538748679888987e-02
5.378538748679888987e-02
5.378538748679888987e-02
5.378538748679888987e-02
5.378538748679888987e-02
5.378538748679888987e-02
5.378538748679888987e-02
5.378538748679888987e-02
5.378538748679888987e-02
5.378538748679888987e-02
5.378538748679888987e-02
5.378538748679888987e-02
5.378538748679888987e-02
5.378538748679888987e-02
5.378538748679888987e-02
5.378538748679888987e-02
5.378538748679888987e-02
5.378538748679888987e-02
5.378538748679888987e-02
5.378538748679888987e-02
5.378538748679888987e-02
5.378538748679888987e-02
5.378538748679888987e-02
5.378538748679888987e-02
5.378538748679888987e-02
5.378538748679888987e-02
5.378538748679888987e-02
5.378538748679888987e-02
5.378538748679888987e-02
5.378538748679888987e-02
5.378538748679888987e-02
5.378538748679888987e-02
5.378538748679888987e-02
5.378538748679888987e-02
5.378538748679888987e-02
5.378538748679888987e-02
5.378538748679888987e-02
5.378538748679888987e-02
5.378538748679888987e-02
5.378538748679888987e-02
5.378538748679888987e-02
5.378538748679888987e-02
5.378538748679888987e-02
5.378538748679888987e-02
5.378538748679888987e-02
5.378538748679888987e-02
5.378538748679888987e-02
5.378538748679888987e-02
5.378538748679888987e-02
5.378538748679888987e-02
5.378538748679888987e-02
5.378538748679888987e-02
5.378538748679888987e-02
5.378538748679888987e-02
5.378538748679888987e-02
5.378538748679888987e-02
5.378538748679888987e-02
5.378538748679888987e-02
5.378538748679888987e-02
5.378538748679888987e-02
5.378538748679888987e-02
5.378538748679888987e-02
5.378538748679888987e-02
5.378538748679888987e-02
5.378538748679888987e-02
5.378538748679888987e-02
5.378538748679888987e-02
5.378538748679888987e-02
5.378538748679888987e-02
5.378538748679888987e-02
5.378538748679888987e-02
5.378538748679888987e-02
5.378538748679888987e-02
5.378538748679888987e-02
5.378538748679888987e-02
5.378538748679888987e-02
5.378538748679888987e-02
5.378538748679888987e-02
5.378538748679888987e-02
5.378538748679888987e-02
5.378538748679888987e-02
5.378538748679888987e-02
5.378538748679888987e-02
5.378538748679888987e-02
5.378538748679888987e-02
5.378538748679888987e-02
5.378538748679888987e-02
5.378538748679888987e-02
5.378538748679888987e-02
5.378538748679888987e-02
5.378538748679888987e-02
5.378538748679888987e-02
5.378538748679888987e-02
5.378538748679888987e-02
5.378538748679888987e-02
