0.000000000000000000e+00
4.073847088589471754e-02
4.073847088589471754e-02
4.073847088589471754e-02
4.073847088589471754e-02
4.073847088589471754e-02
3.615781476849693615e-02
4.151971167165773718e-02
3.469160248727094081e-02
3.863028008413423725e-02
3.761658706444653832e-02
3.701566509457809850e-02
3.262835821467113123e-02
3.462779289890251244e-02
4.080991063875916841e-02
3.908562543986191656e-02
3.906232892564586584e-02
3.784864150399617350e-02
3.771102163516464045e-02
4.177355063169675004e-02
4.314685532180804334e-02
4.258026109281613097e-02
3.994150276858681597e-02
4.020045589403548753e-02
4.210743280846265812e-02
4.153762571620476379e-02
4.131779222760548903e-02
4.023684516568050429e-02
4.081876033412740190e-02
4.043376173946131025e-02
3.973109890581880826e-02
3.954681465732730328e-02
4.040503816404542731e-02
4.189015891562652277e-02
4.223456656880415078e-02
4.241810202708671401e-02
4.329069120214600747e-02
4.261905969668295519e-02
-4.319207614507089565e-02
-4.262938316168306957e-02
-4.309946049057804957e-02
-4.298091714027138521e-02
-4.295925553900806909e-02
-4.310497521283378902e-02
-4.315846202035048679e-02
-4.308861698798559930e-02
-4.406796318632463100e-02
-4.419729105534225821e-02
-4.401252864580732643e-02
-4.386501122002567365e-02
-4.427285156938613048e-02
-4.412385376192302228e-02
-4.412385376192302228e-02
-4.394794009761734954e-02
-4.449495516550772134e-02
-4.449495516550772134e-02
-4.477839980602233566e-02
-4.514312563817226426e-02
-4.514312563817226426e-02
-4.458505808786909080e-02
-4.493566377039637932e-02
-4.498651784863120368e-02
-4.498651784863120368e-02
-4.504418830669301710e-02
-4.275872936971032018e-02
-4.275872936971032018e-02
-4.275872936971032018e-02
-4.274658004791279109e-02
-4.313464581493175326e-02
-4.292907477689286017e-02
-4.266820784319078769e-02
-4.247550603504601091e-02
-4.272783877945773856e-02
-4.304112834901622359e-02
-4.293228145000985152e-02
-4.311127693198035793e-02
-4.298565502042394487e-02
-4.316279414207854076e-02
-4.316279414207854076e-02
-4.289180891906114318e-02
-4.289180891906114318e-02
-4.294891375938514333e-02
-4.294891375938514333e-02
-4.294891375938514333e-02
-4.294891375938514333e-02
-4.294891375938514333e-02
-4.306018963064703331e-02
-4.312412976488855937e-02
-4.303554435142475237e-02
-4.303554435142475237e-02
-4.324316175541095125e-02
-4.324316175541095125e-02
-4.324316175541095125e-02
-4.340628297802163332e-02
-4.305428079022655813e-02
-4.305428079022655813e-02
-4.308975373370774881e-02
-4.308975373370774881e-02
-4.308975373370774881e-02
-4.312740356600206632e-02
-4.294934911441880554e-02
-4.294934911441880554e-02
-4.294934911441880554e-02
-4.279748351989048905e-02
-4.293187023399941404e-02
-4.293187023399941404e-02
-4.293187023399941404e-02
-4.293187023399941404e-02
-4.303929201007136718e-02
-4.293928479856756047e-02
-4.293928479856756047e-02
-4.293928479856756047e-02
-4.298117208504612097e-02
-4.298117208504612097e-02
-4.298117208504612097e-02
-4.298117208504612097e-02
-4.298117208504612097e-02
-4.294723095908439814e-02
-4.283554726442256183e-02
-4.272672305013486965e-02
-4.272672305013486965e-02
-4.272672305013486965e-02
-4.272672305013486965e-02
-4.272672305013486965e-02
-4.277113372777961026e-02
-4.277113372777961026e-02
-4.281688203714947155e-02
-4.281688203714947155e-02
-4.293272621563543751e-02
-4.293272621563543751e-02
-4.295893997670283820e-02
-4.295893997670283820e-02
-4.290237809891051662e-02
-4.290237809891051662e-02
-4.290237809891051662e-02
-4.290237809891051662e-02
-4.290237809891051662e-02
-4.413470757484058010e-02
-4.413470757484058010e-02
-4.413470757484058010e-02
-4.413470757484058010e-02
-4.413470757484058010e-02
-4.413470757484058010e-02
-4.413470757484058010e-02
-4.413470757484058010e-02
-4.413470757484058010e-02
-4.415683122535488114e-02
-4.403558368958437885e-02
-4.403558368958437885e-02
-4.403558368958437885e-02
-4.403558368958437885e-02
-4.403558368958437885e-02
-4.403558368958437885e-02
-4.406464949225063349e-02
-4.406464949225063349e-02
-4.406464949225063349e-02
-4.406464949225063349e-02
-4.416742727705088439e-02
-4.416742727705088439e-02
-4.416742727705088439e-02
-4.416742727705088439e-02
-4.416742727705088439e-02
-4.416742727705088439e-02
-4.416742727705088439e-02
-4.416742727705088439e-02
-4.416742727705088439e-02
-4.416742727705088439e-02
-4.416742727705088439e-02
-4.416742727705088439e-02
-4.416742727705088439e-02
-4.416742727705088439e-02
-4.416742727705088439e-02
-4.416742727705088439e-02
-4.418678249201266062e-02
-4.418678249201266062e-02
-4.418678249201266062e-02
-4.418678249201266062e-02
-4.418678249201266062e-02
-4.418678249201266062e-02
-4.418678249201266062e-02
-4.418678249201266062e-02
-4.418678249201266062e-02
-4.421191352613713238e-02
-4.412669872428948148e-02
-4.412669872428948148e-02
-4.412669872428948148e-02
-4.412669872428948148e-02
-4.412669872428948148e-02
-4.412669872428948148e-02
-4.412669872428948148e-02
-4.412669872428948148e-02
-4.415529942523985230e-02
-4.415529942523985230e-02
-4.415529942523985230e-02
-4.415529942523985230e-02
-4.417942122056956605e-02
-4.411305442204163652e-02
-4.411305442204163652e-02
-4.411305442204163652e-02
-4.411305442204163652e-02
-4.413729077276634660e-02
-4.413729077276634660e-02
-4.413729077276634660e-02
-4.413729077276634660e-02
-4.413729077276634660e-02
-4.415484949433551992e-02
-4.398655823879887850e-02
-4.392549223033648254e-02
-4.392549223033648254e-02
-4.389058967409170675e-02
-4.391581241614730263e-02
-4.391581241614730263e-02
-4.391581241614730263e-02
-4.391581241614730263e-02
-4.391581241614730263e-02
-4.391581241614730263e-02
-4.391581241614730263e-02
-4.391581241614730263e-02
-4.391581241614730263e-02
-4.391581241614730263e-02
-4.391581241614730263e-02
-4.407984083423682059e-02
-4.407984083423682059e-02
-4.407984083423682059e-02
-4.407984083423682059e-02
-4.407984083423682059e-02
-4.407984083423682059e-02
-4.407984083423682059e-02
-4.407984083423682059e-02
-4.407984083423682059e-02
-4.407984083423682059e-02
-4.407984083423682059e-02
-4.407984083423682059e-02
-4.407984083423682059e-02
-4.407984083423682059e-02
-4.407984083423682059e-02
-4.407984083423682059e-02
-4.407984083423682059e-02
-4.407984083423682059e-02
-4.407984083423682059e-02
-4.407984083423682059e-02
-4.407984083423682059e-02
-4.407984083423682059e-02
-4.407984083423682059e-02
-4.407984083423682059e-02
-4.407984083423682059e-02
-4.410055903808271505e-02
-4.410055903808271505e-02
-4.410055903808271505e-02
-4.410055903808271505e-02
