1.000000000000000000e+00
1.000000000000000222e+00
1.000000000000000222e+00
1.000000000000000222e+00
1.000000000000000222e+00
1.000000000000000222e+00
9.457149167512832744e-01
8.522149654872933633e-01
7.464267846482897095e-01
6.875853721031632837e-01
6.202206637792190280e-01
5.225743690671442732e-01
4.699650758706351295e-01
4.006274092954554833e-01
3.300842714928255428e-01
3.118126089278270285e-01
2.826392396116983452e-01
2.506015997592577205e-01
2.356277820142989032e-01
2.031075399273058746e-01
1.856839217429395728e-01
1.655679551761312374e-01
1.479536734156118860e-01
1.311851834901358593e-01
1.120042719355995309e-01
1.074309213443438854e-01
9.562080939807236779e-02
8.570105706167290005e-02
7.745222390884924646e-02
6.418578872013155912e-02
5.019149197896860537e-02
3.906891255027283849e-02
3.188365445297308698e-02
2.298591933952288252e-02
1.736712252375501378e-02
1.084283038217368454e-02
4.456374949986300488e-03
3.231587712215718868e-04
-3.707747735951946472e-03
-7.634383032292273684e-03
-1.049195313123991134e-02
-1.607902150345633802e-02
-2.243143247290276671e-02
-2.685070854448544028e-02
-2.772065584329777566e-02
-2.941281485493132605e-02
-2.996244193371803630e-02
-3.158120629399836787e-02
-3.473579935181724671e-02
-3.784052425178311557e-02
-3.859877327514714407e-02
-4.157651008546686677e-02
-4.157651008546686677e-02
-4.229705213778474360e-02
-4.440688304908556316e-02
-4.440688304908556316e-02
-4.508466963179733056e-02
-4.575433925691392567e-02
-4.575433925691392567e-02
-4.768225331968994896e-02
-4.831187672920823906e-02
-4.893588289541846853e-02
-4.893588289541846853e-02
-4.954244526223346157e-02
-4.895653063431128910e-02
-4.895653063431128910e-02
-4.895653063431128910e-02
-5.008462459572687181e-02
-5.119644983912569752e-02
-5.229689583405833925e-02
-5.338132312022109138e-02
-5.391679404636299383e-02
-5.549343910670736374e-02
-5.601207820082063082e-02
-5.652051822740533638e-02
-5.702791995165130273e-02
-5.852357265928621877e-02
-5.901546281451388459e-02
-5.901546281451388459e-02
-5.997185123023061198e-02
-5.997185123023061198e-02
-6.043771619396021838e-02
-6.043771619396021838e-02
-6.043771619396021838e-02
-6.043771619396021838e-02
-6.043771619396021838e-02
-6.131691855136423702e-02
-6.305267041781825732e-02
-6.348046708792032256e-02
-6.348046708792032256e-02
-6.432137731099994704e-02
-6.432137731099994704e-02
-6.432137731099994704e-02
-6.513544171872244493e-02
-6.674521205772571131e-02
-6.674521205772571131e-02
-6.713849914759782711e-02
-6.713849914759782711e-02
-6.713849914759782711e-02
-6.751843469613993953e-02
-6.789516380548966945e-02
-6.789516380548966945e-02
-6.789516380548966945e-02
-6.826208759702638573e-02
-6.862506171461202342e-02
-6.862506171461202342e-02
-6.862506171461202342e-02
-6.862506171461202342e-02
-6.967452509022127594e-02
-7.106130621841535988e-02
-7.106130621841535988e-02
-7.106130621841535988e-02
-7.139813782501798489e-02
-7.139813782501798489e-02
-7.139813782501798489e-02
-7.139813782501798489e-02
-7.139813782501798489e-02
-7.204285103905790077e-02
-7.236131514596447212e-02
-7.267750378277205991e-02
-7.267750378277205991e-02
-7.267750378277205991e-02
-7.267750378277205991e-02
-7.267750378277205991e-02
-7.298259060945147536e-02
-7.298259060945147536e-02
-7.328259972319779714e-02
-7.328259972319779714e-02
-7.416499761293074422e-02
-7.416499761293074422e-02
-7.445556465974895177e-02
-7.445556465974895177e-02
-7.474160529082442272e-02
-7.474160529082442272e-02
-7.474160529082442272e-02
-7.474160529082442272e-02
-7.474160529082442272e-02
-7.784378267087115055e-02
-7.784378267087115055e-02
-7.784378267087115055e-02
-7.784378267087115055e-02
-7.784378267087115055e-02
-7.784378267087115055e-02
-7.784378267087115055e-02
-7.784378267087115055e-02
-7.784378267087115055e-02
-7.810246161216244376e-02
-7.835961315531631000e-02
-7.835961315531631000e-02
-7.835961315531631000e-02
-7.835961315531631000e-02
-7.835961315531631000e-02
-7.835961315531631000e-02
-7.860616060165193097e-02
-7.860616060165193097e-02
-7.860616060165193097e-02
-7.860616060165193097e-02
-7.884636644778483805e-02
-7.884636644778483805e-02
-7.884636644778483805e-02
-7.884636644778483805e-02
-7.884636644778483805e-02
-7.884636644778483805e-02
-7.884636644778483805e-02
-7.884636644778483805e-02
-7.884636644778483805e-02
-7.884636644778483805e-02
-7.884636644778483805e-02
-7.884636644778483805e-02
-7.884636644778483805e-02
-7.884636644778483805e-02
-7.884636644778483805e-02
-7.884636644778483805e-02
-7.906383738933696337e-02
-7.906383738933696337e-02
-7.906383738933696337e-02
-7.906383738933696337e-02
-7.906383738933696337e-02
-7.906383738933696337e-02
-7.906383738933696337e-02
-7.906383738933696337e-02
-7.906383738933696337e-02
-7.927070310467952685e-02
-7.947655917904473954e-02
-7.947655917904473954e-02
-7.947655917904473954e-02
-7.947655917904473954e-02
-7.947655917904473954e-02
-7.947655917904473954e-02
-7.947655917904473954e-02
-7.947655917904473954e-02
-7.967328633359091472e-02
-7.967328633359091472e-02
-7.967328633359091472e-02
-7.967328633359091472e-02
-7.986611253686506928e-02
-8.005807388526327284e-02
-8.005807388526327284e-02
-8.005807388526327284e-02
-8.005807388526327284e-02
-8.024587612083718124e-02
-8.024587612083718124e-02
-8.024587612083718124e-02
-8.024587612083718124e-02
-8.024587612083718124e-02
-8.042958145898339295e-02
-7.707769971184094682e-02
-7.725971948558607583e-02
-7.725971948558607583e-02
-7.743929907341344510e-02
-7.761826579554782779e-02
-7.761826579554782779e-02
-7.761826579554782779e-02
-7.761826579554782779e-02
-7.761826579554782779e-02
-7.761826579554782779e-02
-7.761826579554782779e-02
-7.761826579554782779e-02
-7.761826579554782779e-02
-7.761826579554782779e-02
-7.761826579554782779e-02
-8.097014754269030168e-02
-8.097014754269030168e-02
-8.097014754269030168e-02
-8.097014754269030168e-02
-8.097014754269030168e-02
-8.097014754269030168e-02
-8.097014754269030168e-02
-8.097014754269030168e-02
-8.097014754269030168e-02
-8.097014754269030168e-02
-8.097014754269030168e-02
-8.097014754269030168e-02
-8.097014754269030168e-02
-8.097014754269030168e-02
-8.097014754269030168e-02
-8.097014754269030168e-02
-8.097014754269030168e-02
-8.097014754269030168e-02
-8.097014754269030168e-02
-8.097014754269030168e-02
-8.097014754269030168e-02
-8.097014754269030168e-02
-8.097014754269030168e-02
-8.097014754269030168e-02
-8.097014754269030168e-02
-8.112280432920700168e-02
-8.112280432920700168e-02
-8.112280432920700168e-02
-8.112280432920700168e-02
