1.000000000000000000e+00
1.000000000000000000e+00
1.000000000000000000e+00
9.951609546721374988e-01
9.874578540072621591e-01
9.922968993351242162e-01
9.900242039767209734e-01
9.851851586488589163e-01
9.851851586488589163e-01
9.851851586488589163e-01
9.851851586488589163e-01
9.851851586488589163e-01
9.851851586488589163e-01
9.851851586488589163e-01
9.851851586488589163e-01
9.851851586488589163e-01
9.851851586488589163e-01
9.851851586488589163e-01
9.851851586488589163e-01
9.851851586488589163e-01
9.851851586488589163e-01
9.851851586488589163e-01
9.851851586488589163e-01
9.851851586488589163e-01
9.851851586488589163e-01
9.851851586488589163e-01
9.851851586488589163e-01
9.851851586488589163e-01
9.851851586488589163e-01
9.851851586488589163e-01
9.851851586488589163e-01
9.851851586488589163e-01
9.851851586488589163e-01
9.851851586488589163e-01
9.851851586488589163e-01
9.851851586488589163e-01
9.851851586488589163e-01
9.851851586488589163e-01
9.851851586488589163e-01
9.851851586488589163e-01
9.851851586488589163e-01
9.851851586488589163e-01
9.851851586488589163e-01
9.851851586488589163e-01
9.851851586488589163e-01
9.851851586488589163e-01
9.851851586488589163e-01
9.851851586488589163e-01
9.851851586488589163e-01
9.851851586488589163e-01
9.851851586488589163e-01
9.851851586488589163e-01
9.851851586488589163e-01
9.851851586488589163e-01
9.851851586488589163e-01
9.851851586488589163e-01
9.851851586488589163e-01
9.851851586488589163e-01
9.851851586488589163e-01
9.851851586488589163e-01
9.851851586488589163e-01
9.851851586488589163e-01
9.851851586488589163e-01
9.851851586488589163e-01
9.851851586488589163e-01
9.851851586488589163e-01
9.851851586488589163e-01
9.851851586488589163e-01
9.851851586488589163e-01
9.851851586488589163e-01
9.851851586488589163e-01
9.851851586488589163e-01
9.851851586488589163e-01
9.851851586488589163e-01
9.851851586488589163e-01
9.851851586488589163e-01
9.851851586488589163e-01
9.851851586488589163e-01
9.851851586488589163e-01
9.851851586488589163e-01
9.851851586488589163e-01
9.851851586488589163e-01
9.851851586488589163e-01
9.851851586488589163e-01
9.851851586488589163e-01
9.851851586488589163e-01
9.851851586488589163e-01
9.851851586488589163e-01
9.851851586488589163e-01
9.851851586488589163e-01
9.851851586488589163e-01
9.851851586488589163e-01
9.851851586488589163e-01
9.851851586488589163e-01
9.851851586488589163e-01
9.851851586488589163e-01
9.851851586488589163e-01
9.851851586488589163e-01
9.851851586488589163e-01
9.851851586488589163e-01
9.851851586488589163e-01
9.851851586488589163e-01
9.851851586488589163e-01
9.851851586488589163e-01
9.851851586488589163e-01
9.851851586488589163e-01
9.851851586488589163e-01
9.851851586488589163e-01
9.851851586488589163e-01
9.851851586488589163e-01
9.851851586488589163e-01
9.851851586488589163e-01
9.851851586488589163e-01
9.851851586488589163e-01
9.851851586488589163e-01
9.851851586488589163e-01
9.851851586488589163e-01
9.851851586488589163e-01
9.851851586488589163e-01
9.851851586488589163e-01
9.851851586488589163e-01
9.851851586488589163e-01
9.851851586488589163e-01
9.851851586488589163e-01
9.851851586488589163e-01
9.851851586488589163e-01
9.851851586488589163e-01
9.851851586488589163e-01
9.851851586488589163e-01
9.851851586488589163e-01
9.851851586488589163e-01
9.851851586488589163e-01
9.851851586488589163e-01
9.851851586488589163e-01
9.851851586488589163e-01
9.851851586488589163e-01
9.851851586488589163e-01
9.851851586488589163e-01
9.851851586488589163e-01
9.851851586488589163e-01
9.851851586488589163e-01
9.851851586488589163e-01
9.851851586488589163e-01
9.851851586488589163e-01
9.851851586488589163e-01
9.851851586488589163e-01
9.851851586488589163e-01
9.851851586488589163e-01
9.851851586488589163e-01
9.851851586488589163e-01
9.851851586488589163e-01
9.851851586488589163e-01
9.851851586488589163e-01
9.851851586488589163e-01
9.851851586488589163e-01
9.851851586488589163e-01
9.851851586488589163e-01
9.851851586488589163e-01
9.851851586488589163e-01
9.851851586488589163e-01
9.851851586488589163e-01
9.851851586488589163e-01
9.851851586488589163e-01
9.851851586488589163e-01
9.851851586488589163e-01
9.851851586488589163e-01
9.851851586488589163e-01
9.851851586488589163e-01
9.851851586488589163e-01
9.851851586488589163e-01
9.851851586488589163e-01
9.851851586488589163e-01
9.851851586488589163e-01
9.851851586488589163e-01
9.851851586488589163e-01
9.851851586488589163e-01
9.851851586488589163e-01
9.851851586488589163e-01
9.851851586488589163e-01
9.851851586488589163e-01
9.851851586488589163e-01
9.851851586488589163e-01
9.851851586488589163e-01
9.851851586488589163e-01
9.851851586488589163e-01
9.851851586488589163e-01
9.851851586488589163e-01
9.851851586488589163e-01
9.851851586488589163e-01
9.851851586488589163e-01
9.851851586488589163e-01
9.851851586488589163e-01
9.851851586488589163e-01
9.851851586488589163e-01
9.851851586488589163e-01
9.851851586488589163e-01
9.851851586488589163e-01
9.851851586488589163e-01
9.851851586488589163e-01
9.851851586488589163e-01
9.851851586488589163e-01
9.851851586488589163e-01
9.851851586488589163e-01
9.851851586488589163e-01
9.851851586488589163e-01
9.851851586488589163e-01
9.851851586488589163e-01
9.851851586488589163e-01
9.851851586488589163e-01
9.851851586488589163e-01
9.851851586488589163e-01
9.851851586488589163e-01
9.851851586488589163e-01
9.851851586488589163e-01
9.851851586488589163e-01
9.851851586488589163e-01
9.851851586488589163e-01
9.851851586488589163e-01
9.851851586488589163e-01
9.851851586488589163e-01
9.851851586488589163e-01
9.851851586488589163e-01
9.851851586488589163e-01
9.851851586488589163e-01
9.851851586488589163e-01
9.851851586488589163e-01
9.851851586488589163e-01
9.851851586488589163e-01
9.851851586488589163e-01
9.851851586488589163e-01
9.851851586488589163e-01
9.851851586488589163e-01
9.851851586488589163e-01
9.851851586488589163e-01
9.851851586488589163e-01
9.851851586488589163e-01
9.851851586488589163e-01
9.851851586488589163e-01
9.851851586488589163e-01
9.851851586488589163e-01
9.851851586488589163e-01
9.851851586488589163e-01
9.851851586488589163e-01
9.851851586488589163e-01
9.851851586488589163e-01
9.851851586488589163e-01
9.851851586488589163e-01
9.851851586488589163e-01
9.851851586488589163e-01
9.851851586488589163e-01
