0.000000000000000000e+00
5.152085646474996450e-02
5.152085646474996450e-02
5.152085646474996450e-02
5.152085646474996450e-02
5.152085646474996450e-02
5.152085646474996450e-02
5.152085646474996450e-02
5.152085646474996450e-02
5.152085646474996450e-02
5.152085646474996450e-02
5.152085646474996450e-02
5.152085646474996450e-02
5.152085646474996450e-02
5.152085646474996450e-02
5.152085646474996450e-02
5.152085646474996450e-02
5.152085646474996450e-02
5.152085646474996450e-02
4.911852998022037120e-02
5.000166828867699115e-02
4.997714118907728431e-02
5.056097809128371617e-02
5.273945870929393903e-02
5.175107839465700049e-02
5.614054671939979618e-02
5.691834382609344684e-02
5.284341573867498698e-02
5.250024296040398802e-02
5.189028219754244359e-02
5.269726442834166830e-02
5.201101171963610353e-02
5.825402216021117324e-02
5.670903995646454226e-02
5.940474814508548557e-02
5.898430629847370432e-02
5.876425640637022302e-02
5.414322180537766566e-02
5.168787382659003476e-02
5.175785689827307884e-02
5.523765062799490533e-02
5.134109796635998729e-02
4.999052649926780112e-02
5.071811062273392373e-02
5.281981724851466525e-02
5.462491516725279800e-02
5.674551723492413102e-02
5.598925474217138903e-02
5.595124485260541403e-02
5.656773276419795743e-02
5.740305480351359790e-02
5.804698313096556123e-02
5.808078764264156674e-02
5.892572438352460668e-02
5.555011725303737879e-02
5.498810876404915809e-02
5.299875884037825308e-02
5.563037882558372060e-02
5.711887455755235155e-02
5.780889766511027733e-02
5.604219687610264428e-02
5.686507068649343521e-02
5.643461415074662452e-02
5.763919493064723065e-02
5.812627478470860920e-02
5.806661413930256505e-02
5.713139457331186527e-02
5.652223261287665085e-02
5.427136956210639601e-02
5.405644742030824706e-02
5.556614114929667864e-02
5.563406548153199127e-02
5.544964519781007267e-02
5.553985504707998483e-02
5.571400633584137202e-02
5.546738055444725563e-02
5.617312145962546910e-02
5.712177823187689074e-02
5.712177823187689074e-02
5.735595365116245153e-02
5.715322276707177768e-02
5.787379719838219722e-02
5.792377620270260791e-02
5.839449157083315134e-02
5.688992124958413416e-02
5.664948695159464226e-02
5.545435684047839153e-02
5.569153510826194142e-02
5.500420149334066949e-02
5.522741505013332303e-02
5.467915718165133193e-02
5.397817192613021953e-02
5.414314816036120553e-02
5.344058191419009257e-02
5.403163351848567358e-02
5.373447048230071271e-02
5.253598615834215863e-02
5.302484493910612079e-02
5.297147106380076242e-02
5.288009420691536927e-02
5.395375628231217219e-02
5.523163299695341144e-02
5.465079391317112512e-02
5.553127922649794823e-02
5.557731901658981982e-02
5.503969471972439131e-02
5.504517988915817034e-02
5.504517988915817034e-02
5.504517988915817034e-02
5.512715971613973975e-02
5.474183129990639607e-02
5.408207253634923078e-02
5.523808167050239110e-02
5.490238835753868257e-02
5.480966063991694198e-02
5.435989024016635307e-02
5.427714817080735860e-02
5.479140727569330876e-02
5.483034662308777785e-02
5.527646679923491763e-02
5.415698821745417585e-02
5.460778876714148661e-02
5.460778876714148661e-02
5.460778876714148661e-02
5.406654458081835285e-02
5.406654458081835285e-02
5.406346277590204363e-02
5.340841591675291045e-02
5.340841591675291045e-02
5.352614811856293286e-02
5.391405863977488666e-02
5.401920549653940057e-02
5.401920549653940057e-02
5.400800760908058135e-02
5.271955694774177470e-02
5.284755097041165389e-02
5.230328231501774061e-02
5.253532933080531930e-02
5.253532933080531930e-02
5.318389713042349226e-02
5.264149020898491876e-02
5.281716373365957784e-02
5.361300182485601723e-02
5.391249426064215200e-02
5.416226792644845273e-02
5.416226792644845273e-02
5.416226792644845273e-02
5.430717497814863126e-02
5.455921787197715728e-02
5.471188307829116110e-02
5.496935002376243662e-02
5.488607256814125729e-02
5.488607256814125729e-02
5.488607256814125729e-02
5.509846764432626415e-02
5.509846764432626415e-02
5.509846764432626415e-02
5.509846764432626415e-02
5.468658950497182897e-02
5.468658950497182897e-02
5.470409139611095289e-02
5.470409139611095289e-02
5.430716441483596224e-02
5.360388995747934066e-02
5.354123172080176712e-02
5.354123172080176712e-02
5.354123172080176712e-02
5.354123172080176712e-02
5.422390485886999234e-02
5.385046785085134680e-02
5.377556864923294100e-02
5.447492819132626618e-02
5.447492819132626618e-02
5.413768251017753858e-02
5.413768251017753858e-02
5.413768251017753858e-02
5.413768251017753858e-02
5.415671992588853151e-02
5.415671992588853151e-02
5.415671992588853151e-02
5.415671992588853151e-02
5.415671992588853151e-02
5.415671992588853151e-02
5.409542939331599132e-02
5.409542939331599132e-02
5.375551932610903721e-02
5.394230108258118994e-02
5.371349268757743406e-02
5.371349268757743406e-02
5.387069369391438850e-02
5.416614925087102211e-02
5.478471575357211215e-02
5.478471575357211215e-02
5.478471575357211215e-02
5.478471575357211215e-02
5.478471575357211215e-02
5.478471575357211215e-02
5.497137849444577729e-02
5.497137849444577729e-02
5.516682527916680345e-02
5.516682527916680345e-02
5.516682527916680345e-02
5.516682527916680345e-02
5.516682527916680345e-02
5.516682527916680345e-02
5.516682527916680345e-02
5.514500343651915215e-02
5.514318350495985704e-02
5.514318350495985704e-02
5.514318350495985704e-02
5.514318350495985704e-02
5.514318350495985704e-02
5.511303156879476112e-02
5.498097973754973583e-02
5.461496592043910137e-02
5.461496592043910137e-02
5.461496592043910137e-02
5.434185658353720555e-02
5.434185658353720555e-02
5.407615479187974361e-02
5.396560623537191570e-02
5.396560623537191570e-02
5.396560623537191570e-02
5.386129917948320744e-02
5.439068852763329770e-02
5.439068852763329770e-02
5.413784624920674887e-02
5.413784624920674887e-02
5.437661019307615112e-02
5.453992465540975082e-02
5.453992465540975082e-02
5.453992465540975082e-02
5.453992465540975082e-02
5.480454835764019678e-02
5.479920002211979835e-02
5.479920002211979835e-02
5.479611793096864775e-02
5.479611793096864775e-02
5.479611793096864775e-02
5.452388922503297736e-02
5.452388922503297736e-02
5.468958647336760043e-02
5.442560703950732881e-02
5.456893625571173495e-02
5.456893625571173495e-02
5.456893625571173495e-02
5.456893625571173495e-02
5.456893625571173495e-02
5.447546811329723182e-02
5.472791310064106796e-02
