1.000000000000000000e+00
1.000000000000000000e+00
1.000000000000000000e+00
1.000000000000000000e+00
1.000000000000000000e+00
1.000000000000000000e+00
1.000000000000000000e+00
1.000000000000000000e+00
1.000000000000000000e+00
1.000000000000000000e+00
1.000000000000000000e+00
1.000000000000000000e+00
1.000000000000000000e+00
1.000000000000000000e+00
1.000000000000000000e+00
1.000000000000000000e+00
9.928262849215445662e-01
9.859095396500032749e-01
9.795665232648564924e-01
9.734707527915340552e-01
9.564108706572445051e-01
9.346226884841991600e-01
9.031329041629497789e-01
8.833064871404040508e-01
8.545364274168129048e-01
8.224720661074153005e-01
8.093981247515356081e-01
7.713737478727146213e-01
7.550525486070157610e-01
7.158424144616392093e-01
6.853947595853210339e-01
6.596795541439470778e-01
6.560827850664753269e-01
6.355413633609106050e-01
6.122717283693556167e-01
5.861905728840967056e-01
5.671845261086865264e-01
5.425648559015656680e-01
5.246956740113380979e-01
5.101403106058788328e-01
4.903839565862543881e-01
4.821297529553279504e-01
4.713943805637482720e-01
4.426061225250292330e-01
4.374067542543159659e-01
4.223699557379096969e-01
4.199120388705220308e-01
4.006906296455445271e-01
3.747956828528702378e-01
3.609565551136739714e-01
3.518943219359048080e-01
3.430090089612221060e-01
3.277741466276317683e-01
3.191961833547452554e-01
3.004081344310169377e-01
2.881134923045458041e-01
2.780313870876668925e-01
2.740775594644850877e-01
2.721290900066787866e-01
2.587824886420371229e-01
2.512779172133715599e-01
2.457438682053005030e-01
2.421243151993104081e-01
2.331822839028932226e-01
2.296466847946100620e-01
2.209958895328631989e-01
2.175763214491169550e-01
2.091852768425305764e-01
2.058899332894043033e-01
2.042709333709416819e-01
1.994633194650419772e-01
1.931198816554910713e-01
1.899848954427780512e-01
1.915424231150991974e-01
1.900165999756753821e-01
1.810394963822793135e-01
1.780775486455127565e-01
1.722601324077318863e-01
1.650939039690264565e-01
1.650939039690264565e-01
1.566900171126497654e-01
1.511468948111326649e-01
1.497843238996536264e-01
1.470744809446133394e-01
1.482508392473535774e-01
1.469269243041263495e-01
1.443140920086503354e-01
1.430195102082649772e-01
1.417454643180297291e-01
1.404927614305294392e-01
1.404927614305294392e-01
1.367802201585961719e-01
1.367802201585961719e-01
1.331760706130015737e-01
1.331760706130015737e-01
1.296401657329178947e-01
1.261429677182861475e-01
1.238438990977965698e-01
1.227128671515856223e-01
1.227128671515856223e-01
1.204761881391971517e-01
1.138266976091185795e-01
1.116308634738524680e-01
1.116981831145441445e-01
1.116981831145441445e-01
1.095624555964083147e-01
1.085046856062716891e-01
1.064100960483471275e-01
1.074496672782475210e-01
1.023125597166041623e-01
1.033424065506965001e-01
1.023294700900568843e-01
1.013264495202407384e-01
1.003361177471848581e-01
1.003361177471848581e-01
1.013095415276827477e-01
9.841463540332133497e-02
9.554562178435922759e-02
9.459860956762963791e-02
9.459659218716973128e-02
9.272997111129974157e-02
8.995273401937467495e-02
8.903581921874804961e-02
8.716369961499403907e-02
8.195019109969114979e-02
8.104576975447652654e-02
7.927278161062244199e-02
7.663517865666341633e-02
7.488375744916664356e-02
7.141232411483763864e-02
7.141232411483763864e-02
6.970845609377805674e-02
6.801451130912361531e-02
6.632941488523852458e-02
6.549683040395107292e-02
6.466738987488358792e-02
6.466738987488358792e-02
6.303457255497184331e-02
6.303457255497184331e-02
6.142441694527754625e-02
6.062875654773776379e-02
5.904400563239959460e-02
5.825773158203047253e-02
5.669248984983360495e-02
5.591471924967784252e-02
5.591471924967784252e-02
5.514977018461489355e-02
5.362894705711070131e-02
5.287153149492717502e-02
5.287153149492717502e-02
5.212902743324444171e-02
5.138895837996475952e-02
5.064682873407973240e-02
5.064682873407973240e-02
5.064484984052460004e-02
5.064484984052460004e-02
5.064484984052460004e-02
4.993343338944127713e-02
4.922804709906335174e-02
4.711988147906834984e-02
4.711988147906834984e-02
4.365039315308805179e-02
4.365039315308805179e-02
4.365039315308805179e-02
4.365039315308805179e-02
4.500336604164616866e-02
4.432863579234553458e-02
4.432863579234553458e-02
4.432863579234553458e-02
4.300355794059302489e-02
4.234849564818472106e-02
4.169424961060069074e-02
4.169424961060069074e-02
4.040322992088519333e-02
4.040322992088519333e-02
3.976519476092540972e-02
3.912932746856334632e-02
3.849912644463289457e-02
4.008651467075771690e-02
4.008651467075771690e-02
4.008651467075771690e-02
4.008651467075771690e-02
3.947184294181892844e-02
3.886346042318752914e-02
3.765063291001194412e-02
3.765063291001194412e-02
3.586740246253598829e-02
3.586740246253598829e-02
3.586740246253598829e-02
3.586740246253598829e-02
3.527975507084508966e-02
3.411101422611192979e-02
3.352981693417368680e-02
3.295062501726991194e-02
3.295062501726991194e-02
3.408846822885788080e-02
3.351902846961434673e-02
3.351902846961434673e-02
3.239180660062763312e-02
3.239180660062763312e-02
3.239180660062763312e-02
3.294952749055497093e-02
3.350616561149730860e-02
3.295629518388055318e-02
3.350402962614935920e-02
3.350402962614935920e-02
3.350402962614935920e-02
3.296585760887619371e-02
3.296585760887619371e-02
3.083096082520473541e-02
3.083096082520473541e-02
3.083096082520473541e-02
3.030571831356431226e-02
3.030571831356431226e-02
3.030571831356431226e-02
3.030571831356431226e-02
3.030571831356431226e-02
3.030571831356431226e-02
2.979464475900148526e-02
2.979464475900148526e-02
2.979464475900148526e-02
2.979464475900148526e-02
2.979464475900148526e-02
2.979464475900148526e-02
2.979464475900148526e-02
2.880277865445332944e-02
2.880277865445332944e-02
2.880277865445332944e-02
2.880277865445332944e-02
2.880277865445332944e-02
2.880277865445332944e-02
2.687135956723384761e-02
2.783405668637513666e-02
2.735464287073294948e-02
2.735464287073294948e-02
2.783288059716642129e-02
2.783288059716642129e-02
2.783288059716642129e-02
2.783288059716642129e-02
2.783288059716642129e-02
2.783288059716642129e-02
2.783288059716642129e-02
2.783288059716642129e-02
2.691499841795817749e-02
2.645901917665116274e-02
2.645901917665116274e-02
2.645901917665116274e-02
2.645901917665116274e-02
2.510604628809304587e-02
2.510604628809304587e-02
