-1.899999999999999911e+00 0.000000000000000000e+00
-1.896386430678465906e+00 0.000000000000000000e+00
-1.892772861356932124e+00 0.000000000000000000e+00
-1.889159292035398119e+00 0.000000000000000000e+00
-1.885545722713864114e+00 0.000000000000000000e+00
-1.881932153392330331e+00 0.000000000000000000e+00
-1.878318584070796327e+00 0.000000000000000000e+00
-1.874705014749262544e+00 0.000000000000000000e+00
-1.871091445427728539e+00 0.000000000000000000e+00
-1.867477876106194534e+00 0.000000000000000000e+00
-1.863864306784660752e+00 0.000000000000000000e+00
-1.860250737463126747e+00 0.000000000000000000e+00
-1.856637168141592742e+00 0.000000000000000000e+00
-1.853023598820058959e+00 0.000000000000000000e+00
-1.849410029498524954e+00 0.000000000000000000e+00
-1.845796460176990950e+00 0.000000000000000000e+00
-1.842182890855457167e+00 0.000000000000000000e+00
-1.838569321533923162e+00 0.000000000000000000e+00
-1.834955752212389379e+00 0.000000000000000000e+00
-1.831342182890855375e+00 0.000000000000000000e+00
-1.827728613569321370e+00 0.000000000000000000e+00
-1.824115044247787587e+00 0.000000000000000000e+00
-1.820501474926253582e+00 0.000000000000000000e+00
-1.816887905604719577e+00 0.000000000000000000e+00
-1.813274336283185795e+00 0.000000000000000000e+00
-1.809660766961651790e+00 0.000000000000000000e+00
-1.806047197640118007e+00 0.000000000000000000e+00
-1.802433628318584002e+00 0.000000000000000000e+00
-1.798820058997049998e+00 0.000000000000000000e+00
-1.795206489675516215e+00 0.000000000000000000e+00
-1.791592920353982210e+00 0.000000000000000000e+00
-1.787979351032448205e+00 0.000000000000000000e+00
-1.784365781710914423e+00 0.000000000000000000e+00
-1.780752212389380418e+00 0.000000000000000000e+00
-1.777138643067846413e+00 0.000000000000000000e+00
-1.773525073746312630e+00 0.000000000000000000e+00
-1.769911504424778625e+00 0.000000000000000000e+00
-1.766297935103244843e+00 0.000000000000000000e+00
-1.762684365781710838e+00 0.000000000000000000e+00
-1.759070796460176833e+00 0.000000000000000000e+00
-1.755457227138643050e+00 0.000000000000000000e+00
-1.751843657817109046e+00 0.000000000000000000e+00
-1.748230088495575041e+00 0.000000000000000000e+00
-1.744616519174041258e+00 0.000000000000000000e+00
-1.741002949852507253e+00 0.000000000000000000e+00
-1.737389380530973249e+00 0.000000000000000000e+00
-1.733775811209439466e+00 0.000000000000000000e+00
-1.730162241887905461e+00 0.000000000000000000e+00
-1.726548672566371678e+00 0.000000000000000000e+00
-1.722935103244837673e+00 0.000000000000000000e+00
-1.719321533923303669e+00 0.000000000000000000e+00
-1.715707964601769886e+00 0.000000000000000000e+00
-1.712094395280235881e+00 0.000000000000000000e+00
-1.708480825958701876e+00 0.000000000000000000e+00
-1.704867256637168094e+00 0.000000000000000000e+00
-1.701253687315634089e+00 0.000000000000000000e+00
-1.697640117994100084e+00 0.000000000000000000e+00
-1.694026548672566301e+00 0.000000000000000000e+00
-1.690412979351032297e+00 0.000000000000000000e+00
-1.686799410029498514e+00 0.000000000000000000e+00
-1.683185840707964509e+00 0.000000000000000000e+00
-1.679572271386430504e+00 0.000000000000000000e+00
-1.675958702064896721e+00 0.000000000000000000e+00
-1.672345132743362717e+00 0.000000000000000000e+00
-1.668731563421828712e+00 0.000000000000000000e+00
-1.665117994100294929e+00 0.000000000000000000e+00
-1.661504424778760924e+00 0.000000000000000000e+00
-1.657890855457226920e+00 0.000000000000000000e+00
-1.654277286135693137e+00 0.000000000000000000e+00
-1.650663716814159132e+00 0.000000000000000000e+00
-1.647050147492625349e+00 0.000000000000000000e+00
-1.643436578171091345e+00 0.000000000000000000e+00
-1.639823008849557340e+00 0.000000000000000000e+00
-1.636209439528023557e+00 0.000000000000000000e+00
-1.632595870206489552e+00 0.000000000000000000e+00
-1.628982300884955770e+00 0.000000000000000000e+00
-1.625368731563421765e+00 0.000000000000000000e+00
-1.621755162241887760e+00 0.000000000000000000e+00
-1.618141592920353755e+00 0.000000000000000000e+00
-1.614528023598819972e+00 0.000000000000000000e+00
-1.610914454277285968e+00 0.000000000000000000e+00
-1.607300884955752185e+00 0.000000000000000000e+00
-1.603687315634218180e+00 0.000000000000000000e+00
-1.600073746312684175e+00 0.000000000000000000e+00
-1.596460176991150393e+00 0.000000000000000000e+00
-1.592846607669616388e+00 0.000000000000000000e+00
-1.589233038348082605e+00 0.000000000000000000e+00
-1.585619469026548600e+00 0.000000000000000000e+00
-1.582005899705014595e+00 0.000000000000000000e+00
-1.578392330383480591e+00 0.000000000000000000e+00
-1.574778761061946808e+00 0.000000000000000000e+00
-1.571165191740412803e+00 0.000000000000000000e+00
-1.567551622418879020e+00 0.000000000000000000e+00
-1.563938053097345016e+00 0.000000000000000000e+00
-1.560324483775811011e+00 0.000000000000000000e+00
-1.556710914454277228e+00 0.000000000000000000e+00
-1.553097345132743223e+00 0.000000000000000000e+00
-1.549483775811209441e+00 0.000000000000000000e+00
-1.545870206489675436e+00 0.000000000000000000e+00
-1.542256637168141431e+00 0.000000000000000000e+00
-1.538643067846607426e+00 0.000000000000000000e+00
-1.535029498525073643e+00 0.000000000000000000e+00
-1.531415929203539639e+00 0.000000000000000000e+00
-1.527802359882005856e+00 0.000000000000000000e+00
-1.524188790560471851e+00 0.000000000000000000e+00
-1.520575221238937846e+00 0.000000000000000000e+00
-1.516961651917404064e+00 0.000000000000000000e+00
-1.513348082595870059e+00 0.000000000000000000e+00
-1.509734513274336276e+00 0.000000000000000000e+00
-1.506120943952802271e+00 0.000000000000000000e+00
-1.502507374631268267e+00 0.000000000000000000e+00
-1.498893805309734262e+00 0.000000000000000000e+00
-1.495280235988200479e+00 0.000000000000000000e+00
-1.491666666666666474e+00 0.000000000000000000e+00
-1.488053097345132691e+00 0.000000000000000000e+00
-1.484439528023598687e+00 0.000000000000000000e+00
-1.480825958702064682e+00 0.000000000000000000e+00
-1.477212389380530899e+00 0.000000000000000000e+00
-1.473598820058996894e+00 0.000000000000000000e+00
-1.469985250737463112e+00 0.000000000000000000e+00
-1.466371681415929107e+00 0.000000000000000000e+00
-1.462758112094395102e+00 0.000000000000000000e+00
-1.459144542772861097e+00 0.000000000000000000e+00
-1.455530973451327315e+00 0.000000000000000000e+00
-1.451917404129793310e+00 0.000000000000000000e+00
-1.448303834808259527e+00 0.000000000000000000e+00
-1.444690265486725522e+00 0.000000000000000000e+00
-1.441076696165191517e+00 0.000000000000000000e+00
-1.437463126843657735e+00 0.000000000000000000e+00
-1.433849557522123730e+00 0.000000000000000000e+00
-1.430235988200589947e+00 0.000000000000000000e+00
-1.426622418879055942e+00 0.000000000000000000e+00
-1.423008849557521938e+00 0.000000000000000000e+00
-1.419395280235987933e+00 0.000000000000000000e+00
-1.415781710914454150e+00 0.000000000000000000e+00
-1.412168141592920145e+00 0.000000000000000000e+00
-1.408554572271386363e+00 0.000000000000000000e+00
-1.404941002949852358e+00 0.000000000000000000e+00
-1.401327433628318353e+00 0.000000000000000000e+00
-1.397713864306784570e+00 0.000000000000000000e+00
-1.394100294985250565e+00 0.000000000000000000e+00
-1.390486725663716783e+00 0.000000000000000000e+00
-1.386873156342182778e+00 0.000000000000000000e+00
-1.383259587020648773e+00 0.000000000000000000e+00
-1.379646017699114768e+00 0.000000000000000000e+00
-1.376032448377580986e+00 0.000000000000000000e+00
-1.372418879056047203e+00 0.000000000000000000e+00
-1.368805309734513198e+00 0.000000000000000000e+00
-1.365191740412979193e+00 0.000000000000000000e+00
-1.361578171091445189e+00 0.000000000000000000e+00
-1.357964601769911406e+00 0.000000000000000000e+00
-1.354351032448377401e+00 0.000000000000000000e+00
-1.350737463126843618e+00 0.000000000000000000e+00
-1.347123893805309613e+00 0.000000000000000000e+00
-1.343510324483775609e+00 0.000000000000000000e+00
-1.339896755162241604e+00 0.000000000000000000e+00
-1.336283185840707821e+00 0.000000000000000000e+00
-1.332669616519174038e+00 0.000000000000000000e+00
-1.329056047197640034e+00 0.000000000000000000e+00
-1.325442477876106029e+00 0.000000000000000000e+00
-1.321828908554572024e+00 0.000000000000000000e+00
-1.318215339233038241e+00 0.000000000000000000e+00
-1.314601769911504237e+00 0.000000000000000000e+00
-1.310988200589970454e+00 0.000000000000000000e+00
-1.307374631268436449e+00 0.000000000000000000e+00
-1.303761061946902444e+00 0.000000000000000000e+00
-1.300147492625368439e+00 0.000000000000000000e+00
-1.296533923303834657e+00 0.000000000000000000e+00
-1.292920353982300874e+00 0.000000000000000000e+00
-1.289306784660766869e+00 0.000000000000000000e+00
-1.285693215339232864e+00 0.000000000000000000e+00
-1.282079646017698860e+00 0.000000000000000000e+00
-1.278466076696165077e+00 0.000000000000000000e+00
-1.274852507374631072e+00 0.000000000000000000e+00
-1.271238938053097289e+00 0.000000000000000000e+00
-1.267625368731563285e+00 0.000000000000000000e+00
-1.264011799410029280e+00 0.000000000000000000e+00
-1.260398230088495275e+00 0.000000000000000000e+00
-1.256784660766961492e+00 0.000000000000000000e+00
-1.253171091445427709e+00 0.000000000000000000e+00
-1.249557522123893705e+00 0.000000000000000000e+00
-1.245943952802359700e+00 0.000000000000000000e+00
-1.242330383480825695e+00 0.000000000000000000e+00
-1.238716814159291912e+00 0.000000000000000000e+00
-1.235103244837757908e+00 0.000000000000000000e+00
-1.231489675516224125e+00 0.000000000000000000e+00
-1.227876106194690120e+00 0.000000000000000000e+00
-1.224262536873156115e+00 0.000000000000000000e+00
-1.220648967551622111e+00 0.000000000000000000e+00
-1.217035398230088328e+00 0.000000000000000000e+00
-1.213421828908554545e+00 0.000000000000000000e+00
-1.209808259587020540e+00 0.000000000000000000e+00
-1.206194690265486535e+00 0.000000000000000000e+00
-1.202581120943952531e+00 0.000000000000000000e+00
-1.198967551622418748e+00 0.000000000000000000e+00
-1.195353982300884743e+00 0.000000000000000000e+00
-1.191740412979350960e+00 0.000000000000000000e+00
-1.188126843657816956e+00 0.000000000000000000e+00
-1.184513274336282951e+00 0.000000000000000000e+00
-1.180899705014748946e+00 0.000000000000000000e+00
-1.177286135693215163e+00 0.000000000000000000e+00
-1.173672566371681381e+00 0.000000000000000000e+00
-1.170058997050147376e+00 0.000000000000000000e+00
-1.166445427728613371e+00 0.000000000000000000e+00
-1.162831858407079366e+00 0.000000000000000000e+00
-1.159218289085545583e+00 0.000000000000000000e+00
-1.155604719764011579e+00 0.000000000000000000e+00
-1.151991150442477796e+00 0.000000000000000000e+00
-1.148377581120943791e+00 0.000000000000000000e+00
-1.144764011799409786e+00 0.000000000000000000e+00
-1.141150442477875782e+00 0.000000000000000000e+00
-1.137536873156341999e+00 0.000000000000000000e+00
-1.133923303834808216e+00 0.000000000000000000e+00
-1.130309734513274211e+00 0.000000000000000000e+00
-1.126696165191740207e+00 0.000000000000000000e+00
-1.123082595870206202e+00 0.000000000000000000e+00
-1.119469026548672419e+00 0.000000000000000000e+00
-1.115855457227138636e+00 0.000000000000000000e+00
-1.112241887905604631e+00 0.000000000000000000e+00
-1.108628318584070627e+00 0.000000000000000000e+00
-1.105014749262536622e+00 0.000000000000000000e+00
-1.101401179941002617e+00 0.000000000000000000e+00
-1.097787610619468834e+00 0.000000000000000000e+00
-1.094174041297935052e+00 0.000000000000000000e+00
-1.090560471976401047e+00 0.000000000000000000e+00
-1.086946902654867042e+00 0.000000000000000000e+00
-1.083333333333333037e+00 0.000000000000000000e+00
-1.079719764011799255e+00 0.000000000000000000e+00
-1.076106194690265472e+00 0.000000000000000000e+00
-1.072492625368731467e+00 0.000000000000000000e+00
-1.068879056047197462e+00 0.000000000000000000e+00
-1.065265486725663457e+00 0.000000000000000000e+00
-1.061651917404129453e+00 0.000000000000000000e+00
-1.058038348082595670e+00 0.000000000000000000e+00
-1.054424778761061887e+00 0.000000000000000000e+00
-1.050811209439527882e+00 0.000000000000000000e+00
-1.047197640117993878e+00 0.000000000000000000e+00
-1.043584070796459873e+00 0.000000000000000000e+00
-1.039970501474926090e+00 0.000000000000000000e+00
-1.036356932153392307e+00 0.000000000000000000e+00
-1.032743362831858303e+00 0.000000000000000000e+00
-1.029129793510324298e+00 0.000000000000000000e+00
-1.025516224188790293e+00 0.000000000000000000e+00
-1.021902654867256510e+00 0.000000000000000000e+00
-1.018289085545722505e+00 0.000000000000000000e+00
-1.014675516224188723e+00 0.000000000000000000e+00
-1.011061946902654718e+00 0.000000000000000000e+00
-1.007448377581120713e+00 0.000000000000000000e+00
-1.003834808259586708e+00 0.000000000000000000e+00
-1.000221238938052926e+00 0.000000000000000000e+00
-9.966076696165190318e-01 0.000000000000000000e+00
-9.929941002949850271e-01 0.000000000000000000e+00
-9.893805309734511333e-01 0.000000000000000000e+00
-9.857669616519172395e-01 0.000000000000000000e+00
-9.821533923303833458e-01 0.000000000000000000e+00
-9.785398230088493410e-01 0.000000000000000000e+00
-9.749262536873154472e-01 0.000000000000000000e+00
-9.713126843657815535e-01 0.000000000000000000e+00
-9.676991150442475487e-01 0.000000000000000000e+00
-9.640855457227136549e-01 0.000000000000000000e+00
-9.604719764011797611e-01 0.000000000000000000e+00
-9.568584070796458674e-01 0.000000000000000000e+00
-9.532448377581118626e-01 0.000000000000000000e+00
-9.496312684365779688e-01 0.000000000000000000e+00
-9.460176991150440751e-01 0.000000000000000000e+00
-9.424041297935101813e-01 0.000000000000000000e+00
-9.387905604719761765e-01 0.000000000000000000e+00
-9.351769911504422828e-01 0.000000000000000000e+00
-9.315634218289083890e-01 0.000000000000000000e+00
-9.279498525073743842e-01 0.000000000000000000e+00
-9.243362831858404904e-01 0.000000000000000000e+00
-9.207227138643065967e-01 0.000000000000000000e+00
-9.171091445427727029e-01 0.000000000000000000e+00
-9.134955752212386981e-01 0.000000000000000000e+00
-9.098820058997048044e-01 0.000000000000000000e+00
-9.062684365781709106e-01 0.000000000000000000e+00
-9.026548672566370168e-01 0.000000000000000000e+00
-8.990412979351030121e-01 0.000000000000000000e+00
-8.954277286135692293e-01 0.000000000000000000e+00
-8.918141592920352245e-01 0.000000000000000000e+00
-8.882005899705012197e-01 0.000000000000000000e+00
-8.845870206489674370e-01 0.000000000000000000e+00
-8.809734513274334322e-01 0.000000000000000000e+00
-8.773598820058994274e-01 0.000000000000000000e+00
-8.737463126843656447e-01 0.000000000000000000e+00
-8.701327433628316399e-01 0.000000000000000000e+00
-8.665191740412976351e-01 0.000000000000000000e+00
-8.629056047197638524e-01 0.000000000000000000e+00
-8.592920353982298476e-01 0.000000000000000000e+00
-8.556784660766960648e-01 0.000000000000000000e+00
-8.520648967551620601e-01 0.000000000000000000e+00
-8.484513274336280553e-01 0.000000000000000000e+00
-8.448377581120942725e-01 0.000000000000000000e+00
-8.412241887905602677e-01 0.000000000000000000e+00
-8.376106194690262630e-01 0.000000000000000000e+00
-8.339970501474924802e-01 0.000000000000000000e+00
-8.303834808259584754e-01 0.000000000000000000e+00
-8.267699115044244706e-01 0.000000000000000000e+00
-8.231563421828906879e-01 0.000000000000000000e+00
-8.195427728613566831e-01 0.000000000000000000e+00
-8.159292035398229004e-01 0.000000000000000000e+00
-8.123156342182888956e-01 0.000000000000000000e+00
-8.087020648967548908e-01 0.000000000000000000e+00
-8.050884955752211081e-01 0.000000000000000000e+00
-8.014749262536871033e-01 0.000000000000000000e+00
-7.978613569321530985e-01 0.000000000000000000e+00
-7.942477876106193158e-01 0.000000000000000000e+00
-7.906342182890853110e-01 0.000000000000000000e+00
-7.870206489675513062e-01 0.000000000000000000e+00
-7.834070796460175234e-01 0.000000000000000000e+00
-7.797935103244835187e-01 0.000000000000000000e+00
-7.761799410029497359e-01 0.000000000000000000e+00
-7.725663716814157311e-01 0.000000000000000000e+00
-7.689528023598817263e-01 0.000000000000000000e+00
-7.653392330383479436e-01 0.000000000000000000e+00
-7.617256637168139388e-01 0.000000000000000000e+00
-7.581120943952799340e-01 0.000000000000000000e+00
-7.544985250737461513e-01 0.000000000000000000e+00
-7.508849557522121465e-01 0.000000000000000000e+00
-7.472713864306783638e-01 0.000000000000000000e+00
-7.436578171091443590e-01 0.000000000000000000e+00
-7.400442477876103542e-01 0.000000000000000000e+00
-7.364306784660765715e-01 0.000000000000000000e+00
-7.328171091445425667e-01 0.000000000000000000e+00
-7.292035398230085619e-01 0.000000000000000000e+00
-7.255899705014747791e-01 0.000000000000000000e+00
-7.219764011799407744e-01 0.000000000000000000e+00
-7.183628318584067696e-01 0.000000000000000000e+00
-7.147492625368729868e-01 0.000000000000000000e+00
-7.111356932153389820e-01 0.000000000000000000e+00
-7.075221238938051993e-01 0.000000000000000000e+00
-7.039085545722711945e-01 0.000000000000000000e+00
-7.002949852507371897e-01 0.000000000000000000e+00
-6.966814159292034070e-01 0.000000000000000000e+00
-6.930678466076694022e-01 0.000000000000000000e+00
-6.894542772861353974e-01 0.000000000000000000e+00
-6.858407079646016147e-01 0.000000000000000000e+00
-6.822271386430676099e-01 0.000000000000000000e+00
-6.786135693215336051e-01 0.000000000000000000e+00
-6.749999999999998224e-01 0.000000000000000000e+00
-6.713864306784658176e-01 0.000000000000000000e+00
-6.677728613569320348e-01 0.000000000000000000e+00
-6.641592920353980301e-01 0.000000000000000000e+00
-6.605457227138640253e-01 0.000000000000000000e+00
-6.569321533923302425e-01 0.000000000000000000e+00
-6.533185840707962377e-01 0.000000000000000000e+00
-6.497050147492622330e-01 0.000000000000000000e+00
-6.460914454277284502e-01 0.000000000000000000e+00
-6.424778761061944454e-01 0.000000000000000000e+00
-6.388643067846604406e-01 0.000000000000000000e+00
-6.352507374631266579e-01 0.000000000000000000e+00
-6.316371681415926531e-01 0.000000000000000000e+00
-6.280235988200588704e-01 0.000000000000000000e+00
-6.244100294985248656e-01 0.000000000000000000e+00
-6.207964601769908608e-01 0.000000000000000000e+00
-6.171828908554570781e-01 0.000000000000000000e+00
-6.135693215339230733e-01 0.000000000000000000e+00
-6.099557522123890685e-01 0.000000000000000000e+00
-6.063421828908552857e-01 0.000000000000000000e+00
-6.027286135693212810e-01 0.000000000000000000e+00
-5.991150442477872762e-01 0.000000000000000000e+00
-5.955014749262534934e-01 0.000000000000000000e+00
-5.918879056047194887e-01 0.000000000000000000e+00
-5.882743362831857059e-01 0.000000000000000000e+00
-5.846607669616517011e-01 0.000000000000000000e+00
-5.810471976401176963e-01 0.000000000000000000e+00
-5.774336283185839136e-01 0.000000000000000000e+00
-5.738200589970499088e-01 0.000000000000000000e+00
-5.702064896755159040e-01 0.000000000000000000e+00
-5.665929203539821213e-01 0.000000000000000000e+00
-5.629793510324481165e-01 0.000000000000000000e+00
-5.593657817109143338e-01 0.000000000000000000e+00
-5.557522123893803290e-01 1.579751681492031286e-317
-5.521386430678463242e-01 1.668485438189472628e-299
-5.485250737463125414e-01 1.688449909295507458e-282
-5.449115044247785367e-01 1.868437071651669949e-266
-5.412979351032445319e-01 2.561277692606128350e-251
-5.376843657817107491e-01 4.892587558327486860e-237
-5.340707964601767443e-01 1.455338337212336319e-223
-5.304572271386427396e-01 7.486140350158398948e-211
-5.268436578171089568e-01 7.351635257662157869e-199
-5.232300884955749520e-01 1.513169171751080593e-187
-5.196165191740411693e-01 7.129059807781444068e-177
-5.160029498525071645e-01 8.354652947836835500e-167
-5.123893805309731597e-01 2.634229662706460427e-157
-5.087758112094393770e-01 2.406397887625435016e-148
-5.051622418879053722e-01 6.829973673127373238e-140
-5.015486725663713674e-01 6.433526885474841450e-132
-4.979351032448375847e-01 2.140355913382751880e-124
-4.943215339233035799e-01 2.667081005884295043e-117
-4.907079646017695751e-01 1.315740182635767923e-110
-4.870943952802357924e-01 2.707714036408585084e-104
-4.834808259587017876e-01 2.442137049279397756e-98
-4.798672566371680048e-01 1.011347703062271810e-92
-4.762536873156340000e-01 2.009479224914808454e-87
-4.726401179940999953e-01 1.996793912387555985e-82
-4.690265486725662125e-01 1.031927192452274938e-77
-4.654129793510322077e-01 2.877880146614785174e-73
-4.617994100294982029e-01 4.484790410724241642e-69
-4.581858407079644202e-01 4.035918998040639229e-65
-4.545722713864304154e-01 2.163483896916656135e-61
-4.509587020648964106e-01 7.113711874948173585e-58
-4.473451327433626279e-01 1.474938067089875832e-54
-4.437315634218286231e-01 1.979307034294005400e-51
-4.401179941002948404e-01 1.761987744189433375e-48
-4.365044247787608356e-01 1.064949034507081348e-45
-4.328908554572268308e-01 4.466920551156927800e-43
-4.292772861356930481e-01 1.327460724019275522e-40
-4.256637168141590433e-01 2.849989880567374125e-38
-4.220501474926250385e-01 4.502661892338480104e-36
-4.184365781710912557e-01 5.326536336895381515e-34
-4.148230088495572510e-01 4.796114021058465550e-32
-4.112094395280232462e-01 3.338266285551531955e-30
-4.075958702064894634e-01 1.822544237605463486e-28
-4.039823008849554586e-01 7.913012130039812881e-27
-4.003687315634216759e-01 2.767933654091635591e-25
-3.967551622418876711e-01 7.896678888896942363e-24
-3.931415929203536663e-01 1.858799166451453766e-22
-3.895280235988198836e-01 3.649725290872194343e-21
-3.859144542772858788e-01 6.039491947183812741e-20
-3.823008849557518740e-01 8.504980425964330811e-19
-3.786873156342180913e-01 1.028633494753370896e-17
-3.750737463126840865e-01 1.077752913825971844e-16
-3.714601769911500817e-01 9.862645290979603818e-16
-3.678466076696162990e-01 7.943783676712107426e-15
-3.642330383480822942e-01 5.672522931241347013e-14
-3.606194690265485114e-01 3.615901894368595443e-13
-3.570058997050145067e-01 2.070889245304697716e-12
-3.533923303834805019e-01 1.072127498868899707e-11
-3.497787610619467191e-01 5.046437521354170751e-11
-3.461651917404127143e-01 2.171352808350978184e-10
-3.425516224188787096e-01 8.584353044951148630e-10
-3.389380530973449268e-01 3.133394915835222201e-09
-3.353244837758109220e-01 1.060798630756797505e-08
-3.317109144542771393e-01 3.345251253460727174e-08
-3.280973451327431345e-01 9.866529495428587185e-08
-3.244837758112091297e-01 2.732134305582364261e-07
-3.208702064896753470e-01 7.128685805880630403e-07
-3.172566371681413422e-01 1.758594318510647490e-06
-3.136430678466073374e-01 4.114960799951102998e-06
-3.100294985250735547e-01 9.160633809614494603e-06
-3.064159292035395499e-01 1.945747098614779459e-05
-3.028023598820055451e-01 3.953840214641056607e-05
-2.991887905604717623e-01 7.705982484580416268e-05
-2.955752212389377576e-01 1.443958470354454618e-04
-2.919616519174039748e-01 2.607243477479794934e-04
-2.883480825958699700e-01 4.546061016686673314e-04
-2.847345132743359652e-01 7.669898460458630723e-04
-2.811209439528021825e-01 1.254494743506218710e-03
-2.775073746312681777e-01 1.992738233760382987e-03
-2.738938053097341729e-01 3.079405576915937668e-03
-2.702802359882003902e-01 4.636711492886142448e-03
-2.666666666666663854e-01 6.812895550417388986e-03
-2.630530973451323806e-01 9.782427559444625831e-03
-2.594395280235985979e-01 1.374467674456476135e-02
-2.558259587020645931e-01 1.892091172754813838e-02
-2.522123893805308104e-01 2.554963454504395950e-02
-2.485988200589968056e-01 3.388039491324915803e-02
-2.449852507374628008e-01 4.416636386435526113e-02
-2.413716814159290180e-01 5.665605376356821349e-02
-2.377581120943950133e-01 7.158464356185673116e-02
-2.341445427728610085e-01 8.916539807990166155e-02
-2.305309734513272257e-01 1.095816576805607873e-01
-2.269174041297932209e-01 1.329798242190030622e-01
-2.233038348082592162e-01 1.594636886583575830e-01
-2.196902654867254334e-01 1.890903453684974755e-01
-2.160766961651914286e-01 2.218678287080934619e-01
-2.124631268436576459e-01 2.577544991881502989e-01
-2.088495575221236411e-01 2.966601078507103417e-01
-2.052359882005896363e-01 3.384483847593684480e-01
-2.016224188790558536e-01 3.829409345368758322e-01
-1.980088495575218488e-01 4.299221802080651633e-01
-1.943952802359878440e-01 4.791450757166186847e-01
-1.907817109144540613e-01 5.303373053407268722e-01
-1.871681415929200565e-01 5.832077017608903180e-01
-1.835545722713860517e-01 6.374526401132185605e-01
-1.799410029498522690e-01 6.927621992485919478e-01
-1.763274336283182642e-01 7.488259200693059281e-01
-1.727138643067844814e-01 8.053380311177575912e-01
-1.691002949852504766e-01 8.620020509960520938e-01
-1.654867256637164719e-01 9.185347137632718928e-01
-1.618731563421826891e-01 9.746691958545560253e-01
-1.582595870206486843e-01 1.030157650503476852e+00
-1.546460176991146795e-01 1.084773077802782204e+00
-1.510324483775808968e-01 1.138310575452565976e+00
-1.474188790560468920e-01 1.190588027238878022e+00
-1.438053097345131093e-01 1.241446293863174288e+00
-1.401917404129791045e-01 1.290748974517238246e+00
-1.365781710914450997e-01 1.338381808225528324e+00
-1.329646017699113170e-01 1.384251782113728790e+00
-1.293510324483773122e-01 1.428286010022626007e+00
-1.257374631268433074e-01 1.470430439827158819e+00
-1.221238938053095247e-01 1.510648441922111118e+00
-1.185103244837755199e-01 1.548919324999887825e+00
-1.148967551622415151e-01 1.585236818797184366e+00
-1.112831858407077323e-01 1.619607557175533730e+00
-1.076696165191737276e-01 1.652049588910744715e+00
-1.040560471976399448e-01 1.682590938025348093e+00
-1.004424778761059400e-01 1.711268230486103104e+00
-9.682890855457193524e-02 1.738125399645525260e+00
-9.321533923303815250e-02 1.763212478943079864e+00
-8.960176991150414771e-02 1.786584487084860395e+00
-8.598820058997014293e-02 1.808300408161556794e+00
-8.237463126843636019e-02 1.828422266902270055e+00
-7.876106194690235540e-02 1.847014297450164655e+00
-7.514749262536835062e-02 1.864142202634043954e+00
-7.153392330383456788e-02 1.879872499647953887e+00
-6.792035398230056309e-02 1.894271947288313607e+00
-6.430678466076678035e-02 1.907407049390094311e+00
-6.069321533923277556e-02 1.919343628805154189e+00
-5.707964601769877078e-02 1.930146466140434613e+00
-5.346607669616498804e-02 1.939878997485240841e+00
-4.985250737463098325e-02 1.948603065476166796e+00
-4.623893805309697846e-02 1.956378718249039972e+00
-4.262536873156319572e-02 1.963264051087988404e+00
-3.901179941002919094e-02 1.969315085883234673e+00
-3.539823008849518615e-02 1.974585683837663197e+00
-3.178466076696140341e-02 1.979127487203477864e+00
-2.817109144542739863e-02 1.982989886176505623e+00
-2.455752212389361588e-02 1.986220007417727862e+00
-2.094395280235961110e-02 1.988862721004394318e+00
-1.733038348082560631e-02 1.990960662932064862e+00
-1.371681415929182357e-02 1.992554270591358367e+00
-1.010324483775781879e-02 1.993681828926352040e+00
-6.489675516223814000e-03 1.994379525245568718e+00
-2.876106194690031259e-03 1.994681510899338539e+00
7.374631268439735265e-04 1.994619926302601653e+00
4.351032448377978312e-03 1.994216709375705054e+00
7.964601769911761053e-03 1.993474521400112387e+00
1.157817109144576584e-02 1.992393666792597440e+00
1.519174041297954858e-02 1.990974624279703065e+00
1.880530973451355337e-02 1.989218046514716232e+00
2.241887905604755815e-02 1.987124759544915520e+00
2.603244837758134089e-02 1.984695762129789154e+00
2.964601769911534568e-02 1.981932224911067797e+00
3.325958702064935046e-02 1.978835489435455175e+00
3.687315634218313321e-02 1.975407067031328845e+00
4.048672566371713799e-02 1.971648637540675431e+00
4.410029498525114278e-02 1.967562047907909895e+00
4.771386430678492552e-02 1.963149310626997712e+00
5.132743362831893030e-02 1.958412602049123263e+00
5.494100294985271304e-02 1.953354260552496724e+00
5.855457227138671783e-02 1.947976784576844533e+00
6.216814159292072262e-02 1.942282830524662440e+00
6.578171091445450536e-02 1.936275210531890556e+00
6.939528023598851014e-02 1.929956890110603451e+00
7.300884955752251493e-02 1.923330985666409365e+00
7.662241887905629767e-02 1.916400761893692239e+00
8.023598820059030245e-02 1.909169629051604034e+00
8.384955752212408520e-02 1.901641140124036511e+00
8.746312684365808998e-02 1.893818987867035286e+00
9.107669616519209477e-02 1.885707001746932843e+00
9.469026548672587751e-02 1.877309144772895566e+00
9.830383480825988229e-02 1.868629510227562518e+00
1.019174041297938871e-01 1.859672318299526506e+00
1.055309734513278919e-01 1.850441912621607621e+00
1.091445427728614526e-01 1.840942756718889850e+00
1.127581120943954573e-01 1.831179430370608374e+00
1.163716814159294621e-01 1.821156625890062442e+00
1.199852507374634669e-01 1.810879144326810408e+00
1.235988200589974717e-01 1.800351891595422194e+00
1.272123893805314765e-01 1.789579874535267123e+00
1.308259587020650372e-01 1.778568196905665477e+00
1.344395280235990420e-01 1.767322055320968532e+00
1.380530973451330468e-01 1.755846735130126568e+00
1.416666666666670515e-01 1.744147606245278093e+00
1.452802359882010563e-01 1.732230118923986595e+00
1.488938053097346170e-01 1.720099799509770433e+00
1.525073746312686218e-01 1.707762246135625439e+00
1.561209439528026266e-01 1.695223124395153658e+00
1.597345132743366314e-01 1.682488162985982916e+00
1.633480825958706362e-01 1.669563149330237861e+00
1.669616519174046410e-01 1.656453925176657682e+00
1.705752212389382017e-01 1.643166382188997243e+00
1.741887905604722064e-01 1.629706457525526675e+00
1.778023598820062112e-01 1.616080129413988375e+00
1.814159292035402160e-01 1.602293412726861987e+00
1.850294985250742208e-01 1.588352354561267665e+00
1.886430678466077815e-01 1.574263029828202543e+00
1.922566371681417863e-01 1.560031536855446932e+00
1.958702064896757911e-01 1.545663993008533854e+00
1.994837758112097958e-01 1.531166530334259201e+00
2.030973451327438006e-01 1.516545291230871673e+00
2.067109144542778054e-01 1.501806424149202401e+00
2.103244837758113661e-01 1.486956079328897395e+00
2.139380530973453709e-01 1.472000404573730936e+00
2.175516224188793757e-01 1.456945541070065353e+00
2.211651917404133805e-01 1.441797619252204399e+00
2.247787610619473853e-01 1.426562754718568637e+00
2.283923303834809460e-01 1.411247044202198042e+00
2.320058997050149507e-01 1.395856561599356338e+00
2.356194690265489555e-01 1.380397354059537562e+00
2.392330383480829603e-01 1.364875438140324748e+00
2.428466076696169651e-01 1.349296796030371448e+00
2.464601769911509699e-01 1.333667371843483052e+00
2.500737463126845306e-01 1.317993067987055511e+00
2.536873156342185354e-01 1.302279741607514474e+00
2.573008849557525402e-01 1.286533201115657166e+00
2.609144542772865449e-01 1.270759202794494946e+00
2.645280235988205497e-01 1.254963447492086992e+00
2.681415929203541104e-01 1.239151577401762516e+00
2.717551622418881152e-01 1.223329172931935771e+00
2.753687315634221200e-01 1.207501749667635238e+00
2.789823008849561248e-01 1.191674755425762289e+00
2.825958702064901296e-01 1.175853567405757527e+00
2.862094395280241343e-01 1.160043489437609043e+00
2.898230088495576950e-01 1.144249749328491106e+00
2.934365781710916998e-01 1.128477496309660877e+00
2.970501474926257046e-01 1.112731798584769116e+00
3.006637168141597094e-01 1.097017640980753717e+00
3.042772861356937142e-01 1.081339922702373890e+00
3.078908554572272749e-01 1.065703455191103988e+00
3.115044247787612797e-01 1.050112960089286895e+00
3.151179941002952845e-01 1.034573067310030625e+00
3.187315634218292892e-01 1.019088313213265540e+00
3.223451327433632940e-01 1.003663138888442274e+00
3.259587020648972988e-01 9.883018885438679124e-01
3.295722713864308595e-01 9.730088080028703734e-01
3.331858407079648643e-01 9.577880433066612298e-01
3.367994100294988691e-01 9.426436394237535099e-01
3.404129793510328739e-01 9.275795390655072747e-01
3.440265486725668787e-01 9.125995816075067602e-01
3.476401179941004393e-01 8.977075021160710877e-01
3.512536873156344441e-01 8.829069304792794837e-01
3.548672566371684489e-01 8.682013906417742621e-01
3.584808259587024537e-01 8.535942999423041799e-01
3.620943952802364585e-01 8.390889685531094377e-01
3.657079646017700192e-01 8.246885990199822603e-01
3.693215339233040240e-01 8.103962859017943554e-01
3.729351032448380288e-01 7.962150155081826330e-01
3.765486725663720335e-01 7.821476657339569982e-01
3.801622418879060383e-01 7.681970059887360813e-01
3.837758112094400431e-01 7.543656972202746891e-01
3.873893805309736038e-01 7.406562920297040664e-01
3.910029498525076086e-01 7.270712348770113076e-01
3.946165191740416134e-01 7.136128623749302680e-01
3.982300884955756182e-01 7.002834036692625608e-01
4.018436578171096230e-01 6.870849809037721245e-01
4.054572271386431837e-01 6.740196097674971965e-01
4.090707964601771884e-01 6.610892001224766279e-01
4.126843657817111932e-01 6.482955567096992944e-01
4.162979351032451980e-01 6.356403799310651470e-01
4.199115044247792028e-01 6.231252667051240257e-01
4.235250737463132076e-01 6.107517113942616538e-01
4.271386430678467683e-01 5.985211068010400925e-01
4.307522123893807731e-01 5.864347452312733688e-01
4.343657817109147778e-01 5.744938196214540715e-01
4.379793510324487826e-01 5.626994247280895367e-01
4.415929203539827874e-01 5.510525583764753765e-01
4.452064896755163481e-01 5.395541227664363282e-01
4.488200589970503529e-01 5.282049258325108854e-01
4.524336283185843577e-01 5.170056826561304497e-01
4.560471976401183625e-01 5.059570169271689899e-01
4.596607669616523673e-01 4.950594624524083942e-01
4.632743362831863720e-01 4.843134647083913169e-01
4.668879056047199327e-01 4.737193824360610983e-01
4.705014749262539375e-01 4.632774892747424933e-01
4.741150442477879423e-01 4.529879754328977048e-01
4.777286135693219471e-01 4.428509493931640506e-01
4.813421828908559519e-01 4.328664396491772592e-01
4.849557522123895126e-01 4.230343964716951621e-01
4.885693215339235174e-01 4.133546937015957212e-01
4.921828908554575222e-01 4.038271305672797018e-01
4.957964601769915269e-01 3.944514335240948966e-01
4.994100294985255317e-01 3.852272581134006946e-01
5.030235988200595365e-01 3.761541908389066102e-01
5.066371681415930972e-01 3.672317510580077049e-01
5.102507374631271020e-01 3.584593928857986445e-01
5.138643067846611068e-01 3.498365071095693168e-01
5.174778761061951116e-01 3.413624231115399699e-01
5.210914454277291163e-01 3.330364107977211163e-01
5.247050147492626770e-01 3.248576825307496474e-01
5.283185840707966818e-01 3.168253950646626738e-01
5.319321533923306866e-01 3.089386514795863792e-01
5.355457227138646914e-01 3.011965031143535865e-01
5.391592920353986962e-01 2.935979514951588820e-01
5.427728613569327010e-01 2.861419502583660290e-01
5.463864306784662617e-01 2.788274070656633352e-01
5.500000000000002665e-01 2.716531855098179293e-01
5.536135693215342712e-01 2.646181070093093779e-01
5.572271386430682760e-01 2.577209526902221604e-01
5.608407079646022808e-01 2.509604652537771874e-01
5.644542772861358415e-01 2.443353508280041997e-01
5.680678466076698463e-01 2.378442808020742039e-01
5.716814159292038511e-01 2.314858936418606739e-01
5.752949852507378559e-01 2.252587966854112111e-01
5.789085545722718606e-01 2.191615679170080266e-01
5.825221238938058654e-01 2.131927577185917244e-01
5.861356932153394261e-01 2.073508905973899530e-01
5.897492625368734309e-01 2.016344668886143332e-01
5.933628318584074357e-01 1.960419644321934884e-01
5.969764011799414405e-01 1.905718402225246022e-01
6.005899705014754453e-01 1.852225320303414469e-01
6.042035398230090060e-01 1.799924599957833382e-01
6.078171091445430108e-01 1.748800281918857780e-01
6.114306784660770155e-01 1.698836261577071072e-01
6.150442477876110203e-01 1.650016304004028600e-01
6.186578171091450251e-01 1.602324058655935635e-01
6.222713864306790299e-01 1.555743073754469186e-01
6.258849557522125906e-01 1.510256810339303257e-01
6.294985250737465954e-01 1.465848655987600502e-01
6.331120943952806002e-01 1.422501938196201743e-01
6.367256637168146050e-01 1.380199937422748602e-01
6.403392330383486097e-01 1.338925899782505147e-01
6.439528023598821704e-01 1.298663049398216252e-01
6.475663716814161752e-01 1.259394600400680075e-01
6.511799410029501800e-01 1.221103768578387788e-01
6.547935103244841848e-01 1.183773782674851921e-01
6.584070796460181896e-01 1.147387895332860619e-01
6.620206489675521944e-01 1.111929393685219258e-01
6.656342182890857551e-01 1.077381609592117373e-01
6.692477876106197598e-01 1.043727929525453679e-01
6.728613569321537646e-01 1.010951804101131030e-01
6.764749262536877694e-01 9.790367572604583013e-02
6.800884955752217742e-01 9.479663951023516166e-02
6.837020648967553349e-01 9.177244143683585542e-02
6.873156342182893397e-01 8.882946105827387029e-02
6.909292035398233445e-01 8.596608858504427297e-02
6.945427728613573493e-01 8.318072563158435129e-02
6.981563421828913540e-01 8.047178592855892820e-02
7.017699115044253588e-01 7.783769600191754734e-02
7.053834808259589195e-01 7.527689581910956829e-02
7.089970501474929243e-01 7.278783940286877308e-02
7.126106194690269291e-01 7.036899541301232242e-02
7.162241887905609339e-01 6.801884769670731024e-02
7.198377581120949387e-01 6.573589580769381713e-02
7.234513274336284994e-01 6.351865549497151542e-02
7.270648967551625041e-01 6.136565916146518446e-02
7.306784660766965089e-01 5.927545629322257537e-02
7.342920353982305137e-01 5.724661385969218030e-02
7.379056047197645185e-01 5.527771668566130309e-02
7.415191740412985233e-01 5.336736779544079545e-02
7.451327433628320840e-01 5.151418872989676351e-02
7.487463126843660888e-01 4.971681983693948537e-02
7.523598820059000936e-01 4.797392053609757234e-02
7.559734513274340983e-01 4.628416955780092351e-02
7.595870206489681031e-01 4.464626515801810303e-02
7.632005899705016638e-01 4.305892530889220138e-02
7.668141592920356686e-01 4.152088786602532722e-02
7.704277286135696734e-01 4.003091071307093851e-02
7.740412979351036782e-01 3.858777188429313859e-02
7.776548672566376830e-01 3.719026966575267323e-02
7.812684365781712437e-01 3.583722267578706017e-02
7.848820058997052485e-01 3.452746992544893784e-02
7.884955752212392532e-01 3.325987085956474965e-02
7.921091445427732580e-01 3.203330537907738557e-02
7.957227138643072628e-01 3.084667384533705189e-02
7.993362831858412676e-01 2.969889706699191043e-02
8.029498525073748283e-01 2.858891627014090511e-02
8.065634218289088331e-01 2.751569305238965243e-02
8.101769911504428379e-01 2.647820932146360481e-02
8.137905604719768426e-01 2.547546721900993683e-02
8.174041297935108474e-01 2.450648903022506833e-02
8.210176991150444081e-01 2.357031707993098232e-02
8.246312684365784129e-01 2.266601361572042478e-02
8.282448377581124177e-01 2.179266067877828547e-02
8.318584070796464225e-01 2.094935996298274636e-02
8.354719764011804273e-01 2.013523266287453942e-02
8.390855457227144321e-01 1.934941931108051169e-02
8.426991150442479928e-01 1.859107960576064991e-02
8.463126843657819975e-01 1.785939222864096204e-02
8.499262536873160023e-01 1.715355465418550926e-02
8.535398230088500071e-01 1.647278295044285815e-02
8.571533923303840119e-01 1.581631157210081767e-02
8.607669616519175726e-01 1.518339314626130157e-02
8.643805309734515774e-01 1.457329825144417119e-02
8.679941002949855822e-01 1.398531519031118858e-02
8.716076696165195870e-01 1.341874975659092077e-02
8.752212389380535917e-01 1.287292499667114232e-02
8.788348082595875965e-01 1.234718096631945948e-02
8.824483775811211572e-01 1.184087448296794118e-02
8.860619469026551620e-01 1.135337887399757301e-02
8.896755162241891668e-01 1.088408372143814286e-02
8.932890855457231716e-01 1.043239460348690043e-02
8.969026548672571764e-01 9.997732833238830857e-03
9.005162241887907371e-01 9.579535195008603149e-03
9.041297935103247418e-01 9.177253678605975032e-03
9.077433628318587466e-01 8.790355211923494075e-03
9.113569321533927514e-01 8.418321392172078976e-03
9.149705014749267562e-01 8.060648216094208618e-03
9.185840707964607610e-01 7.716845809470599012e-03
9.221976401179943217e-01 7.386438156221228173e-03
9.258112094395283265e-01 7.068962827392618643e-03
9.294247787610623313e-01 6.763970710308604695e-03
9.330383480825963360e-01 6.471025738150522517e-03
9.366519174041303408e-01 6.189704620221942247e-03
9.402654867256639015e-01 5.919596573139018943e-03
9.438790560471979063e-01 5.660303053178151328e-03
9.474926253687319111e-01 5.411437490000190441e-03
9.511061946902659159e-01 5.172625021959352878e-03
9.547197640117999207e-01 4.943502233194210262e-03
9.583333333333339255e-01 4.723716892687041674e-03
9.619469026548674861e-01 4.512927695468518623e-03
9.655604719764014909e-01 4.310804006131868128e-03
9.691740412979354957e-01 4.117025604813958316e-03
9.727876106194695005e-01 3.931282435787541822e-03
9.764011799410035053e-01 3.753274358801936099e-03
9.800147492625370660e-01 3.582710903298837440e-03
9.836283185840710708e-01 3.419311025620631016e-03
9.872418879056050756e-01 3.262802869320859632e-03
9.908554572271390803e-01 3.112923528676581758e-03
9.944690265486730851e-01 2.969418815495240924e-03
9.980825958702070899e-01 2.832043029299633266e-03
1.001696165191740651e+00 2.700558730967308422e-03
1.005309734513274655e+00 2.574736519893010799e-03
1.008923303834808660e+00 2.454354814735566076e-03
1.012536873156342665e+00 2.339199637803151145e-03
1.016150442477876670e+00 2.229064403124755584e-03
1.019764011799410230e+00 2.123749708248616301e-03
1.023377581120944235e+00 2.023063129802144151e-03
1.026991150442478240e+00 1.926819022842264509e-03
1.030604719764012245e+00 1.834838324018441729e-03
1.034218289085546250e+00 1.746948358566317383e-03
1.037831858407080254e+00 1.662982651143110049e-03
1.041445427728613815e+00 1.582780740512313789e-03
1.045058997050147820e+00 1.506187998079292368e-03
1.048672566371681825e+00 1.433055450275321505e-03
1.052286135693215829e+00 1.363239604783046590e-03
1.055899705014749834e+00 1.296602280592208754e-03
1.059513274336283395e+00 1.233010441870497536e-03
1.063126843657817400e+00 1.172336035630705368e-03
1.066740412979351404e+00 1.114455833171839770e-03
1.070353982300885409e+00 1.059251275268423276e-03
1.073967551622419414e+00 1.006608321079089296e-03
1.077581120943953419e+00 9.564173007428309085e-04
1.081194690265486980e+00 9.085727716282730650e-04
1.084808259587020984e+00 8.629733781988702850e-04
1.088421828908554989e+00 8.195217154545804839e-04
1.092035398230088994e+00 7.781241959082625323e-04
1.095648967551622999e+00 7.386909200530422876e-04
1.099262536873156559e+00 7.011355502750022967e-04
1.102876106194690564e+00 6.653751881638012228e-04
1.106489675516224569e+00 6.313302551722397172e-04
1.110103244837758574e+00 5.989243765743677448e-04
1.113716814159292579e+00 5.680842686704729722e-04
1.117330383480826583e+00 5.387396291859338155e-04
1.120943952802360144e+00 5.108230308102414954e-04
1.124557522123894149e+00 4.842698178212122891e-04
1.128171091445428154e+00 4.590180057389032240e-04
1.131784660766962158e+00 4.350081839528908089e-04
1.135398230088496163e+00 4.121834212661305884e-04
1.139011799410029724e+00 3.904891742981073002e-04
1.142625368731563729e+00 3.698731986896256255e-04
1.146238938053097733e+00 3.502854630513525087e-04
1.149852507374631738e+00 3.316780655980380876e-04
1.153466076696165743e+00 3.140051534102628592e-04
1.157079646017699748e+00 2.972228442655546919e-04
1.160693215339233308e+00 2.812891509808331382e-04
1.164306784660767313e+00 2.661639082082030124e-04
1.167920353982301318e+00 2.518087016264670616e-04
1.171533923303835323e+00 2.381867994708608094e-04
1.175147492625369328e+00 2.252630863440148522e-04
1.178761061946902888e+00 2.130039992514321076e-04
1.182374631268436893e+00 2.013774658052783890e-04
1.185988200589970898e+00 1.903528445408403066e-04
1.189601769911504903e+00 1.799008672904198560e-04
1.193215339233038907e+00 1.699935835602145657e-04
1.196828908554572468e+00 1.606043068562245757e-04
1.200442477876106473e+00 1.517075629059729490e-04
1.204056047197640478e+00 1.432790397235476475e-04
1.207669616519174483e+00 1.352955394661578461e-04
1.211283185840708487e+00 1.277349320312211431e-04
1.214896755162242492e+00 1.205761103437657058e-04
1.218510324483776053e+00 1.137989472847648003e-04
1.222123893805310058e+00 1.073842542118347293e-04
1.225737463126844062e+00 1.013137410246220323e-04
1.229351032448378067e+00 9.556997772803273812e-05
1.232964601769912072e+00 9.013635744738815469e-05
1.236578171091445633e+00 8.499706085044512495e-05
1.240191740412979637e+00 8.013702193216042872e-05
1.243805309734513642e+00 7.554189511897288121e-05
1.247418879056047647e+00 7.119802365030155733e-05
1.251032448377581652e+00 6.709240919588323291e-05
1.254646017699115657e+00 6.321268266849649749e-05
1.258259587020649217e+00 5.954707619255041507e-05
1.261873156342183222e+00 5.608439618993440952e-05
1.265486725663717227e+00 5.281399754546576333e-05
1.269100294985251232e+00 4.972575881517031482e-05
1.272713864306785236e+00 4.681005844156747696e-05
1.276327433628318797e+00 4.405775194103361733e-05
1.279941002949852802e+00 4.146015002922743745e-05
1.283554572271386807e+00 3.900899765145241345e-05
1.287168141592920811e+00 3.669645388572070433e-05
1.290781710914454816e+00 3.451507268716912688e-05
1.294395280235988821e+00 3.245778444334342349e-05
1.298008849557522382e+00 3.051787831072028204e-05
1.301622418879056386e+00 2.868898530369304303e-05
1.305235988200590391e+00 2.696506210807933030e-05
1.308849557522124396e+00 2.534037559202404648e-05
1.312463126843658401e+00 2.380948798799577807e-05
1.316076696165191962e+00 2.236724272035674728e-05
1.319690265486725966e+00 2.100875085377532382e-05
1.323303834808259971e+00 1.972937813852091303e-05
1.326917404129793976e+00 1.852473262942828564e-05
1.330530973451327981e+00 1.739065285606157451e-05
1.334144542772861985e+00 1.632319652233231531e-05
1.337758112094395546e+00 1.531862971453318794e-05
1.341371681415929551e+00 1.437341659744248605e-05
1.344985250737463556e+00 1.348420957883676629e-05
1.348598820058997561e+00 1.264783992340489481e-05
1.352212389380531565e+00 1.186130879771154991e-05
1.355825958702065126e+00 1.112177872848421389e-05
1.359439528023599131e+00 1.042656545711767299e-05
1.363053097345133136e+00 9.773130173889965392e-06
1.366666666666667140e+00 9.159072115967914574e-06
1.370280235988201145e+00 8.582121513852606390e-06
1.373893805309735150e+00 8.040132871469168820e-06
1.377507374631268711e+00 7.531078565644790118e-06
1.381120943952802715e+00 7.053042751244074904e-06
1.384734513274336720e+00 6.604215558742880208e-06
1.388348082595870725e+00 6.182887571512900090e-06
1.391961651917404730e+00 5.787444570575001072e-06
1.395575221238938290e+00 5.416362535044075015e-06
1.399188790560472295e+00 5.068202886939514242e-06
1.402802359882006300e+00 4.741607969478080698e-06
1.406415929203540305e+00 4.435296748387570275e-06
1.410029498525074310e+00 4.148060726193726792e-06
1.413643067846608314e+00 3.878760059831679722e-06
1.417256637168141875e+00 3.626319872318024868e-06
1.420870206489675880e+00 3.389726749594495863e-06
1.424483775811209885e+00 3.168025414014160340e-06
1.428097345132743889e+00 2.960315566290388925e-06
1.431710914454277894e+00 2.765748888065915194e-06
1.435324483775811455e+00 2.583526197584843185e-06
1.438938053097345460e+00 2.412894751264466905e-06
1.442551622418879465e+00 2.253145684267508453e-06
1.446165191740413469e+00 2.103611583466732359e-06
1.449778761061947474e+00 1.963664186477263930e-06
1.453392330383481479e+00 1.832712200702460772e-06
1.457005899705015040e+00 1.710199236601459179e-06
1.460619469026549044e+00 1.595601849638703134e-06
1.464233038348083049e+00 1.488427685618372765e-06
1.467846607669617054e+00 1.388213724339763044e-06
1.471460176991151059e+00 1.294524616735009230e-06
1.475073746312684619e+00 1.206951110866115482e-06
1.478687315634218624e+00 1.125108562365784580e-06
1.482300884955752629e+00 1.048635525106672594e-06
1.485914454277286634e+00 9.771924180745937055e-07
1.489528023598820639e+00 9.104602646057954950e-07
1.493141592920354643e+00 8.481395003248747315e-07
1.496755162241888204e+00 7.899488462893609592e-07
1.500368731563422209e+00 7.356242440096979532e-07
1.503982300884956214e+00 6.849178491693063755e-07
1.507595870206490218e+00 6.375970810185502774e-07
1.511209439528024223e+00 5.934437245601898005e-07
1.514823008849557784e+00 5.522530827805252387e-07
1.518436578171091789e+00 5.138331763122447424e-07
1.522050147492625793e+00 4.780039880404816959e-07
1.525663716814159798e+00 4.445967502841139224e-07
1.529277286135693803e+00 4.134532722993969744e-07
1.532890855457227808e+00 3.844253059631665882e-07
1.536504424778761368e+00 3.573739475981342752e-07
1.540117994100295373e+00 3.321690740034314547e-07
1.543731563421829378e+00 3.086888108496869839e-07
1.547345132743363383e+00 2.868190316898193464e-07
1.550958702064897388e+00 2.664528859242802776e-07
1.554572271386430948e+00 2.474903541433904109e-07
1.558185840707964953e+00 2.298378293491164462e-07
1.561799410029498958e+00 2.134077226349595860e-07
1.565412979351032963e+00 1.981180919752462733e-07
1.569026548672566967e+00 1.838922928444334200e-07
1.572640117994100972e+00 1.706586494530833402e-07
1.576253687315634533e+00 1.583501454501054020e-07
1.579867256637168538e+00 1.469041330007753619e-07
1.583480825958702543e+00 1.362620592072036167e-07
1.587094395280236547e+00 1.263692088921759636e-07
1.590707964601770552e+00 1.171744628191110712e-07
1.594321533923304113e+00 1.086300704700241045e-07
1.597935103244838118e+00 1.006914365502432217e-07
1.601548672566372122e+00 9.331692043311236635e-08
1.605162241887906127e+00 8.646764780024409835e-08
1.608775811209440132e+00 8.010733377309559434e-08
1.612389380530973693e+00 7.420211686987545606e-08
1.616002949852507697e+00 6.872040315802590971e-08
1.619616519174041702e+00 6.363272000706412394e-08
1.623230088495575707e+00 5.891157887921660220e-08
1.626843657817109712e+00 5.453134662636001112e-08
1.630457227138643717e+00 5.046812479124132108e-08
1.634070796460177277e+00 4.669963643887370148e-08
1.637684365781711282e+00 4.320512007051944410e-08
1.641297935103245287e+00 3.996523019777484920e-08
1.644911504424779292e+00 3.696194417808097351e-08
1.648525073746313296e+00 3.417847493554340588e-08
1.652138643067846857e+00 3.159918921229879069e-08
1.655752212389380862e+00 2.920953101590855349e-08
1.659365781710914867e+00 2.699594994740443174e-08
1.662979351032448871e+00 2.494583411273838843e-08
1.666592920353982876e+00 2.304744733755528673e-08
1.670206489675516881e+00 2.128987042141167184e-08
1.673820058997050442e+00 1.966294618292867117e-08
1.677433628318584447e+00 1.815722806186256983e-08
1.681047197640118451e+00 1.676393205779894612e-08
1.684660766961652456e+00 1.547489179812501963e-08
1.688274336283186461e+00 1.428251654018926586e-08
1.691887905604720022e+00 1.317975192410992419e-08
1.695501474926254026e+00 1.216004330361893497e-08
1.699115044247788031e+00 1.121730149262961290e-08
1.702728613569322036e+00 1.034587077494856447e-08
1.706342182890856041e+00 9.540499033722745690e-09
1.709955752212390045e+00 8.796309865876208345e-09
1.713569321533923606e+00 8.108776554950784253e-09
1.717182890855457611e+00 7.473697783461614777e-09
1.720796460176991616e+00 6.887174973133901056e-09
1.724410029498525621e+00 6.345591148223657509e-09
1.728023598820059625e+00 5.845591223562527033e-09
1.731637168141593186e+00 5.384063625036178847e-09
1.735250737463127191e+00 4.958123155912441354e-09
1.738864306784661196e+00 4.565095027816724469e-09
1.742477876106195200e+00 4.202499980207423219e-09
1.746091445427729205e+00 3.868040416968554719e-09
1.749705014749263210e+00 3.559587493214207858e-09
1.753318584070796771e+00 3.275169089609794350e-09
1.756932153392330775e+00 3.012958615477611644e-09
1.760545722713864780e+00 2.771264585674662421e-09
1.764159292035398785e+00 2.548520919728994712e-09
1.767772861356932790e+00 2.343277915008240492e-09
1.771386430678466350e+00 2.154193848779548328e-09
1.775000000000000355e+00 1.980027166920509402e-09
1.778613569321534360e+00 1.819629219761123155e-09
1.782227138643068365e+00 1.671937508091740432e-09
1.785840707964602370e+00 1.535969404769315827e-09
1.789454277286136374e+00 1.410816319602681618e-09
1.793067846607669935e+00 1.295638277307278202e-09
1.796681415929203940e+00 1.189658880297537672e-09
1.800294985250737945e+00 1.092160629939483874e-09
1.803908554572271949e+00 1.002480581623901266e-09
1.807522123893805954e+00 9.200063106492526284e-10
1.811135693215339515e+00 8.441721674289878678e-10
1.814749262536873520e+00 7.744558019668511767e-10
1.818362831858407525e+00 7.103749388820295041e-10
1.821976401179941529e+00 6.514843855181838827e-10
1.825589970501475534e+00 5.973732568432432645e-10
1.829203539823009539e+00 5.476624019434853429e-10
1.832817109144543100e+00 5.020020179418773659e-10
1.836430678466077104e+00 4.600694381304831334e-10
1.840044247787611109e+00 4.215670820041210980e-10
1.843657817109145114e+00 3.862205557216877122e-10
1.847271386430679119e+00 3.537768923055591041e-10
1.850884955752212679e+00 3.240029216224430117e-10
1.854498525073746684e+00 2.966837608734151515e-10
1.858112094395280689e+00 2.716214169603940998e-10
1.861725663716814694e+00 2.486334926931800657e-10
1.865339233038348699e+00 2.275519893586044152e-10
1.868952802359882703e+00 2.082221986935625302e-10
1.872566371681416264e+00 1.905016777889633626e-10
1.876179941002950269e+00 1.742593009046418740e-10
1.879793510324484274e+00 1.593743825975417787e-10
1.883407079646018278e+00 1.457358669593240697e-10
1.887020648967552283e+00 1.332415781268014531e-10
1.890634218289085844e+00 1.217975275707668585e-10
1.894247787610619849e+00 1.113172739877318127e-10
1.897861356932153853e+00 1.017213319162046057e-10
1.901474926253687858e+00 9.293662547584845688e-11
1.905088495575221863e+00 8.489598388559892502e-11
1.908702064896755868e+00 7.753767565674836437e-11
1.912315634218289429e+00 7.080497858030573624e-11
1.915929203539823433e+00 6.464578283579528420e-11
1.919542772861357438e+00 5.901222474201937262e-11
1.923156342182891443e+00 5.386034885013529709e-11
1.926769911504425448e+00 4.914979624671223162e-11
1.930383480825959008e+00 4.484351708991721267e-11
1.933997050147493013e+00 4.090750554654772324e-11
1.937610619469027018e+00 3.731055543199088937e-11
1.941224188790561023e+00 3.402403498000443909e-11
1.944837758112095027e+00 3.102167928518303352e-11
1.948451327433629032e+00 2.827939906866976238e-11
1.952064896755162593e+00 2.577510451767195938e-11
1.955678466076696598e+00 2.348854304216204863e-11
1.959292035398230603e+00 2.140114987832586128e-11
1.962905604719764607e+00 1.949591054824147560e-11
1.966519174041298612e+00 1.775723425946428057e-11
1.970132743362832173e+00 1.617083739697333917e-11
1.973746312684366178e+00 1.472363632372982535e-11
1.977359882005900182e+00 1.340364876524416627e-11
1.980973451327434187e+00 1.219990310835751900e-11
1.984587020648968192e+00 1.110235499525492032e-11
1.988200589970502197e+00 1.010181064078404891e-11
1.991814159292035757e+00 9.189856344758732107e-12
1.995427728613569762e+00 8.358793711295572009e-12
1.999041297935103767e+00 7.601580124621014035e-12
2.002654867256637772e+00 6.911774065385061043e-12
2.006268436578171777e+00 6.283484883552393410e-12
2.009882005899705337e+00 5.711326673570428902e-12
2.013495575221239342e+00 5.190375924931050794e-12
2.017109144542773347e+00 4.716132646598570651e-12
2.020722713864307352e+00 4.284484687221834484e-12
2.024336283185841356e+00 3.891674994724169932e-12
2.027949852507374917e+00 3.534271578902392303e-12
2.031563421828908922e+00 3.209139959176591635e-12
2.035176991150442927e+00 2.913417896741783145e-12
2.038790560471976931e+00 2.644492226169897783e-12
2.042404129793510936e+00 2.399977616104321050e-12
2.046017699115044941e+00 2.177697102161086335e-12
2.049631268436578502e+00 1.975664247587639739e-12
2.053244837758112507e+00 1.792066798708371233e-12
2.056858407079646511e+00 1.625251712777443916e-12
2.060471976401180516e+00 1.473711445629622149e-12
2.064085545722714521e+00 1.336071395531514978e-12
2.067699115044248082e+00 1.211078407945786509e-12
2.071312684365782086e+00 1.097590253581790517e-12
2.074926253687316091e+00 9.945659991681355835e-13
2.078539823008850096e+00 9.010571968896364087e-13
2.082153392330384101e+00 8.161998244279110999e-13
2.085766961651918106e+00 7.392069130670267285e-13
2.089380530973451666e+00 6.693618064127548739e-13
2.092994100294985671e+00 6.060119969573339567e-13
2.096607669616519676e+00 5.485634920334097255e-13
2.100221238938053236e+00 4.964756646686771703e-13
2.103834808259587685e+00 4.492565485048025054e-13
2.107448377581121246e+00 4.064585393034870167e-13
2.111061946902655695e+00 3.676744686523054887e-13
2.114675516224189256e+00 3.325340183250753354e-13
2.118289085545722816e+00 3.007004463635128647e-13
2.121902654867257265e+00 2.718675983492389186e-13
2.125516224188790826e+00 2.457571795417762544e-13
2.129129793510325275e+00 2.221162655864468219e-13
2.132743362831858835e+00 2.007150313592772145e-13
2.136356932153393284e+00 1.813446792268577007e-13
2.139970501474926845e+00 1.638155495706618426e-13
2.143584070796460406e+00 1.479553978677278330e-13
2.147197640117994855e+00 1.336078239438340488e-13
2.150811209439528415e+00 1.206308402304054568e-13
2.154424778761062864e+00 1.088955669712349301e-13
2.158038348082596425e+00 9.828504334796243648e-14
2.161651917404129986e+00 8.869314443105027263e-14
2.165265486725664434e+00 8.002359472321621026e-14
2.168879056047197995e+00 7.218906985062551131e-14
2.172492625368732444e+00 6.511037867986551597e-14
2.176106194690266005e+00 5.871571880097335547e-14
2.179719764011799565e+00 5.293999892347657922e-14
2.183333333333334014e+00 4.772422228820932938e-14
2.186946902654867575e+00 4.301492570660652490e-14
2.190560471976402024e+00 3.876366930520957664e-14
2.194174041297935585e+00 3.492657247974791892e-14
2.197787610619469145e+00 3.146389195357355944e-14
2.201401179941003594e+00 2.833963819255510102e-14
2.205014749262537155e+00 2.552122675538152366e-14
2.208628318584071604e+00 2.297916145720510347e-14
2.212241887905605164e+00 2.068674649800121597e-14
2.215855457227138725e+00 1.861982495696287328e-14
2.219469026548673174e+00 1.675654128281562491e-14
2.223082595870206735e+00 1.507712561875246432e-14
2.226696165191741184e+00 1.356369799154226987e-14
2.230309734513274744e+00 1.220009056871375648e-14
2.233923303834809193e+00 1.097168634693481831e-14
2.237536873156342754e+00 9.865272780151098968e-15
2.241150442477876314e+00 8.868908988789786562e-15
2.244764011799410763e+00 7.971805312541695357e-15
2.248377581120944324e+00 7.164214079832636618e-15
2.251991150442478773e+00 6.437330568012819855e-15
2.255604719764012334e+00 5.783203220367766946e-15
2.259218289085545894e+00 5.194652270014419290e-15
2.262831858407080343e+00 4.665195997331513991e-15
2.266445427728613904e+00 4.188983917377207653e-15
2.270058997050148353e+00 3.760736257387245677e-15
2.273672566371681913e+00 3.375689142443792073e-15
2.277286135693215474e+00 3.029544960242051924e-15
2.280899705014749923e+00 2.718427424026501811e-15
2.284513274336283484e+00 2.438840896607118950e-15
2.288126843657817933e+00 2.187633578294224132e-15
2.291740412979351493e+00 1.961964197938419771e-15
2.295353982300885054e+00 1.759271879347005344e-15
2.298967551622419503e+00 1.577248885460615631e-15
2.302581120943953064e+00 1.413815970069245325e-15
2.306194690265487512e+00 1.267100091769433158e-15
2.309808259587021073e+00 1.135414267533601594e-15
2.313421828908555522e+00 1.017239363872281186e-15
2.317035398230089083e+00 9.112076423129168046e-16
2.320648967551622643e+00 8.160878929490860878e-16
2.324262536873157092e+00 7.307720052972215629e-16
2.327876106194690653e+00 6.542628397612671099e-16
2.331489675516225102e+00 5.856632757832025411e-16
2.335103244837758663e+00 5.241663243629993221e-16
2.338716814159292223e+00 4.690462031679240840e-16
2.342330383480826672e+00 4.196502820197645292e-16
2.345943952802360233e+00 3.753918152313786135e-16
2.349557522123894682e+00 3.357433851452897298e-16
2.353171091445428242e+00 3.002309883779929866e-16
2.356784660766961803e+00 2.684287027598204034e-16
2.360398230088496252e+00 2.399538788439664742e-16
2.364011799410029813e+00 2.144628051930786625e-16
2.367625368731564262e+00 1.916468014886152158e-16
2.371238938053097822e+00 1.712286978924762829e-16
2.374852507374631383e+00 1.529596630635801390e-16
2.378466076696165832e+00 1.366163468322136699e-16
2.382079646017699393e+00 1.219983067961840141e-16
2.385693215339233841e+00 1.089256910567124517e-16
2.389306784660767402e+00 9.723715198673902720e-17
2.392920353982301851e+00 8.678796834599229240e-17
2.396533923303835412e+00 7.744835524924399918e-17
2.400147492625368972e+00 6.910194347791685593e-17
2.403761061946903421e+00 6.164441142023913796e-17
2.407374631268436982e+00 5.498225454900729853e-17
2.410988200589971431e+00 4.903167881461677234e-17
2.414601769911504991e+00 4.371760565930599969e-17
2.418215339233038552e+00 3.897277755919275789e-17
2.421828908554573001e+00 3.473695408621197390e-17
2.425442477876106562e+00 3.095618946298672020e-17
2.429056047197641011e+00 2.758218347001020068e-17
2.432669616519174571e+00 2.457169836533679501e-17
2.436283185840708132e+00 2.188603520015915232e-17
2.439896755162242581e+00 1.949056356684263604e-17
2.443510324483776142e+00 1.735429940565050975e-17
2.447123893805310590e+00 1.544952602870145963e-17
2.450737463126844151e+00 1.375145400014925851e-17
2.454351032448377712e+00 1.223791594503704712e-17
2.457964601769912161e+00 1.088909275039397456e-17
2.461578171091445721e+00 9.687267974881759244e-18
2.465191740412980170e+00 8.616607601415093087e-18
2.468805309734513731e+00 7.662962554014952261e-18
2.472418879056048180e+00 6.813691658694068730e-18
2.476032448377581741e+00 6.057502961229466756e-18
2.479646017699115301e+00 5.384311524642501370e-18
2.483259587020649750e+00 4.785112018410329860e-18
2.486873156342183311e+00 4.251864581824125232e-18
2.490486725663717760e+00 3.777392597384063913e-18
2.494100294985251320e+00 3.355291148298162961e-18
2.497713864306784881e+00 2.979845058542777666e-18
2.501327433628319330e+00 2.645955525906643738e-18
2.504941002949852891e+00 2.349074459187451966e-18
2.508554572271387340e+00 2.085145721354461983e-18
2.512168141592920900e+00 1.850552562031069712e-18
2.515781710914454461e+00 1.642070595977155372e-18
2.519395280235988910e+00 1.456825750192322370e-18
2.523008849557522471e+00 1.292256661535767768e-18
2.526622418879056919e+00 1.146081060039574915e-18
2.530235988200590480e+00 1.016265720973077502e-18
2.533849557522124041e+00 9.009996117339706070e-19
2.537463126843658490e+00 7.986698982878771821e-19
2.541076696165192050e+00 7.078405105848028033e-19
2.544690265486726499e+00 6.272329975469030595e-19
2.548303834808260060e+00 5.557094302033298234e-19
2.551917404129794509e+00 4.922571366618695327e-19
2.555530973451328070e+00 4.359750751477480305e-19
2.559144542772861630e+00 3.860616715627842386e-19
2.562758112094396079e+00 3.418039661610986410e-19
2.566371681415929640e+00 3.025679302096061052e-19
2.569985250737464089e+00 2.677898280933891957e-19
2.573598820058997649e+00 2.369685134091635351e-19
2.577212389380531210e+00 2.096585593168493121e-19
2.580825958702065659e+00 1.854641339299288783e-19
2.584439528023599220e+00 1.640335409427780507e-19
2.588053097345133668e+00 1.450543541302703476e-19
2.591666666666667229e+00 1.282490819123359044e-19
2.595280235988200790e+00 1.133713049434998269e-19
2.598893805309735239e+00 1.002022357473237378e-19
2.602507374631268799e+00 8.854765483977226360e-20
2.606120943952803248e+00 7.823518264061341209e-20
2.609734513274336809e+00 6.911185081635138093e-20
2.613348082595870370e+00 6.104194058492688000e-20
2.616961651917404819e+00 5.390505898926147697e-20
2.620575221238938379e+00 4.759442725603853279e-20
2.624188790560472828e+00 4.201535813632418605e-20
2.627802359882006389e+00 3.708390161025269182e-20
2.631415929203539950e+00 3.272564055941967523e-20
2.635029498525074398e+00 2.887461999606835879e-20
2.638643067846607959e+00 2.547239521185770142e-20
2.642256637168142408e+00 2.246718579357110911e-20
2.645870206489675969e+00 1.981312386833816917e-20
2.649483775811210418e+00 1.746958620461130184e-20
2.653097345132743978e+00 1.540060092340411765e-20
2.656710914454277539e+00 1.357432058133103066e-20
2.660324483775811988e+00 1.196255428577585237e-20
2.663938053097345549e+00 1.054035230442890738e-20
2.667551622418879997e+00 9.285637346855651996e-21
2.671165191740413558e+00 8.178877333860446836e-21
2.674778761061947119e+00 7.202795039430981774e-21
2.678392330383481568e+00 6.342110497414432505e-21
2.682005899705015128e+00 5.583312517320400991e-21
2.685619469026549577e+00 4.914456056731737308e-21
2.689233038348083138e+00 4.324982556985679151e-21
2.692846607669616699e+00 3.805560668772830823e-21
2.696460176991151148e+00 3.347945079347528913e-21
2.700073746312684708e+00 2.944851406877850092e-21
2.703687315634219157e+00 2.589845353491732074e-21
2.707300884955752718e+00 2.277244509790814057e-21
2.710914454277286278e+00 2.002031382694458515e-21
2.714528023598820727e+00 1.759776377855495805e-21
2.718141592920354288e+00 1.546569609686155056e-21
2.721755162241888737e+00 1.358960538174130017e-21
2.725368731563422298e+00 1.193904543856825046e-21
2.728982300884956747e+00 1.048715652078179363e-21
2.732595870206490307e+00 9.210247063474709534e-22
2.736209439528023868e+00 8.087423694510029501e-22
2.739823008849558317e+00 7.100264010341878051e-22
2.743436578171091877e+00 6.232527226225817981e-22
2.747050147492626326e+00 5.469898363560063074e-22
2.750663716814159887e+00 4.799762128328912467e-22
2.754277286135693448e+00 4.211003070827810637e-22
2.757890855457227897e+00 3.693829004177424324e-22
2.761504424778761457e+00 3.239615002939269844e-22
2.765117994100295906e+00 2.840765608301188565e-22
2.768731563421829467e+00 2.490593137083083827e-22
2.772345132743363028e+00 2.183210232043773093e-22
2.775958702064897476e+00 1.913435004071848341e-22
2.779572271386431037e+00 1.676707305830916640e-22
2.783185840707965486e+00 1.469014844000830906e-22
2.786799410029499047e+00 1.286827985822745490e-22
2.790412979351032607e+00 1.127042247327528704e-22
2.794026548672567056e+00 9.869275673242797501e-23
2.797640117994100617e+00 8.640835746144318289e-23
2.801253687315635066e+00 7.564001474893345793e-23
2.804867256637168627e+00 6.620226456912393806e-23
2.808480825958703075e+00 5.793212668507409010e-23
2.812094395280236636e+00 5.068640430154865769e-23
2.815707964601770197e+00 4.433930491810573181e-23
2.819321533923304646e+00 3.878034455611140035e-23
2.822935103244838206e+00 3.391250194211072509e-23
2.826548672566372655e+00 2.965059313042457311e-23
2.830162241887906216e+00 2.591984049789292025e-23
2.833775811209439777e+00 2.265461309465010722e-23
2.837389380530974226e+00 1.979731803260366231e-23
2.841002949852507786e+00 1.729742497808391287e-23
2.844616519174042235e+00 1.511060792298532142e-23
2.848230088495575796e+00 1.319799027144522857e-23
2.851843657817109357e+00 1.152548092481946098e-23
2.855457227138643805e+00 1.006319050151369084e-23
2.859070796460177366e+00 8.784918112187057945e-24
2.862684365781711815e+00 7.667700244630929298e-24
2.866297935103245376e+00 6.691414313601356832e-24
2.869911504424778936e+00 5.838430314426685446e-24
2.873525073746313385e+00 5.093304798989291307e-24
2.877138643067846946e+00 4.442512080704015237e-24
2.880752212389381395e+00 3.874208182105003407e-24
2.884365781710914955e+00 3.378023574037549922e-24
2.887979351032449404e+00 2.944881227576918744e-24
2.891592920353982965e+00 2.566836916090949169e-24
2.895206489675516526e+00 2.236939071821114125e-24
2.898820058997050975e+00 1.949105824803324812e-24
2.902433628318584535e+00 1.698017136957679088e-24
2.906047197640118984e+00 1.479020195288714032e-24
2.909660766961652545e+00 1.288046449336981238e-24
2.913274336283186106e+00 1.121538872829540486e-24
2.916887905604720554e+00 9.763882010223988154e-25
2.920501474926254115e+00 8.498770462453152477e-25
2.924115044247788564e+00 7.396309270933602183e-25
2.927728613569322125e+00 6.435753636965719403e-25
2.931342182890855685e+00 5.598982944336926426e-25
2.934955752212390134e+00 4.870171600123127853e-25
2.938569321533923695e+00 4.235500804857854497e-25
2.942182890855458144e+00 3.682906208197947776e-25
2.945796460176991705e+00 3.201857022060813941e-25
2.949410029498525265e+00 2.783162704562401869e-25
2.953023598820059714e+00 2.418803803898118056e-25
2.956637168141593275e+00 2.101783969414995029e-25
2.960250737463127724e+00 1.826000504464536541e-25
2.963864306784661284e+00 1.586131158305005554e-25
2.967477876106195733e+00 1.377535137708054155e-25
2.971091445427729294e+00 1.196166567768411812e-25
2.974705014749262855e+00 1.038498849874604202e-25
2.978318584070797304e+00 9.014585565578223898e-26
2.981932153392330864e+00 7.823676712174742713e-26
2.985545722713865313e+00 6.788931283820734498e-26
2.989159292035398874e+00 5.890027396974689848e-26
2.992772861356932435e+00 5.109267044511248654e-26
2.996386430678466883e+00 4.431240030743272846e-26
3.000000000000000000e+00 3.842530594217923979e-26
