0.000000000000000000e+00
2.082484482972720916e-02
2.082246513162434864e-02
2.079314563145722231e-02
2.085134087241920231e-02
2.089497564165084323e-02
2.080334047143257009e-02
2.082857344549760709e-02
2.089097247101670551e-02
2.089186689839090186e-02
2.088248983921337301e-02
2.083751784536434434e-02
2.071640405173820129e-02
2.045250231010333625e-02
2.009181144281174322e-02
1.951964212448234134e-02
1.953705918757859747e-02
1.960745473630156818e-02
1.963964959416846651e-02
1.961224824871196995e-02
1.905100647447225196e-02
1.905457581514463997e-02
1.870338305745997479e-02
1.852158640757943855e-02
1.812738791271405886e-02
1.794038973155318364e-02
1.749192011544415531e-02
1.713971698694610746e-02
1.753368412091465059e-02
1.671259921974227458e-02
1.665546468482884124e-02
1.627788979130374500e-02
1.667932780453313876e-02
1.692882806835290313e-02
1.698565746509222291e-02
1.664075270186392633e-02
1.629463840921981793e-02
1.628194469588259072e-02
1.615724950259405865e-02
1.640673875236158333e-02
1.567332060334308830e-02
1.558742239492819960e-02
1.592265689416598809e-02
1.613646762608060559e-02
1.593721552955202139e-02
1.596356529205561828e-02
1.637016987849356994e-02
1.610592224334390574e-02
1.498286790672131129e-02
1.447581129230979084e-02
1.429900340377844407e-02
1.441288141489460543e-02
1.453179230435882978e-02
1.368538974759126066e-02
1.303443031568566474e-02
1.235459683874898240e-02
1.279977646218097460e-02
1.280710725361614011e-02
1.356245633021058161e-02
1.326411432207479958e-02
1.374045866000863682e-02
1.376045758490786718e-02
1.444009140417944724e-02
1.389581325643235964e-02
1.426439845405234191e-02
1.418317675868751605e-02
1.407058244380475498e-02
1.436148951822747814e-02
1.431164736606085029e-02
1.438155910623199578e-02
1.420703936672782636e-02
1.364301084837643389e-02
1.292681565937364024e-02
1.246348745546851412e-02
1.275860867324423061e-02
1.341500131617527104e-02
1.313130753684579703e-02
1.360469782659256936e-02
1.430425391049806351e-02
1.401511115644667876e-02
1.478006759718713398e-02
1.586298285756839940e-02
1.597879844874753111e-02
1.573560788581104472e-02
1.619189977427263824e-02
1.658888431629290325e-02
1.696401388990178422e-02
1.687185610393463278e-02
1.695900995863612246e-02
1.655992164076181689e-02
1.736244009323692494e-02
1.716727257856977273e-02
1.733735506298831816e-02
1.620824960306608067e-02
1.588748770107352090e-02
1.667126448820498499e-02
1.513749475900382641e-02
1.505248274520562361e-02
1.538679952035134670e-02
1.516804608970026558e-02
1.507346226405310158e-02
1.516209975030838146e-02
1.498864713284536222e-02
1.515978253755816650e-02
1.557306757888671407e-02
1.535497926778502803e-02
1.548103917863325775e-02
1.484740607103523201e-02
1.468035169313210674e-02
1.520586775897166121e-02
1.648369483634149965e-02
1.742540289568714554e-02
1.720083517056369624e-02
1.743937157016077141e-02
1.750835900005812476e-02
1.662336176664038281e-02
1.667572528377407950e-02
1.676178204465015448e-02
1.756951548375062372e-02
1.728808507660881816e-02
1.655358761425910000e-02
1.588136259552464999e-02
1.542522199658684194e-02
1.568750157736181414e-02
1.497774318825140227e-02
1.569491220583683552e-02
1.593709163107983467e-02
1.679947223134014081e-02
1.722721147405597772e-02
1.704377999690692702e-02
1.625225727358231217e-02
1.646877807447365283e-02
1.634142211535234354e-02
1.662322857845821220e-02
1.692635129053391904e-02
1.620296233026071592e-02
1.580989181496610455e-02
1.605716571417207389e-02
1.660089192576686898e-02
1.667030460300316166e-02
1.663669082928669052e-02
1.645981872996498188e-02
1.674261506297477012e-02
1.673901989226507514e-02
1.683561393153529262e-02
1.674580854877028360e-02
1.677594629014850236e-02
1.677318820548600112e-02
1.677530810954546217e-02
1.637315428236602380e-02
1.730153474111028114e-02
1.737233595474688488e-02
1.744313490357771862e-02
1.774841325395182592e-02
1.862147105416109283e-02
1.819288264836961197e-02
1.784391107469299881e-02
1.800404156229049382e-02
1.831288495243796333e-02
1.757540921355909072e-02
1.684672206381601298e-02
1.653088655035441987e-02
1.662636865853777193e-02
1.666980104663496123e-02
1.678141923986013057e-02
1.717178925308434148e-02
1.698357448825741148e-02
1.736311488933144770e-02
1.703603593844715478e-02
1.745432975384083804e-02
1.728373954468411661e-02
1.760185366335946869e-02
1.719685092512591301e-02
1.703556703147939000e-02
1.612919609010183067e-02
1.546022528749014212e-02
1.608958017109478680e-02
1.673580357105302480e-02
1.655890290720493999e-02
1.685634459860764142e-02
1.682472797712901424e-02
1.688075458792520980e-02
1.589341687564370734e-02
1.613595474588760958e-02
1.617766540729592348e-02
1.673971596175309606e-02
1.716663541100152748e-02
1.647995023737048453e-02
1.625311508425936538e-02
1.659037966842350983e-02
1.705780724606837523e-02
1.707714920519003490e-02
1.762105467506397405e-02
1.764657429928383550e-02
1.708896387739215067e-02
1.770348061060156644e-02
1.789862336551580752e-02
1.734635480925518156e-02
1.735702853133635690e-02
1.752088093198217802e-02
1.591369296274331227e-02
1.603396834162621257e-02
1.668194337802738833e-02
1.645894932715731909e-02
1.578923814799398570e-02
1.595006291262570167e-02
1.638716533021432331e-02
1.651176465583803835e-02
1.674115409976103738e-02
1.724203612391784005e-02
1.789197308998165953e-02
1.730611611233115466e-02
1.710788150561426760e-02
1.673006597255377245e-02
1.648292583098986616e-02
1.628040616551979305e-02
1.646339399123279007e-02
1.676375223156367431e-02
1.705295128050934167e-02
1.684349603766285841e-02
1.649259916157059733e-02
1.673585207646782411e-02
1.576223941767653999e-02
1.562329228435253153e-02
1.661006840870110288e-02
1.659283924959296941e-02
1.611895517533821695e-02
1.551050088817108874e-02
1.521919849129656048e-02
1.511689800575675806e-02
1.511443159505657628e-02
1.466823872850385457e-02
1.523157278873320079e-02
1.478457208007785510e-02
1.470979861243871915e-02
1.479877928017337037e-02
1.556030066472794370e-02
1.580368879346371117e-02
1.640196389876397848e-02
1.656273275872938849e-02
1.645435878139601960e-02
1.642186493104286910e-02
1.664666821329093688e-02
1.657124120158322972e-02
1.725702899937472251e-02
1.673531191366135762e-02
1.745358322124654360e-02
1.702127341750400008e-02
1.722225185117607152e-02
1.751068777132554904e-02
1.758327327797956988e-02
1.832790176902278356e-02
1.869191910356062317e-02
1.823658395545361272e-02
1.830148440404057511e-02
1.780462970144741294e-02
1.746535305896942600e-02
1.649598331814515831e-02
1.697833231392066253e-02
1.704097627019440439e-02
1.726409857465072140e-02
1.741311881299888176e-02
1.774235248902602743e-02
1.817988592316826038e-02
1.830155003129113611e-02
1.808675660736784943e-02
1.771713589104098249e-02
1.778919339129892210e-02
1.735642343723112560e-02
1.732110689323004826e-02
1.735013596871454872e-02
1.740400047546894133e-02
1.646893550897187558e-02
1.651662529017668482e-02
1.755555324201161019e-02
1.783077568455881945e-02
1.745042679593845208e-02
1.750094125543858944e-02
1.719551003860523772e-02
1.739456260500407692e-02
1.691909268802822483e-02
1.692226027393154558e-02
1.711091904440971423e-02
1.633929669541666838e-02
1.607286822837789356e-02
1.622359031749823557e-02
1.533856100984982811e-02
1.500677744655992858e-02
1.524265989583800142e-02
1.525788729358031233e-02
1.538752905620333240e-02
1.552470299633040840e-02
1.644315777874196319e-02
1.669047448544798071e-02
1.651276052228297861e-02
1.698121142349101956e-02
1.705764859911987688e-02
1.744942479373144673e-02
1.776881536047011240e-02
1.724737314724228768e-02
1.667663243349866431e-02
1.677071438272876788e-02
1.626683250999047536e-02
1.594945063170752700e-02
1.630034727549885265e-02
1.646710179967938656e-02
1.618225840183052516e-02
1.596434268287743805e-02
1.581423283104996247e-02
1.597117083779647090e-02
1.635450643423686304e-02
1.658286149870564705e-02
1.694363569995910659e-02
1.664561773930073665e-02
1.755141380962061196e-02
1.771328164724108797e-02
1.770470602956188827e-02
1.728074631787075016e-02
1.698664568653257198e-02
1.743732480642084734e-02
1.728374191816677355e-02
1.781938619500414087e-02
1.842424765977188073e-02
1.884289483554381708e-02
1.937949896213269838e-02
1.926855148585536123e-02
1.855588320221162116e-02
1.870471618749278489e-02
1.910144846450888625e-02
1.832838436508282126e-02
1.888018345453839827e-02
1.906532303129522196e-02
1.861040775025958258e-02
1.809761302211145353e-02
1.832922457001702823e-02
1.811763878875646480e-02
1.764317355512971808e-02
1.718778097455550893e-02
1.719784207941923646e-02
1.718194125369651090e-02
1.697380936509118241e-02
1.722964543241331178e-02
1.775264366364836741e-02
1.853499618411621683e-02
1.948268582238386545e-02
1.889093727100883344e-02
1.836383937226570423e-02
1.807507843869782943e-02
1.821805613024494661e-02
1.863592094825044718e-02
1.857154403780353694e-02
1.849823229787934259e-02
1.754085488212840660e-02
1.712424176231126111e-02
1.719087064017409475e-02
1.751905308380014362e-02
1.745215310492673547e-02
1.725521671469471344e-02
1.669626619609718837e-02
1.673619661217489937e-02
1.739067028361062847e-02
1.772456023011724502e-02
1.773660948453853123e-02
1.739645555710066238e-02
1.754703021655034528e-02
1.741113656368529702e-02
1.723028508791264735e-02
1.684066237452332832e-02
1.638007516866981858e-02
1.594167657849958689e-02
1.577179021133496770e-02
1.563502127006521220e-02
1.538216820870524047e-02
1.602522974175097856e-02
1.577969400055074731e-02
1.576449996298059583e-02
1.509020161035169207e-02
1.534770931978188084e-02
1.531525451278901995e-02
1.517177781922352670e-02
1.461452885805654585e-02
1.473472220072879167e-02
1.418464377052275870e-02
1.420831433549710372e-02
1.421392377887142899e-02
1.498186205924691150e-02
1.472551270210599277e-02
1.425917955652050012e-02
1.414902579684369256e-02
1.417833706201334677e-02
1.423998741095709904e-02
1.444582534175740084e-02
1.464513193713497946e-02
1.462509859389197336e-02
1.543090399601253042e-02
1.533876503880817616e-02
1.542258267175124209e-02
1.586514728848958597e-02
1.542838030066292360e-02
1.539955140363440805e-02
1.593280066579046486e-02
1.536885815248337228e-02
1.556015929473329729e-02
1.488041133883030720e-02
1.481276656765028420e-02
1.484784480138948148e-02
1.446402094762402890e-02
1.481959260181350650e-02
1.497351035685291591e-02
1.513563582101096726e-02
1.515543601171777388e-02
1.482051961264543166e-02
1.489906492170286340e-02
1.504282967999527772e-02
1.493986271953719712e-02
1.458360483756373366e-02
1.405374955758337957e-02
1.402442925064544509e-02
1.391857242827646869e-02
1.478492849976280159e-02
1.444670709828889225e-02
1.439058384585011237e-02
1.457163691997172446e-02
1.501822709823631870e-02
1.516849296856383200e-02
1.544882068378117951e-02
1.532791614886762875e-02
1.601429592621392631e-02
1.639095204631885877e-02
1.704857030167956575e-02
1.684134341729356943e-02
1.700556807194578135e-02
1.696969582628415213e-02
1.707183550809004621e-02
1.727522238880392288e-02
1.631162314738207261e-02
1.649439367045643992e-02
1.696556174985464419e-02
1.605737782831455698e-02
1.590640137548785665e-02
1.517374272948464331e-02
1.448121438319895614e-02
1.390965118489005496e-02
1.435107117107999215e-02
1.471944597549381534e-02
1.512156966851025026e-02
1.522866189420459503e-02
1.597812863850975665e-02
1.620340369682274004e-02
1.591611515888568737e-02
1.605525889512258650e-02
1.604178530356380195e-02
1.608409100609367245e-02
1.665143006204083953e-02
1.670190262045089316e-02
1.672316663523669769e-02
1.666052838726860691e-02
1.617954034885024650e-02
1.523778048598438233e-02
1.530229292170543452e-02
1.530967035268571141e-02
1.558794083235306993e-02
1.574271601913839261e-02
1.548299862263110942e-02
1.564651345580339581e-02
1.571725875226844329e-02
1.551210778661461266e-02
1.499915641234710745e-02
1.464572808247029991e-02
1.504020708258459009e-02
1.494881472984972877e-02
1.492086496212965269e-02
1.444877462017423765e-02
1.506140218581408612e-02
1.493465325097999459e-02
1.482642315731794343e-02
1.561224721950955907e-02
1.550848229364546783e-02
1.574297869929886309e-02
1.546074900925170463e-02
1.546782335023416492e-02
1.567857040263558391e-02
1.550118363127479110e-02
1.531041242625359039e-02
1.492813228689218556e-02
1.511959646933116498e-02
1.456756285083408292e-02
1.458344274222325536e-02
1.468671096673671017e-02
1.465654889275733001e-02
1.465464731063116123e-02
1.472917427908612166e-02
1.502000695178096722e-02
1.554793843473874226e-02
1.524594523752676421e-02
1.502245056309603650e-02
1.573094164702083450e-02
1.558392987672811529e-02
1.495638331056332003e-02
1.509116415050052069e-02
1.537465839399975061e-02
1.488139276069706633e-02
1.536220516308822032e-02
1.527770847708782159e-02
1.532668488662690398e-02
1.580944578486733268e-02
1.575602346873363965e-02
1.594198911848240460e-02
1.591024184042956827e-02
1.631100820604229965e-02
1.648958562681264450e-02
1.660731897597172990e-02
1.629671692988079318e-02
1.574572069805118060e-02
1.595910807401609496e-02
1.511866098058489705e-02
1.542287406091241014e-02
1.565094627534647023e-02
1.499630605435149470e-02
1.561757615839463181e-02
1.561998804189587871e-02
1.563278738503231374e-02
1.541494798541852111e-02
1.525355187637122793e-02
1.514367096091976013e-02
1.483581900855357634e-02
1.493046550554175643e-02
1.529338503520412222e-02
1.534350560376305551e-02
1.523733970096512874e-02
1.530578086240793473e-02
1.550010132566967229e-02
1.563588390254895197e-02
1.527883072717597240e-02
1.529765622309900604e-02
1.504244594425158295e-02
1.518763122297734323e-02
1.511440063107988285e-02
1.588192485802411222e-02
1.609990420225625857e-02
1.622549548961291568e-02
1.647484726262844409e-02
1.648189777472730544e-02
1.637777947675708723e-02
1.659982084589932058e-02
1.648208490842350410e-02
1.637716822129948666e-02
1.649886384415359328e-02
1.645377124731787696e-02
1.648265915342662230e-02
1.657057557287905727e-02
1.701796197714517192e-02
1.703204619396425992e-02
1.669170180212887350e-02
1.699403348259861599e-02
1.708323482057862511e-02
1.792553239527490058e-02
1.759054908495881822e-02
1.799774750060289044e-02
1.774860152089233895e-02
1.752632924718910620e-02
1.782433236458548856e-02
1.796217697577962014e-02
1.786751884952912303e-02
1.799390793490182258e-02
1.853129732009927907e-02
1.800294878495861672e-02
1.733138809238364900e-02
1.731222211380413836e-02
1.781322654964621194e-02
1.783499368955555192e-02
1.746849244119197744e-02
1.755515762676477035e-02
1.721507961797780553e-02
1.740956863625724507e-02
1.797800313471746222e-02
1.820595170617373207e-02
1.793044309040191589e-02
1.753267769684274321e-02
1.749992177977942320e-02
1.721713689211376921e-02
1.721790954196535800e-02
1.685948216446937417e-02
1.673531252653799595e-02
1.639326565019857962e-02
1.562902591673517166e-02
1.576799453739249901e-02
1.567996771001676018e-02
1.610682750064732285e-02
1.612547240817186270e-02
1.644620775671054580e-02
1.667840825772643268e-02
1.666990849067342614e-02
1.709781108428031285e-02
1.718871831908735590e-02
1.730043798118336904e-02
1.694095946916751930e-02
1.693077501305046209e-02
1.682448689282452919e-02
1.664384140493631314e-02
1.626806920089717001e-02
1.637030671680180308e-02
1.647659208792257371e-02
1.638810399260602277e-02
1.636091941120237578e-02
1.662896450257603589e-02
1.687670691240249557e-02
1.663629556742247939e-02
1.626986935547816357e-02
1.612020859762061317e-02
1.624927604648358434e-02
1.588547298810321848e-02
1.586511941449807520e-02
1.593931954258537287e-02
1.633835620311333350e-02
1.631857297819020239e-02
1.638704671803869681e-02
1.650690026258477480e-02
1.651787120992726995e-02
1.657513671596198140e-02
1.659099459368420029e-02
1.639151846114733982e-02
1.635799126796652278e-02
1.606240103633600411e-02
1.589028017094452211e-02
1.603645618958500496e-02
1.580539600958221977e-02
1.568713216856470680e-02
1.584615585632674975e-02
1.544988114153881924e-02
1.539381779983442326e-02
1.533919873083946887e-02
1.582284622899885265e-02
1.623165278786336055e-02
1.633071412633644789e-02
1.644738510467716811e-02
1.640422656388746889e-02
1.654513490741113882e-02
1.636166675204235241e-02
1.627725542767731459e-02
1.627933897793981330e-02
1.607068997796404913e-02
1.606488593692870226e-02
1.638411768585405423e-02
1.656102211877935951e-02
1.669826909150453828e-02
1.688630604284446432e-02
1.687870100615329952e-02
1.700848860565652362e-02
1.731800241252001368e-02
1.753226545063038544e-02
1.767519440860007215e-02
1.776368253648084525e-02
1.768769355119192282e-02
1.726960207358369317e-02
1.730268456894834203e-02
1.762609302039683593e-02
1.779438718117020909e-02
1.826116224945097469e-02
1.819457769552076595e-02
1.797226747333546468e-02
1.784956573677290784e-02
1.810873972138610233e-02
1.804620825766457826e-02
1.839701090879954440e-02
1.822792228282258190e-02
1.819331436044908240e-02
1.743069186407216961e-02
1.733154099095194842e-02
1.742284184488973944e-02
1.737823662119894128e-02
1.704790114034427165e-02
1.711820327412445428e-02
1.717594209285952175e-02
1.800675048697822703e-02
1.788695150337359097e-02
1.738820583543144657e-02
1.773979127103461964e-02
1.801806236898780000e-02
1.834072874691746596e-02
1.846827739789881281e-02
1.858616964987106976e-02
1.845947031484451370e-02
1.881036821540035125e-02
1.903376872403912332e-02
1.915647382863719730e-02
1.926654875579831769e-02
2.005598923579781506e-02
1.984550732600666792e-02
1.950262030913494510e-02
1.982546887881287898e-02
1.994031644510414411e-02
2.021227250526830624e-02
2.021609025160020154e-02
2.030816042590003964e-02
2.047388452139654522e-02
2.012627828292388663e-02
1.976292112916363738e-02
1.970283517333855025e-02
1.962145641914979713e-02
1.982444565628506059e-02
1.953977165020755538e-02
1.948867377537904719e-02
1.917274104542523658e-02
1.905605206201138255e-02
1.901416928259658246e-02
1.917693036563445502e-02
1.930705117245423708e-02
1.931459781986089377e-02
1.883733640838975917e-02
1.873177953184312211e-02
1.859229809449317733e-02
1.830810696349181518e-02
1.803225595792091671e-02
1.841223630459559377e-02
1.803712960627099418e-02
1.771451697043538095e-02
1.759969316165763131e-02
1.719749390647850110e-02
1.721086006581457398e-02
1.653288919200066390e-02
1.662681350805189640e-02
1.621935286560698478e-02
1.644362849259735707e-02
1.628469343678324785e-02
1.620494548153214934e-02
1.654889869148958373e-02
1.682400228503681469e-02
1.693657863555703483e-02
1.641280330612579497e-02
1.650743951324279424e-02
1.667222210760701748e-02
1.694237456817014598e-02
1.670023364107564232e-02
1.679797426144950118e-02
1.707548447523807647e-02
1.649015398648047762e-02
1.626801989633878953e-02
1.628438585486857368e-02
1.584152957014948321e-02
1.568020453478913626e-02
1.575671029905607867e-02
1.642161491825969502e-02
1.671786062767805989e-02
1.679443769951902143e-02
1.722288881092874299e-02
1.755676225853570679e-02
1.743512407390436850e-02
1.741963837283633937e-02
1.740616403588949104e-02
1.789716497995394104e-02
1.833439748873701494e-02
1.868916021941364330e-02
1.803743441000454570e-02
1.793922423208000813e-02
1.805613061356853982e-02
1.788318584213778942e-02
1.786327449286702340e-02
1.810959087913753540e-02
1.846412121176927573e-02
1.864881336723984290e-02
1.831558091427505988e-02
1.853845572759864682e-02
1.836191307457245986e-02
1.850432361710659460e-02
1.808374889278504399e-02
1.850807786242622890e-02
1.820492565216528733e-02
1.790673155254787416e-02
1.759524847960772936e-02
1.793760866380150407e-02
1.788213345317398589e-02
1.789878462438784790e-02
1.801487409840906231e-02
1.790280737128528699e-02
1.787394828509714442e-02
1.807354590694688554e-02
1.861002057855593375e-02
1.875385114012874735e-02
1.886635678799951019e-02
1.875726386178457397e-02
1.870045926796188099e-02
1.840314644441276570e-02
1.829652449887244139e-02
1.830918414109302880e-02
1.848251143221765758e-02
1.842642488560347624e-02
1.805386978984207733e-02
1.781142254738841621e-02
1.793329306343446894e-02
1.774328033238575450e-02
1.827385766647677753e-02
1.801140417755244319e-02
1.801296873988073380e-02
1.823229826468875797e-02
1.822939911898235898e-02
1.823488228109725745e-02
1.850861824278386691e-02
1.832571894515766173e-02
1.824619450807553334e-02
1.840720125309534480e-02
1.831057260237667003e-02
1.814491094853752304e-02
1.828538408698799148e-02
1.857974825050285120e-02
1.863948149690141873e-02
1.819960570323614704e-02
1.771797734043980763e-02
1.775328512137732892e-02
1.816802736505688728e-02
1.807904318018727086e-02
1.805249612903293138e-02
1.803394799820929803e-02
1.812078881527164412e-02
1.832414672426411692e-02
1.855740806945489416e-02
1.868269708621186562e-02
1.891667726932995050e-02
1.866196188377966872e-02
1.878311362671834100e-02
1.888859645923899461e-02
1.860147509983060485e-02
1.818896299920936058e-02
1.836610083293905432e-02
1.824841604764512737e-02
1.872084697811204901e-02
1.831364494244498362e-02
1.844861038550209970e-02
1.904331930941295659e-02
1.906834888558399388e-02
1.928446063050368378e-02
1.919490422807435329e-02
1.867355292263507202e-02
1.921806958812699584e-02
1.910598126822329185e-02
1.923614814910682216e-02
1.935953855569074941e-02
1.952280732631183138e-02
1.959944333184841098e-02
1.966569746666437316e-02
1.911770941301972962e-02
1.938443742956047836e-02
1.983855291900954096e-02
1.999874400201925168e-02
1.993501526480194810e-02
2.018509431786104022e-02
2.008470197988355271e-02
2.024501363930237413e-02
1.999856241114769326e-02
1.984971852086916955e-02
1.977331214841658233e-02
1.971442018739996693e-02
1.978564183972643734e-02
2.002063255727093080e-02
2.030103222298954360e-02
2.031986772654590170e-02
2.043875650638675781e-02
2.092183040565559829e-02
2.073005810352794923e-02
2.107027056483058713e-02
2.117775321899334831e-02
2.079787374656336119e-02
2.087952863154278818e-02
2.096047357488747820e-02
2.041461088325257842e-02
2.041867613480128144e-02
2.010650692377259283e-02
2.009851239682769464e-02
1.997723931099357197e-02
2.020905239620160443e-02
1.997645781143442961e-02
2.004606938605143010e-02
1.963009385864836545e-02
1.982864569175735864e-02
1.999330544148142028e-02
1.978588898500072829e-02
2.005395339044304878e-02
1.968970558519431494e-02
1.968431848509433549e-02
1.971432571293256150e-02
1.992953722432111788e-02
1.991370596127105611e-02
2.010292756770814745e-02
2.023210369303780898e-02
2.022849001918146025e-02
2.011150289589718268e-02
2.039701060190613618e-02
2.026117419786714266e-02
1.976902790970657894e-02
1.966387556670401091e-02
1.985336047855854394e-02
1.942044615354003925e-02
1.975359358659141071e-02
1.956278427583985416e-02
1.966893286270332206e-02
1.954643840349568409e-02
1.958195613712475705e-02
1.903094141977546006e-02
1.875253055519170847e-02
1.842751731309375321e-02
1.838967283007783560e-02
1.815369626559562924e-02
1.827551328741792644e-02
1.840089411198850625e-02
1.794502252729998637e-02
1.778227270765140797e-02
1.797559679041469891e-02
1.800761852947036987e-02
1.801831191348556363e-02
1.801133695841451027e-02
1.855431765185172610e-02
1.843803378043220795e-02
1.867405248219644945e-02
1.837670195586271413e-02
1.865396188655833384e-02
1.875022126863326241e-02
1.854524622107766099e-02
1.845721924447430232e-02
1.825209586091717032e-02
1.807302281643577424e-02
1.796700052208969819e-02
1.805810487472792394e-02
1.789160094259694203e-02
1.745973613416068951e-02
1.753281696166382117e-02
1.737025151900898137e-02
1.762730803440633667e-02
1.756885518395670878e-02
1.704421806713090140e-02
1.678641584893680525e-02
1.687357720078457718e-02
1.690137569528542966e-02
1.689109526626843966e-02
1.683236422341382807e-02
1.687915093102270586e-02
1.679136655089273969e-02
1.659843591654892522e-02
1.660132671768194471e-02
1.661323981825623200e-02
1.639070514910428641e-02
1.599183155967659128e-02
1.583328924909601157e-02
1.608644568933962141e-02
1.618349499134350347e-02
1.613210821472809905e-02
1.605377825150696228e-02
1.578986259583817220e-02
1.551379793715334902e-02
1.538422606851659082e-02
1.542357899176589019e-02
1.547456787789069921e-02
1.545459791584669236e-02
1.533402574354642695e-02
1.542427122903747283e-02
1.544949957685638753e-02
1.544789785241537476e-02
1.529656415727356951e-02
1.541390271719007658e-02
1.586137266750467512e-02
1.592197667200349540e-02
1.587354919359190361e-02
1.604755222550254337e-02
1.632817108872043274e-02
1.657413465133769637e-02
1.648103502946842228e-02
1.685371132486167961e-02
1.664836278215829288e-02
1.645202710884667227e-02
1.651470469133444613e-02
1.629968951885027786e-02
1.623878667009692051e-02
1.633573087389488324e-02
1.627737296317718560e-02
1.661610426426683718e-02
1.659105221985520545e-02
1.677681948584469965e-02
1.691048755649311383e-02
1.705436961391075187e-02
1.716027948644867698e-02
1.754123526303375327e-02
1.786034563447131199e-02
1.797983921129403875e-02
1.821248153962948951e-02
1.822147783442655197e-02
1.849418922286625439e-02
1.813531105271489266e-02
1.790251054522664850e-02
1.755375469525347412e-02
1.757672569576160596e-02
1.754892711773976127e-02
1.753448902224661113e-02
1.726285205670675602e-02
1.715366511799518504e-02
1.741189401920281710e-02
1.785704864166019409e-02
1.781727729901596766e-02
1.792259574910798001e-02
1.806636779824905698e-02
1.835152778580217275e-02
1.806795102344628881e-02
1.816555525674684243e-02
1.811476367560765563e-02
1.813561389589282702e-02
1.821340826454462963e-02
1.802114014715259019e-02
1.804347637431929011e-02
1.798057709580377916e-02
1.790372075248714001e-02
1.797923886806778934e-02
1.811748311370370290e-02
1.781589930446952907e-02
1.775998073281856784e-02
1.790942354974372694e-02
1.792888640850769794e-02
1.828779650975400142e-02
1.824562797408779344e-02
1.840621576310412857e-02
1.846092601625932625e-02
1.849696612146231600e-02
1.871825027705525946e-02
1.861015294810519291e-02
1.868881716551020269e-02
1.833606112822079234e-02
1.856043744434471635e-02
1.852349524198683081e-02
1.839274691178775789e-02
1.853526883718122770e-02
1.874013440437373099e-02
1.884428215779019103e-02
1.867183448767508955e-02
1.865195168530165565e-02
1.849887176975527348e-02
1.874441150846453338e-02
1.889018089159385030e-02
1.895936402934837381e-02
1.879267847618336026e-02
1.899068420940893884e-02
1.900751999646771093e-02
1.885680039879312694e-02
1.911442977711546448e-02
1.910855950518465518e-02
1.915119047249858389e-02
1.915002983125132716e-02
1.935654938673272638e-02
1.900828094866542986e-02
1.889303754461002169e-02
1.911383995380859166e-02
1.907642727240313821e-02
1.901321347024055239e-02
1.931750906314832344e-02
1.916131927921801981e-02
1.918232808519348617e-02
1.926267329728318864e-02
1.915828465360655541e-02
1.925116348796442056e-02
1.911149353445934160e-02
1.907302000590841221e-02
1.890730567110676316e-02
1.890684981500321757e-02
1.847851876140016794e-02
1.861953786605033759e-02
1.882123181063672518e-02
1.890199338184079050e-02
1.887814572057009907e-02
1.881185609171119599e-02
1.867502704673080355e-02
1.861570992819396031e-02
1.849184801540145959e-02
1.820034552468348735e-02
1.821475744723953169e-02
1.822284623878477408e-02
1.802187489814895821e-02
1.781143843943556668e-02
1.813058087736618695e-02
1.783602155703524136e-02
1.793138442848335110e-02
1.806780288614658753e-02
1.813791655685868809e-02
1.791581572230122044e-02
1.809729510563653013e-02
1.801916719783140317e-02
1.810998674318074417e-02
1.816187989483615886e-02
1.840570125534867971e-02
1.875157151048505166e-02
1.858323161316368863e-02
1.812559051655159015e-02
1.805842962336655019e-02
1.804378169234923529e-02
1.806721627520492188e-02
1.845067747625550938e-02
1.855844127228328463e-02
1.856868577207554383e-02
1.831820544935848158e-02
1.812989147161241446e-02
1.800856680731898266e-02
1.770655293544048242e-02
1.777655423245219982e-02
1.772134510238682764e-02
1.782380509968170892e-02
1.773927703911638495e-02
1.780151058195876199e-02
1.821476335284476916e-02
1.812246894390012394e-02
1.788690154433937585e-02
1.795983894663225403e-02
1.780586490253642865e-02
1.750850454363244227e-02
1.753529590744074343e-02
1.743840153458791481e-02
1.763819604200285787e-02
1.738987360974278071e-02
1.733395621531776468e-02
1.734979392703883683e-02
1.765033850179224470e-02
1.772778815301033137e-02
1.746447413323683542e-02
1.706370712150806837e-02
1.698734737077680843e-02
1.686126213775849397e-02
1.699059882802949825e-02
1.701382952169685700e-02
1.683294537183801717e-02
1.673511400672323887e-02
1.607530237455923397e-02
1.609606772287699994e-02
1.596465056073845604e-02
1.575061131695133787e-02
1.573766941970782679e-02
1.584791158007614956e-02
1.539183338335635594e-02
1.570272799316171572e-02
1.585349087497226264e-02
1.593638469194482918e-02
1.587757311563137846e-02
1.586304714871743932e-02
1.601204924083836009e-02
1.644439550398051064e-02
1.637903923105986717e-02
1.659245705703040266e-02
1.664120065479558763e-02
1.635097969013281013e-02
1.655312072074490576e-02
1.657173592489075489e-02
1.622426011731255627e-02
1.631903889138726013e-02
1.645696360473295969e-02
1.670001083061582042e-02
1.628241343216514994e-02
1.619617797973305420e-02
1.610464527879261823e-02
1.597377744473416766e-02
1.596721013584360277e-02
1.620281248567223900e-02
1.625876832214857848e-02
1.622825584010121475e-02
1.607451048439300506e-02
1.632450275049800864e-02
1.633232709764119439e-02
1.621633148203603658e-02
1.637885837534352323e-02
1.683702779392610982e-02
1.703730307328672755e-02
1.694029661204103296e-02
1.716470430488931456e-02
1.685989790094437682e-02
1.711311254460375422e-02
1.690420353566509867e-02
1.696411395644528350e-02
1.767887726620999758e-02
1.759533748927791241e-02
1.775537032779967925e-02
1.751631024926740901e-02
1.758072188011325018e-02
1.777153053382725736e-02
1.805147477631498937e-02
1.812092555362910043e-02
1.791268921556431540e-02
1.785805279675819687e-02
1.787474443793921411e-02
1.788966623751015936e-02
1.817953518957294776e-02
1.812700959131901754e-02
1.831036027685114045e-02
1.871415165734649499e-02
1.855136366206299944e-02
1.861231874663321281e-02
1.859903576719340590e-02
1.849259583796821274e-02
1.884008653927937357e-02
1.902253707781330003e-02
1.918544819521981332e-02
1.935466230627909054e-02
1.976291046827810191e-02
1.971730474484456597e-02
1.966126223946261520e-02
1.943705388957796959e-02
1.930410449056978867e-02
1.938686785832474321e-02
1.945072789982412245e-02
1.959422068204105111e-02
1.931182118352614205e-02
1.942155155315977363e-02
1.956779630809990164e-02
1.949449690556965056e-02
1.926310081798447704e-02
1.883792110680225854e-02
1.860658980500693588e-02
1.871056259865436569e-02
1.873665488346127478e-02
1.862559289154873052e-02
1.850850929645686191e-02
1.860764041934628160e-02
1.860827196822004495e-02
1.853925724064221098e-02
1.848126400821782298e-02
1.817878039581033792e-02
1.783217585560036358e-02
1.769367856524064336e-02
1.782570450748776139e-02
1.759162454964019462e-02
1.749358942048376969e-02
1.738193707712447703e-02
1.728061598493639203e-02
1.728330151216603966e-02
1.693550921099207587e-02
1.666508904190277043e-02
1.641210722614577441e-02
1.669343814509144722e-02
1.695386252504940683e-02
1.679853870608222222e-02
1.702966368234927128e-02
1.678819348322798180e-02
1.671888762402489945e-02
1.673190408059104656e-02
1.661316558745258229e-02
1.669226749015627342e-02
1.667389955579203289e-02
1.646907517089384390e-02
1.660311943041839836e-02
1.651835896138178703e-02
1.645089065525325717e-02
1.611481987187564358e-02
1.626029078007123693e-02
1.607739697216892250e-02
1.606032487590238964e-02
1.600710344535047000e-02
1.598805307185267865e-02
1.624279427973373408e-02
1.622313616694934582e-02
