0.000000000000000000e+00
5.898325681160359463e-02
5.898325681160359463e-02
6.033865258365611606e-02
5.764339478293595276e-02
6.465388967572584245e-02
5.307501698408228358e-02
4.677417199349423460e-02
5.115938634173498173e-02
4.830773722069361259e-02
4.550000302109844658e-02
4.216748474735090846e-02
5.060698412137754759e-02
4.797193188628054439e-02
4.816218675464355864e-02
4.578053662365935694e-02
4.554464482873647052e-02
4.362318649078184701e-02
4.327595883242779662e-02
4.042465560230557725e-02
3.699145495789715049e-02
3.729500233185244901e-02
3.632338265517393722e-02
4.227431277715654190e-02
4.195580077482640585e-02
4.290472955314852260e-02
4.449383175366838222e-02
4.500403972419558113e-02
4.559059162568041002e-02
4.370695498980054633e-02
4.539230048413251534e-02
4.447671076071258583e-02
4.094952579214958949e-02
3.764292544854259265e-02
3.901020914994236116e-02
3.776703649075052738e-02
3.959888082705478873e-02
3.797164001518065629e-02
3.960036127799607120e-02
4.185730746572809829e-02
4.220164619862595834e-02
4.482515598978759064e-02
4.260670636245721815e-02
4.390921316716608902e-02
4.695132180625211094e-02
4.689480235951268977e-02
4.757485086193497664e-02
4.628962527381737940e-02
4.618445335538624158e-02
4.499657987241301865e-02
4.421889363003142503e-02
4.209481803271103439e-02
4.251935033971602357e-02
4.215321978290468424e-02
4.085317776661565037e-02
4.044082517638146468e-02
4.091599405906241882e-02
4.289852591656970193e-02
4.181111535790928840e-02
4.350617258768002538e-02
4.255618380905435566e-02
4.168647538518945733e-02
4.375576094784389830e-02
4.368870391261645003e-02
4.265864083061134820e-02
4.244341481828179524e-02
4.362316161883785653e-02
4.345397633230219797e-02
4.389757359937582898e-02
4.348052575269800019e-02
4.371654567210723347e-02
4.486597264549022773e-02
4.563054072171263825e-02
4.638125589233144108e-02
4.555591242461634605e-02
4.445569851355599122e-02
4.462188195942184965e-02
4.361394159521788522e-02
4.409923039994004257e-02
4.431163509485372409e-02
4.476026134331318601e-02
4.626249818920758622e-02
4.650971687973451396e-02
4.718989159558557162e-02
4.747526154090728201e-02
4.624669216146373024e-02
4.537791647873266193e-02
4.552505722146869133e-02
4.489037060769080628e-02
4.477805339587167394e-02
4.496309095614950402e-02
4.555091757385879708e-02
4.461426152242998350e-02
4.483998100281699067e-02
4.563964090993150730e-02
4.448937804883636854e-02
4.430177195482287722e-02
4.378985416439847705e-02
4.340370720415608757e-02
4.425913075287230686e-02
4.386394166229701935e-02
4.348588718706213746e-02
4.376119062542311450e-02
4.373809719923473643e-02
4.275746434994830841e-02
4.400946098341280283e-02
4.525337509486954818e-02
4.555202207197723424e-02
4.570582426434533635e-02
4.553547581269586780e-02
4.671395835809533797e-02
4.672679616505021755e-02
4.525450935122411061e-02
4.511642338364447308e-02
4.482407237680532952e-02
4.456512273229038673e-02
4.450363842814093057e-02
4.488535651958452249e-02
4.625277873336013784e-02
4.593676486646423168e-02
4.584916098796831818e-02
4.592130433386176075e-02
4.600303764293740133e-02
4.664725381561363182e-02
4.690455826387850830e-02
4.604315420934462083e-02
4.594721177673114637e-02
4.587158388823661670e-02
4.574767532514711216e-02
4.492898605912471616e-02
4.462849388473769802e-02
4.495513670218206914e-02
4.434213024251351665e-02
4.458372165833936890e-02
4.516374377646733412e-02
4.443377277413933929e-02
4.272250535867469501e-02
4.189607030068818322e-02
4.263799202827055906e-02
4.219638742510742335e-02
4.343160183150418518e-02
4.383842261813796631e-02
4.444501227958110728e-02
4.451978550227408266e-02
4.538873472578196927e-02
4.458645724915664271e-02
4.496881979941150242e-02
4.498147119431600977e-02
4.481277365842937371e-02
4.537964726692812062e-02
4.456440816495365470e-02
4.376346488799754547e-02
4.352811511800289829e-02
4.320706969909991063e-02
4.247346389873055822e-02
4.240302565104179383e-02
4.266994394437172849e-02
4.261269174396956766e-02
4.258511838919865067e-02
4.250021660228012199e-02
4.160452898406338113e-02
4.085078102429097469e-02
4.064426618983102424e-02
4.069792771069335319e-02
4.131287990578833003e-02
4.157360572650930369e-02
4.091344451363652934e-02
4.219934911274866862e-02
4.203221961993838796e-02
4.264525257130279828e-02
4.291607230204302209e-02
4.312144711275701231e-02
4.312144711275701231e-02
4.325718660510819574e-02
4.447683746828708790e-02
4.385545355559689051e-02
4.423478652974967978e-02
4.356777728555092516e-02
4.390425702267129054e-02
4.417764219120649122e-02
4.396082373829122286e-02
4.308289995382642151e-02
4.380471534102928916e-02
4.380471534102928916e-02
4.420049918228852182e-02
4.443628996621576399e-02
4.361681354523375825e-02
4.401472932264738347e-02
4.269039021350767849e-02
4.270591649019073871e-02
4.344010285670912852e-02
4.343356260717701200e-02
4.318319986160520929e-02
4.366976277346223956e-02
4.452622745844594943e-02
4.426154350655728958e-02
4.445565482660867457e-02
4.442049774605591472e-02
4.515964181585119253e-02
4.525685437770104319e-02
4.500829949238038807e-02
4.384734608932316924e-02
4.379599518732318203e-02
4.340353119310974561e-02
4.293627825796003661e-02
4.267208871292247491e-02
4.330442312389690129e-02
4.425844654874368927e-02
4.329082053285790432e-02
4.250113651717952329e-02
4.250113651717952329e-02
4.166285769664088839e-02
4.166285769664088839e-02
4.147975156075225933e-02
4.143948510186851175e-02
4.138862675524502405e-02
4.227740373155986636e-02
4.251897127954849115e-02
4.251897127954849115e-02
4.329339421365795831e-02
4.288481878300239719e-02
4.287427716968723185e-02
4.297716618978466435e-02
4.508027617152641359e-02
4.483313239662418265e-02
4.461381399405084380e-02
4.380537795581635613e-02
4.380537795581635613e-02
4.373398326834629368e-02
4.328263059819922876e-02
4.321948738278694191e-02
4.286940885938154283e-02
4.359952334279421776e-02
4.295669219370910202e-02
4.302447314377445126e-02
4.298778984999356706e-02
4.171784909901751770e-02
4.065910069923221737e-02
3.967174074107336634e-02
3.967174074107336634e-02
3.983940160123269902e-02
3.983940160123269902e-02
4.063132142167388827e-02
4.043242149303571953e-02
4.104440692686242564e-02
4.104649714200241800e-02
4.104942914961355604e-02
4.104942914961355604e-02
4.251378438152494943e-02
4.229288040409003718e-02
