1.000000000000000000e+00
9.998911463736086525e-01
9.996533349803181645e-01
9.993749437548119507e-01
9.989198238451383327e-01
9.982599119736628168e-01
9.975848864930619841e-01
9.966576984977995046e-01
9.958865061773044536e-01
9.949571134662267280e-01
9.942078728254171160e-01
9.930009431991478897e-01
9.917774282230614746e-01
9.901407214325653738e-01
9.894045292496147503e-01
9.877102730011916298e-01
9.858419754803429136e-01
9.841954690605905220e-01
9.828325637728084763e-01
9.808132444379850101e-01
9.788081735243667758e-01
9.762238631229257502e-01
9.743864831646444902e-01
9.721926183920580611e-01
9.693231996760368618e-01
9.670173009137934539e-01
9.644440566073229082e-01
9.619327047947638931e-01
9.596142709103879787e-01
9.567210915341588517e-01
9.532069857356670894e-01
9.502062207489299084e-01
9.469734586153659706e-01
9.440634309571928062e-01
9.415098556934431429e-01
9.373115197610397686e-01
9.336414708727944767e-01
9.293757280456345082e-01
9.248964904468166548e-01
9.215922230287139083e-01
9.180821767875412265e-01
9.132842130333936881e-01
9.116937398050485308e-01
9.061942534782109204e-01
9.004032044559688863e-01
8.954283610607621791e-01
8.907346657972788906e-01
8.857603542909172623e-01
8.795424113341614447e-01
8.745282544312491524e-01
8.710306199397821469e-01
8.669715627305741856e-01
8.615726132488368272e-01
8.552007511138104423e-01
8.490121780848707278e-01
8.414474997264128620e-01
8.341061797953571721e-01
8.289276704922360350e-01
8.227926757650336764e-01
8.163232258595032320e-01
8.116008844025833779e-01
8.052802417120550338e-01
7.999752147038524663e-01
7.941086579165819170e-01
7.887021979051813680e-01
7.837551044357149443e-01
7.787922582641536584e-01
7.713375341187739265e-01
7.656727065981344671e-01
7.593828161807791854e-01
7.538246718438059712e-01
7.455898096697068933e-01
7.361668820592249807e-01
7.289823930226035920e-01
7.216165228331018477e-01
7.150877808861044738e-01
7.082507808474238775e-01
7.013569112383378767e-01
6.944296180861493362e-01
6.882200712972464940e-01
6.806488673848186677e-01
6.770452998654611365e-01
6.682773417045374531e-01
6.595864180108139685e-01
6.493803944266219874e-01
6.416742834965275533e-01
6.378349883904729234e-01
6.312609027354476599e-01
6.236266898160424121e-01
6.160497809172466033e-01
6.059974666507818020e-01
5.976772926577703648e-01
5.907459206621527015e-01
5.812371090057918410e-01
5.736203196730024212e-01
5.659026929365915670e-01
5.565000855710243721e-01
5.505015041870420234e-01
5.431851544210365423e-01
5.338974400058162928e-01
5.264613453377193775e-01
5.201087844046071718e-01
5.146654911711602276e-01
5.070967415986438187e-01
4.980683540688342070e-01
4.904621790411031745e-01
4.849645715430780379e-01
4.782039735617276133e-01
4.713269114577175456e-01
4.646694146409517945e-01
4.583774246523437124e-01
4.520607848474659796e-01
4.449342336625731753e-01
4.352323213906025279e-01
4.279683954007821312e-01
4.225434990077120423e-01
4.174496463845277505e-01
4.098735089626069916e-01
4.033648710974409579e-01
4.001514569794024090e-01
3.943879255591951072e-01
3.891957423111046532e-01
3.819664591763614059e-01
3.765027755816936494e-01
3.729384046770334860e-01
3.671908783826614009e-01
3.628686710989713071e-01
3.551659335817466401e-01
3.517411981969965074e-01
3.476245118221866215e-01
3.443771058036328991e-01
3.394055702337257507e-01
3.354267859899600079e-01
3.335146198256313532e-01
3.309389604439561539e-01
3.289049709669885635e-01
3.268608029731571718e-01
3.240360229979360462e-01
3.214160212061633048e-01
3.188740263339492897e-01
3.152320757830570641e-01
3.141276148977018012e-01
3.082914447961576099e-01
3.069181283108731728e-01
3.043777092560940867e-01
3.032969123501828013e-01
3.016776322941378541e-01
2.994822695642623822e-01
2.985521041841756040e-01
2.976655116047161598e-01
2.965814578536050128e-01
2.958413998071651174e-01
2.938369260411909378e-01
2.916047896038815868e-01
2.922330863641524057e-01
2.918779999219009991e-01
2.910249313555673401e-01
2.906213423972235921e-01
2.898001510687713278e-01
2.890487202984922122e-01
2.885638384078610952e-01
2.872867370963164135e-01
2.872467288193589208e-01
2.863301172665906336e-01
2.873748111104401093e-01
2.900319685686135740e-01
2.909296683170865538e-01
2.931595489448766689e-01
2.944630562853468581e-01
2.976206611866518692e-01
2.982499227875887726e-01
2.985718495598924105e-01
3.003913966653837253e-01
3.010381024569800390e-01
3.032580606195259820e-01
3.065899217096674789e-01
3.082845931761381553e-01
3.126402068614332896e-01
3.145181239559741715e-01
3.158590014839841031e-01
3.167721422186396407e-01
3.171569118821750410e-01
3.192768666466499483e-01
3.201150514776304190e-01
3.202685320378275691e-01
3.227323750737544628e-01
3.243698482696407703e-01
3.277195708482231740e-01
3.292848692065273863e-01
3.314161200477289682e-01
3.332976743876897574e-01
3.328244302470627636e-01
3.348734470622655723e-01
3.375132078901352251e-01
3.391287599574239198e-01
3.409704924120790515e-01
3.433624048341571422e-01
3.452238747972030120e-01
3.471295037569802622e-01
3.499222143271399355e-01
3.512647489096337172e-01
3.527264044899320883e-01
3.550805433387198007e-01
3.581351013118052040e-01
3.582540757589216529e-01
3.600453951643876049e-01
3.604211295619904054e-01
3.612901373383106129e-01
3.625992046801052582e-01
3.637227733344446379e-01
3.656266813279009376e-01
3.679291503549190212e-01
3.689427432894188397e-01
3.682830642529901777e-01
3.705619608940149412e-01
3.709553463207079238e-01
3.714960563375950819e-01
3.723501604157760103e-01
3.741584342151694220e-01
3.753897532434523066e-01
3.772804551957836816e-01
3.774108585165814600e-01
3.778464216342831694e-01
3.790828027335015893e-01
3.796178912392420002e-01
3.795852306628371697e-01
3.809968155195299633e-01
3.804726730885851227e-01
3.797607832804638650e-01
3.795962892999512062e-01
3.797562227909653809e-01
3.785550135065904320e-01
3.785641470368038553e-01
3.768369854189611567e-01
3.778857716276752821e-01
3.785518594507905621e-01
3.786139386929124329e-01
3.782106267972411007e-01
3.755034402589111919e-01
3.750873985281038547e-01
3.751348803830180101e-01
3.747351625882130444e-01
3.733528124424155270e-01
3.725010464815336486e-01
3.721845727026359962e-01
3.722817588567129965e-01
3.707351158468451535e-01
3.707713829741070000e-01
3.717244232873048726e-01
3.712691006379819636e-01
3.702106388111641166e-01
3.694251297907040210e-01
3.690105430040384049e-01
3.677956272602585508e-01
3.663360002486090172e-01
3.663100627378378937e-01
3.665361525819405553e-01
3.677151113037024910e-01
3.665051206889082813e-01
3.659723171482113790e-01
3.655936667501088477e-01
3.630324962416099366e-01
3.621399678765123697e-01
3.618902409839463985e-01
3.610137450844844165e-01
3.592144714902301139e-01
3.591971449689005946e-01
3.572841557181211103e-01
3.561456895521017962e-01
3.556968056498205910e-01
3.556920055889685184e-01
3.555841261126384545e-01
3.556832265932277082e-01
3.551941399346355555e-01
3.530241941116616933e-01
3.509208431041985210e-01
3.505197443020565129e-01
3.499274623128530437e-01
3.493576096097512074e-01
3.476601600295106675e-01
3.476389490917926040e-01
3.455724720810510187e-01
3.444499255101225454e-01
3.446170064484685991e-01
3.445161040379903228e-01
3.427828784432414566e-01
3.426604926156713304e-01
3.406397697053883955e-01
3.399503444794162998e-01
3.396685682648849514e-01
3.401286746113110770e-01
3.395170247451346213e-01
3.384206542722490441e-01
3.392498270597557042e-01
3.381157451774561284e-01
3.379872196126947337e-01
3.377520981016746138e-01
3.373380294866109574e-01
3.367071605966132641e-01
3.361913877503294734e-01
3.367334583879763588e-01
3.353922801398343534e-01
3.347163661777787236e-01
3.344305530019980321e-01
3.338443337291711610e-01
3.317910912859227124e-01
3.288277012528286747e-01
3.279005964883409119e-01
3.283930415990011786e-01
3.276029825886198621e-01
3.267809729561539367e-01
3.255583914937606460e-01
3.251240100715537817e-01
3.241220383317844345e-01
3.236982138676373078e-01
3.226656138695650489e-01
3.230939725170679511e-01
3.226743395324103703e-01
3.217146383726041114e-01
3.219955952559576118e-01
3.207936709376509321e-01
3.193322618851587302e-01
3.196789752807606688e-01
3.185328545008482282e-01
3.181781030154789969e-01
3.174783283654154520e-01
3.186275565126442388e-01
3.179750477884730753e-01
3.177175949770875696e-01
3.175407422984654060e-01
3.160626350664311746e-01
3.145137995319261526e-01
3.146651182526040702e-01
3.146042759452705728e-01
3.143281069269445727e-01
3.142031850399379378e-01
3.152850181074140501e-01
3.155055974130881458e-01
3.152799986760081441e-01
3.157986417084575059e-01
3.159636997386242041e-01
3.170287550232868123e-01
3.169144179102591496e-01
3.174351893557681992e-01
3.177954425411375627e-01
3.174177493674750217e-01
3.171102503296129305e-01
3.175355085826507828e-01
3.186675530562894099e-01
3.188461114970157495e-01
3.180994093567570125e-01
3.165465820333954183e-01
3.174221254997049435e-01
3.168988308219929384e-01
3.167457700233325402e-01
3.169445115105811173e-01
3.161714657975046583e-01
3.171899466829958270e-01
3.179741416356515749e-01
3.197253120495173184e-01
3.195906316696703331e-01
3.194543523813013208e-01
3.197353779030428500e-01
3.201044113550376435e-01
3.187270318673777747e-01
3.180045492743089341e-01
3.180197415258452232e-01
3.183034197943794830e-01
3.176429996242547404e-01
3.171040061413855082e-01
3.172562037612668417e-01
3.175210374587477125e-01
3.182643063780326576e-01
3.185113990031749331e-01
3.183654312497702921e-01
3.167346455575859032e-01
3.165257101098367110e-01
3.172011920229959037e-01
3.167525755925154618e-01
3.170500505591181128e-01
3.166555899386451212e-01
3.156641075151246922e-01
3.169850388212354098e-01
3.171534094847491270e-01
3.178739269979380389e-01
3.189711028333725440e-01
3.188796029387828690e-01
3.179892780994539869e-01
3.176307236490652497e-01
3.171605234563584230e-01
3.171051246485395159e-01
3.177614104134343642e-01
3.186450389099281244e-01
3.197006978421089163e-01
3.200705972495361262e-01
3.206597800628724904e-01
3.212924287127899570e-01
3.207932697263978228e-01
3.214832865394801620e-01
3.213977462494351789e-01
3.202260063989257888e-01
3.193171479425314652e-01
3.203148585777316204e-01
3.191491532034912426e-01
3.194210812318711845e-01
3.192026771648955874e-01
3.190894763137143708e-01
3.197449100493488516e-01
3.197223011385419977e-01
3.199382799250903853e-01
3.192094726113910430e-01
3.189453760732876564e-01
3.193857240550714849e-01
3.192469541263692201e-01
3.187476309349480119e-01
3.183622502148241717e-01
3.183279818991190391e-01
3.183977115670456048e-01
3.183761824042985467e-01
3.188501076494210107e-01
3.197079777495641095e-01
3.204766174380186960e-01
3.201755472691419913e-01
3.196960980713194900e-01
3.202595444074760045e-01
3.206442776572584474e-01
3.206525329573158278e-01
3.204480096831180957e-01
3.208993160327449634e-01
3.206186892815076628e-01
3.198846678951391964e-01
3.199569519368064552e-01
3.211548754949977158e-01
3.209892695762014969e-01
3.209147473559150754e-01
3.205654669812602608e-01
3.199000935792865041e-01
3.197445692161006714e-01
3.189867871368449737e-01
3.184611204183732669e-01
3.186248199429858041e-01
3.185143309159242375e-01
3.170331298130936171e-01
3.167104848871436507e-01
3.157593177411779362e-01
3.149442471673859489e-01
3.145967656292269488e-01
3.137031692804818639e-01
3.137819410689674515e-01
3.134877386513456043e-01
3.128049141261644017e-01
3.120386084648419933e-01
3.119792447118975853e-01
3.110668632544650869e-01
3.104032655190676060e-01
3.109581665116064597e-01
3.104925564357200463e-01
3.099762908272712947e-01
3.106574979275099069e-01
3.108498858224545969e-01
3.092860297484289478e-01
3.091281332055535458e-01
3.087336120720751698e-01
3.079466936097860486e-01
3.079586615546489048e-01
3.079402842188209144e-01
3.081506743708506413e-01
3.083981235253431818e-01
3.070876112535467217e-01
3.049499804304235950e-01
3.041847273667888651e-01
3.037411898168455582e-01
3.042090305243031478e-01
3.036723973799373422e-01
3.042745190469027250e-01
3.034806232645005930e-01
3.035249035785450578e-01
3.042121193366932874e-01
3.041432091172625030e-01
3.038322343964320882e-01
3.031042438093417557e-01
3.027093997134117087e-01
3.021723988150241680e-01
3.022192593908848424e-01
3.026669068945571084e-01
3.050014787014164175e-01
3.050113762786894056e-01
3.049309083601894343e-01
3.050827554846390344e-01
3.056913174128036981e-01
3.043479928559597592e-01
3.035995238985239597e-01
3.045124144772046737e-01
3.041070010751771302e-01
3.038506162849445302e-01
3.032987566658827960e-01
3.038534808851151570e-01
3.034890017646310056e-01
3.030579465832849428e-01
3.024963197015587690e-01
3.029308206902287526e-01
3.025560076256754716e-01
3.020856863574357676e-01
3.021569475223279122e-01
3.020867645708739668e-01
3.024956233313919607e-01
3.032208316466633025e-01
3.034727074169493721e-01
3.034134838571184711e-01
3.032087633599876431e-01
3.030884427794811598e-01
3.028615597451737584e-01
3.033157122776504733e-01
3.026669318312987245e-01
3.024216737590880721e-01
3.031453459293522168e-01
3.029609468115945226e-01
3.030951940878636175e-01
3.035984327090500701e-01
3.034174755087769570e-01
3.037836855689397542e-01
3.031219213707729843e-01
3.027702486714416996e-01
3.022363817272526454e-01
3.022403113803915908e-01
3.032738727470151163e-01
3.029512922103686501e-01
3.029827564678309049e-01
3.034212809088922547e-01
3.038680505762734740e-01
3.035110852978835094e-01
3.024680895419016302e-01
3.021185963370421335e-01
3.011120862950091293e-01
3.010418966726791101e-01
3.011119645740454875e-01
3.021370744791248009e-01
3.024401416347110572e-01
3.028529303246384474e-01
3.035206288843411149e-01
3.033513518003921883e-01
3.031025477691232650e-01
3.036153061517207763e-01
3.028194531464366013e-01
3.023389516402703037e-01
3.020606005929591387e-01
3.023578764094290161e-01
3.015300734622569645e-01
3.020239358399857132e-01
3.022794284890104044e-01
3.018975324427917717e-01
3.017146865196097538e-01
3.001353961981385043e-01
2.999062226399379916e-01
2.997690721885958864e-01
2.994117188068580182e-01
2.989596550856654100e-01
2.991687032426801895e-01
2.990600011098684674e-01
2.995407721762025632e-01
2.992587633087943622e-01
2.992942739999333579e-01
3.000342274031990164e-01
3.005040106093802010e-01
3.002241673728498483e-01
3.008758358173596603e-01
3.004912286470675653e-01
3.001958812605891591e-01
3.006495867496958851e-01
3.007462071121743685e-01
3.009803302417075610e-01
3.013109035721474593e-01
3.013163278056181782e-01
3.012964540642013578e-01
3.006957297525208461e-01
3.015777121536049599e-01
3.009571074527991330e-01
3.008970883189376888e-01
3.010617950712304869e-01
3.003498189221512904e-01
3.009515609557486537e-01
3.007208665883850385e-01
3.008614549064516641e-01
3.006937598791091237e-01
3.008016062916707978e-01
3.009073618298617747e-01
3.003556613125671904e-01
3.014697291484870756e-01
3.012348233860629998e-01
3.014302237127088335e-01
3.021780732709530848e-01
3.024477823253369779e-01
3.018193736912849756e-01
3.000523636140036143e-01
2.993446548667029194e-01
2.989065031787636606e-01
2.988238462975987830e-01
2.982999460841502803e-01
2.979629296954820483e-01
2.988259670271247170e-01
2.991467162402350888e-01
2.996337912486630728e-01
2.995788210315518674e-01
3.001100574141093436e-01
3.001597580296730405e-01
3.002222336826815274e-01
2.998673271638886972e-01
2.998038504076939170e-01
2.999999945672663926e-01
3.007425245582551199e-01
3.012279393241418801e-01
3.011435496684424229e-01
3.008285202551027604e-01
3.015845461071970379e-01
3.015588136955598686e-01
3.015061368412101928e-01
3.010800657043102846e-01
3.006023175151363303e-01
3.010745620160902858e-01
3.013991830459806787e-01
3.020105543089333655e-01
3.024083193453089846e-01
3.020234551676448387e-01
3.015748351978833619e-01
3.013233209703704008e-01
3.017011781104100288e-01
3.017329522542325781e-01
3.017601639961204341e-01
3.015171878033084396e-01
3.012981708289133587e-01
3.007106034119988447e-01
3.010476204534696110e-01
3.008636127146173123e-01
3.011228784045309470e-01
3.009592623520763177e-01
3.006786824733532759e-01
3.005855201271854238e-01
3.007876355773611010e-01
3.010550448361429265e-01
3.011640303896402915e-01
3.008513509350623227e-01
3.009075339106936364e-01
3.005355538895569389e-01
3.005897205048571608e-01
3.003368004027818228e-01
3.000795435524510890e-01
3.006017643375185067e-01
3.008578310028300895e-01
3.015860587539432869e-01
3.019277403136585991e-01
3.019218222520286821e-01
3.016397605004306204e-01
3.012057212828710417e-01
3.004049516748076298e-01
3.003721690639920561e-01
3.004955796388018574e-01
2.997400687210529102e-01
2.994775191311364049e-01
2.998176728333963315e-01
3.000012684470584334e-01
3.000012684470584334e-01
2.995859307651279058e-01
2.994835674903972289e-01
2.993158453025719368e-01
2.992737365001565397e-01
2.995241097997110025e-01
2.997472301049400878e-01
2.998251987704526056e-01
2.996153831126466827e-01
2.991400814004833708e-01
2.991860267642962312e-01
2.988088214292176636e-01
2.989120013035282408e-01
2.990775152965398087e-01
2.986010526485060046e-01
2.990343646583766279e-01
2.990972878607723873e-01
2.990532335612085535e-01
2.983538165065269254e-01
2.983650597001836768e-01
2.981825514730337412e-01
2.986059788769689916e-01
2.990436240565651493e-01
2.985464965769958900e-01
2.990504320341616507e-01
2.982431653793607418e-01
2.985325694621664416e-01
2.985258482388331580e-01
2.988204114710332759e-01
2.984611997739842204e-01
2.975470623898652800e-01
2.981931544313368709e-01
2.987304589956846224e-01
2.988344895925336697e-01
2.986672777108615451e-01
2.986785625069092176e-01
2.978991761188372611e-01
2.976352495548346133e-01
2.971658375970769317e-01
2.968728545993225554e-01
2.968422542046759705e-01
2.968828160248108694e-01
2.968657696412108637e-01
2.965319378141183515e-01
2.966594483873611909e-01
2.966416294017676925e-01
2.959997238267750852e-01
2.949780066799371769e-01
2.938721241385575111e-01
2.944425023067143710e-01
2.941529056786718610e-01
2.940608932741338721e-01
2.942100468766563615e-01
2.943784785923411196e-01
2.946676397607193021e-01
2.946661934364228075e-01
2.946248773368322360e-01
2.940779408244292292e-01
2.941205726448480329e-01
2.942912792553774581e-01
2.934812185472340795e-01
2.934175690729256547e-01
2.935299836814295737e-01
2.934501609109035902e-01
2.928059770395757266e-01
2.930197022947715890e-01
2.924764293982929919e-01
2.919076727034693453e-01
2.915918358342382000e-01
2.913965920474927973e-01
2.919481454177123569e-01
2.913932378361006048e-01
2.909102329405233722e-01
2.909519375790547424e-01
2.917698450476686189e-01
2.915410752732576216e-01
2.916291384383539742e-01
2.916291384383539742e-01
2.911786636966240960e-01
2.920555883829954458e-01
2.915802978998666695e-01
2.916564698980237402e-01
2.921661174009499429e-01
2.919856587447730023e-01
2.918176069864909516e-01
2.911790277102496161e-01
2.913801569984579842e-01
2.918361244222261730e-01
2.913175375184597904e-01
2.913568281678305394e-01
2.920477099689282596e-01
2.920660649801473663e-01
2.918603674928190728e-01
2.927104493247513206e-01
2.928236808940202218e-01
2.931690892378384095e-01
2.940980059270711378e-01
2.937980591544071540e-01
2.952267811459668989e-01
2.945764543254430490e-01
2.950535304963539662e-01
2.947742361004528910e-01
2.960696807822779109e-01
2.957210544539726760e-01
2.958404846154827905e-01
2.964252621029747625e-01
2.963563092572204516e-01
2.963852835164419997e-01
2.961940474693310343e-01
2.967193303631993628e-01
2.969373611595746976e-01
2.972999730359614512e-01
2.966915909222442860e-01
2.963665603079563282e-01
2.973426952052629635e-01
2.971274783013511112e-01
2.981876125165545122e-01
2.979408861147817000e-01
2.980096436675101490e-01
2.978574770430126861e-01
2.990567695908566970e-01
2.979972641153185720e-01
2.980339892367102617e-01
2.987916393877657062e-01
2.993510703411402796e-01
2.991543784293793640e-01
2.988011343945311538e-01
2.982275433804411624e-01
2.991301151055033025e-01
2.988318276743628932e-01
2.985595898288233574e-01
2.985223027837828891e-01
2.979309671658052494e-01
2.978595685724993447e-01
2.985029883043073817e-01
2.985290465857846631e-01
2.989268216951505019e-01
2.989680282384422072e-01
2.990164015866529912e-01
2.996169416443874023e-01
3.001598923213888992e-01
3.006828366100997574e-01
3.003613031912622522e-01
2.996319926650788945e-01
2.994799400752253815e-01
2.992469852520820428e-01
2.994781706307370062e-01
2.988695024223851360e-01
2.984009920149400252e-01
2.974793338529552189e-01
2.977316323293196509e-01
2.975410935559985592e-01
2.970816663569689764e-01
2.971182403679446526e-01
2.970984970459955576e-01
2.975654581615227445e-01
2.960373251076622303e-01
2.958233830581384338e-01
2.951689363359453200e-01
2.948000304874751620e-01
2.947777397948883604e-01
2.945770857057040670e-01
2.947273665382434404e-01
2.939944562664846273e-01
2.941793063977021228e-01
2.940479370462110165e-01
2.936458988424101024e-01
2.936458988424101024e-01
2.934588865840702665e-01
2.935196991375925712e-01
2.933829142650741240e-01
2.930564753923035060e-01
2.932053052761066092e-01
2.916691158279697826e-01
2.922498818071243565e-01
2.918190488878756872e-01
2.907897002341225390e-01
2.903834354563158415e-01
2.898130561481921386e-01
2.894227548386013038e-01
2.891636979328751633e-01
2.895174428014374302e-01
2.893967418291167326e-01
2.899352210946476438e-01
2.890551637033398902e-01
2.887566232473915417e-01
2.885420874420148718e-01
2.883817156724578501e-01
2.882731556803915796e-01
2.882043417263043805e-01
2.873290502093576726e-01
2.875298803140544091e-01
2.871088979905437322e-01
2.872983373953011399e-01
2.877074688016538762e-01
2.878500588981201536e-01
2.876745133670645660e-01
2.878308890014822374e-01
2.881317520396107223e-01
2.883448645757114015e-01
2.881578642020396486e-01
2.880707762174655184e-01
2.877281835138901234e-01
2.877036924086891490e-01
2.874478170326164594e-01
2.872140751168349437e-01
2.872140751168349437e-01
2.869865578669237305e-01
2.871703210882110557e-01
2.869159394797078377e-01
2.861768950535296674e-01
2.860610306756170562e-01
2.868565212200616665e-01
2.863431705879165290e-01
2.866651863011652202e-01
2.866178458320113309e-01
2.870039187122239710e-01
2.871250312293540663e-01
2.869677641822858116e-01
2.874897630417018735e-01
2.874201738604700296e-01
2.870841157051906567e-01
2.874131404143577817e-01
2.870737365949952435e-01
2.867897800227091065e-01
2.867935197598579511e-01
2.868146148600733136e-01
2.868146148600733136e-01
2.867736841523141900e-01
2.866024849111496464e-01
2.860199901829045821e-01
2.859987971604886492e-01
2.860833390264497789e-01
2.858235207746921969e-01
2.862348880454921862e-01
2.871589531111919391e-01
2.873682677762057769e-01
2.872343334570731099e-01
2.872343334570731099e-01
2.879138393433123833e-01
2.881392336693717193e-01
2.882831636037504475e-01
2.878428304289943895e-01
2.880436753522876980e-01
2.884294359584606560e-01
2.878899778381583396e-01
2.886066803849647311e-01
2.892584146059333228e-01
2.892246365964354915e-01
2.897676317044614591e-01
2.894003456869878588e-01
2.894003456869878588e-01
2.895449148556331065e-01
2.892742057122307808e-01
2.894257255070555312e-01
2.902226013132667148e-01
2.904231257581388892e-01
2.903367037234321213e-01
2.901184336839646716e-01
2.904020186563024408e-01
2.901882720767486323e-01
2.907024129425223591e-01
2.908588002172568521e-01
2.907978398935550657e-01
2.914190657890284308e-01
2.919065709020320365e-01
2.921945852384564835e-01
2.924717416036611284e-01
2.926476850904258242e-01
2.925537164176277849e-01
2.928090022498795464e-01
2.931680066074258129e-01
2.935639248477781016e-01
2.938857924047219017e-01
2.939050384381730607e-01
2.940331553739714554e-01
2.940570095894656233e-01
2.940570095894656233e-01
2.939384958733914921e-01
2.936847907015879278e-01
2.940670344597787755e-01
2.940670344597787755e-01
2.939775590612576650e-01
2.939761766877995175e-01
2.947658523137361430e-01
2.947658523137361430e-01
2.951755154647231483e-01
2.956802302855315867e-01
2.958408631434351066e-01
2.957856156663981051e-01
2.955617180327392290e-01
2.954600730496660388e-01
2.954278891702316612e-01
2.958299566543682868e-01
2.965030958748281487e-01
2.967214250656632912e-01
2.964706219883456173e-01
2.960697484308138505e-01
2.958732806420142358e-01
2.957693036990406976e-01
2.958195661146460487e-01
2.960883967450295140e-01
2.961560681867643763e-01
2.956957641863056097e-01
2.953033144977244562e-01
2.950019092449409075e-01
2.940315463269097540e-01
2.943656854063449457e-01
2.938591953235953347e-01
2.939707678659455037e-01
2.942156108036352302e-01
2.936632957478720329e-01
2.928503976481871551e-01
2.929200265647954327e-01
2.926492081020466984e-01
2.917282929077271714e-01
2.909859914429344108e-01
2.908910475319838596e-01
2.905285610137451902e-01
2.904762219242665311e-01
2.895049277862857817e-01
2.894237162404051933e-01
2.892517583361579603e-01
2.891781327265084967e-01
2.888012488841077419e-01
2.881995925670096104e-01
2.881995925670096104e-01
2.872719864666838929e-01
2.873239810900918290e-01
2.874576341136417246e-01
2.870511563949344480e-01
2.860931532226023699e-01
2.858703275444223757e-01
2.856028266331586685e-01
2.858985000497206164e-01
2.854938728459899266e-01
2.851360622250082577e-01
2.851360622250082577e-01
2.851192899311665863e-01
2.846437369562747621e-01
2.841916223927017926e-01
2.843645470286915722e-01
2.843443971244116741e-01
2.829998451225642087e-01
2.826222280425260691e-01
2.827535788489369817e-01
2.827534728916157314e-01
2.830362160259902726e-01
2.830357753420676414e-01
2.832325653531322929e-01
2.830984409129131407e-01
2.833242487686739586e-01
2.833306215300316344e-01
2.832525629113612498e-01
2.830079898055601895e-01
2.831495082795479346e-01
2.830387064682699516e-01
2.831682326108077019e-01
2.833804107137089523e-01
2.835557806457904562e-01
2.836454382963646825e-01
2.833578016971483593e-01
2.832098266666482345e-01
2.833332677796762678e-01
2.830574503588706992e-01
2.826398490593342583e-01
2.835088157910037321e-01
2.835088157910037321e-01
2.830643156012599415e-01
2.830722419701113823e-01
2.828935896316469023e-01
2.829227409318290087e-01
2.826087141564397331e-01
2.827430550141923349e-01
2.828993998871110471e-01
2.830482039532727923e-01
2.833399743632599721e-01
2.833399743632599721e-01
2.835174213516678532e-01
2.842763514831732063e-01
2.844948446406841414e-01
2.844948446406841414e-01
2.844998408997063688e-01
2.840580446098513456e-01
2.848113105361822495e-01
2.855870187872117660e-01
2.855338476965531558e-01
2.859382944685895933e-01
2.862561011468918171e-01
2.863971822519024157e-01
2.863457772523640421e-01
2.872397068718429147e-01
2.878469966900021881e-01
2.882980682546861795e-01
2.883031793647836682e-01
2.885601201816041517e-01
2.888408317838990769e-01
2.889481841820871755e-01
2.894015328269055609e-01
2.893797839240063730e-01
2.893797839240063730e-01
2.893797839240063730e-01
2.895761413977936405e-01
2.895174511023398400e-01
2.895615078457741132e-01
2.895604054551667028e-01
2.899719739400692942e-01
2.899454675575677265e-01
2.901656732201891575e-01
2.903786613392412286e-01
2.902932452914230299e-01
2.902932452914230299e-01
2.904877458922615618e-01
2.901870176590252703e-01
2.902557587833439201e-01
2.899887726027194912e-01
2.897604888899688591e-01
2.899324467942160921e-01
2.903890582334132664e-01
2.904516138389387492e-01
2.899766844181253522e-01
2.892532588077119660e-01
2.881261935233880855e-01
2.879181987793082986e-01
2.882068306438893557e-01
2.880129060471985358e-01
2.879517580694800905e-01
2.877976395486445127e-01
2.875184868509572667e-01
2.880003125238090878e-01
2.883577849278524119e-01
2.882675622936100579e-01
2.883513036613239433e-01
2.872774676918110615e-01
2.874160523726682070e-01
2.874160523726682070e-01
2.874068616376914131e-01
2.874068616376914131e-01
2.874197450940125242e-01
2.873787133031791563e-01
2.873787133031791563e-01
2.871848021794976002e-01
2.874029535369118649e-01
2.872914373823882705e-01
2.878044009727236952e-01
2.878044009727236952e-01
2.867591942435454566e-01
2.867399163994778233e-01
2.867399163994778233e-01
2.864401810271086646e-01
2.862162266591286031e-01
2.858101858898079439e-01
2.858101858898079439e-01
2.855887911082485853e-01
2.850749847311954133e-01
2.852021261503189797e-01
2.851121535093780746e-01
2.850733803733973559e-01
2.848293927979961837e-01
2.849148088458143824e-01
2.846216875016391312e-01
2.840303853464103967e-01
2.827183958325725777e-01
2.823884311131200087e-01
2.815442516239756165e-01
2.812565044420398119e-01
2.812565044420398119e-01
2.811877633177211067e-01
2.809317603488443171e-01
2.806968420812963605e-01
2.807199650118272771e-01
2.804194665274925558e-01
2.803262502186109617e-01
2.797324910827068689e-01
2.798502216735544446e-01
2.798566317695653227e-01
2.794456920566058544e-01
2.794070104243973063e-01
2.795042119596454766e-01
2.788014919724808305e-01
2.781068451412250786e-01
2.770519230602142557e-01
2.774284105750051133e-01
2.771879689952933545e-01
2.767817782610469957e-01
2.765468712760535963e-01
2.769588357585524574e-01
2.770252844188671459e-01
2.768578460884853487e-01
2.767701374521153168e-01
2.771625424098993484e-01
2.761637152993832167e-01
2.761164685199428148e-01
2.765062556254318515e-01
2.765062556254318515e-01
2.757166073813013263e-01
2.755537675141184195e-01
2.747314803768374225e-01
2.747314803768374225e-01
2.748937188916684149e-01
2.745966827621754147e-01
2.753365259665342957e-01
2.753645317722120955e-01
2.753287378723034418e-01
2.753287378723034418e-01
2.754768803718459225e-01
2.757942798018239161e-01
2.759281881232966693e-01
2.762939592625402452e-01
2.762413804436331666e-01
2.769979270882759192e-01
2.769708821248084152e-01
2.769136845602985231e-01
2.764830283977358083e-01
2.766241312658376805e-01
2.763850577131301001e-01
2.764797401775382357e-01
2.761678003758791800e-01
2.767470063779010614e-01
2.769944906497177617e-01
2.769377176473265534e-01
2.770812316082836846e-01
2.770423852353205429e-01
2.770423852353205429e-01
2.787972006358335197e-01
2.785730159619948521e-01
2.785587229581821256e-01
2.788533787597128333e-01
2.788533787597128333e-01
2.783065816168979745e-01
2.782216186091260868e-01
2.784052214645990064e-01
2.788500226627848577e-01
2.789025264729140252e-01
2.789025274416739308e-01
2.788957855507307459e-01
2.790896966744123020e-01
2.793790777397525127e-01
2.793410050743947437e-01
2.795848111622391552e-01
2.795848111622391552e-01
2.794284793645869791e-01
2.798274110016564231e-01
2.800513487317312089e-01
2.804169953141456562e-01
2.805671488932067748e-01
2.803314127246313014e-01
2.805487722952314522e-01
2.801606923893399936e-01
2.801774765427882397e-01
2.808120060695009079e-01
2.812215679353897713e-01
2.815294192351843749e-01
2.818048400821617228e-01
2.818048400821617228e-01
2.817561350216875593e-01
2.816161260229760877e-01
2.815512138911068218e-01
2.818624355224947919e-01
2.820398825109026730e-01
2.820042742583193096e-01
2.821336242301363262e-01
2.821348871377486467e-01
2.826476583038684542e-01
2.834130053861433352e-01
2.835861639781505072e-01
2.843164461783065922e-01
2.847209173536108806e-01
2.845151409142405718e-01
2.848317484922472942e-01
2.851107547384402197e-01
2.849918691136559823e-01
2.851195932219143248e-01
2.854340955886869313e-01
2.854974668583709074e-01
2.858377384470446314e-01
2.856194684075772372e-01
2.854881176011662691e-01
2.853586120757069522e-01
2.858451668207013796e-01
2.858832014056194026e-01
2.862942811756993278e-01
2.858904757539315611e-01
2.857974683746541400e-01
2.857239016422739586e-01
2.857420342034680538e-01
2.860683284722668196e-01
2.860683284722668196e-01
2.866284998934094941e-01
2.864442548911170783e-01
