1.000000000000000000e+00
9.323057067262279229e-01
6.370127496508534160e-01
4.719335873660611691e-01
3.832215165362213294e-01
1.621450757372880913e-01
7.668543831879340300e-02
1.025369967409483912e-01
1.820832780649905835e-02
1.855990802844802862e-02
4.464693011255473770e-02
4.328571049808616067e-02
2.350736454061341449e-02
4.696041218083193969e-02
4.306733760007416117e-02
2.593437113362917837e-02
4.909445333277833584e-02
4.654498034923325311e-02
2.593437113362917837e-02
4.577001422085185539e-02
4.187693964009406994e-02
2.204129655287140679e-02
2.204129655287140679e-02
3.875258433391920443e-02
2.393013137040924526e-02
2.393013137040924526e-02
3.716925434554523705e-02
2.393013137040924526e-02
2.393013137040924526e-02
3.716925434554523705e-02
2.995233353302482332e-02
2.393013137040924526e-02
3.411566708711868262e-02
3.411566708711868262e-02
2.393013137040924526e-02
2.995233353302482332e-02
2.995233353302482332e-02
2.809346492450309069e-02
3.329445662652184140e-02
3.411566708711868262e-02
2.809346492450309069e-02
2.896142878710092350e-02
3.326302267924487188e-02
2.809346492450309069e-02
2.809346492450309069e-02
3.326302267924487188e-02
2.809346492450309069e-02
2.809346492450309069e-02
3.326302267924487188e-02
2.896142878710092350e-02
2.809346492450309069e-02
3.244181221864803066e-02
3.244181221864803066e-02
2.809346492450309069e-02
3.244181221864803066e-02
3.244181221864803066e-02
2.809346492450309069e-02
3.244181221864803066e-02
3.244181221864803066e-02
2.809346492450309069e-02
2.896142878710092350e-02
3.244181221864803066e-02
3.157384835605020479e-02
3.157384835605020479e-02
3.244181221864803066e-02
3.157384835605020479e-02
3.157384835605020479e-02
3.244181221864803066e-02
3.157384835605020479e-02
3.157384835605020479e-02
3.244181221864803066e-02
3.244181221864803066e-02
3.157384835605020479e-02
3.244181221864803066e-02
3.244181221864803066e-02
3.157384835605020479e-02
3.244181221864803066e-02
3.244181221864803066e-02
3.157384835605020479e-02
3.244181221864803066e-02
3.244181221864803066e-02
3.157384835605020479e-02
3.157384835605020479e-02
3.244181221864803066e-02
3.157384835605020479e-02
3.157384835605020479e-02
3.244181221864803066e-02
3.157384835605020479e-02
3.157384835605020479e-02
3.244181221864803066e-02
3.157384835605020479e-02
3.157384835605020479e-02
3.244181221864803066e-02
3.244181221864803066e-02
3.157384835605020479e-02
3.244181221864803066e-02
3.244181221864803066e-02
3.157384835605020479e-02
3.244181221864803066e-02
3.244181221864803066e-02
3.157384835605020479e-02
3.157384835605020479e-02
3.244181221864803066e-02
3.157384835605020479e-02
3.157384835605020479e-02
3.244181221864803066e-02
3.157384835605020479e-02
3.157384835605020479e-02
3.244181221864803066e-02
3.157384835605020479e-02
3.157384835605020479e-02
3.244181221864803066e-02
3.244181221864803066e-02
3.157384835605020479e-02
3.244181221864803066e-02
3.244181221864803066e-02
3.157384835605020479e-02
3.244181221864803066e-02
3.244181221864803066e-02
3.157384835605020479e-02
3.244181221864803066e-02
3.244181221864803066e-02
3.157384835605020479e-02
3.157384835605020479e-02
3.244181221864803066e-02
3.157384835605020479e-02
3.157384835605020479e-02
3.244181221864803066e-02
3.157384835605020479e-02
3.157384835605020479e-02
3.244181221864803066e-02
3.244181221864803066e-02
3.244181221864803066e-02
3.244181221864803066e-02
3.244181221864803066e-02
3.244181221864803066e-02
3.244181221864803066e-02
3.244181221864803066e-02
3.244181221864803066e-02
3.244181221864803066e-02
3.244181221864803066e-02
3.244181221864803066e-02
3.244181221864803066e-02
3.244181221864803066e-02
3.244181221864803066e-02
3.244181221864803066e-02
3.244181221864803066e-02
3.244181221864803066e-02
3.244181221864803066e-02
3.244181221864803066e-02
3.244181221864803066e-02
3.244181221864803066e-02
3.244181221864803066e-02
3.244181221864803066e-02
3.244181221864803066e-02
3.244181221864803066e-02
3.244181221864803066e-02
3.244181221864803066e-02
3.244181221864803066e-02
3.244181221864803066e-02
3.244181221864803066e-02
3.244181221864803066e-02
3.244181221864803066e-02
3.244181221864803066e-02
3.244181221864803066e-02
3.244181221864803066e-02
3.244181221864803066e-02
3.244181221864803066e-02
3.244181221864803066e-02
3.244181221864803066e-02
3.244181221864803066e-02
3.244181221864803066e-02
3.244181221864803066e-02
3.244181221864803066e-02
3.244181221864803066e-02
3.244181221864803066e-02
3.244181221864803066e-02
3.244181221864803066e-02
3.244181221864803066e-02
3.244181221864803066e-02
3.244181221864803066e-02
3.244181221864803066e-02
3.244181221864803066e-02
3.244181221864803066e-02
3.244181221864803066e-02
3.244181221864803066e-02
3.244181221864803066e-02
3.244181221864803066e-02
3.244181221864803066e-02
3.244181221864803066e-02
3.244181221864803066e-02
3.244181221864803066e-02
3.244181221864803066e-02
3.244181221864803066e-02
3.244181221864803066e-02
3.244181221864803066e-02
3.244181221864803066e-02
3.244181221864803066e-02
3.244181221864803066e-02
3.244181221864803066e-02
3.244181221864803066e-02
3.244181221864803066e-02
3.244181221864803066e-02
3.244181221864803066e-02
3.244181221864803066e-02
3.244181221864803066e-02
3.244181221864803066e-02
3.244181221864803066e-02
3.244181221864803066e-02
3.244181221864803066e-02
3.244181221864803066e-02
3.244181221864803066e-02
3.244181221864803066e-02
3.244181221864803066e-02
3.244181221864803066e-02
3.244181221864803066e-02
3.244181221864803066e-02
3.244181221864803066e-02
3.244181221864803066e-02
3.244181221864803066e-02
3.244181221864803066e-02
3.244181221864803066e-02
3.244181221864803066e-02
3.244181221864803066e-02
3.244181221864803066e-02
3.244181221864803066e-02
3.244181221864803066e-02
3.244181221864803066e-02
3.244181221864803066e-02
3.244181221864803066e-02
3.244181221864803066e-02
3.244181221864803066e-02
3.244181221864803066e-02
3.244181221864803066e-02
3.244181221864803066e-02
3.244181221864803066e-02
3.244181221864803066e-02
3.244181221864803066e-02
3.244181221864803066e-02
3.244181221864803066e-02
3.244181221864803066e-02
3.244181221864803066e-02
3.244181221864803066e-02
3.244181221864803066e-02
3.244181221864803066e-02
3.244181221864803066e-02
3.244181221864803066e-02
3.244181221864803066e-02
3.244181221864803066e-02
3.244181221864803066e-02
