1.000000000000000000e+00
9.999239189059744293e-01
9.997916319238721039e-01
9.996503642996601435e-01
9.989424490353984165e-01
9.983489587699201362e-01
9.975764477555547627e-01
9.967368089427985911e-01
9.958207234888974968e-01
9.947794066820457859e-01
9.937494955319426948e-01
9.927225635138859916e-01
9.916464232527548717e-01
9.913661771586934623e-01
9.889761971543231667e-01
9.867084426145541487e-01
9.840862669492207448e-01
9.828125466938143484e-01
9.791640799326587485e-01
9.776146152651385979e-01
9.762350860705738542e-01
9.733214128888144634e-01
9.719780375373525683e-01
9.688199493906928250e-01
9.656376046208224873e-01
9.618285383501877783e-01
9.611286378928265428e-01
9.594426007987048033e-01
9.556523626363474522e-01
9.538975799749442874e-01
9.472928197274488316e-01
9.462192908656348322e-01
9.426095165761706474e-01
9.408982871519062652e-01
9.360830868865810395e-01
9.346126846563631574e-01
9.291173887753648719e-01
9.274016454862707981e-01
9.207839862329399994e-01
9.150387844410935445e-01
9.112556207494136862e-01
9.072437719527393085e-01
9.034247242333126593e-01
8.943958038916196562e-01
8.922274855129480597e-01
8.869424884956907951e-01
8.847259151015539613e-01
8.759218257851151268e-01
8.711709574452738414e-01
8.678558957293335263e-01
8.642125868368399910e-01
8.629550980726121701e-01
8.611768459103664730e-01
8.579787652804070630e-01
8.558500667792694472e-01
8.415882713607392152e-01
8.349666378485701701e-01
8.275020864173034951e-01
8.230568170158515384e-01
8.191110233207893332e-01
8.178648424354454383e-01
8.160918318291853213e-01
8.100520270699370640e-01
8.042861916420065427e-01
7.981726427612082508e-01
7.891611963525652085e-01
7.840212394485428504e-01
7.840212394485428504e-01
7.816796852958314279e-01
7.808963924718438365e-01
7.685534406305035704e-01
7.649283352259627078e-01
7.616505368903375706e-01
7.553168279599397072e-01
7.533001413387143685e-01
7.487454041946576266e-01
7.463666312737826658e-01
7.437368490610367644e-01
7.411758116401454544e-01
7.374513114821532600e-01
7.270828027505706892e-01
7.211758952493917407e-01
7.121347796907027128e-01
7.068717412538013667e-01
7.035184177463081889e-01
6.997525204266342724e-01
6.953873828994694417e-01
6.886033881164839165e-01
6.770417590015880283e-01
6.685074561956230177e-01
6.612059937051976144e-01
6.579816709993205892e-01
6.446213968677881878e-01
6.377839924526159665e-01
6.377839924526159665e-01
6.267571527864361780e-01
6.185082249707526403e-01
6.058743615895286760e-01
6.002895222929749419e-01
5.884442969061070006e-01
5.779655848998291878e-01
5.587606995110552255e-01
5.453779394655675627e-01
5.331808147030777656e-01
5.276368258342116757e-01
5.158192931224906408e-01
5.159402764104934480e-01
5.112658459952611478e-01
5.112658459952611478e-01
5.041764130581083414e-01
4.879330640605381575e-01
4.794627665489248902e-01
4.767057732057917718e-01
4.624710210697599577e-01
4.555745974197031312e-01
4.458931612013306567e-01
4.363650906264332496e-01
4.365573478591561751e-01
4.295196981414843851e-01
4.224357735298233107e-01
4.142438918249667368e-01
4.087045454903780461e-01
4.087045454903780461e-01
3.989404578884841457e-01
4.001514985279873704e-01
3.957360549307810671e-01
3.916454131733366761e-01
3.781675509399546886e-01
3.702963739270280774e-01
3.609749898483540220e-01
3.556054944030402898e-01
3.536396428388166591e-01
3.539737456578656016e-01
3.563333681104925987e-01
3.533517277730610640e-01
3.529252700217423433e-01
3.477383338515425137e-01
3.414256710000401762e-01
3.323565083178710577e-01
3.263248188593250720e-01
3.203558590929075911e-01
3.178554769246900724e-01
3.063565445771734286e-01
3.077972025037499226e-01
3.021536653864522748e-01
2.875001180409308965e-01
2.898310809857334025e-01
2.876639122024912121e-01
2.825623676325567657e-01
2.835078778774112185e-01
2.835078778774112185e-01
2.807745393451709370e-01
2.790661269436617853e-01
2.804198962831130904e-01
2.804198962831130904e-01
2.786880227479374139e-01
2.784161424415956820e-01
2.747736575937053116e-01
2.664331763433844258e-01
2.584115292241559447e-01
2.620999544944792037e-01
2.612685322672606558e-01
2.612685322672606558e-01
2.646632330061470251e-01
2.614867918378669942e-01
2.542983467900681860e-01
2.538622091168208361e-01
2.578213710199709352e-01
2.501261818160079309e-01
2.499848040836817331e-01
2.492437378473800480e-01
2.486381287045913158e-01
2.486381287045913158e-01
2.445720630317727851e-01
2.473501294162168407e-01
2.508258130562752153e-01
2.460332546470968551e-01
2.460332546470968551e-01
2.364034012447423783e-01
2.364034012447423783e-01
2.283400807828265822e-01
2.187430844583568568e-01
2.187430844583568568e-01
2.187430844583568568e-01
2.144480875539357123e-01
2.080294696338840787e-01
2.090448049372133354e-01
2.035749925918958481e-01
1.925762946059161040e-01
1.960355508011206727e-01
1.960355508011206727e-01
1.960355508011206727e-01
1.827105537662174206e-01
1.833983369270044961e-01
1.833983369270044961e-01
1.813545788202532427e-01
1.813545788202532427e-01
1.813545788202532427e-01
1.813545788202532427e-01
1.964966098804943329e-01
1.964966098804943329e-01
1.924377002477132281e-01
1.861130361485476281e-01
1.858902123705021836e-01
1.858902123705021836e-01
1.790697276827357132e-01
1.747461186554282453e-01
1.742213643003343304e-01
1.746676418899669181e-01
1.746676418899669181e-01
1.771591973907760964e-01
1.580141923061760545e-01
1.540554851556661387e-01
1.540554851556661387e-01
1.540554851556661387e-01
1.484155596512476971e-01
1.517337669277703249e-01
1.517337669277703249e-01
1.517337669277703249e-01
1.521129968155762180e-01
1.542871872002645195e-01
1.542871872002645195e-01
1.522746666461639586e-01
1.549783307118255404e-01
1.444846009713244006e-01
1.433234951198119611e-01
1.424990085694592401e-01
1.424990085694592401e-01
1.361625403075938379e-01
1.361625403075938379e-01
1.423325696618520653e-01
1.449280612488871578e-01
1.407753755034857057e-01
1.338271102415700131e-01
1.338271102415700131e-01
1.338271102415700131e-01
1.338271102415700131e-01
1.338271102415700131e-01
1.338271102415700131e-01
1.338271102415700131e-01
1.338271102415700131e-01
1.274844526568774672e-01
1.274844526568774672e-01
1.209365396594247327e-01
1.224115539645313500e-01
1.224115539645313500e-01
1.224115539645313500e-01
1.224115539645313500e-01
1.224115539645313500e-01
1.224115539645313500e-01
1.219007763456454868e-01
1.250441430149044630e-01
1.250441430149044630e-01
1.250441430149044630e-01
1.250441430149044630e-01
1.296802641746498674e-01
1.296802641746498674e-01
1.296802641746498674e-01
1.305966189968978952e-01
1.305966189968978952e-01
1.313376852331996081e-01
1.313376852331996081e-01
1.313376852331996081e-01
1.313376852331996081e-01
1.313376852331996081e-01
1.313376852331996081e-01
1.313376852331996081e-01
1.313376852331996081e-01
1.313376852331996081e-01
1.313376852331996081e-01
1.299793024792554874e-01
1.299793024792554874e-01
1.304436673547860470e-01
1.352930551327383990e-01
1.352930551327383990e-01
1.352930551327383990e-01
1.325893910670767895e-01
1.325893910670767895e-01
1.325893910670767895e-01
1.325771539556181711e-01
1.325771539556181711e-01
1.325771539556181711e-01
1.325771539556181711e-01
1.325771539556181711e-01
1.325771539556181711e-01
1.414998344957233423e-01
1.414998344957233423e-01
1.423447115690485154e-01
1.423447115690485154e-01
1.423447115690485154e-01
1.423447115690485154e-01
1.423447115690485154e-01
1.423447115690485154e-01
1.423447115690485154e-01
1.423447115690485154e-01
1.470794915428952354e-01
1.445229179110451845e-01
1.445229179110451845e-01
1.428499727642397465e-01
1.428499727642397465e-01
1.405835351941731870e-01
1.405835351941731870e-01
1.405835351941731870e-01
1.405835351941731870e-01
1.389071123755280246e-01
1.389071123755280246e-01
1.354761982473193793e-01
1.354761982473193793e-01
1.354761982473193793e-01
1.354761982473193793e-01
1.354761982473193793e-01
1.354761982473193793e-01
1.359869758662052563e-01
1.380307339729565097e-01
1.380307339729565097e-01
1.380307339729565097e-01
1.380307339729565097e-01
1.419985252964372224e-01
1.419985252964372224e-01
1.409139220258920633e-01
1.409139220258920633e-01
1.409139220258920633e-01
1.382816068480116067e-01
1.382816068480116067e-01
1.382816068480116067e-01
1.382816068480116067e-01
1.382816068480116067e-01
1.382816068480116067e-01
1.382816068480116067e-01
1.382816068480116067e-01
1.382816068480116067e-01
1.382816068480116067e-01
1.382816068480116067e-01
1.382816068480116067e-01
1.348154730173692362e-01
1.348154730173692362e-01
1.348154730173692362e-01
1.348154730173692362e-01
1.368277688207710507e-01
1.368277688207710507e-01
1.368277688207710507e-01
1.368277688207710507e-01
1.368277688207710507e-01
1.343362133199618724e-01
1.343362133199618724e-01
1.343362133199618724e-01
1.427759688288165185e-01
1.413009545237098874e-01
1.413009545237098874e-01
1.413009545237098874e-01
1.381575878544508973e-01
1.381575878544508973e-01
1.387826566047361265e-01
1.387826566047361265e-01
1.387826566047361265e-01
1.387826566047361265e-01
1.387826566047361265e-01
1.387826566047361265e-01
1.387826566047361265e-01
1.387826566047361265e-01
1.387826566047361265e-01
1.387826566047361265e-01
1.387826566047361265e-01
1.387826566047361265e-01
1.387826566047361265e-01
1.387826566047361265e-01
1.387826566047361265e-01
1.387826566047361265e-01
1.387826566047361265e-01
1.387826566047361265e-01
1.387826566047361265e-01
1.387826566047361265e-01
1.387826566047361265e-01
1.387826566047361265e-01
1.387826566047361265e-01
1.387826566047361265e-01
1.387826566047361265e-01
1.387826566047361265e-01
1.387826566047361265e-01
1.387826566047361265e-01
1.387826566047361265e-01
1.387826566047361265e-01
1.387826566047361265e-01
1.387826566047361265e-01
1.387826566047361265e-01
1.367703608013343397e-01
1.402012749295429850e-01
1.402012749295429850e-01
1.402012749295429850e-01
1.402012749295429850e-01
1.402012749295429850e-01
1.402012749295429850e-01
1.402012749295429850e-01
1.470298510572897732e-01
1.470298510572897732e-01
1.533725086419823191e-01
1.533725086419823191e-01
1.533725086419823191e-01
1.533725086419823191e-01
1.533725086419823191e-01
1.533725086419823191e-01
1.533725086419823191e-01
1.533725086419823191e-01
1.533725086419823191e-01
1.533725086419823191e-01
1.521010298228270274e-01
1.521010298228270274e-01
1.543674673928936147e-01
1.543674673928936147e-01
1.543674673928936147e-01
1.543674673928936147e-01
1.543674673928936147e-01
1.543674673928936147e-01
1.543674673928936147e-01
1.543674673928936147e-01
1.543674673928936147e-01
1.554520706634387739e-01
1.554520706634387739e-01
1.554520706634387739e-01
1.554520706634387739e-01
1.554520706634387739e-01
1.554520706634387739e-01
1.554520706634387739e-01
1.646913419987220684e-01
1.600096297141953283e-01
1.600096297141953283e-01
1.600096297141953283e-01
1.600096297141953283e-01
1.556270334593867211e-01
1.556270334593867211e-01
1.556270334593867211e-01
1.556270334593867211e-01
1.556270334593867211e-01
1.556270334593867211e-01
1.556270334593867211e-01
1.556270334593867211e-01
1.556270334593867211e-01
1.556270334593867211e-01
1.556270334593867211e-01
1.556270334593867211e-01
1.556270334593867211e-01
1.556270334593867211e-01
1.556270334593867211e-01
1.556270334593867211e-01
1.556270334593867211e-01
1.556270334593867211e-01
1.556270334593867211e-01
1.515698742053406545e-01
1.515698742053406545e-01
1.515698742053406545e-01
1.515698742053406545e-01
1.515698742053406545e-01
1.515698742053406545e-01
1.515698742053406545e-01
1.515698742053406545e-01
1.515698742053406545e-01
1.515698742053406545e-01
1.515698742053406545e-01
1.515698742053406545e-01
1.515698742053406545e-01
1.515698742053406545e-01
1.515698742053406545e-01
1.515698742053406545e-01
1.515698742053406545e-01
1.515698742053406545e-01
1.515698742053406545e-01
1.515698742053406545e-01
1.515698742053406545e-01
1.515698742053406545e-01
1.515698742053406545e-01
1.515698742053406545e-01
1.515698742053406545e-01
1.515698742053406545e-01
1.515698742053406545e-01
1.515698742053406545e-01
1.515698742053406545e-01
1.532000632498292103e-01
1.532000632498292103e-01
1.532000632498292103e-01
1.532000632498292103e-01
1.532000632498292103e-01
1.532000632498292103e-01
1.495148537913413567e-01
1.495148537913413567e-01
1.495148537913413567e-01
1.495148537913413567e-01
1.495148537913413567e-01
1.495148537913413567e-01
1.495148537913413567e-01
1.495148537913413567e-01
1.495148537913413567e-01
1.495148537913413567e-01
1.495148537913413567e-01
1.495148537913413567e-01
1.495148537913413567e-01
1.495148537913413567e-01
1.495148537913413567e-01
1.495148537913413567e-01
1.495148537913413567e-01
1.495148537913413567e-01
1.495148537913413567e-01
1.495148537913413567e-01
1.495148537913413567e-01
1.495148537913413567e-01
1.460839396631327114e-01
1.460839396631327114e-01
1.460839396631327114e-01
1.460839396631327114e-01
1.460839396631327114e-01
1.460839396631327114e-01
1.460839396631327114e-01
1.460839396631327114e-01
1.460839396631327114e-01
1.460839396631327114e-01
1.449993363925875245e-01
1.449993363925875245e-01
1.449993363925875245e-01
1.449993363925875245e-01
1.449993363925875245e-01
1.449993363925875245e-01
1.449993363925875245e-01
1.449993363925875245e-01
1.449993363925875245e-01
1.449993363925875245e-01
1.449993363925875245e-01
1.449993363925875245e-01
1.449993363925875245e-01
1.449993363925875245e-01
1.449993363925875245e-01
1.449993363925875245e-01
1.449993363925875245e-01
1.449993363925875245e-01
1.449993363925875245e-01
1.449993363925875245e-01
1.449993363925875245e-01
1.449993363925875245e-01
1.449993363925875245e-01
1.449993363925875245e-01
1.449993363925875245e-01
1.493819326473961318e-01
1.493819326473961318e-01
1.493819326473961318e-01
1.493819326473961318e-01
1.493819326473961318e-01
1.493819326473961318e-01
1.493819326473961318e-01
1.493819326473961318e-01
1.493819326473961318e-01
1.493819326473961318e-01
1.493819326473961318e-01
1.493819326473961318e-01
1.493819326473961318e-01
1.493819326473961318e-01
1.493819326473961318e-01
1.493819326473961318e-01
1.493819326473961318e-01
1.471154950773295722e-01
1.471154950773295722e-01
1.471154950773295722e-01
1.471154950773295722e-01
1.471154950773295722e-01
1.471154950773295722e-01
1.471154950773295722e-01
1.471154950773295722e-01
1.471154950773295722e-01
1.471154950773295722e-01
1.439721284080705821e-01
1.439721284080705821e-01
1.439721284080705821e-01
1.439721284080705821e-01
1.439721284080705821e-01
1.439721284080705821e-01
1.439721284080705821e-01
1.439721284080705821e-01
1.439721284080705821e-01
1.439721284080705821e-01
1.439721284080705821e-01
1.508007045358173981e-01
1.508007045358173981e-01
1.508007045358173981e-01
1.508007045358173981e-01
1.508007045358173981e-01
1.542316186640260434e-01
1.542316186640260434e-01
1.542316186640260434e-01
1.542316186640260434e-01
1.542316186640260434e-01
1.542316186640260434e-01
1.542316186640260434e-01
1.542316186640260434e-01
1.542316186640260434e-01
1.542316186640260434e-01
1.542316186640260434e-01
1.542316186640260434e-01
1.542316186640260434e-01
1.542316186640260434e-01
1.542316186640260434e-01
1.542316186640260434e-01
1.542316186640260434e-01
1.542316186640260434e-01
1.542316186640260434e-01
1.542316186640260434e-01
1.542316186640260434e-01
1.542316186640260434e-01
1.542316186640260434e-01
1.542316186640260434e-01
1.542316186640260434e-01
1.542316186640260434e-01
1.542316186640260434e-01
1.542316186640260434e-01
1.542316186640260434e-01
1.542316186640260434e-01
1.542316186640260434e-01
1.542316186640260434e-01
1.542316186640260434e-01
1.542316186640260434e-01
1.542316186640260434e-01
1.553162219345712580e-01
1.553162219345712580e-01
1.553162219345712580e-01
1.553162219345712580e-01
1.553162219345712580e-01
1.553162219345712580e-01
1.553162219345712580e-01
1.553162219345712580e-01
1.553162219345712580e-01
1.553162219345712580e-01
1.553162219345712580e-01
1.553162219345712580e-01
1.553162219345712580e-01
1.553162219345712580e-01
1.553162219345712580e-01
1.509336256797626508e-01
1.509336256797626508e-01
1.509336256797626508e-01
1.509336256797626508e-01
1.509336256797626508e-01
1.509336256797626508e-01
1.509336256797626508e-01
1.509336256797626508e-01
1.509336256797626508e-01
1.509336256797626508e-01
1.509336256797626508e-01
1.509336256797626508e-01
1.509336256797626508e-01
1.509336256797626508e-01
1.509336256797626508e-01
1.509336256797626508e-01
1.509336256797626508e-01
1.509336256797626508e-01
1.509336256797626508e-01
1.509336256797626508e-01
1.509336256797626508e-01
1.509336256797626508e-01
1.509336256797626508e-01
1.509336256797626508e-01
1.509336256797626508e-01
1.509336256797626508e-01
1.509336256797626508e-01
1.509336256797626508e-01
1.509336256797626508e-01
1.509336256797626508e-01
1.509336256797626508e-01
1.509336256797626508e-01
1.509336256797626508e-01
1.509336256797626508e-01
1.509336256797626508e-01
1.509336256797626508e-01
1.509336256797626508e-01
1.509336256797626508e-01
1.509336256797626508e-01
1.532000632498292103e-01
1.532000632498292103e-01
1.532000632498292103e-01
1.532000632498292103e-01
1.532000632498292103e-01
1.532000632498292103e-01
1.532000632498292103e-01
1.532000632498292103e-01
1.532000632498292103e-01
1.463714871220823943e-01
1.463714871220823943e-01
1.463714871220823943e-01
1.463714871220823943e-01
1.463714871220823943e-01
1.463714871220823943e-01
1.463714871220823943e-01
1.463714871220823943e-01
1.463714871220823943e-01
1.463714871220823943e-01
1.463714871220823943e-01
1.463714871220823943e-01
1.463714871220823943e-01
1.463714871220823943e-01
1.463714871220823943e-01
1.463714871220823943e-01
1.463714871220823943e-01
1.463714871220823943e-01
1.463714871220823943e-01
1.463714871220823943e-01
1.463714871220823943e-01
1.463714871220823943e-01
1.429405729938737490e-01
1.429405729938737490e-01
1.429405729938737490e-01
1.429405729938737490e-01
1.429405729938737490e-01
1.429405729938737490e-01
1.429405729938737490e-01
1.429405729938737490e-01
1.429405729938737490e-01
1.429405729938737490e-01
1.429405729938737490e-01
1.429405729938737490e-01
1.429405729938737490e-01
1.429405729938737490e-01
1.429405729938737490e-01
1.429405729938737490e-01
1.429405729938737490e-01
1.429405729938737490e-01
1.429405729938737490e-01
1.429405729938737490e-01
1.429405729938737490e-01
1.429405729938737490e-01
1.429405729938737490e-01
1.429405729938737490e-01
1.429405729938737490e-01
1.418559697233285621e-01
1.418559697233285621e-01
1.418559697233285621e-01
1.418559697233285621e-01
1.418559697233285621e-01
1.418559697233285621e-01
1.418559697233285621e-01
1.418559697233285621e-01
1.418559697233285621e-01
1.418559697233285621e-01
1.418559697233285621e-01
1.418559697233285621e-01
1.418559697233285621e-01
1.418559697233285621e-01
1.418559697233285621e-01
1.418559697233285621e-01
1.418559697233285621e-01
1.418559697233285621e-01
1.418559697233285621e-01
1.418559697233285621e-01
1.418559697233285621e-01
1.418559697233285621e-01
1.418559697233285621e-01
1.452868838515371797e-01
1.452868838515371797e-01
1.452868838515371797e-01
1.496694801063457869e-01
1.496694801063457869e-01
1.496694801063457869e-01
1.496694801063457869e-01
1.496694801063457869e-01
1.496694801063457869e-01
1.496694801063457869e-01
1.496694801063457869e-01
1.496694801063457869e-01
1.496694801063457869e-01
1.496694801063457869e-01
1.496694801063457869e-01
1.496694801063457869e-01
1.496694801063457869e-01
1.496694801063457869e-01
1.496694801063457869e-01
1.496694801063457869e-01
1.496694801063457869e-01
1.496694801063457869e-01
1.496694801063457869e-01
1.496694801063457869e-01
1.496694801063457869e-01
1.496694801063457869e-01
1.496694801063457869e-01
1.496694801063457869e-01
1.496694801063457869e-01
1.496694801063457869e-01
1.496694801063457869e-01
1.496694801063457869e-01
1.496694801063457869e-01
1.564980562340926029e-01
1.564980562340926029e-01
1.564980562340926029e-01
1.564980562340926029e-01
1.564980562340926029e-01
1.564980562340926029e-01
1.564980562340926029e-01
1.564980562340926029e-01
1.564980562340926029e-01
1.542316186640260434e-01
1.542316186640260434e-01
1.542316186640260434e-01
1.542316186640260434e-01
1.542316186640260434e-01
1.542316186640260434e-01
1.542316186640260434e-01
1.542316186640260434e-01
1.542316186640260434e-01
1.542316186640260434e-01
1.542316186640260434e-01
1.542316186640260434e-01
1.542316186640260434e-01
1.542316186640260434e-01
1.542316186640260434e-01
1.542316186640260434e-01
1.542316186640260434e-01
1.542316186640260434e-01
1.542316186640260434e-01
1.542316186640260434e-01
1.542316186640260434e-01
1.542316186640260434e-01
1.542316186640260434e-01
1.542316186640260434e-01
1.542316186640260434e-01
1.542316186640260434e-01
1.542316186640260434e-01
1.542316186640260434e-01
1.542316186640260434e-01
1.542316186640260434e-01
1.542316186640260434e-01
1.542316186640260434e-01
1.542316186640260434e-01
1.542316186640260434e-01
1.542316186640260434e-01
1.542316186640260434e-01
1.553162219345712580e-01
1.553162219345712580e-01
1.553162219345712580e-01
1.553162219345712580e-01
1.553162219345712580e-01
1.553162219345712580e-01
1.553162219345712580e-01
1.553162219345712580e-01
1.509336256797626508e-01
1.509336256797626508e-01
1.509336256797626508e-01
1.509336256797626508e-01
1.509336256797626508e-01
1.509336256797626508e-01
1.509336256797626508e-01
1.509336256797626508e-01
1.509336256797626508e-01
1.509336256797626508e-01
1.509336256797626508e-01
1.509336256797626508e-01
1.509336256797626508e-01
1.509336256797626508e-01
1.509336256797626508e-01
1.509336256797626508e-01
1.509336256797626508e-01
1.509336256797626508e-01
1.509336256797626508e-01
1.509336256797626508e-01
1.509336256797626508e-01
1.509336256797626508e-01
1.509336256797626508e-01
1.509336256797626508e-01
1.509336256797626508e-01
1.509336256797626508e-01
1.509336256797626508e-01
1.509336256797626508e-01
1.509336256797626508e-01
1.509336256797626508e-01
1.509336256797626508e-01
1.509336256797626508e-01
1.509336256797626508e-01
1.509336256797626508e-01
1.509336256797626508e-01
1.509336256797626508e-01
1.509336256797626508e-01
1.509336256797626508e-01
1.509336256797626508e-01
1.509336256797626508e-01
1.509336256797626508e-01
1.509336256797626508e-01
1.509336256797626508e-01
1.509336256797626508e-01
1.509336256797626508e-01
1.509336256797626508e-01
1.509336256797626508e-01
1.509336256797626508e-01
1.509336256797626508e-01
1.441050495520158348e-01
1.441050495520158348e-01
1.441050495520158348e-01
1.441050495520158348e-01
1.441050495520158348e-01
1.441050495520158348e-01
1.441050495520158348e-01
1.406741354238071895e-01
1.406741354238071895e-01
1.406741354238071895e-01
1.406741354238071895e-01
1.406741354238071895e-01
1.406741354238071895e-01
1.406741354238071895e-01
1.406741354238071895e-01
1.406741354238071895e-01
1.406741354238071895e-01
1.406741354238071895e-01
1.406741354238071895e-01
1.406741354238071895e-01
1.406741354238071895e-01
1.406741354238071895e-01
1.406741354238071895e-01
1.406741354238071895e-01
1.406741354238071895e-01
1.406741354238071895e-01
1.406741354238071895e-01
1.406741354238071895e-01
1.406741354238071895e-01
1.406741354238071895e-01
1.406741354238071895e-01
1.406741354238071895e-01
1.406741354238071895e-01
1.406741354238071895e-01
1.406741354238071895e-01
1.406741354238071895e-01
1.406741354238071895e-01
1.406741354238071895e-01
1.406741354238071895e-01
1.406741354238071895e-01
1.406741354238071895e-01
1.406741354238071895e-01
1.406741354238071895e-01
1.406741354238071895e-01
1.406741354238071895e-01
1.406741354238071895e-01
1.406741354238071895e-01
1.395895321532620026e-01
1.395895321532620026e-01
1.395895321532620026e-01
1.395895321532620026e-01
1.395895321532620026e-01
1.395895321532620026e-01
1.395895321532620026e-01
1.395895321532620026e-01
1.395895321532620026e-01
1.395895321532620026e-01
1.395895321532620026e-01
1.395895321532620026e-01
1.395895321532620026e-01
1.395895321532620026e-01
1.395895321532620026e-01
1.395895321532620026e-01
1.395895321532620026e-01
1.395895321532620026e-01
1.395895321532620026e-01
1.395895321532620026e-01
1.395895321532620026e-01
1.395895321532620026e-01
1.395895321532620026e-01
1.395895321532620026e-01
1.395895321532620026e-01
1.395895321532620026e-01
1.395895321532620026e-01
1.430204462814706201e-01
1.430204462814706201e-01
1.430204462814706201e-01
1.430204462814706201e-01
1.474030425362792274e-01
1.474030425362792274e-01
1.474030425362792274e-01
1.474030425362792274e-01
1.474030425362792274e-01
1.474030425362792274e-01
1.474030425362792274e-01
1.474030425362792274e-01
1.474030425362792274e-01
1.474030425362792274e-01
1.474030425362792274e-01
1.474030425362792274e-01
1.474030425362792274e-01
1.474030425362792274e-01
1.474030425362792274e-01
1.474030425362792274e-01
1.474030425362792274e-01
1.474030425362792274e-01
1.474030425362792274e-01
1.474030425362792274e-01
1.474030425362792274e-01
1.474030425362792274e-01
1.474030425362792274e-01
1.474030425362792274e-01
1.474030425362792274e-01
1.474030425362792274e-01
1.474030425362792274e-01
1.474030425362792274e-01
1.474030425362792274e-01
1.474030425362792274e-01
1.474030425362792274e-01
1.474030425362792274e-01
1.474030425362792274e-01
1.474030425362792274e-01
1.474030425362792274e-01
1.474030425362792274e-01
1.474030425362792274e-01
1.474030425362792274e-01
1.474030425362792274e-01
1.474030425362792274e-01
1.474030425362792274e-01
1.474030425362792274e-01
1.474030425362792274e-01
1.474030425362792274e-01
1.474030425362792274e-01
1.474030425362792274e-01
1.474030425362792274e-01
1.474030425362792274e-01
1.474030425362792274e-01
1.474030425362792274e-01
1.474030425362792274e-01
1.474030425362792274e-01
1.474030425362792274e-01
1.474030425362792274e-01
1.474030425362792274e-01
1.474030425362792274e-01
1.474030425362792274e-01
1.474030425362792274e-01
1.474030425362792274e-01
1.474030425362792274e-01
1.474030425362792274e-01
1.474030425362792274e-01
1.474030425362792274e-01
1.474030425362792274e-01
1.474030425362792274e-01
1.474030425362792274e-01
1.474030425362792274e-01
1.474030425362792274e-01
1.474030425362792274e-01
1.474030425362792274e-01
1.474030425362792274e-01
1.484876458068244420e-01
1.484876458068244420e-01
1.484876458068244420e-01
1.484876458068244420e-01
1.484876458068244420e-01
1.484876458068244420e-01
1.484876458068244420e-01
1.484876458068244420e-01
1.484876458068244420e-01
1.484876458068244420e-01
1.441050495520158348e-01
1.441050495520158348e-01
1.441050495520158348e-01
1.441050495520158348e-01
1.441050495520158348e-01
1.441050495520158348e-01
1.441050495520158348e-01
1.441050495520158348e-01
1.441050495520158348e-01
1.441050495520158348e-01
1.441050495520158348e-01
1.441050495520158348e-01
1.441050495520158348e-01
1.441050495520158348e-01
1.441050495520158348e-01
1.441050495520158348e-01
1.441050495520158348e-01
1.441050495520158348e-01
1.441050495520158348e-01
1.441050495520158348e-01
1.441050495520158348e-01
1.441050495520158348e-01
1.441050495520158348e-01
1.441050495520158348e-01
1.441050495520158348e-01
1.441050495520158348e-01
1.441050495520158348e-01
1.441050495520158348e-01
1.441050495520158348e-01
1.441050495520158348e-01
1.441050495520158348e-01
1.441050495520158348e-01
1.441050495520158348e-01
1.441050495520158348e-01
1.441050495520158348e-01
1.441050495520158348e-01
1.441050495520158348e-01
1.441050495520158348e-01
1.441050495520158348e-01
1.441050495520158348e-01
1.441050495520158348e-01
1.406741354238071895e-01
1.406741354238071895e-01
1.406741354238071895e-01
1.406741354238071895e-01
1.406741354238071895e-01
1.406741354238071895e-01
1.406741354238071895e-01
1.406741354238071895e-01
1.406741354238071895e-01
1.406741354238071895e-01
1.406741354238071895e-01
1.406741354238071895e-01
1.406741354238071895e-01
1.406741354238071895e-01
1.406741354238071895e-01
1.406741354238071895e-01
1.406741354238071895e-01
1.406741354238071895e-01
1.406741354238071895e-01
1.406741354238071895e-01
1.406741354238071895e-01
1.406741354238071895e-01
1.406741354238071895e-01
1.406741354238071895e-01
1.406741354238071895e-01
1.406741354238071895e-01
1.406741354238071895e-01
1.406741354238071895e-01
1.406741354238071895e-01
1.406741354238071895e-01
1.406741354238071895e-01
1.406741354238071895e-01
1.406741354238071895e-01
1.406741354238071895e-01
1.406741354238071895e-01
1.406741354238071895e-01
1.406741354238071895e-01
1.406741354238071895e-01
1.406741354238071895e-01
1.406741354238071895e-01
1.406741354238071895e-01
1.406741354238071895e-01
1.406741354238071895e-01
1.406741354238071895e-01
1.406741354238071895e-01
1.406741354238071895e-01
1.406741354238071895e-01
1.406741354238071895e-01
1.406741354238071895e-01
1.406741354238071895e-01
1.406741354238071895e-01
1.406741354238071895e-01
1.406741354238071895e-01
1.406741354238071895e-01
1.406741354238071895e-01
1.395895321532620026e-01
1.395895321532620026e-01
1.395895321532620026e-01
1.395895321532620026e-01
1.395895321532620026e-01
1.395895321532620026e-01
1.395895321532620026e-01
1.395895321532620026e-01
1.395895321532620026e-01
1.395895321532620026e-01
1.395895321532620026e-01
1.395895321532620026e-01
1.395895321532620026e-01
1.395895321532620026e-01
1.395895321532620026e-01
1.395895321532620026e-01
1.395895321532620026e-01
1.395895321532620026e-01
1.395895321532620026e-01
1.395895321532620026e-01
1.395895321532620026e-01
1.395895321532620026e-01
1.395895321532620026e-01
1.395895321532620026e-01
1.439721284080705821e-01
1.439721284080705821e-01
1.439721284080705821e-01
1.439721284080705821e-01
1.439721284080705821e-01
1.439721284080705821e-01
1.439721284080705821e-01
1.439721284080705821e-01
1.439721284080705821e-01
1.439721284080705821e-01
1.439721284080705821e-01
1.439721284080705821e-01
1.439721284080705821e-01
1.439721284080705821e-01
1.439721284080705821e-01
1.474030425362792274e-01
1.474030425362792274e-01
1.474030425362792274e-01
1.474030425362792274e-01
1.474030425362792274e-01
1.474030425362792274e-01
1.474030425362792274e-01
1.474030425362792274e-01
1.474030425362792274e-01
1.474030425362792274e-01
1.474030425362792274e-01
1.474030425362792274e-01
1.474030425362792274e-01
1.474030425362792274e-01
1.474030425362792274e-01
1.474030425362792274e-01
1.474030425362792274e-01
1.474030425362792274e-01
1.474030425362792274e-01
1.474030425362792274e-01
1.474030425362792274e-01
1.474030425362792274e-01
1.474030425362792274e-01
1.474030425362792274e-01
1.474030425362792274e-01
1.474030425362792274e-01
1.474030425362792274e-01
1.474030425362792274e-01
1.474030425362792274e-01
1.474030425362792274e-01
1.474030425362792274e-01
1.474030425362792274e-01
1.474030425362792274e-01
1.474030425362792274e-01
1.474030425362792274e-01
1.474030425362792274e-01
1.474030425362792274e-01
1.474030425362792274e-01
1.474030425362792274e-01
1.474030425362792274e-01
1.474030425362792274e-01
1.474030425362792274e-01
1.474030425362792274e-01
1.474030425362792274e-01
1.474030425362792274e-01
1.474030425362792274e-01
1.474030425362792274e-01
1.474030425362792274e-01
1.474030425362792274e-01
1.474030425362792274e-01
1.474030425362792274e-01
1.474030425362792274e-01
1.474030425362792274e-01
1.474030425362792274e-01
1.474030425362792274e-01
1.474030425362792274e-01
1.474030425362792274e-01
1.474030425362792274e-01
1.474030425362792274e-01
1.474030425362792274e-01
1.474030425362792274e-01
1.474030425362792274e-01
1.474030425362792274e-01
1.474030425362792274e-01
1.474030425362792274e-01
1.484876458068244420e-01
1.484876458068244420e-01
1.484876458068244420e-01
1.484876458068244420e-01
1.484876458068244420e-01
1.484876458068244420e-01
