1.000000000000000000e+00
9.989064363243630451e-01
9.970412260003951310e-01
9.939672109501205277e-01
9.863824220199176596e-01
9.819038952878285098e-01
9.763857771354332860e-01
9.729680748747944197e-01
9.695043778708509752e-01
9.661148453088985733e-01
9.622846672084713893e-01
9.590637349743376117e-01
9.565118042522527952e-01
9.553481756229671440e-01
9.530022366676528245e-01
9.549183524381517074e-01
9.549183524381517074e-01
9.530852657119791571e-01
9.530852657119791571e-01
9.520831931298098239e-01
9.520831931298098239e-01
9.523805958043233266e-01
9.523805958043233266e-01
9.523805958043233266e-01
9.523805958043233266e-01
9.523805958043233266e-01
9.523805958043233266e-01
9.523805958043233266e-01
9.523805958043233266e-01
9.523805958043233266e-01
9.519415965821793613e-01
9.519415965821793613e-01
9.533184553032321151e-01
9.533184553032321151e-01
9.533184553032321151e-01
9.533184553032321151e-01
9.533184553032321151e-01
9.533184553032321151e-01
9.533184553032321151e-01
9.533184553032321151e-01
9.533184553032321151e-01
9.533184553032321151e-01
9.520279305336742937e-01
9.520279305336742937e-01
9.520279305336742937e-01
9.520279305336742937e-01
9.520279305336742937e-01
9.520279305336742937e-01
9.520279305336742937e-01
9.520279305336742937e-01
9.520279305336742937e-01
9.520279305336742937e-01
9.520279305336742937e-01
9.520279305336742937e-01
9.520279305336742937e-01
9.520279305336742937e-01
9.520279305336742937e-01
9.520279305336742937e-01
9.520279305336742937e-01
9.520279305336742937e-01
9.520279305336742937e-01
9.520279305336742937e-01
9.520279305336742937e-01
9.520279305336742937e-01
9.520279305336742937e-01
9.520279305336742937e-01
9.520279305336742937e-01
9.520279305336742937e-01
9.520279305336742937e-01
9.520279305336742937e-01
9.520279305336742937e-01
9.520279305336742937e-01
9.520279305336742937e-01
9.520279305336742937e-01
9.520279305336742937e-01
9.520279305336742937e-01
9.520279305336742937e-01
9.520279305336742937e-01
9.520279305336742937e-01
9.520279305336742937e-01
9.520279305336742937e-01
9.520279305336742937e-01
9.520279305336742937e-01
9.520279305336742937e-01
9.520279305336742937e-01
9.520279305336742937e-01
9.520279305336742937e-01
9.520279305336742937e-01
9.520279305336742937e-01
9.520279305336742937e-01
9.520279305336742937e-01
9.520279305336742937e-01
9.520279305336742937e-01
9.520279305336742937e-01
9.520279305336742937e-01
9.520279305336742937e-01
9.520279305336742937e-01
9.520279305336742937e-01
9.520279305336742937e-01
9.520279305336742937e-01
9.520279305336742937e-01
9.520279305336742937e-01
9.520279305336742937e-01
9.520279305336742937e-01
9.520279305336742937e-01
9.520279305336742937e-01
9.520279305336742937e-01
9.520279305336742937e-01
9.520279305336742937e-01
9.520279305336742937e-01
9.520279305336742937e-01
9.520279305336742937e-01
9.520279305336742937e-01
9.520279305336742937e-01
9.520279305336742937e-01
9.520279305336742937e-01
9.520279305336742937e-01
9.520279305336742937e-01
9.520279305336742937e-01
9.520279305336742937e-01
9.520279305336742937e-01
9.520279305336742937e-01
9.520279305336742937e-01
9.520279305336742937e-01
9.520279305336742937e-01
9.520279305336742937e-01
9.520279305336742937e-01
9.520279305336742937e-01
9.520279305336742937e-01
9.520279305336742937e-01
9.520279305336742937e-01
9.520279305336742937e-01
9.520279305336742937e-01
9.520279305336742937e-01
9.520279305336742937e-01
9.520279305336742937e-01
9.520279305336742937e-01
9.520279305336742937e-01
9.520279305336742937e-01
9.520279305336742937e-01
9.520279305336742937e-01
9.520279305336742937e-01
9.520279305336742937e-01
9.520279305336742937e-01
9.520279305336742937e-01
9.520279305336742937e-01
9.520279305336742937e-01
9.520279305336742937e-01
9.520279305336742937e-01
9.520279305336742937e-01
9.520279305336742937e-01
9.520279305336742937e-01
9.520279305336742937e-01
9.520279305336742937e-01
9.520279305336742937e-01
9.520279305336742937e-01
9.520279305336742937e-01
9.520279305336742937e-01
9.520279305336742937e-01
9.520279305336742937e-01
9.520279305336742937e-01
9.520279305336742937e-01
9.520279305336742937e-01
9.520279305336742937e-01
9.520279305336742937e-01
9.520279305336742937e-01
9.520279305336742937e-01
9.520279305336742937e-01
9.520279305336742937e-01
9.520279305336742937e-01
9.520279305336742937e-01
9.520279305336742937e-01
9.520279305336742937e-01
9.520279305336742937e-01
9.520279305336742937e-01
9.520279305336742937e-01
9.520279305336742937e-01
9.520279305336742937e-01
9.520279305336742937e-01
9.520279305336742937e-01
9.520279305336742937e-01
9.520279305336742937e-01
9.520279305336742937e-01
9.520279305336742937e-01
9.520279305336742937e-01
9.520279305336742937e-01
9.520279305336742937e-01
9.520279305336742937e-01
9.520279305336742937e-01
9.520279305336742937e-01
9.520279305336742937e-01
9.520279305336742937e-01
9.520279305336742937e-01
9.520279305336742937e-01
9.520279305336742937e-01
9.520279305336742937e-01
9.520279305336742937e-01
9.520279305336742937e-01
9.520279305336742937e-01
9.520279305336742937e-01
9.520279305336742937e-01
9.520279305336742937e-01
9.520279305336742937e-01
9.520279305336742937e-01
9.520279305336742937e-01
9.520279305336742937e-01
9.520279305336742937e-01
9.520279305336742937e-01
9.520279305336742937e-01
9.520279305336742937e-01
9.520279305336742937e-01
9.520279305336742937e-01
9.520279305336742937e-01
9.520279305336742937e-01
9.520279305336742937e-01
9.520279305336742937e-01
9.520279305336742937e-01
9.520279305336742937e-01
9.520279305336742937e-01
9.520279305336742937e-01
9.520279305336742937e-01
9.520279305336742937e-01
9.520279305336742937e-01
9.520279305336742937e-01
9.520279305336742937e-01
9.520279305336742937e-01
9.520279305336742937e-01
9.520279305336742937e-01
9.520279305336742937e-01
9.520279305336742937e-01
9.520279305336742937e-01
9.520279305336742937e-01
9.520279305336742937e-01
9.520279305336742937e-01
9.520279305336742937e-01
9.520279305336742937e-01
9.520279305336742937e-01
9.520279305336742937e-01
9.520279305336742937e-01
9.520279305336742937e-01
9.520279305336742937e-01
9.520279305336742937e-01
9.520279305336742937e-01
9.520279305336742937e-01
9.520279305336742937e-01
9.520279305336742937e-01
9.520279305336742937e-01
9.520279305336742937e-01
9.520279305336742937e-01
9.520279305336742937e-01
