0.000000000000000000e+00
3.495191207208090539e-02
3.495191207208090539e-02
3.497212623497893830e-02
3.497270850988559721e-02
3.497303062716324018e-02
3.497303062716324018e-02
3.497303062716324018e-02
3.497303062716324018e-02
3.499877441986085080e-02
3.499877441986085080e-02
3.499877441986085080e-02
3.498978342923498436e-02
3.513782181507298791e-02
3.515616161705798631e-02
3.515616161705798631e-02
3.524984391140310175e-02
3.524984391140310175e-02
3.524984391140310175e-02
3.524723890531123588e-02
3.524723890531123588e-02
3.531244448845596157e-02
3.538180330127903978e-02
3.538180330127903978e-02
3.536175585459384180e-02
3.536122714100337766e-02
3.530810985355878340e-02
3.530810985355878340e-02
3.525267532147295657e-02
3.525267532147295657e-02
3.525267532147295657e-02
3.529545282297510272e-02
3.529545282297510272e-02
3.524567309744533472e-02
3.524567309744533472e-02
3.524318999504995331e-02
3.519640992321253908e-02
3.523459667653189298e-02
3.523459667653189298e-02
3.523459667653189298e-02
3.520278811337280989e-02
3.515759575114536101e-02
3.511766289104566174e-02
3.511766289104566174e-02
3.505271007521310045e-02
3.505271007521310045e-02
3.490894028738950050e-02
3.490894028738950050e-02
3.463265004723704854e-02
3.463265004723704854e-02
3.456561784998439524e-02
3.454766642554830264e-02
3.474532504745614370e-02
3.456237925583632159e-02
3.456237925583632159e-02
3.456237925583632159e-02
3.477765055973359998e-02
3.477765055973359998e-02
3.458753732851029689e-02
3.458753732851029689e-02
3.458753732851029689e-02
3.459653975601410109e-02
3.459653975601410109e-02
3.459653975601410109e-02
3.458883230947428639e-02
3.458883230947428639e-02
3.458883230947428639e-02
3.458883230947428639e-02
3.455974069999097342e-02
3.455974069999097342e-02
3.432712973367546549e-02
3.432712973367546549e-02
3.432712973367546549e-02
3.434835836577177642e-02
3.434835836577177642e-02
3.425053246710135085e-02
3.421274983915967294e-02
3.421274983915967294e-02
3.420387487787922287e-02
3.420387487787922287e-02
3.420418728977095424e-02
3.411778134688436825e-02
3.411778134688436825e-02
3.411778134688436825e-02
3.411778134688436825e-02
3.411778134688436825e-02
3.411778134688436825e-02
3.420072588153700438e-02
3.420072588153700438e-02
3.420072588153700438e-02
3.436208582579068638e-02
3.436208582579068638e-02
3.436849892940328083e-02
3.436849892940328083e-02
3.441942002519977895e-02
3.441942002519977895e-02
3.441942002519977895e-02
3.468139165229922743e-02
3.435499376149634548e-02
3.435499376149634548e-02
3.435499376149634548e-02
3.435499376149634548e-02
3.435499376149634548e-02
3.415950345438571040e-02
3.393417097344815503e-02
3.393417097344815503e-02
3.392785263808962420e-02
3.389814058542925390e-02
3.389814058542925390e-02
3.389814058542925390e-02
3.389814058542925390e-02
3.389814058542925390e-02
3.389814058542925390e-02
3.392462387622888903e-02
3.392462387622888903e-02
3.392462387622888903e-02
3.392462387622888903e-02
3.392462387622888903e-02
3.392462387622888903e-02
3.392462387622888903e-02
3.392462387622888903e-02
3.390076999538061547e-02
3.390076999538061547e-02
3.390076999538061547e-02
3.390076999538061547e-02
3.371581424179011938e-02
3.371581424179011938e-02
3.371581424179011938e-02
3.379538648503398190e-02
3.379538648503398190e-02
3.379538648503398190e-02
3.379538648503398190e-02
3.379538648503398190e-02
3.379538648503398190e-02
3.379538648503398190e-02
3.379538648503398190e-02
3.379538648503398190e-02
3.379538648503398190e-02
3.379538648503398190e-02
3.379538648503398190e-02
3.382875130936251890e-02
3.376642999379460275e-02
3.378187545015266108e-02
3.378187545015266108e-02
3.378187545015266108e-02
3.378187545015266108e-02
3.378187545015266108e-02
3.378187545015266108e-02
3.378187545015266108e-02
3.378187545015266108e-02
3.378187545015266108e-02
3.378187545015266108e-02
3.378187545015266108e-02
3.345661884750879972e-02
3.345661884750879972e-02
3.345661884750879972e-02
3.345661884750879972e-02
3.369549070396064133e-02
3.369549070396064133e-02
3.369549070396064133e-02
3.369549070396064133e-02
3.369549070396064133e-02
3.369549070396064133e-02
3.369549070396064133e-02
3.369549070396064133e-02
3.369549070396064133e-02
3.369549070396064133e-02
3.369549070396064133e-02
3.369549070396064133e-02
3.369549070396064133e-02
3.369549070396064133e-02
3.369549070396064133e-02
3.369549070396064133e-02
3.369496029158890876e-02
3.369496029158890876e-02
3.369496029158890876e-02
3.369496029158890876e-02
3.369496029158890876e-02
3.369496029158890876e-02
3.369496029158890876e-02
3.369496029158890876e-02
3.371014575095186011e-02
3.371014575095186011e-02
3.371014575095186011e-02
3.371014575095186011e-02
3.406936118623138388e-02
3.406936118623138388e-02
3.406936118623138388e-02
3.406936118623138388e-02
3.406936118623138388e-02
3.406936118623138388e-02
3.406936118623138388e-02
3.406936118623138388e-02
3.406936118623138388e-02
3.406936118623138388e-02
3.406936118623138388e-02
3.406936118623138388e-02
3.406936118623138388e-02
3.406936118623138388e-02
3.406936118623138388e-02
3.406936118623138388e-02
3.406936118623138388e-02
3.406936118623138388e-02
3.406936118623138388e-02
3.406936118623138388e-02
3.406936118623138388e-02
3.406936118623138388e-02
3.406936118623138388e-02
3.406936118623138388e-02
3.406936118623138388e-02
3.406936118623138388e-02
3.406936118623138388e-02
3.406936118623138388e-02
3.406936118623138388e-02
3.406936118623138388e-02
3.406936118623138388e-02
3.406936118623138388e-02
3.406936118623138388e-02
3.406936118623138388e-02
3.406936118623138388e-02
3.406936118623138388e-02
3.406936118623138388e-02
3.406936118623138388e-02
3.406936118623138388e-02
3.406936118623138388e-02
3.406936118623138388e-02
3.406936118623138388e-02
3.406936118623138388e-02
3.406936118623138388e-02
3.406936118623138388e-02
3.406936118623138388e-02
3.425485050830543582e-02
3.425485050830543582e-02
3.425485050830543582e-02
3.425485050830543582e-02
3.425485050830543582e-02
3.425485050830543582e-02
3.425485050830543582e-02
3.425485050830543582e-02
3.425485050830543582e-02
3.425485050830543582e-02
3.425485050830543582e-02
3.425485050830543582e-02
3.425485050830543582e-02
3.425485050830543582e-02
3.425485050830543582e-02
3.425485050830543582e-02
3.425485050830543582e-02
3.425485050830543582e-02
3.425485050830543582e-02
3.425485050830543582e-02
3.425485050830543582e-02
3.425485050830543582e-02
3.425485050830543582e-02
3.425485050830543582e-02
3.425485050830543582e-02
3.425485050830543582e-02
3.425485050830543582e-02
3.425485050830543582e-02
3.425485050830543582e-02
3.425485050830543582e-02
3.425485050830543582e-02
3.425485050830543582e-02
3.425485050830543582e-02
3.425485050830543582e-02
3.425485050830543582e-02
3.425485050830543582e-02
3.425485050830543582e-02
3.425485050830543582e-02
3.425485050830543582e-02
3.425485050830543582e-02
3.425485050830543582e-02
3.425485050830543582e-02
3.425485050830543582e-02
3.425485050830543582e-02
3.425485050830543582e-02
3.425485050830543582e-02
3.425485050830543582e-02
3.425485050830543582e-02
3.425485050830543582e-02
3.425485050830543582e-02
3.425485050830543582e-02
3.425485050830543582e-02
3.425485050830543582e-02
3.425485050830543582e-02
3.425485050830543582e-02
3.425485050830543582e-02
3.425485050830543582e-02
3.425485050830543582e-02
3.425485050830543582e-02
3.425485050830543582e-02
3.425485050830543582e-02
3.425485050830543582e-02
3.425485050830543582e-02
3.425485050830543582e-02
3.425485050830543582e-02
3.425485050830543582e-02
3.425485050830543582e-02
3.425485050830543582e-02
3.425485050830543582e-02
3.425485050830543582e-02
3.425485050830543582e-02
3.425485050830543582e-02
3.425485050830543582e-02
3.425485050830543582e-02
3.425485050830543582e-02
3.425485050830543582e-02
3.425485050830543582e-02
3.425485050830543582e-02
3.425485050830543582e-02
3.425485050830543582e-02
3.425485050830543582e-02
3.425485050830543582e-02
3.425485050830543582e-02
3.433167302028278939e-02
3.433167302028278939e-02
3.433167302028278939e-02
3.433167302028278939e-02
3.433167302028278939e-02
3.433167302028278939e-02
3.433167302028278939e-02
3.433167302028278939e-02
3.433167302028278939e-02
3.433167302028278939e-02
3.433167302028278939e-02
3.433167302028278939e-02
3.433167302028278939e-02
3.433167302028278939e-02
3.433167302028278939e-02
3.433167302028278939e-02
3.433167302028278939e-02
3.433167302028278939e-02
3.433167302028278939e-02
3.433167302028278939e-02
3.433167302028278939e-02
3.433167302028278939e-02
3.433167302028278939e-02
3.433167302028278939e-02
3.433167302028278939e-02
3.433167302028278939e-02
3.433167302028278939e-02
3.433167302028278939e-02
3.433167302028278939e-02
3.433167302028278939e-02
3.433167302028278939e-02
3.433167302028278939e-02
3.433167302028278939e-02
3.433167302028278939e-02
3.433167302028278939e-02
3.433167302028278939e-02
3.433167302028278939e-02
3.433167302028278939e-02
3.433167302028278939e-02
3.433167302028278939e-02
3.433167302028278939e-02
3.433167302028278939e-02
3.433167302028278939e-02
3.433167302028278939e-02
3.433167302028278939e-02
3.433167302028278939e-02
3.433167302028278939e-02
3.433167302028278939e-02
3.433167302028278939e-02
3.433167302028278939e-02
3.433167302028278939e-02
3.433167302028278939e-02
3.433167302028278939e-02
3.433167302028278939e-02
3.433167302028278939e-02
3.433167302028278939e-02
3.433167302028278939e-02
3.433167302028278939e-02
3.433167302028278939e-02
3.433167302028278939e-02
3.433167302028278939e-02
3.433167302028278939e-02
3.433167302028278939e-02
3.433167302028278939e-02
3.433167302028278939e-02
3.433167302028278939e-02
3.433167302028278939e-02
3.433167302028278939e-02
3.433167302028278939e-02
3.433167302028278939e-02
3.433167302028278939e-02
3.433167302028278939e-02
3.433167302028278939e-02
3.433167302028278939e-02
3.433167302028278939e-02
3.433167302028278939e-02
3.433167302028278939e-02
3.433167302028278939e-02
3.433167302028278939e-02
3.433167302028278939e-02
3.433167302028278939e-02
3.433167302028278939e-02
3.433167302028278939e-02
3.433167302028278939e-02
3.433167302028278939e-02
3.433167302028278939e-02
3.433167302028278939e-02
3.433167302028278939e-02
3.422458327266224981e-02
3.422458327266224981e-02
3.422458327266224981e-02
3.422458327266224981e-02
3.422458327266224981e-02
3.422458327266224981e-02
3.422458327266224981e-02
3.422458327266224981e-02
3.422458327266224981e-02
3.422458327266224981e-02
3.422458327266224981e-02
3.422458327266224981e-02
3.422458327266224981e-02
3.422458327266224981e-02
3.422458327266224981e-02
3.422458327266224981e-02
3.422458327266224981e-02
3.422458327266224981e-02
3.422458327266224981e-02
3.422458327266224981e-02
3.422458327266224981e-02
3.422458327266224981e-02
3.422458327266224981e-02
3.422458327266224981e-02
3.422458327266224981e-02
3.422458327266224981e-02
3.422458327266224981e-02
3.422458327266224981e-02
3.422458327266224981e-02
3.422458327266224981e-02
3.422458327266224981e-02
3.422458327266224981e-02
3.422458327266224981e-02
3.422458327266224981e-02
3.422458327266224981e-02
3.422458327266224981e-02
3.422458327266224981e-02
3.422458327266224981e-02
3.422458327266224981e-02
3.422458327266224981e-02
3.422458327266224981e-02
3.422458327266224981e-02
3.422458327266224981e-02
3.422458327266224981e-02
3.422458327266224981e-02
3.422458327266224981e-02
3.422458327266224981e-02
3.422458327266224981e-02
3.422458327266224981e-02
3.422458327266224981e-02
3.422458327266224981e-02
3.422458327266224981e-02
3.422458327266224981e-02
3.422458327266224981e-02
3.422458327266224981e-02
3.422458327266224981e-02
3.422458327266224981e-02
3.422458327266224981e-02
3.422458327266224981e-02
3.422458327266224981e-02
3.422458327266224981e-02
3.422458327266224981e-02
3.422458327266224981e-02
3.422458327266224981e-02
3.422458327266224981e-02
3.422458327266224981e-02
3.422458327266224981e-02
3.422458327266224981e-02
3.422458327266224981e-02
3.422458327266224981e-02
3.422458327266224981e-02
3.422458327266224981e-02
3.422458327266224981e-02
3.422458327266224981e-02
3.422458327266224981e-02
3.422458327266224981e-02
3.422458327266224981e-02
3.422458327266224981e-02
3.422458327266224981e-02
3.422458327266224981e-02
3.422458327266224981e-02
3.422458327266224981e-02
3.422458327266224981e-02
3.422458327266224981e-02
3.422458327266224981e-02
3.422458327266224981e-02
3.422458327266224981e-02
3.422458327266224981e-02
3.422458327266224981e-02
3.422458327266224981e-02
3.422458327266224981e-02
3.422458327266224981e-02
3.422458327266224981e-02
3.422458327266224981e-02
3.422458327266224981e-02
3.422458327266224981e-02
3.422458327266224981e-02
3.422458327266224981e-02
3.422458327266224981e-02
3.422458327266224981e-02
3.422458327266224981e-02
3.422458327266224981e-02
3.422458327266224981e-02
3.422458327266224981e-02
3.422458327266224981e-02
3.422458327266224981e-02
3.422458327266224981e-02
3.422458327266224981e-02
3.422458327266224981e-02
3.422458327266224981e-02
3.422458327266224981e-02
3.422458327266224981e-02
3.422458327266224981e-02
3.422458327266224981e-02
3.422458327266224981e-02
3.422458327266224981e-02
3.422458327266224981e-02
3.422458327266224981e-02
3.422458327266224981e-02
3.422458327266224981e-02
3.422458327266224981e-02
3.422458327266224981e-02
3.422458327266224981e-02
3.422458327266224981e-02
3.422458327266224981e-02
3.422458327266224981e-02
3.422458327266224981e-02
3.422458327266224981e-02
3.422458327266224981e-02
3.422458327266224981e-02
3.422458327266224981e-02
3.422458327266224981e-02
3.422458327266224981e-02
3.422458327266224981e-02
3.422458327266224981e-02
3.422458327266224981e-02
3.422458327266224981e-02
3.422458327266224981e-02
3.422458327266224981e-02
3.422458327266224981e-02
3.422458327266224981e-02
3.422458327266224981e-02
3.422458327266224981e-02
3.422458327266224981e-02
3.422458327266224981e-02
3.422458327266224981e-02
3.422458327266224981e-02
3.422458327266224981e-02
3.422458327266224981e-02
3.422458327266224981e-02
3.422458327266224981e-02
3.422458327266224981e-02
3.422458327266224981e-02
3.422458327266224981e-02
3.422458327266224981e-02
3.422458327266224981e-02
3.422458327266224981e-02
3.422458327266224981e-02
3.422458327266224981e-02
3.422458327266224981e-02
3.422458327266224981e-02
3.422458327266224981e-02
3.422458327266224981e-02
3.422458327266224981e-02
3.422458327266224981e-02
3.422458327266224981e-02
3.422458327266224981e-02
3.422458327266224981e-02
3.422458327266224981e-02
3.422458327266224981e-02
3.422458327266224981e-02
3.422458327266224981e-02
3.422458327266224981e-02
3.422458327266224981e-02
3.422458327266224981e-02
3.422458327266224981e-02
3.422458327266224981e-02
3.422458327266224981e-02
3.422458327266224981e-02
3.422458327266224981e-02
3.422458327266224981e-02
3.422458327266224981e-02
3.422458327266224981e-02
3.422458327266224981e-02
3.422458327266224981e-02
3.422458327266224981e-02
3.422458327266224981e-02
3.422458327266224981e-02
3.422458327266224981e-02
3.422458327266224981e-02
3.422458327266224981e-02
3.422458327266224981e-02
3.422458327266224981e-02
3.422458327266224981e-02
3.422458327266224981e-02
3.422458327266224981e-02
3.422458327266224981e-02
3.422458327266224981e-02
3.422458327266224981e-02
3.422458327266224981e-02
3.422458327266224981e-02
3.422458327266224981e-02
3.422458327266224981e-02
3.422458327266224981e-02
3.422458327266224981e-02
3.422458327266224981e-02
3.422458327266224981e-02
3.422458327266224981e-02
3.422458327266224981e-02
3.422458327266224981e-02
3.422458327266224981e-02
3.422458327266224981e-02
3.422458327266224981e-02
3.422458327266224981e-02
3.422458327266224981e-02
3.422458327266224981e-02
3.422458327266224981e-02
3.422458327266224981e-02
3.422458327266224981e-02
3.422458327266224981e-02
3.422458327266224981e-02
3.422458327266224981e-02
3.422458327266224981e-02
3.422458327266224981e-02
3.422458327266224981e-02
3.422458327266224981e-02
3.422458327266224981e-02
3.422458327266224981e-02
3.422458327266224981e-02
3.422458327266224981e-02
3.422458327266224981e-02
3.422458327266224981e-02
3.422458327266224981e-02
3.422458327266224981e-02
3.422458327266224981e-02
3.422458327266224981e-02
3.422458327266224981e-02
3.422458327266224981e-02
3.422458327266224981e-02
3.422458327266224981e-02
3.422458327266224981e-02
3.422458327266224981e-02
3.422458327266224981e-02
3.422458327266224981e-02
3.422458327266224981e-02
3.422458327266224981e-02
3.422458327266224981e-02
3.422458327266224981e-02
3.422458327266224981e-02
3.422458327266224981e-02
3.422458327266224981e-02
3.422458327266224981e-02
3.422458327266224981e-02
3.422458327266224981e-02
3.422458327266224981e-02
3.422458327266224981e-02
3.422458327266224981e-02
3.422458327266224981e-02
3.422458327266224981e-02
3.422458327266224981e-02
3.422458327266224981e-02
3.422458327266224981e-02
3.422458327266224981e-02
3.422458327266224981e-02
3.422458327266224981e-02
3.422458327266224981e-02
3.422458327266224981e-02
3.422458327266224981e-02
3.422458327266224981e-02
3.422458327266224981e-02
3.422458327266224981e-02
3.422458327266224981e-02
3.422458327266224981e-02
3.422458327266224981e-02
3.422458327266224981e-02
3.422458327266224981e-02
3.422458327266224981e-02
3.422458327266224981e-02
3.422458327266224981e-02
3.422458327266224981e-02
3.422458327266224981e-02
3.422458327266224981e-02
3.422458327266224981e-02
3.422458327266224981e-02
3.422458327266224981e-02
3.422458327266224981e-02
3.422458327266224981e-02
3.422458327266224981e-02
3.422458327266224981e-02
3.422458327266224981e-02
3.422458327266224981e-02
3.422458327266224981e-02
3.422458327266224981e-02
3.422458327266224981e-02
3.422458327266224981e-02
3.422458327266224981e-02
3.422458327266224981e-02
3.422458327266224981e-02
3.422458327266224981e-02
3.422458327266224981e-02
3.422458327266224981e-02
3.422458327266224981e-02
3.422458327266224981e-02
3.422458327266224981e-02
3.422458327266224981e-02
3.422458327266224981e-02
3.422458327266224981e-02
3.422458327266224981e-02
3.422458327266224981e-02
3.422458327266224981e-02
3.422458327266224981e-02
3.422458327266224981e-02
3.422458327266224981e-02
3.422458327266224981e-02
3.422458327266224981e-02
3.422458327266224981e-02
3.422458327266224981e-02
3.422458327266224981e-02
3.422458327266224981e-02
3.422458327266224981e-02
3.422458327266224981e-02
3.422458327266224981e-02
3.422458327266224981e-02
3.422458327266224981e-02
3.422458327266224981e-02
3.422458327266224981e-02
3.422458327266224981e-02
3.422458327266224981e-02
3.422458327266224981e-02
3.422458327266224981e-02
3.422458327266224981e-02
3.422458327266224981e-02
3.422458327266224981e-02
3.422458327266224981e-02
3.422458327266224981e-02
3.422458327266224981e-02
3.422458327266224981e-02
3.422458327266224981e-02
3.422458327266224981e-02
3.422458327266224981e-02
3.422458327266224981e-02
3.422458327266224981e-02
3.422458327266224981e-02
3.422458327266224981e-02
3.422458327266224981e-02
3.422458327266224981e-02
3.422458327266224981e-02
3.422458327266224981e-02
3.422458327266224981e-02
3.422458327266224981e-02
3.422458327266224981e-02
3.422458327266224981e-02
3.422458327266224981e-02
3.422458327266224981e-02
3.422458327266224981e-02
3.422458327266224981e-02
3.422458327266224981e-02
3.422458327266224981e-02
3.422458327266224981e-02
3.422458327266224981e-02
3.422458327266224981e-02
3.422458327266224981e-02
3.422458327266224981e-02
3.422458327266224981e-02
3.422458327266224981e-02
3.422458327266224981e-02
3.422458327266224981e-02
3.422458327266224981e-02
3.422458327266224981e-02
3.422458327266224981e-02
3.422458327266224981e-02
3.422458327266224981e-02
3.422458327266224981e-02
3.422458327266224981e-02
3.422458327266224981e-02
3.422458327266224981e-02
3.422458327266224981e-02
3.422458327266224981e-02
3.422458327266224981e-02
3.422458327266224981e-02
3.422458327266224981e-02
3.422458327266224981e-02
3.422458327266224981e-02
3.422458327266224981e-02
3.422458327266224981e-02
3.422458327266224981e-02
3.422458327266224981e-02
3.422458327266224981e-02
3.422458327266224981e-02
3.422458327266224981e-02
3.422458327266224981e-02
3.422458327266224981e-02
3.422458327266224981e-02
3.422458327266224981e-02
3.422458327266224981e-02
3.422458327266224981e-02
3.422458327266224981e-02
3.422458327266224981e-02
3.422458327266224981e-02
3.422458327266224981e-02
3.422458327266224981e-02
3.422458327266224981e-02
3.422458327266224981e-02
3.422458327266224981e-02
3.422458327266224981e-02
3.422458327266224981e-02
3.422458327266224981e-02
3.422458327266224981e-02
3.422458327266224981e-02
3.422458327266224981e-02
3.422458327266224981e-02
3.422458327266224981e-02
3.422458327266224981e-02
3.422458327266224981e-02
3.422458327266224981e-02
3.422458327266224981e-02
3.422458327266224981e-02
3.422458327266224981e-02
3.422458327266224981e-02
3.422458327266224981e-02
3.422458327266224981e-02
3.422458327266224981e-02
3.422458327266224981e-02
3.422458327266224981e-02
3.422458327266224981e-02
3.422458327266224981e-02
3.422458327266224981e-02
3.422458327266224981e-02
3.422458327266224981e-02
3.422458327266224981e-02
3.422458327266224981e-02
3.422458327266224981e-02
3.422458327266224981e-02
3.422458327266224981e-02
3.422458327266224981e-02
3.422458327266224981e-02
3.422458327266224981e-02
3.422458327266224981e-02
3.422458327266224981e-02
3.422458327266224981e-02
3.422458327266224981e-02
3.422458327266224981e-02
3.422458327266224981e-02
3.422458327266224981e-02
3.422458327266224981e-02
3.422458327266224981e-02
3.422458327266224981e-02
3.422458327266224981e-02
3.422458327266224981e-02
3.422458327266224981e-02
3.422458327266224981e-02
3.422458327266224981e-02
3.422458327266224981e-02
3.422458327266224981e-02
3.422458327266224981e-02
3.422458327266224981e-02
3.422458327266224981e-02
3.422458327266224981e-02
3.422458327266224981e-02
3.422458327266224981e-02
3.422458327266224981e-02
3.422458327266224981e-02
3.422458327266224981e-02
3.422458327266224981e-02
3.422458327266224981e-02
3.422458327266224981e-02
3.422458327266224981e-02
3.422458327266224981e-02
3.422458327266224981e-02
3.422458327266224981e-02
3.422458327266224981e-02
3.422458327266224981e-02
3.422458327266224981e-02
3.422458327266224981e-02
3.422458327266224981e-02
3.422458327266224981e-02
3.422458327266224981e-02
3.422458327266224981e-02
3.422458327266224981e-02
3.422458327266224981e-02
3.422458327266224981e-02
3.422458327266224981e-02
3.422458327266224981e-02
3.422458327266224981e-02
3.422458327266224981e-02
3.422458327266224981e-02
3.422458327266224981e-02
3.422458327266224981e-02
3.422458327266224981e-02
3.422458327266224981e-02
3.422458327266224981e-02
3.422458327266224981e-02
3.422458327266224981e-02
3.422458327266224981e-02
3.422458327266224981e-02
3.422458327266224981e-02
3.422458327266224981e-02
3.422458327266224981e-02
3.422458327266224981e-02
3.422458327266224981e-02
3.422458327266224981e-02
3.422458327266224981e-02
3.422458327266224981e-02
3.422458327266224981e-02
3.422458327266224981e-02
3.422458327266224981e-02
3.422458327266224981e-02
3.422458327266224981e-02
3.422458327266224981e-02
3.422458327266224981e-02
3.422458327266224981e-02
3.422458327266224981e-02
3.422458327266224981e-02
3.422458327266224981e-02
3.422458327266224981e-02
3.422458327266224981e-02
3.422458327266224981e-02
3.422458327266224981e-02
3.422458327266224981e-02
3.422458327266224981e-02
3.422458327266224981e-02
3.422458327266224981e-02
3.422458327266224981e-02
3.422458327266224981e-02
3.422458327266224981e-02
3.422458327266224981e-02
3.422458327266224981e-02
3.422458327266224981e-02
3.422458327266224981e-02
3.422458327266224981e-02
3.422458327266224981e-02
3.422458327266224981e-02
3.422458327266224981e-02
3.422458327266224981e-02
3.422458327266224981e-02
3.422458327266224981e-02
3.422458327266224981e-02
3.422458327266224981e-02
3.422458327266224981e-02
3.422458327266224981e-02
3.422458327266224981e-02
3.422458327266224981e-02
3.422458327266224981e-02
3.422458327266224981e-02
3.422458327266224981e-02
3.422458327266224981e-02
3.422458327266224981e-02
3.422458327266224981e-02
3.422458327266224981e-02
3.422458327266224981e-02
3.422458327266224981e-02
3.422458327266224981e-02
3.422458327266224981e-02
3.422458327266224981e-02
3.422458327266224981e-02
3.422458327266224981e-02
3.422458327266224981e-02
3.422458327266224981e-02
3.422458327266224981e-02
3.422458327266224981e-02
3.422458327266224981e-02
3.422458327266224981e-02
3.422458327266224981e-02
3.422458327266224981e-02
3.422458327266224981e-02
3.422458327266224981e-02
3.422458327266224981e-02
3.422458327266224981e-02
3.422458327266224981e-02
3.422458327266224981e-02
3.422458327266224981e-02
3.422458327266224981e-02
3.422458327266224981e-02
3.422458327266224981e-02
3.422458327266224981e-02
3.422458327266224981e-02
3.422458327266224981e-02
3.422458327266224981e-02
3.422458327266224981e-02
3.422458327266224981e-02
3.422458327266224981e-02
3.422458327266224981e-02
3.422458327266224981e-02
3.422458327266224981e-02
3.422458327266224981e-02
3.422458327266224981e-02
3.422458327266224981e-02
3.422458327266224981e-02
3.422458327266224981e-02
3.422458327266224981e-02
3.422458327266224981e-02
3.422458327266224981e-02
3.422458327266224981e-02
3.422458327266224981e-02
3.422458327266224981e-02
3.422458327266224981e-02
3.422458327266224981e-02
3.422458327266224981e-02
3.422458327266224981e-02
3.422458327266224981e-02
3.422458327266224981e-02
3.422458327266224981e-02
3.422458327266224981e-02
3.422458327266224981e-02
3.422458327266224981e-02
3.422458327266224981e-02
3.422458327266224981e-02
3.422458327266224981e-02
3.422458327266224981e-02
3.422458327266224981e-02
3.422458327266224981e-02
3.422458327266224981e-02
3.422458327266224981e-02
3.422458327266224981e-02
3.422458327266224981e-02
3.422458327266224981e-02
3.422458327266224981e-02
3.422458327266224981e-02
3.422458327266224981e-02
3.422458327266224981e-02
3.422458327266224981e-02
3.422458327266224981e-02
3.422458327266224981e-02
3.422458327266224981e-02
3.422458327266224981e-02
3.422458327266224981e-02
3.422458327266224981e-02
3.422458327266224981e-02
3.422458327266224981e-02
3.422458327266224981e-02
3.422458327266224981e-02
3.422458327266224981e-02
3.422458327266224981e-02
3.422458327266224981e-02
3.422458327266224981e-02
3.422458327266224981e-02
3.422458327266224981e-02
3.422458327266224981e-02
3.422458327266224981e-02
3.422458327266224981e-02
3.422458327266224981e-02
3.422458327266224981e-02
3.422458327266224981e-02
3.422458327266224981e-02
3.422458327266224981e-02
3.422458327266224981e-02
3.422458327266224981e-02
3.422458327266224981e-02
3.422458327266224981e-02
3.422458327266224981e-02
3.422458327266224981e-02
3.422458327266224981e-02
3.422458327266224981e-02
3.422458327266224981e-02
3.422458327266224981e-02
3.422458327266224981e-02
3.422458327266224981e-02
3.422458327266224981e-02
3.422458327266224981e-02
3.422458327266224981e-02
3.422458327266224981e-02
3.422458327266224981e-02
3.422458327266224981e-02
3.422458327266224981e-02
3.422458327266224981e-02
3.422458327266224981e-02
3.422458327266224981e-02
3.422458327266224981e-02
3.422458327266224981e-02
3.422458327266224981e-02
3.422458327266224981e-02
3.422458327266224981e-02
3.422458327266224981e-02
3.422458327266224981e-02
3.422458327266224981e-02
3.422458327266224981e-02
3.422458327266224981e-02
3.422458327266224981e-02
3.422458327266224981e-02
3.422458327266224981e-02
3.422458327266224981e-02
3.422458327266224981e-02
3.422458327266224981e-02
3.422458327266224981e-02
3.422458327266224981e-02
3.422458327266224981e-02
3.422458327266224981e-02
3.422458327266224981e-02
3.422458327266224981e-02
3.422458327266224981e-02
3.422458327266224981e-02
3.422458327266224981e-02
3.422458327266224981e-02
3.422458327266224981e-02
3.422458327266224981e-02
3.422458327266224981e-02
3.422458327266224981e-02
3.422458327266224981e-02
3.422458327266224981e-02
3.422458327266224981e-02
3.422458327266224981e-02
3.422458327266224981e-02
3.422458327266224981e-02
3.422458327266224981e-02
3.422458327266224981e-02
3.422458327266224981e-02
3.422458327266224981e-02
3.422458327266224981e-02
3.422458327266224981e-02
3.422458327266224981e-02
3.422458327266224981e-02
3.422458327266224981e-02
3.422458327266224981e-02
3.422458327266224981e-02
3.422458327266224981e-02
3.422458327266224981e-02
3.422458327266224981e-02
3.422458327266224981e-02
3.422458327266224981e-02
3.422458327266224981e-02
3.422458327266224981e-02
3.422458327266224981e-02
3.422458327266224981e-02
3.422458327266224981e-02
3.422458327266224981e-02
3.422458327266224981e-02
3.422458327266224981e-02
3.422458327266224981e-02
3.422458327266224981e-02
3.422458327266224981e-02
3.422458327266224981e-02
3.422458327266224981e-02
3.422458327266224981e-02
3.422458327266224981e-02
3.422458327266224981e-02
3.422458327266224981e-02
3.422458327266224981e-02
3.422458327266224981e-02
3.422458327266224981e-02
3.422458327266224981e-02
3.422458327266224981e-02
3.422458327266224981e-02
3.422458327266224981e-02
3.422458327266224981e-02
3.422458327266224981e-02
3.422458327266224981e-02
3.422458327266224981e-02
3.422458327266224981e-02
3.422458327266224981e-02
3.422458327266224981e-02
3.422458327266224981e-02
3.422458327266224981e-02
3.422458327266224981e-02
3.422458327266224981e-02
3.422458327266224981e-02
3.422458327266224981e-02
3.422458327266224981e-02
3.422458327266224981e-02
3.422458327266224981e-02
3.422458327266224981e-02
3.422458327266224981e-02
3.422458327266224981e-02
3.422458327266224981e-02
3.422458327266224981e-02
3.422458327266224981e-02
3.422458327266224981e-02
3.422458327266224981e-02
3.422458327266224981e-02
3.422458327266224981e-02
3.422458327266224981e-02
3.422458327266224981e-02
3.422458327266224981e-02
3.422458327266224981e-02
3.422458327266224981e-02
3.422458327266224981e-02
3.422458327266224981e-02
3.422458327266224981e-02
3.422458327266224981e-02
3.422458327266224981e-02
3.422458327266224981e-02
3.422458327266224981e-02
3.422458327266224981e-02
3.422458327266224981e-02
3.422458327266224981e-02
3.422458327266224981e-02
3.422458327266224981e-02
3.422458327266224981e-02
3.422458327266224981e-02
3.422458327266224981e-02
3.422458327266224981e-02
3.422458327266224981e-02
3.422458327266224981e-02
3.422458327266224981e-02
3.422458327266224981e-02
3.422458327266224981e-02
3.422458327266224981e-02
3.422458327266224981e-02
3.422458327266224981e-02
3.422458327266224981e-02
3.422458327266224981e-02
3.422458327266224981e-02
3.422458327266224981e-02
3.422458327266224981e-02
3.422458327266224981e-02
3.422458327266224981e-02
3.422458327266224981e-02
3.422458327266224981e-02
3.422458327266224981e-02
3.422458327266224981e-02
3.422458327266224981e-02
3.422458327266224981e-02
3.422458327266224981e-02
3.422458327266224981e-02
3.422458327266224981e-02
3.422458327266224981e-02
3.422458327266224981e-02
3.422458327266224981e-02
3.422458327266224981e-02
3.422458327266224981e-02
3.422458327266224981e-02
3.422458327266224981e-02
3.422458327266224981e-02
3.422458327266224981e-02
3.422458327266224981e-02
3.422458327266224981e-02
3.422458327266224981e-02
3.422458327266224981e-02
3.422458327266224981e-02
3.422458327266224981e-02
3.422458327266224981e-02
3.422458327266224981e-02
3.422458327266224981e-02
3.422458327266224981e-02
3.422458327266224981e-02
3.422458327266224981e-02
3.422458327266224981e-02
3.422458327266224981e-02
3.422458327266224981e-02
3.422458327266224981e-02
3.422458327266224981e-02
3.422458327266224981e-02
3.422458327266224981e-02
3.422458327266224981e-02
3.422458327266224981e-02
3.422458327266224981e-02
3.422458327266224981e-02
3.422458327266224981e-02
3.422458327266224981e-02
