0.000000000000000000e+00
4.583978683938250837e-02
4.583978683938250837e-02
4.583978683938250837e-02
4.583978683938250837e-02
4.583978683938250837e-02
4.583978683938250837e-02
4.583978683938250837e-02
4.583978683938250837e-02
4.583978683938250837e-02
4.583978683938250837e-02
4.185524713833323890e-02
4.185524713833323890e-02
4.592462893501981364e-02
4.927108257801329771e-02
4.592372482710232323e-02
5.110627589429761475e-02
5.163623933901170110e-02
5.323079477502129508e-02
4.867562827623909266e-02
4.649346748132809209e-02
4.215056836797586443e-02
3.430599620374217423e-02
3.150440319825803526e-02
3.950293255112409530e-02
3.940937160027888769e-02
4.751003496920633978e-02
5.073017273673802868e-02
5.097636741642951747e-02
4.279916817151285108e-02
4.318385076864544869e-02
3.589342385039762801e-02
3.916146934940187979e-02
3.301763068529652012e-02
3.769036082246220859e-02
3.800522209780922422e-02
3.307995971656783885e-02
3.521418079970969894e-02
3.090438348841499996e-02
3.099044410660327029e-02
2.755878767031040219e-02
2.470774102380142098e-02
2.949870885381404573e-02
3.202744573461632077e-02
3.779238158442126128e-02
4.003377966847644631e-02
4.116084697222206074e-02
3.513744585829404327e-02
4.238742209200093564e-02
4.139206520032930742e-02
4.422965878707233595e-02
5.082841021332489689e-02
5.571352516683459460e-02
5.960227928414585374e-02
6.113510904598141310e-02
5.212080966660023046e-02
4.660240596991929718e-02
4.258300030914583673e-02
4.283871089075402816e-02
4.589873037552744811e-02
4.366417457631120019e-02
4.371796464385001996e-02
4.511988283050637899e-02
4.236111818043315075e-02
4.185514691260957404e-02
3.665277270669804049e-02
4.023704992740881337e-02
3.699452527181507078e-02
3.488870011969594925e-02
4.150716724436343680e-02
4.201838729170242343e-02
4.351299229384641282e-02
3.903926256206768225e-02
4.688863996070161827e-02
4.297116207474737520e-02
4.175328785183746172e-02
4.467486876188447864e-02
3.962261210704554754e-02
3.893945524201230385e-02
-3.777197633998983367e-02
3.677755100884149558e-02
3.513672732103095137e-02
3.928991298714935160e-02
3.254954069268323896e-02
3.404491309088601703e-02
3.139509683573992599e-02
3.807828305476635561e-02
4.527694370837324206e-02
4.698623433777451147e-02
4.376836803370023204e-02
4.895083172144295419e-02
4.461377973691566662e-02
4.209019279415349840e-02
4.300104674623963369e-02
4.028253576903699507e-02
3.815568462445303316e-02
3.794576024208653336e-02
4.602827654605123192e-02
4.451954191503970648e-02
3.967936566121847003e-02
4.026664243314472674e-02
3.892138551671731755e-02
3.170981287393970227e-02
3.273028456225778038e-02
3.339175276300652973e-02
3.914477008996582880e-02
4.167737717578323675e-02
3.881521109987415286e-02
3.501669488870111369e-02
3.427262749698909566e-02
3.000776629263489023e-02
3.375126498871925534e-02
3.303438788828644973e-02
3.775411298962999540e-02
3.957276103569484782e-02
3.875076208882642648e-02
4.542216346301616164e-02
4.889772136477085057e-02
5.172727465950802128e-02
5.391736583729551252e-02
5.247934805903108763e-02
5.185772825198273206e-02
5.241942661293333416e-02
5.473747370221120762e-02
5.425060558718759057e-02
5.775336013750920899e-02
5.664582836052713816e-02
5.797774983375910546e-02
6.336389131952252507e-02
5.091696719153755019e-02
5.194319793202083896e-02
4.831681820687997592e-02
4.442874292799369601e-02
4.015504019742161673e-02
3.994968304775402962e-02
4.274013033950644497e-02
4.194922281140791437e-02
3.334689619411136674e-02
3.313947525340320971e-02
2.337311453818231854e-02
2.511407715393783671e-02
3.087436683872353538e-02
3.326041611454879504e-02
3.181466159346354322e-02
3.393480458620696388e-02
3.837838497760422823e-02
3.688640230399097691e-02
3.830340229985867290e-02
3.826607738473728620e-02
4.226687530231986595e-02
4.078376303356110594e-02
4.468060495146669586e-02
5.609931674580792560e-02
5.298954061987851821e-02
5.085469427268429765e-02
5.585658273641477822e-02
4.874767116492754321e-02
4.953625617732818065e-02
5.403152048790690887e-02
5.278133238298376301e-02
5.144710960942835282e-02
4.712542195175015158e-02
5.264371690659783859e-02
4.723576215754470703e-02
4.824828480363040767e-02
4.411808673825712290e-02
4.200473863546525660e-02
4.426689091295953754e-02
3.871085138449741059e-02
4.368488759023569923e-02
4.199098355903994190e-02
4.150569561519429351e-02
4.881428550350519480e-02
4.322501513206209595e-02
4.231731108246696710e-02
4.944160108535217146e-02
4.056393172238733497e-02
4.565506830743647909e-02
4.548764247394030541e-02
4.587465124433439539e-02
4.278607130802810493e-02
4.387426479153044151e-02
4.556235167721520846e-02
4.398347978300248123e-02
4.563840392931992063e-02
4.957025469551518126e-02
5.530796434910652953e-02
5.363499922513566970e-02
4.881144908195596960e-02
5.069526057153762172e-02
4.861185928518432786e-02
5.244825322337327150e-02
4.717553960956155645e-02
4.945728051238518913e-02
5.007832183050380664e-02
5.247657086839846441e-02
4.693501633982839066e-02
4.139107696569490485e-02
3.874122264362896140e-02
4.194451048440080848e-02
3.578931376998133185e-02
3.473732819398851757e-02
2.908494546118784926e-02
2.560172688886848749e-02
2.635169253861547115e-02
3.317502174609126414e-02
3.157406581537171991e-02
3.163876963738508630e-02
3.014309448071794337e-02
3.234752879478251797e-02
3.671088052484141467e-02
4.219645394790513121e-02
4.040380272991447169e-02
4.073967236836608524e-02
4.342267489009321579e-02
4.204447014734156302e-02
4.913109159470588350e-02
5.485800622166667195e-02
5.129380335162347232e-02
4.950174113479951371e-02
5.512460465428826312e-02
5.606253160374840422e-02
5.796412354021240193e-02
5.874371189979352842e-02
6.127358764996262974e-02
6.647069962900903350e-02
6.924431447666259953e-02
7.056474801621390180e-02
6.970411689559095902e-02
6.872631100529959236e-02
6.901521802803138594e-02
6.442132078928707040e-02
5.947324973339954829e-02
5.663988435485062950e-02
4.851214079658116435e-02
4.796656498001290042e-02
4.915125095045968368e-02
4.677398798872087204e-02
5.137692440155142842e-02
4.890967008511949016e-02
4.928412552836198418e-02
4.634863908411793187e-02
3.872537954182685843e-02
3.286908726573228856e-02
3.372290550680408922e-02
3.441575142593483044e-02
3.735025558409190566e-02
4.413381393782139089e-02
4.341299217543731492e-02
3.725398309093155141e-02
