0.000000000000000000e+00
6.743625218457509340e-02
6.743625218457509340e-02
6.743625218457509340e-02
6.743625218457509340e-02
6.743625218457509340e-02
6.743625218457509340e-02
6.743625218457509340e-02
6.743625218457509340e-02
6.743625218457509340e-02
6.743625218457509340e-02
6.743625218457509340e-02
6.743625218457509340e-02
6.743625218457509340e-02
6.743625218457509340e-02
6.743625218457509340e-02
6.743625218457509340e-02
6.743625218457509340e-02
6.743625218457509340e-02
6.743625218457509340e-02
6.743625218457509340e-02
6.743625218457509340e-02
6.743625218457509340e-02
6.592989274947903822e-02
6.592989274947903822e-02
6.592989274947903822e-02
6.585023595317295031e-02
6.767429357894398645e-02
6.551584833261503427e-02
6.549609530409455926e-02
6.549586733735549005e-02
6.591454812027547350e-02
6.747367816635634064e-02
6.796341304279986117e-02
6.724270247489470831e-02
6.574956532129395959e-02
6.503671359604075441e-02
6.460247775304138462e-02
6.140243865019573422e-02
6.013301748572647681e-02
6.248281352892640084e-02
6.096806039704490837e-02
6.313528812044005845e-02
6.228067305776695955e-02
6.269353130421773113e-02
6.266662177042754689e-02
5.988312915141005832e-02
5.951827819367516703e-02
6.096491238291079640e-02
6.203643215006898054e-02
5.993691629203432708e-02
5.786167995901869698e-02
5.845670557629231712e-02
5.888050242568845100e-02
5.923543504910725593e-02
5.746903750512744741e-02
5.372351267372973971e-02
5.336273141196229419e-02
5.613337017778313037e-02
5.563610794266406895e-02
5.639069687380232621e-02
5.388325897794612324e-02
5.346975044515567266e-02
5.352002825216897741e-02
5.518773168953224756e-02
5.717751294614286522e-02
5.716665059944001093e-02
5.717028265120064484e-02
5.551742097888278521e-02
5.439866188743150421e-02
5.439866188743150421e-02
5.602720594698492457e-02
5.610736535794581120e-02
5.561513975835093854e-02
5.493473108591859222e-02
5.373629689571571971e-02
5.436281663214172916e-02
5.483847318919050223e-02
5.728279614458302998e-02
5.859372967747680100e-02
5.847933848760739767e-02
5.878182427984147279e-02
5.708404430642382427e-02
5.399216263917649278e-02
5.547296153613740649e-02
5.293375705247230917e-02
5.418074767262795466e-02
5.370202857672686653e-02
5.388512860300077173e-02
5.520751854490876798e-02
5.453194770670847374e-02
5.451442162192649682e-02
5.563326327340697985e-02
5.517077342085707076e-02
5.471275129470085097e-02
5.493571389893806001e-02
5.160256817725993733e-02
5.219765303867293649e-02
5.162782547060806859e-02
5.213576301662831147e-02
5.305298944787718157e-02
4.974178077541593218e-02
5.244180646074488722e-02
5.244180646074488722e-02
5.117165479420921620e-02
5.088386832662794568e-02
5.218572614604464338e-02
4.617804549253959334e-02
4.361989209745908286e-02
4.555153340592529160e-02
4.310647293278292019e-02
4.310647293278292019e-02
4.111116672187629245e-02
4.111116672187629245e-02
4.260962461594208772e-02
4.373410513084887569e-02
4.291876649262558324e-02
4.264639771546368391e-02
4.269657059107379721e-02
4.308243528741393519e-02
4.308243528741393519e-02
4.266468763194978392e-02
4.309551483752687567e-02
4.690403418909361299e-02
4.582699134870766439e-02
4.680948557533082255e-02
4.596006974823946961e-02
4.667343306516838486e-02
4.667343306516838486e-02
5.054590438569547817e-02
4.786803351935491752e-02
4.747327300588240900e-02
4.885118379763734447e-02
4.775722480820456667e-02
5.051931461683533547e-02
4.874970309890516718e-02
4.947254427912548685e-02
4.778447229503291621e-02
4.523616773229396926e-02
4.637142997280960938e-02
4.707454082403603191e-02
4.766354773367321301e-02
4.735588390738026954e-02
4.665285185475422786e-02
4.869519851461687893e-02
4.993813269497526103e-02
5.041236317020917485e-02
5.138533069774477852e-02
5.138533069774477852e-02
5.017516002570557992e-02
4.937051036876710652e-02
4.982009622712219032e-02
5.043636881937998279e-02
4.852519285409200717e-02
5.042087726903207029e-02
5.041094470837347713e-02
4.767736790952808307e-02
4.376181659152145187e-02
4.397134539880009907e-02
4.581725434658984880e-02
4.552298124867135143e-02
4.574791315536400060e-02
4.611678499924266178e-02
4.617393528858057539e-02
4.672287143916928343e-02
4.792324150095922386e-02
5.026270031942062927e-02
4.826137663358781582e-02
5.216705475487325855e-02
5.060285276301334373e-02
5.126458181523325247e-02
5.103492560188879062e-02
5.348421096154958726e-02
5.364828408902528462e-02
5.368602039323636804e-02
5.392434581818433825e-02
5.644926880916017325e-02
5.619016316202957162e-02
5.640737625558931573e-02
5.552306348203527725e-02
5.496475087377844515e-02
5.451631663013306595e-02
5.471603744643149109e-02
5.220549729253129434e-02
5.161549364176245408e-02
4.976905035298574004e-02
5.091151751759690619e-02
5.117366035080717079e-02
5.095284536221852956e-02
5.095284536221852956e-02
5.127985501964141268e-02
5.221683071781856728e-02
5.204605082183410419e-02
5.204349609637581170e-02
5.330056646530167280e-02
5.403137701377427188e-02
5.388638713307714739e-02
5.344193284589623255e-02
5.230005947609372985e-02
5.269995735334535164e-02
5.261440815164421941e-02
5.261228732077513626e-02
5.263456718455834099e-02
5.485909005881488970e-02
5.470750493647349999e-02
5.512986217879015105e-02
5.758234908134877289e-02
5.935121804616502739e-02
5.961714694355459837e-02
5.949154272119849818e-02
5.985663581535904942e-02
6.115466359592058865e-02
6.138155667636879115e-02
6.005949865168382779e-02
5.838031913325478911e-02
5.817469705711341560e-02
5.817469705711341560e-02
5.925040501433532364e-02
6.039009120951185222e-02
6.167398652805522463e-02
6.167398652805522463e-02
6.297170867203551181e-02
5.980369214702516839e-02
5.925080109598260952e-02
5.992664507595296675e-02
5.968516353798004187e-02
5.968516353798004187e-02
5.982557707471109626e-02
6.092677642785557929e-02
6.028818081677102952e-02
6.028818081677102952e-02
6.072043491183549274e-02
5.983909721754462896e-02
6.040354304983896333e-02
6.107051601682205594e-02
6.172862479435407140e-02
6.213529761020645387e-02
6.261085834394576610e-02
6.554906298072873949e-02
6.554906298072873949e-02
6.767688997931473049e-02
6.599208413917224958e-02
6.599208413917224958e-02
6.527761033732649987e-02
6.984345735653803289e-02
6.931403351180918937e-02
6.978747708980602427e-02
6.951610314063039198e-02
6.951964014799741354e-02
6.466928828317668188e-02
6.400505310680085214e-02
6.459512230279330913e-02
6.411825649951578832e-02
6.411825649951578832e-02
6.422969281322056523e-02
6.600566258242589190e-02
6.600566258242589190e-02
6.604307309275603277e-02
6.487358773990738181e-02
6.487358773990738181e-02
6.399951581080758067e-02
6.399951581080758067e-02
6.402050073461577895e-02
6.402050073461577895e-02
6.417555974326220880e-02
6.443041289473590283e-02
6.802582038654135521e-02
6.669354925428812308e-02
6.655542323425121809e-02
6.529344949287095579e-02
6.309708672525062012e-02
6.244025530126823958e-02
6.297781894859526275e-02
6.297781894859526275e-02
6.284409084259152956e-02
5.957322693907638606e-02
5.957322693907638606e-02
5.973689685852253545e-02
6.182821794453821629e-02
6.171964227135998127e-02
6.113318669272218425e-02
6.029072849207273155e-02
6.062416383507985423e-02
6.060742494962572530e-02
5.882841076000067809e-02
5.714176375991111834e-02
5.655303850336685506e-02
5.655303850336685506e-02
5.672126832725257056e-02
5.672126832725257056e-02
5.672126832725257056e-02
5.584777681044569148e-02
5.609676524125283698e-02
5.605787504307672281e-02
5.605787504307672281e-02
5.455424517542865198e-02
5.443450820027079945e-02
5.215562260926220883e-02
5.170751319644706356e-02
5.055050710701467637e-02
5.047587533552588129e-02
5.047587533552588129e-02
5.047587533552588129e-02
5.020870464078667356e-02
5.020870464078667356e-02
5.061576273818372412e-02
5.184750039612612965e-02
5.184750039612612965e-02
5.299823396370786921e-02
5.299823396370786921e-02
5.128106815465326845e-02
5.164069285279094396e-02
5.164069285279094396e-02
5.171509249927572216e-02
5.353014626393396563e-02
5.224286671124702547e-02
5.181401405664290416e-02
5.131187405343675539e-02
5.147806988833683595e-02
5.147806988833683595e-02
5.142024451344489461e-02
5.105748933181971511e-02
5.105748933181971511e-02
5.142067128441202284e-02
4.923742285546631181e-02
4.883957075818968346e-02
4.915390662318058768e-02
4.930719870973546831e-02
4.865608310454888619e-02
4.721334647977717264e-02
4.721334647977717264e-02
4.696575244966055135e-02
4.696575244966055135e-02
4.747710950580472100e-02
4.723620878916063442e-02
4.723620878916063442e-02
4.723620878916063442e-02
4.719924454091564692e-02
4.588537258701875371e-02
4.587690524658629559e-02
4.586163728908338594e-02
4.586163728908338594e-02
4.586163728908338594e-02
4.593246039336101871e-02
4.673617947437781056e-02
4.682149584412731436e-02
4.682149584412731436e-02
4.841390789738608813e-02
4.841390789738608813e-02
4.877945415503836396e-02
4.887518919962766800e-02
4.887518919962766800e-02
4.878518176234598186e-02
4.878518176234598186e-02
4.878518176234598186e-02
4.878518176234598186e-02
4.888878166563387362e-02
4.819576057113845319e-02
4.868121753121851247e-02
4.868121753121851247e-02
4.900230565910989461e-02
4.971355391484403446e-02
5.029349153870083661e-02
5.020551626753629731e-02
5.270348688807031251e-02
5.249129348492696107e-02
5.249129348492696107e-02
5.214762037078558149e-02
5.193791094447087336e-02
5.148557302959089893e-02
5.141262623509464808e-02
5.153574104166502162e-02
5.189741361694772542e-02
5.227756429341103711e-02
5.227756429341103711e-02
5.128922589146895500e-02
5.166098640245476298e-02
5.358352919630576111e-02
5.416796740759339396e-02
5.626041784107401605e-02
5.639849576994987457e-02
5.656720396221612268e-02
5.777779853540154775e-02
5.777779853540154775e-02
5.939917387412127492e-02
5.939917387412127492e-02
5.939917387412127492e-02
5.939917387412127492e-02
5.768161791079817052e-02
5.768161791079817052e-02
5.768161791079817052e-02
5.763059571391677266e-02
5.984473463559934064e-02
6.089640859137362972e-02
6.181331671402700428e-02
6.181331671402700428e-02
6.181331671402700428e-02
6.190260050912229500e-02
6.182646712099804792e-02
6.149312905307527388e-02
6.145876411387999477e-02
6.144528443339131868e-02
6.144528443339131868e-02
6.230701674203131812e-02
6.230701674203131812e-02
6.279937088953203850e-02
6.279937088953203850e-02
6.279937088953203850e-02
6.414274865910611634e-02
6.414274865910611634e-02
6.361601408681491487e-02
6.361601408681491487e-02
6.323082807664830163e-02
6.323082807664830163e-02
6.323082807664830163e-02
6.290242228342393660e-02
6.290242228342393660e-02
6.290242228342393660e-02
6.290242228342393660e-02
6.306544698532846882e-02
6.306544698532846882e-02
6.306544698532846882e-02
6.332996733250044474e-02
6.367682385460322891e-02
6.350141282632268402e-02
6.350141282632268402e-02
6.350141282632268402e-02
6.283165150541966670e-02
6.283165150541966670e-02
6.316408777121278184e-02
6.319016288670373238e-02
6.316714404766191060e-02
6.299339103946996477e-02
6.299339103946996477e-02
6.299339103946996477e-02
6.287336949422116239e-02
6.287336949422116239e-02
6.285278066071754710e-02
6.285278066071754710e-02
6.217025048621094285e-02
6.217025048621094285e-02
6.217025048621094285e-02
6.221208461832646724e-02
6.243214506386252777e-02
6.263716397931355651e-02
6.243856540000525951e-02
6.243856540000525951e-02
6.243856540000525951e-02
6.258367113934183712e-02
6.491603185651080576e-02
6.491603185651080576e-02
6.437981664517314351e-02
6.433256100149965795e-02
6.421699296343173768e-02
6.358353796149100734e-02
6.307668708722453943e-02
6.307668708722453943e-02
6.307668708722453943e-02
6.307668708722453943e-02
6.307668708722453943e-02
6.307668708722453943e-02
6.307668708722453943e-02
6.352147325723518645e-02
6.352147325723518645e-02
6.352147325723518645e-02
6.352147325723518645e-02
6.352147325723518645e-02
6.352147325723518645e-02
6.352147325723518645e-02
6.470230477683931725e-02
6.462584187855813234e-02
6.428479659584877826e-02
6.428479659584877826e-02
6.428479659584877826e-02
6.428479659584877826e-02
6.428479659584877826e-02
6.425890791968243143e-02
6.437272112969123772e-02
6.425734609524648422e-02
6.428654457042586035e-02
6.428654457042586035e-02
6.428654457042586035e-02
6.428654457042586035e-02
6.324326288441636801e-02
6.313735109035750748e-02
6.312767494559652637e-02
6.312767494559652637e-02
6.350116354227455795e-02
6.350116354227455795e-02
6.350116354227455795e-02
6.361119510570395486e-02
6.362835331721437837e-02
6.362835331721437837e-02
6.362835331721437837e-02
6.362835331721437837e-02
6.377320537733655037e-02
6.377320537733655037e-02
6.377320537733655037e-02
6.378881577198597386e-02
6.378881577198597386e-02
6.402160057329640830e-02
6.415316312080925065e-02
6.419332598011696922e-02
6.419332598011696922e-02
6.419332598011696922e-02
6.419332598011696922e-02
6.419332598011696922e-02
6.257810799702841209e-02
6.255404621262312947e-02
6.255404621262312947e-02
6.265379352729699702e-02
6.265379352729699702e-02
6.265099695757546383e-02
6.221717794520943007e-02
6.221717794520943007e-02
6.221717794520943007e-02
6.221717794520943007e-02
6.256515874761139906e-02
6.256515874761139906e-02
6.256515874761139906e-02
6.256515874761139906e-02
6.256515874761139906e-02
6.256515874761139906e-02
6.256515874761139906e-02
6.256515874761139906e-02
6.256121806368233895e-02
6.256121806368233895e-02
6.256121806368233895e-02
6.256121806368233895e-02
6.256121806368233895e-02
6.256121806368233895e-02
6.256121806368233895e-02
6.256121806368233895e-02
6.256121806368233895e-02
6.256121806368233895e-02
6.276090454312081846e-02
6.264056028851194835e-02
6.264056028851194835e-02
6.258707269419849784e-02
6.272317370285879212e-02
6.272317370285879212e-02
6.272317370285879212e-02
6.272317370285879212e-02
6.272317370285879212e-02
6.278870178072619435e-02
6.278870178072619435e-02
6.278870178072619435e-02
6.315248506195843270e-02
6.315248506195843270e-02
6.315248506195843270e-02
6.315248506195843270e-02
6.315248506195843270e-02
6.352743539947677820e-02
6.334029354749104446e-02
6.334029354749104446e-02
6.321672553542116713e-02
6.309118523773475651e-02
6.309118523773475651e-02
6.292858049597761794e-02
6.294412309149396978e-02
6.294412309149396978e-02
6.294412309149396978e-02
6.294412309149396978e-02
6.294412309149396978e-02
6.252684817005414730e-02
6.252684817005414730e-02
6.321562359140962817e-02
6.321562359140962817e-02
6.321562359140962817e-02
6.321562359140962817e-02
6.321562359140962817e-02
6.321562359140962817e-02
6.321562359140962817e-02
6.179641563481665795e-02
6.215882853817131237e-02
6.215882853817131237e-02
6.212912709155796881e-02
6.212912709155796881e-02
6.212912709155796881e-02
6.212912709155796881e-02
6.205951375064203829e-02
6.215340089249529049e-02
6.215340089249529049e-02
6.215340089249529049e-02
6.215340089249529049e-02
6.215340089249529049e-02
6.215340089249529049e-02
6.215340089249529049e-02
6.215340089249529049e-02
6.215340089249529049e-02
6.252137952898129125e-02
6.252137952898129125e-02
6.266711639847795390e-02
6.224768508750780360e-02
6.224768508750780360e-02
6.224768508750780360e-02
6.224768508750780360e-02
6.296376206544383736e-02
6.297202771308928193e-02
6.297202771308928193e-02
6.297202771308928193e-02
6.294006585041310442e-02
6.234950764199615608e-02
6.234950764199615608e-02
6.259471857968511299e-02
6.259471857968511299e-02
6.259471857968511299e-02
6.270829935333277483e-02
6.270829935333277483e-02
6.270829935333277483e-02
6.270829935333277483e-02
6.276886103525512739e-02
6.272231654571999715e-02
6.272231654571999715e-02
6.272231654571999715e-02
6.272231654571999715e-02
6.272231654571999715e-02
6.272231654571999715e-02
6.263602464574773154e-02
6.263602464574773154e-02
6.263602464574773154e-02
6.263602464574773154e-02
6.263602464574773154e-02
6.321681993605954286e-02
6.321681993605954286e-02
6.321681993605954286e-02
6.321681993605954286e-02
6.321681993605954286e-02
6.321681993605954286e-02
6.321681993605954286e-02
6.321681993605954286e-02
6.321681993605954286e-02
6.321681993605954286e-02
6.321201394978780141e-02
6.321201394978780141e-02
6.321201394978780141e-02
6.309666662810660409e-02
6.309666662810660409e-02
6.309666662810660409e-02
6.309666662810660409e-02
6.309666662810660409e-02
6.309666662810660409e-02
6.309666662810660409e-02
6.309666662810660409e-02
6.309666662810660409e-02
6.340007008140609301e-02
6.340007008140609301e-02
6.340007008140609301e-02
6.351418376652873121e-02
6.351418376652873121e-02
6.349329944464657260e-02
6.361271391707420952e-02
6.361271391707420952e-02
6.361271391707420952e-02
6.361271391707420952e-02
6.361271391707420952e-02
6.361271391707420952e-02
6.365123972418833265e-02
6.348913482335327707e-02
6.312727062826485602e-02
6.314174844138020770e-02
6.314174844138020770e-02
6.322601985250227152e-02
6.322601985250227152e-02
6.322601985250227152e-02
6.322601985250227152e-02
6.322601985250227152e-02
6.320486977430384012e-02
6.320486977430384012e-02
6.320486977430384012e-02
6.320486977430384012e-02
6.359006398655125958e-02
6.359006398655125958e-02
6.359006398655125958e-02
6.352211052378921308e-02
6.352211052378921308e-02
6.352211052378921308e-02
6.352211052378921308e-02
6.350954503673110485e-02
6.352749277514850579e-02
6.352749277514850579e-02
6.352749277514850579e-02
6.352749277514850579e-02
6.352749277514850579e-02
6.352749277514850579e-02
6.352749277514850579e-02
6.352749277514850579e-02
6.352749277514850579e-02
6.352749277514850579e-02
6.352749277514850579e-02
6.352749277514850579e-02
6.348319023058170141e-02
6.348319023058170141e-02
6.384747516369124187e-02
6.384747516369124187e-02
6.384747516369124187e-02
6.384747516369124187e-02
6.384747516369124187e-02
6.384747516369124187e-02
6.342638152986547484e-02
6.342638152986547484e-02
6.342638152986547484e-02
6.342638152986547484e-02
6.342638152986547484e-02
6.342638152986547484e-02
6.348333021072098681e-02
6.348333021072098681e-02
6.348333021072098681e-02
6.348333021072098681e-02
6.355650580671369509e-02
6.355650580671369509e-02
6.355650580671369509e-02
6.355650580671369509e-02
6.358922129277888580e-02
6.349431781084273474e-02
6.349431781084273474e-02
6.349431781084273474e-02
6.349431781084273474e-02
6.349431781084273474e-02
6.342022496853502722e-02
6.342022496853502722e-02
6.328109935126506602e-02
6.331592006262652672e-02
6.331592006262652672e-02
6.331592006262652672e-02
6.331592006262652672e-02
6.335639553411272218e-02
6.335639553411272218e-02
6.287836083238883267e-02
6.287325404968852061e-02
6.329420634949702029e-02
6.329420634949702029e-02
6.329420634949702029e-02
6.329420634949702029e-02
6.326731252228030844e-02
6.326731252228030844e-02
6.326731252228030844e-02
6.353760822566335842e-02
6.315445835302431477e-02
6.315445835302431477e-02
6.315445835302431477e-02
6.315445835302431477e-02
6.307934833590014834e-02
6.310697287916901266e-02
6.310697287916901266e-02
6.310697287916901266e-02
6.310697287916901266e-02
6.312407233719909139e-02
6.312407233719909139e-02
6.311188219943045241e-02
6.329732574089537434e-02
6.329732574089537434e-02
6.420283957379945006e-02
6.420283957379945006e-02
6.420283957379945006e-02
6.387747630957042733e-02
6.388540810541713799e-02
6.388540810541713799e-02
6.388540810541713799e-02
6.388540810541713799e-02
6.388540810541713799e-02
6.388540810541713799e-02
6.388540810541713799e-02
6.423799138633719263e-02
6.423799138633719263e-02
6.418484836928430026e-02
6.418484836928430026e-02
6.418484836928430026e-02
6.418484836928430026e-02
6.382225549622429217e-02
6.384591543242230938e-02
6.384591543242230938e-02
6.384591543242230938e-02
6.384591543242230938e-02
6.384591543242230938e-02
6.384591543242230938e-02
6.384591543242230938e-02
6.384591543242230938e-02
6.384591543242230938e-02
6.384591543242230938e-02
6.384591543242230938e-02
6.384591543242230938e-02
6.384591543242230938e-02
6.384591543242230938e-02
6.388634432218708026e-02
6.388634432218708026e-02
6.348474103354359577e-02
6.348474103354359577e-02
6.348474103354359577e-02
6.348474103354359577e-02
6.348474103354359577e-02
6.348474103354359577e-02
6.348474103354359577e-02
6.348474103354359577e-02
6.348474103354359577e-02
6.348474103354359577e-02
6.348474103354359577e-02
6.348474103354359577e-02
6.352479772891039822e-02
6.352479772891039822e-02
6.352479772891039822e-02
6.352479772891039822e-02
6.352479772891039822e-02
6.352479772891039822e-02
6.352479772891039822e-02
6.352479772891039822e-02
6.352479772891039822e-02
6.352479772891039822e-02
6.396510844817113184e-02
6.396510844817113184e-02
6.396510844817113184e-02
6.396510844817113184e-02
6.396510844817113184e-02
6.396510844817113184e-02
6.396510844817113184e-02
6.396510844817113184e-02
6.396510844817113184e-02
6.396510844817113184e-02
6.396510844817113184e-02
6.396510844817113184e-02
6.396510844817113184e-02
6.396510844817113184e-02
6.396510844817113184e-02
6.396510844817113184e-02
6.396510844817113184e-02
6.396510844817113184e-02
6.396510844817113184e-02
6.432538209967193776e-02
6.429376902185683640e-02
6.429376902185683640e-02
6.429376902185683640e-02
6.429376902185683640e-02
6.440888494104177187e-02
6.440888494104177187e-02
6.440888494104177187e-02
6.445328569227047610e-02
6.445328569227047610e-02
6.445328569227047610e-02
6.445328569227047610e-02
6.445328569227047610e-02
6.445328569227047610e-02
6.445328569227047610e-02
6.445328569227047610e-02
6.445328569227047610e-02
6.445328569227047610e-02
6.445328569227047610e-02
6.445328569227047610e-02
6.445328569227047610e-02
6.445328569227047610e-02
6.445328569227047610e-02
6.445328569227047610e-02
6.445328569227047610e-02
6.445328569227047610e-02
6.445328569227047610e-02
6.445328569227047610e-02
6.445328569227047610e-02
6.445328569227047610e-02
6.443893431458391774e-02
6.447260465590570755e-02
6.441336308695778945e-02
6.441336308695778945e-02
6.441336308695778945e-02
6.459504985350073003e-02
6.459504985350073003e-02
6.459504985350073003e-02
6.459504985350073003e-02
6.459504985350073003e-02
6.459504985350073003e-02
6.459504985350073003e-02
6.459504985350073003e-02
6.448969703104935614e-02
6.448969703104935614e-02
6.448969703104935614e-02
6.448969703104935614e-02
6.448969703104935614e-02
6.445873840205360028e-02
6.445873840205360028e-02
6.445873840205360028e-02
6.445873840205360028e-02
6.445873840205360028e-02
6.445873840205360028e-02
6.445873840205360028e-02
6.445873032109164513e-02
6.445873032109164513e-02
6.445873032109164513e-02
6.445873032109164513e-02
6.445873032109164513e-02
6.445873032109164513e-02
6.445873032109164513e-02
6.445873032109164513e-02
6.445873032109164513e-02
6.445873032109164513e-02
6.445873032109164513e-02
6.445873032109164513e-02
6.445873032109164513e-02
6.445873032109164513e-02
6.445873032109164513e-02
6.445873032109164513e-02
6.445873032109164513e-02
6.448066870127487638e-02
6.448066870127487638e-02
6.448066870127487638e-02
6.448066870127487638e-02
6.448066870127487638e-02
6.448066870127487638e-02
6.448066870127487638e-02
6.448066870127487638e-02
6.448066870127487638e-02
6.448066870127487638e-02
6.448066870127487638e-02
6.448066870127487638e-02
6.448066870127487638e-02
6.448066870127487638e-02
6.448066870127487638e-02
6.448066870127487638e-02
6.448066870127487638e-02
6.448066870127487638e-02
6.448066870127487638e-02
6.448066870127487638e-02
6.448066870127487638e-02
6.448066870127487638e-02
6.448066870127487638e-02
6.448066870127487638e-02
6.448066870127487638e-02
6.448066870127487638e-02
6.491876166610534293e-02
6.491876166610534293e-02
6.491876166610534293e-02
6.491876166610534293e-02
6.491876166610534293e-02
6.491876166610534293e-02
6.491876166610534293e-02
6.491876166610534293e-02
6.491876166610534293e-02
6.491876166610534293e-02
6.491876166610534293e-02
6.497743240440743973e-02
6.497743240440743973e-02
6.497743240440743973e-02
6.497743240440743973e-02
6.497743240440743973e-02
6.497743240440743973e-02
6.497743240440743973e-02
6.497743240440743973e-02
6.497743240440743973e-02
6.497743240440743973e-02
6.497743240440743973e-02
6.494878076116879229e-02
6.494878076116879229e-02
6.494878076116879229e-02
6.494878076116879229e-02
6.494878076116879229e-02
6.494878076116879229e-02
6.494878076116879229e-02
6.505221936722817289e-02
6.505221936722817289e-02
6.505221936722817289e-02
6.461647403252400446e-02
6.461647403252400446e-02
6.461647403252400446e-02
6.443792505258814918e-02
6.443792505258814918e-02
6.443792505258814918e-02
6.443792505258814918e-02
6.443792505258814918e-02
6.443792505258814918e-02
6.443792505258814918e-02
6.443792505258814918e-02
6.443792505258814918e-02
6.443792505258814918e-02
6.444556018018597621e-02
6.444556018018597621e-02
6.444556018018597621e-02
6.444556018018597621e-02
6.444556018018597621e-02
6.444556018018597621e-02
6.444556018018597621e-02
6.444556018018597621e-02
6.444556018018597621e-02
6.444556018018597621e-02
6.444556018018597621e-02
6.444556018018597621e-02
6.444556018018597621e-02
6.444556018018597621e-02
6.444556018018597621e-02
6.444556018018597621e-02
6.444556018018597621e-02
6.444556018018597621e-02
6.444556018018597621e-02
6.444556018018597621e-02
6.420699805667455518e-02
6.420699805667455518e-02
6.420699805667455518e-02
6.420699805667455518e-02
6.420699805667455518e-02
6.420699805667455518e-02
6.416102975476911663e-02
6.416102975476911663e-02
6.416102975476911663e-02
6.416102975476911663e-02
6.416102975476911663e-02
6.416102975476911663e-02
6.416102975476911663e-02
6.416102975476911663e-02
6.422579655141241739e-02
6.422579655141241739e-02
6.422579655141241739e-02
6.422579655141241739e-02
6.422579655141241739e-02
6.422579655141241739e-02
6.422579655141241739e-02
6.422579655141241739e-02
6.422579655141241739e-02
6.422579655141241739e-02
6.422579655141241739e-02
6.422579655141241739e-02
6.422579655141241739e-02
6.428630414223505951e-02
6.431942720114425249e-02
6.431942720114425249e-02
6.432798289599210573e-02
6.432798289599210573e-02
6.432798289599210573e-02
6.432798289599210573e-02
6.432798289599210573e-02
6.432798289599210573e-02
6.432798289599210573e-02
6.432798289599210573e-02
6.429970959259194430e-02
6.429970959259194430e-02
6.429970959259194430e-02
6.429970959259194430e-02
6.429970959259194430e-02
6.429970959259194430e-02
6.429970959259194430e-02
6.429970959259194430e-02
6.429970959259194430e-02
6.429970959259194430e-02
6.429970959259194430e-02
6.429970959259194430e-02
6.429970959259194430e-02
6.429970959259194430e-02
6.429970959259194430e-02
6.430615028772808384e-02
6.430615028772808384e-02
6.430615028772808384e-02
6.430615028772808384e-02
6.430615028772808384e-02
6.430615028772808384e-02
6.430615028772808384e-02
6.430615028772808384e-02
6.430615028772808384e-02
6.430615028772808384e-02
6.430615028772808384e-02
6.430615028772808384e-02
6.430615028772808384e-02
6.439636280204290297e-02
6.439636280204290297e-02
6.439636280204290297e-02
6.439636280204290297e-02
6.439636280204290297e-02
6.439636280204290297e-02
6.439636280204290297e-02
6.439636280204290297e-02
6.457492419370246262e-02
6.457492419370246262e-02
6.457492419370246262e-02
6.457492419370246262e-02
6.457492419370246262e-02
6.457492419370246262e-02
6.457492419370246262e-02
6.457492419370246262e-02
6.457492419370246262e-02
6.457492419370246262e-02
6.457492419370246262e-02
6.457492419370246262e-02
6.457492419370246262e-02
6.457492419370246262e-02
6.457492419370246262e-02
6.457492419370246262e-02
6.457492419370246262e-02
6.457492419370246262e-02
6.457492419370246262e-02
6.457492419370246262e-02
6.457492419370246262e-02
6.457492419370246262e-02
6.457492419370246262e-02
6.457492419370246262e-02
6.457492419370246262e-02
6.457492419370246262e-02
6.457492419370246262e-02
6.457492419370246262e-02
6.457492419370246262e-02
6.457492419370246262e-02
6.457492419370246262e-02
6.457492419370246262e-02
6.457492419370246262e-02
6.457492419370246262e-02
6.442930762656552679e-02
6.442930762656552679e-02
6.442930762656552679e-02
6.442930762656552679e-02
6.442930762656552679e-02
6.442930762656552679e-02
6.442930762656552679e-02
6.442930762656552679e-02
6.428735908255708842e-02
6.428735908255708842e-02
6.428735908255708842e-02
6.428735908255708842e-02
6.409510251456698726e-02
6.418913105395696039e-02
6.418913105395696039e-02
6.418913105395696039e-02
6.418913105395696039e-02
6.414883442045543616e-02
6.414883442045543616e-02
6.414883442045543616e-02
6.414883442045543616e-02
6.414883442045543616e-02
6.414883442045543616e-02
6.414883442045543616e-02
6.414883442045543616e-02
6.414883442045543616e-02
6.414883442045543616e-02
6.414883442045543616e-02
6.414883442045543616e-02
6.414883442045543616e-02
6.414883442045543616e-02
6.414883442045543616e-02
6.414883442045543616e-02
6.414883442045543616e-02
6.414883442045543616e-02
6.414883442045543616e-02
6.414883442045543616e-02
6.414883442045543616e-02
6.414883442045543616e-02
6.414883442045543616e-02
6.414883442045543616e-02
6.414883442045543616e-02
6.414883442045543616e-02
6.414883442045543616e-02
6.411649443284869743e-02
6.411649443284869743e-02
6.411649443284869743e-02
6.411649443284869743e-02
6.411649443284869743e-02
6.411649443284869743e-02
6.411649443284869743e-02
6.411649443284869743e-02
6.411649443284869743e-02
6.411649443284869743e-02
6.411649443284869743e-02
6.411649443284869743e-02
6.411649443284869743e-02
6.411649443284869743e-02
6.393636532114896354e-02
6.404456340560885086e-02
6.404456340560885086e-02
6.404456340560885086e-02
6.404456340560885086e-02
6.404456340560885086e-02
6.404456340560885086e-02
6.404456340560885086e-02
6.405488027861098999e-02
6.405488027861098999e-02
6.405488027861098999e-02
6.405488027861098999e-02
6.405488027861098999e-02
6.405488027861098999e-02
6.405488027861098999e-02
6.405488027861098999e-02
6.405488027861098999e-02
6.405488027861098999e-02
6.405488027861098999e-02
6.405488027861098999e-02
6.408744416594321092e-02
6.408744416594321092e-02
6.408744416594321092e-02
6.408744416594321092e-02
6.408744416594321092e-02
6.408744416594321092e-02
6.408744416594321092e-02
6.408744416594321092e-02
6.408744416594321092e-02
6.408744416594321092e-02
6.408744416594321092e-02
6.408744416594321092e-02
6.408744416594321092e-02
6.408744416594321092e-02
6.408744416594321092e-02
6.408744416594321092e-02
6.408744416594321092e-02
6.408744416594321092e-02
6.408744416594321092e-02
6.408744416594321092e-02
6.408744416594321092e-02
6.408744416594321092e-02
6.408744416594321092e-02
6.408744416594321092e-02
6.408744416594321092e-02
6.406573542501529939e-02
6.406573542501529939e-02
6.406573542501529939e-02
6.406573542501529939e-02
6.406573542501529939e-02
6.406573542501529939e-02
6.406573542501529939e-02
6.406573542501529939e-02
6.406573542501529939e-02
6.406573542501529939e-02
6.397704204048239307e-02
6.397704204048239307e-02
6.397704204048239307e-02
6.397704204048239307e-02
6.397704204048239307e-02
6.397704204048239307e-02
6.394350481396859909e-02
6.394350481396859909e-02
6.394350481396859909e-02
6.394350481396859909e-02
6.394350481396859909e-02
6.394350481396859909e-02
6.394350481396859909e-02
6.394350481396859909e-02
6.394350481396859909e-02
6.394350481396859909e-02
6.394350481396859909e-02
6.394350481396859909e-02
6.394350481396859909e-02
6.394350481396859909e-02
6.394350481396859909e-02
6.394350481396859909e-02
6.394350481396859909e-02
6.394350481396859909e-02
6.394350481396859909e-02
6.394350481396859909e-02
6.394350481396859909e-02
6.394350481396859909e-02
6.394350481396859909e-02
6.394350481396859909e-02
6.394350481396859909e-02
6.394350481396859909e-02
6.394350481396859909e-02
6.398990784269516230e-02
6.398990784269516230e-02
6.398990784269516230e-02
6.398990784269516230e-02
6.398990784269516230e-02
6.398990784269516230e-02
