0.000000000000000000e+00
9.151517268872978728e-02
9.151517268872978728e-02
8.955192766944046479e-02
8.776859959202887307e-02
8.528107651373488529e-02
8.638205649148687770e-02
8.663514906872403498e-02
8.606858502787499698e-02
8.630115999534615501e-02
8.618620486577209527e-02
8.601815007152908976e-02
8.576268056648718441e-02
8.555706401557207352e-02
8.538115947701817310e-02
8.538115947701817310e-02
8.538115947701817310e-02
8.538115947701817310e-02
8.538115947701817310e-02
8.538115947701817310e-02
8.520944962664835087e-02
8.520944962664835087e-02
8.520944962664835087e-02
8.520944962664835087e-02
8.520944962664835087e-02
8.520944962664835087e-02
8.520944962664835087e-02
8.520944962664835087e-02
8.520944962664835087e-02
8.520944962664835087e-02
8.520944962664835087e-02
8.520944962664835087e-02
8.520944962664835087e-02
8.520944962664835087e-02
8.520944962664835087e-02
8.520944962664835087e-02
8.520944962664835087e-02
8.520944962664835087e-02
8.520944962664835087e-02
8.520944962664835087e-02
8.520944962664835087e-02
8.520944962664835087e-02
8.520944962664835087e-02
8.520944962664835087e-02
8.520944962664835087e-02
8.520944962664835087e-02
8.520944962664835087e-02
8.520944962664835087e-02
8.520944962664835087e-02
8.520944962664835087e-02
8.520944962664835087e-02
8.520944962664835087e-02
8.520944962664835087e-02
8.520944962664835087e-02
8.520944962664835087e-02
8.520944962664835087e-02
8.520944962664835087e-02
8.520944962664835087e-02
8.520944962664835087e-02
8.520944962664835087e-02
8.520944962664835087e-02
8.520944962664835087e-02
8.520944962664835087e-02
8.520944962664835087e-02
8.520944962664835087e-02
8.520944962664835087e-02
8.520944962664835087e-02
8.520944962664835087e-02
8.520944962664835087e-02
8.520944962664835087e-02
8.520944962664835087e-02
8.520944962664835087e-02
8.520944962664835087e-02
8.520944962664835087e-02
8.520944962664835087e-02
8.520944962664835087e-02
8.520944962664835087e-02
8.520944962664835087e-02
8.520944962664835087e-02
8.520944962664835087e-02
8.520944962664835087e-02
8.520944962664835087e-02
8.520944962664835087e-02
8.520944962664835087e-02
8.520944962664835087e-02
8.520944962664835087e-02
8.520944962664835087e-02
8.520944962664835087e-02
8.520944962664835087e-02
8.520944962664835087e-02
8.520944962664835087e-02
8.520944962664835087e-02
8.520944962664835087e-02
8.520944962664835087e-02
8.520944962664835087e-02
8.520944962664835087e-02
8.520944962664835087e-02
8.520944962664835087e-02
8.520944962664835087e-02
8.520944962664835087e-02
8.520944962664835087e-02
8.520944962664835087e-02
8.520944962664835087e-02
8.520944962664835087e-02
8.520944962664835087e-02
8.520944962664835087e-02
8.520944962664835087e-02
8.520944962664835087e-02
8.520944962664835087e-02
8.520944962664835087e-02
8.520944962664835087e-02
8.520944962664835087e-02
8.520944962664835087e-02
8.520944962664835087e-02
8.520944962664835087e-02
8.520944962664835087e-02
8.520944962664835087e-02
8.520944962664835087e-02
8.520944962664835087e-02
8.520944962664835087e-02
8.520944962664835087e-02
8.520944962664835087e-02
8.520944962664835087e-02
8.520944962664835087e-02
8.520944962664835087e-02
8.520944962664835087e-02
8.520944962664835087e-02
8.520944962664835087e-02
8.520944962664835087e-02
8.520944962664835087e-02
8.520944962664835087e-02
8.520944962664835087e-02
8.520944962664835087e-02
8.520944962664835087e-02
8.520944962664835087e-02
8.520944962664835087e-02
8.520944962664835087e-02
8.520944962664835087e-02
8.520944962664835087e-02
8.520944962664835087e-02
8.520944962664835087e-02
8.520944962664835087e-02
8.520944962664835087e-02
8.520944962664835087e-02
8.520944962664835087e-02
8.520944962664835087e-02
8.520944962664835087e-02
8.520944962664835087e-02
8.520944962664835087e-02
8.520944962664835087e-02
8.520944962664835087e-02
8.520944962664835087e-02
8.520944962664835087e-02
8.520944962664835087e-02
8.520944962664835087e-02
8.520944962664835087e-02
8.520944962664835087e-02
8.520944962664835087e-02
8.520944962664835087e-02
8.520944962664835087e-02
8.520944962664835087e-02
8.520944962664835087e-02
8.520944962664835087e-02
8.520944962664835087e-02
8.520944962664835087e-02
8.520944962664835087e-02
8.520944962664835087e-02
8.520944962664835087e-02
8.520944962664835087e-02
8.520944962664835087e-02
8.520944962664835087e-02
8.520944962664835087e-02
8.520944962664835087e-02
8.520944962664835087e-02
8.520944962664835087e-02
8.520944962664835087e-02
8.520944962664835087e-02
8.520944962664835087e-02
8.520944962664835087e-02
8.520944962664835087e-02
8.520944962664835087e-02
8.520944962664835087e-02
8.520944962664835087e-02
8.520944962664835087e-02
8.520944962664835087e-02
8.520944962664835087e-02
8.520944962664835087e-02
8.520944962664835087e-02
8.520944962664835087e-02
8.520944962664835087e-02
8.520944962664835087e-02
8.520944962664835087e-02
8.520944962664835087e-02
8.520944962664835087e-02
8.520944962664835087e-02
8.520944962664835087e-02
8.520944962664835087e-02
8.520944962664835087e-02
8.520944962664835087e-02
8.520944962664835087e-02
8.520944962664835087e-02
8.520944962664835087e-02
8.520944962664835087e-02
8.520944962664835087e-02
8.520944962664835087e-02
8.520944962664835087e-02
8.520944962664835087e-02
8.520944962664835087e-02
8.520944962664835087e-02
8.520944962664835087e-02
8.520944962664835087e-02
8.520944962664835087e-02
8.520944962664835087e-02
8.520944962664835087e-02
8.520944962664835087e-02
8.520944962664835087e-02
8.520944962664835087e-02
8.520944962664835087e-02
8.520944962664835087e-02
8.520944962664835087e-02
8.520944962664835087e-02
8.520944962664835087e-02
8.520944962664835087e-02
8.520944962664835087e-02
8.520944962664835087e-02
8.520944962664835087e-02
8.520944962664835087e-02
8.520944962664835087e-02
8.520944962664835087e-02
8.520944962664835087e-02
8.520944962664835087e-02
8.520944962664835087e-02
8.520944962664835087e-02
8.520944962664835087e-02
8.520944962664835087e-02
8.520944962664835087e-02
8.520944962664835087e-02
8.520944962664835087e-02
8.520944962664835087e-02
8.520944962664835087e-02
8.520944962664835087e-02
8.520944962664835087e-02
8.520944962664835087e-02
8.520944962664835087e-02
8.520944962664835087e-02
8.520944962664835087e-02
8.520944962664835087e-02
8.520944962664835087e-02
8.520944962664835087e-02
8.520944962664835087e-02
