1.000000000000000000e+00
9.994112191243665899e-01
9.985309430443040091e-01
9.963703018901433062e-01
9.931786864542913040e-01
9.895218302143948819e-01
9.834223250791993554e-01
9.801825951454049557e-01
9.711199559539132053e-01
9.637963094871565550e-01
9.609363595834896632e-01
9.573078748095930068e-01
9.502129486658571489e-01
9.431641823641988553e-01
9.368808699712629640e-01
9.368808699712629640e-01
9.299325472048832752e-01
9.297645073553508777e-01
9.259060686745520519e-01
9.190868453084405365e-01
9.148903538780378542e-01
9.089685506964472195e-01
9.082937931136151333e-01
9.078712723150887953e-01
9.073533498466251901e-01
9.058418723525040184e-01
9.058418723525040184e-01
9.063617204762278723e-01
9.085338819000301491e-01
9.017585301028278044e-01
9.014085276502028510e-01
9.014085276502028510e-01
8.958236776908959920e-01
8.952636314495147074e-01
8.952636314495147074e-01
8.979897743869575955e-01
8.923853490583109060e-01
8.923853490583109060e-01
8.924878056494585099e-01
8.912365628480114488e-01
8.912365628480114488e-01
8.912365628480114488e-01
8.912365628480114488e-01
8.912365628480114488e-01
8.912365628480114488e-01
8.907724116974391482e-01
8.907724116974391482e-01
8.907724116974391482e-01
8.907724116974391482e-01
8.907724116974391482e-01
8.907724116974391482e-01
8.961890521453608205e-01
8.961890521453608205e-01
8.961890521453608205e-01
8.961890521453608205e-01
9.014530935231350739e-01
9.014530935231350739e-01
9.014530935231350739e-01
9.014530935231350739e-01
9.014530935231350739e-01
9.014530935231350739e-01
9.014530935231350739e-01
9.014530935231350739e-01
9.014530935231350739e-01
9.014530935231350739e-01
9.014530935231350739e-01
9.014530935231350739e-01
9.014530935231350739e-01
9.014530935231350739e-01
9.014530935231350739e-01
9.014530935231350739e-01
9.014530935231350739e-01
9.014530935231350739e-01
9.014530935231350739e-01
9.014530935231350739e-01
9.014530935231350739e-01
9.014530935231350739e-01
9.014530935231350739e-01
9.014530935231350739e-01
9.014530935231350739e-01
9.014530935231350739e-01
9.014530935231350739e-01
9.014530935231350739e-01
9.014530935231350739e-01
9.014530935231350739e-01
9.014530935231350739e-01
9.014530935231350739e-01
9.014530935231350739e-01
9.014530935231350739e-01
9.014530935231350739e-01
9.014530935231350739e-01
9.014530935231350739e-01
9.014530935231350739e-01
9.014530935231350739e-01
9.014530935231350739e-01
9.014530935231350739e-01
9.014530935231350739e-01
9.014530935231350739e-01
9.014530935231350739e-01
9.014530935231350739e-01
9.014530935231350739e-01
9.014530935231350739e-01
9.014530935231350739e-01
9.014530935231350739e-01
9.014530935231350739e-01
9.014530935231350739e-01
9.014530935231350739e-01
9.014530935231350739e-01
9.014530935231350739e-01
9.014530935231350739e-01
9.014530935231350739e-01
9.014530935231350739e-01
9.014530935231350739e-01
9.014530935231350739e-01
9.014530935231350739e-01
9.014530935231350739e-01
9.014530935231350739e-01
9.014530935231350739e-01
9.014530935231350739e-01
9.014530935231350739e-01
9.014530935231350739e-01
9.014530935231350739e-01
9.014530935231350739e-01
9.014530935231350739e-01
9.014530935231350739e-01
9.014530935231350739e-01
9.014530935231350739e-01
9.014530935231350739e-01
9.014530935231350739e-01
9.014530935231350739e-01
9.014530935231350739e-01
9.014530935231350739e-01
9.014530935231350739e-01
9.014530935231350739e-01
9.014530935231350739e-01
9.014530935231350739e-01
9.014530935231350739e-01
9.014530935231350739e-01
9.014530935231350739e-01
9.014530935231350739e-01
9.014530935231350739e-01
9.014530935231350739e-01
9.014530935231350739e-01
9.014530935231350739e-01
9.014530935231350739e-01
9.014530935231350739e-01
9.014530935231350739e-01
9.014530935231350739e-01
9.014530935231350739e-01
9.014530935231350739e-01
9.014530935231350739e-01
9.014530935231350739e-01
9.014530935231350739e-01
9.014530935231350739e-01
9.014530935231350739e-01
9.014530935231350739e-01
9.014530935231350739e-01
9.014530935231350739e-01
9.014530935231350739e-01
9.014530935231350739e-01
9.014530935231350739e-01
9.014530935231350739e-01
9.014530935231350739e-01
9.014530935231350739e-01
9.014530935231350739e-01
9.014530935231350739e-01
9.014530935231350739e-01
9.014530935231350739e-01
9.014530935231350739e-01
9.014530935231350739e-01
9.014530935231350739e-01
9.014530935231350739e-01
9.014530935231350739e-01
9.014530935231350739e-01
9.014530935231350739e-01
9.014530935231350739e-01
9.014530935231350739e-01
9.014530935231350739e-01
9.014530935231350739e-01
9.014530935231350739e-01
9.014530935231350739e-01
9.014530935231350739e-01
9.014530935231350739e-01
9.014530935231350739e-01
9.014530935231350739e-01
9.014530935231350739e-01
9.014530935231350739e-01
9.014530935231350739e-01
9.014530935231350739e-01
9.014530935231350739e-01
9.014530935231350739e-01
9.014530935231350739e-01
9.014530935231350739e-01
9.014530935231350739e-01
9.014530935231350739e-01
9.014530935231350739e-01
9.014530935231350739e-01
9.014530935231350739e-01
9.014530935231350739e-01
9.014530935231350739e-01
9.014530935231350739e-01
9.014530935231350739e-01
9.014530935231350739e-01
9.014530935231350739e-01
9.014530935231350739e-01
9.014530935231350739e-01
9.014530935231350739e-01
9.014530935231350739e-01
9.014530935231350739e-01
9.014530935231350739e-01
9.014530935231350739e-01
9.014530935231350739e-01
9.014530935231350739e-01
9.014530935231350739e-01
9.014530935231350739e-01
9.014530935231350739e-01
9.014530935231350739e-01
9.014530935231350739e-01
9.014530935231350739e-01
9.014530935231350739e-01
9.014530935231350739e-01
9.014530935231350739e-01
9.014530935231350739e-01
9.014530935231350739e-01
9.014530935231350739e-01
9.014530935231350739e-01
9.014530935231350739e-01
9.014530935231350739e-01
9.014530935231350739e-01
9.014530935231350739e-01
9.014530935231350739e-01
9.014530935231350739e-01
9.014530935231350739e-01
9.014530935231350739e-01
9.014530935231350739e-01
9.014530935231350739e-01
9.014530935231350739e-01
9.014530935231350739e-01
9.014530935231350739e-01
9.014530935231350739e-01
9.014530935231350739e-01
9.014530935231350739e-01
9.014530935231350739e-01
9.014530935231350739e-01
9.014530935231350739e-01
9.014530935231350739e-01
9.014530935231350739e-01
9.014530935231350739e-01
9.014530935231350739e-01
9.014530935231350739e-01
9.014530935231350739e-01
9.014530935231350739e-01
9.014530935231350739e-01
9.014530935231350739e-01
9.014530935231350739e-01
9.014530935231350739e-01
9.014530935231350739e-01
9.014530935231350739e-01
9.014530935231350739e-01
9.014530935231350739e-01
9.014530935231350739e-01
9.014530935231350739e-01
9.014530935231350739e-01
9.014530935231350739e-01
9.014530935231350739e-01
9.014530935231350739e-01
9.014530935231350739e-01
9.014530935231350739e-01
9.014530935231350739e-01
9.014530935231350739e-01
9.014530935231350739e-01
9.014530935231350739e-01
9.014530935231350739e-01
9.014530935231350739e-01
9.014530935231350739e-01
9.014530935231350739e-01
9.014530935231350739e-01
9.014530935231350739e-01
9.014530935231350739e-01
9.014530935231350739e-01
9.014530935231350739e-01
9.014530935231350739e-01
9.014530935231350739e-01
9.014530935231350739e-01
9.014530935231350739e-01
9.014530935231350739e-01
9.014530935231350739e-01
9.014530935231350739e-01
9.014530935231350739e-01
9.014530935231350739e-01
9.014530935231350739e-01
9.014530935231350739e-01
9.014530935231350739e-01
9.014530935231350739e-01
9.014530935231350739e-01
9.014530935231350739e-01
9.014530935231350739e-01
9.014530935231350739e-01
9.014530935231350739e-01
9.014530935231350739e-01
9.014530935231350739e-01
9.014530935231350739e-01
9.014530935231350739e-01
9.014530935231350739e-01
9.014530935231350739e-01
9.014530935231350739e-01
9.014530935231350739e-01
9.014530935231350739e-01
9.014530935231350739e-01
9.014530935231350739e-01
9.014530935231350739e-01
9.014530935231350739e-01
9.014530935231350739e-01
9.014530935231350739e-01
9.014530935231350739e-01
9.014530935231350739e-01
9.014530935231350739e-01
9.014530935231350739e-01
9.014530935231350739e-01
9.014530935231350739e-01
9.014530935231350739e-01
9.014530935231350739e-01
9.014530935231350739e-01
9.014530935231350739e-01
9.014530935231350739e-01
9.014530935231350739e-01
9.014530935231350739e-01
9.014530935231350739e-01
9.014530935231350739e-01
9.014530935231350739e-01
9.014530935231350739e-01
9.014530935231350739e-01
9.014530935231350739e-01
9.014530935231350739e-01
9.014530935231350739e-01
9.014530935231350739e-01
9.014530935231350739e-01
9.014530935231350739e-01
9.014530935231350739e-01
9.014530935231350739e-01
9.014530935231350739e-01
9.014530935231350739e-01
9.014530935231350739e-01
9.014530935231350739e-01
9.014530935231350739e-01
9.014530935231350739e-01
9.014530935231350739e-01
9.014530935231350739e-01
9.014530935231350739e-01
9.014530935231350739e-01
9.014530935231350739e-01
9.014530935231350739e-01
9.014530935231350739e-01
9.014530935231350739e-01
9.014530935231350739e-01
9.014530935231350739e-01
9.014530935231350739e-01
9.014530935231350739e-01
9.014530935231350739e-01
9.014530935231350739e-01
9.014530935231350739e-01
9.014530935231350739e-01
9.014530935231350739e-01
9.014530935231350739e-01
9.014530935231350739e-01
9.014530935231350739e-01
9.014530935231350739e-01
9.014530935231350739e-01
9.014530935231350739e-01
9.014530935231350739e-01
9.014530935231350739e-01
9.014530935231350739e-01
9.014530935231350739e-01
9.014530935231350739e-01
9.014530935231350739e-01
9.014530935231350739e-01
9.014530935231350739e-01
9.014530935231350739e-01
9.014530935231350739e-01
9.014530935231350739e-01
9.014530935231350739e-01
9.014530935231350739e-01
9.014530935231350739e-01
9.014530935231350739e-01
9.014530935231350739e-01
9.014530935231350739e-01
9.014530935231350739e-01
9.014530935231350739e-01
9.014530935231350739e-01
9.014530935231350739e-01
9.014530935231350739e-01
9.014530935231350739e-01
9.014530935231350739e-01
9.014530935231350739e-01
9.014530935231350739e-01
9.014530935231350739e-01
9.014530935231350739e-01
9.014530935231350739e-01
9.014530935231350739e-01
9.014530935231350739e-01
9.014530935231350739e-01
9.014530935231350739e-01
9.014530935231350739e-01
9.014530935231350739e-01
9.014530935231350739e-01
9.014530935231350739e-01
9.014530935231350739e-01
9.014530935231350739e-01
9.014530935231350739e-01
9.014530935231350739e-01
9.014530935231350739e-01
9.014530935231350739e-01
9.014530935231350739e-01
9.014530935231350739e-01
9.014530935231350739e-01
9.014530935231350739e-01
9.014530935231350739e-01
9.014530935231350739e-01
9.014530935231350739e-01
9.014530935231350739e-01
9.014530935231350739e-01
9.014530935231350739e-01
9.014530935231350739e-01
9.014530935231350739e-01
9.014530935231350739e-01
9.014530935231350739e-01
9.014530935231350739e-01
9.014530935231350739e-01
9.014530935231350739e-01
9.014530935231350739e-01
9.014530935231350739e-01
9.014530935231350739e-01
9.014530935231350739e-01
9.014530935231350739e-01
9.014530935231350739e-01
9.014530935231350739e-01
9.014530935231350739e-01
9.014530935231350739e-01
9.014530935231350739e-01
9.014530935231350739e-01
9.014530935231350739e-01
9.014530935231350739e-01
9.014530935231350739e-01
9.014530935231350739e-01
9.014530935231350739e-01
9.014530935231350739e-01
9.014530935231350739e-01
9.014530935231350739e-01
9.014530935231350739e-01
9.014530935231350739e-01
9.014530935231350739e-01
9.014530935231350739e-01
9.014530935231350739e-01
9.014530935231350739e-01
9.014530935231350739e-01
9.014530935231350739e-01
9.014530935231350739e-01
9.014530935231350739e-01
9.014530935231350739e-01
9.014530935231350739e-01
9.014530935231350739e-01
9.014530935231350739e-01
9.014530935231350739e-01
9.014530935231350739e-01
9.014530935231350739e-01
9.014530935231350739e-01
9.014530935231350739e-01
9.014530935231350739e-01
9.014530935231350739e-01
9.014530935231350739e-01
9.014530935231350739e-01
9.014530935231350739e-01
9.014530935231350739e-01
9.014530935231350739e-01
9.014530935231350739e-01
9.014530935231350739e-01
9.014530935231350739e-01
9.014530935231350739e-01
9.014530935231350739e-01
9.014530935231350739e-01
9.014530935231350739e-01
9.014530935231350739e-01
9.014530935231350739e-01
9.014530935231350739e-01
9.014530935231350739e-01
9.014530935231350739e-01
9.014530935231350739e-01
9.014530935231350739e-01
9.014530935231350739e-01
9.014530935231350739e-01
9.014530935231350739e-01
9.014530935231350739e-01
9.014530935231350739e-01
9.014530935231350739e-01
9.014530935231350739e-01
9.014530935231350739e-01
9.014530935231350739e-01
9.014530935231350739e-01
9.014530935231350739e-01
9.014530935231350739e-01
9.014530935231350739e-01
9.014530935231350739e-01
9.014530935231350739e-01
9.014530935231350739e-01
9.014530935231350739e-01
9.014530935231350739e-01
9.014530935231350739e-01
9.014530935231350739e-01
9.014530935231350739e-01
9.014530935231350739e-01
9.014530935231350739e-01
9.014530935231350739e-01
9.014530935231350739e-01
9.014530935231350739e-01
9.014530935231350739e-01
9.014530935231350739e-01
9.014530935231350739e-01
9.014530935231350739e-01
9.014530935231350739e-01
9.014530935231350739e-01
9.014530935231350739e-01
9.014530935231350739e-01
9.014530935231350739e-01
9.014530935231350739e-01
9.014530935231350739e-01
9.014530935231350739e-01
9.014530935231350739e-01
9.014530935231350739e-01
9.014530935231350739e-01
9.014530935231350739e-01
9.014530935231350739e-01
9.014530935231350739e-01
9.014530935231350739e-01
9.014530935231350739e-01
9.014530935231350739e-01
9.014530935231350739e-01
9.014530935231350739e-01
9.014530935231350739e-01
9.014530935231350739e-01
9.014530935231350739e-01
9.014530935231350739e-01
9.014530935231350739e-01
9.014530935231350739e-01
9.014530935231350739e-01
9.014530935231350739e-01
9.014530935231350739e-01
9.014530935231350739e-01
9.014530935231350739e-01
9.014530935231350739e-01
9.014530935231350739e-01
9.014530935231350739e-01
9.014530935231350739e-01
9.014530935231350739e-01
9.014530935231350739e-01
9.014530935231350739e-01
9.014530935231350739e-01
9.014530935231350739e-01
9.014530935231350739e-01
9.014530935231350739e-01
9.014530935231350739e-01
9.014530935231350739e-01
9.014530935231350739e-01
9.014530935231350739e-01
9.014530935231350739e-01
9.014530935231350739e-01
9.014530935231350739e-01
9.014530935231350739e-01
9.014530935231350739e-01
9.014530935231350739e-01
9.014530935231350739e-01
9.014530935231350739e-01
9.014530935231350739e-01
9.014530935231350739e-01
9.014530935231350739e-01
9.014530935231350739e-01
9.014530935231350739e-01
9.014530935231350739e-01
9.014530935231350739e-01
9.014530935231350739e-01
9.014530935231350739e-01
9.014530935231350739e-01
9.014530935231350739e-01
9.014530935231350739e-01
9.014530935231350739e-01
9.014530935231350739e-01
9.014530935231350739e-01
9.014530935231350739e-01
9.014530935231350739e-01
9.014530935231350739e-01
9.014530935231350739e-01
9.014530935231350739e-01
9.014530935231350739e-01
9.014530935231350739e-01
9.014530935231350739e-01
9.014530935231350739e-01
9.014530935231350739e-01
9.014530935231350739e-01
9.014530935231350739e-01
9.014530935231350739e-01
9.014530935231350739e-01
9.014530935231350739e-01
9.014530935231350739e-01
9.014530935231350739e-01
9.014530935231350739e-01
9.014530935231350739e-01
9.014530935231350739e-01
9.014530935231350739e-01
9.014530935231350739e-01
9.014530935231350739e-01
9.014530935231350739e-01
9.014530935231350739e-01
9.014530935231350739e-01
9.014530935231350739e-01
9.014530935231350739e-01
9.014530935231350739e-01
9.014530935231350739e-01
9.014530935231350739e-01
9.014530935231350739e-01
9.014530935231350739e-01
9.014530935231350739e-01
9.014530935231350739e-01
9.014530935231350739e-01
9.014530935231350739e-01
9.014530935231350739e-01
9.014530935231350739e-01
9.014530935231350739e-01
9.014530935231350739e-01
9.014530935231350739e-01
9.014530935231350739e-01
9.014530935231350739e-01
9.014530935231350739e-01
9.014530935231350739e-01
9.014530935231350739e-01
9.014530935231350739e-01
9.014530935231350739e-01
9.014530935231350739e-01
9.014530935231350739e-01
9.014530935231350739e-01
9.014530935231350739e-01
9.014530935231350739e-01
9.014530935231350739e-01
9.014530935231350739e-01
9.014530935231350739e-01
9.014530935231350739e-01
9.014530935231350739e-01
9.014530935231350739e-01
9.014530935231350739e-01
9.014530935231350739e-01
9.014530935231350739e-01
9.014530935231350739e-01
9.014530935231350739e-01
9.014530935231350739e-01
9.014530935231350739e-01
9.014530935231350739e-01
9.014530935231350739e-01
9.014530935231350739e-01
9.014530935231350739e-01
9.014530935231350739e-01
9.014530935231350739e-01
9.014530935231350739e-01
9.014530935231350739e-01
9.014530935231350739e-01
9.014530935231350739e-01
9.014530935231350739e-01
9.014530935231350739e-01
9.014530935231350739e-01
9.014530935231350739e-01
9.014530935231350739e-01
9.014530935231350739e-01
9.014530935231350739e-01
9.014530935231350739e-01
9.014530935231350739e-01
9.014530935231350739e-01
9.014530935231350739e-01
9.014530935231350739e-01
9.014530935231350739e-01
9.014530935231350739e-01
9.014530935231350739e-01
9.014530935231350739e-01
9.014530935231350739e-01
9.014530935231350739e-01
9.014530935231350739e-01
9.014530935231350739e-01
9.014530935231350739e-01
9.014530935231350739e-01
9.014530935231350739e-01
9.014530935231350739e-01
9.014530935231350739e-01
9.014530935231350739e-01
9.014530935231350739e-01
9.014530935231350739e-01
9.014530935231350739e-01
9.014530935231350739e-01
9.014530935231350739e-01
9.014530935231350739e-01
9.014530935231350739e-01
9.014530935231350739e-01
9.014530935231350739e-01
9.014530935231350739e-01
9.014530935231350739e-01
9.014530935231350739e-01
9.014530935231350739e-01
9.014530935231350739e-01
9.014530935231350739e-01
9.014530935231350739e-01
9.014530935231350739e-01
9.014530935231350739e-01
9.014530935231350739e-01
9.014530935231350739e-01
9.014530935231350739e-01
9.014530935231350739e-01
9.014530935231350739e-01
9.014530935231350739e-01
9.014530935231350739e-01
9.014530935231350739e-01
9.014530935231350739e-01
9.014530935231350739e-01
9.014530935231350739e-01
9.014530935231350739e-01
9.014530935231350739e-01
9.014530935231350739e-01
9.014530935231350739e-01
9.014530935231350739e-01
9.014530935231350739e-01
9.014530935231350739e-01
9.014530935231350739e-01
9.014530935231350739e-01
9.014530935231350739e-01
9.014530935231350739e-01
9.014530935231350739e-01
9.014530935231350739e-01
9.014530935231350739e-01
9.014530935231350739e-01
9.014530935231350739e-01
9.014530935231350739e-01
9.014530935231350739e-01
9.014530935231350739e-01
9.014530935231350739e-01
9.014530935231350739e-01
9.014530935231350739e-01
9.014530935231350739e-01
9.014530935231350739e-01
9.014530935231350739e-01
9.014530935231350739e-01
9.014530935231350739e-01
9.014530935231350739e-01
9.014530935231350739e-01
9.014530935231350739e-01
9.014530935231350739e-01
9.014530935231350739e-01
9.014530935231350739e-01
9.014530935231350739e-01
9.014530935231350739e-01
9.014530935231350739e-01
9.014530935231350739e-01
9.014530935231350739e-01
9.014530935231350739e-01
9.014530935231350739e-01
9.014530935231350739e-01
9.014530935231350739e-01
9.014530935231350739e-01
9.014530935231350739e-01
9.014530935231350739e-01
9.014530935231350739e-01
9.014530935231350739e-01
9.014530935231350739e-01
9.014530935231350739e-01
9.014530935231350739e-01
9.014530935231350739e-01
9.014530935231350739e-01
9.014530935231350739e-01
9.014530935231350739e-01
9.014530935231350739e-01
9.014530935231350739e-01
9.014530935231350739e-01
9.014530935231350739e-01
9.014530935231350739e-01
9.014530935231350739e-01
9.014530935231350739e-01
9.014530935231350739e-01
9.014530935231350739e-01
9.014530935231350739e-01
9.014530935231350739e-01
9.014530935231350739e-01
9.014530935231350739e-01
9.014530935231350739e-01
9.014530935231350739e-01
9.014530935231350739e-01
9.014530935231350739e-01
9.014530935231350739e-01
9.014530935231350739e-01
9.014530935231350739e-01
9.014530935231350739e-01
9.014530935231350739e-01
9.014530935231350739e-01
9.014530935231350739e-01
9.014530935231350739e-01
9.014530935231350739e-01
9.014530935231350739e-01
9.014530935231350739e-01
9.014530935231350739e-01
9.014530935231350739e-01
9.014530935231350739e-01
9.014530935231350739e-01
9.014530935231350739e-01
9.014530935231350739e-01
9.014530935231350739e-01
9.014530935231350739e-01
9.014530935231350739e-01
9.014530935231350739e-01
9.014530935231350739e-01
9.014530935231350739e-01
9.014530935231350739e-01
9.014530935231350739e-01
9.014530935231350739e-01
9.014530935231350739e-01
9.014530935231350739e-01
9.014530935231350739e-01
9.014530935231350739e-01
9.014530935231350739e-01
9.014530935231350739e-01
9.014530935231350739e-01
9.014530935231350739e-01
9.014530935231350739e-01
9.014530935231350739e-01
9.014530935231350739e-01
9.014530935231350739e-01
9.014530935231350739e-01
9.014530935231350739e-01
9.014530935231350739e-01
9.014530935231350739e-01
9.014530935231350739e-01
9.014530935231350739e-01
9.014530935231350739e-01
9.014530935231350739e-01
9.014530935231350739e-01
9.014530935231350739e-01
9.014530935231350739e-01
9.014530935231350739e-01
9.014530935231350739e-01
9.014530935231350739e-01
9.014530935231350739e-01
9.014530935231350739e-01
9.014530935231350739e-01
9.014530935231350739e-01
9.014530935231350739e-01
9.014530935231350739e-01
9.014530935231350739e-01
9.014530935231350739e-01
9.014530935231350739e-01
9.014530935231350739e-01
9.014530935231350739e-01
9.014530935231350739e-01
9.014530935231350739e-01
9.014530935231350739e-01
9.014530935231350739e-01
9.014530935231350739e-01
9.014530935231350739e-01
9.014530935231350739e-01
9.014530935231350739e-01
9.014530935231350739e-01
9.014530935231350739e-01
9.014530935231350739e-01
9.014530935231350739e-01
9.014530935231350739e-01
9.014530935231350739e-01
9.014530935231350739e-01
9.014530935231350739e-01
9.014530935231350739e-01
9.014530935231350739e-01
9.014530935231350739e-01
9.014530935231350739e-01
9.014530935231350739e-01
9.014530935231350739e-01
9.014530935231350739e-01
9.014530935231350739e-01
9.014530935231350739e-01
9.014530935231350739e-01
9.014530935231350739e-01
9.014530935231350739e-01
9.014530935231350739e-01
9.014530935231350739e-01
9.014530935231350739e-01
9.014530935231350739e-01
9.014530935231350739e-01
9.014530935231350739e-01
9.014530935231350739e-01
9.014530935231350739e-01
9.014530935231350739e-01
9.014530935231350739e-01
9.014530935231350739e-01
9.014530935231350739e-01
9.014530935231350739e-01
9.014530935231350739e-01
9.014530935231350739e-01
9.014530935231350739e-01
9.014530935231350739e-01
9.014530935231350739e-01
9.014530935231350739e-01
9.014530935231350739e-01
9.014530935231350739e-01
9.014530935231350739e-01
9.014530935231350739e-01
9.014530935231350739e-01
9.014530935231350739e-01
9.014530935231350739e-01
9.014530935231350739e-01
9.014530935231350739e-01
9.014530935231350739e-01
9.014530935231350739e-01
9.014530935231350739e-01
9.014530935231350739e-01
9.014530935231350739e-01
9.014530935231350739e-01
9.014530935231350739e-01
9.014530935231350739e-01
9.014530935231350739e-01
9.014530935231350739e-01
9.014530935231350739e-01
9.014530935231350739e-01
9.014530935231350739e-01
9.014530935231350739e-01
9.014530935231350739e-01
9.014530935231350739e-01
9.014530935231350739e-01
9.014530935231350739e-01
9.014530935231350739e-01
9.014530935231350739e-01
9.014530935231350739e-01
9.014530935231350739e-01
9.014530935231350739e-01
9.014530935231350739e-01
9.014530935231350739e-01
9.014530935231350739e-01
9.014530935231350739e-01
9.014530935231350739e-01
9.014530935231350739e-01
9.014530935231350739e-01
9.014530935231350739e-01
9.014530935231350739e-01
9.014530935231350739e-01
9.014530935231350739e-01
9.014530935231350739e-01
9.014530935231350739e-01
9.014530935231350739e-01
9.014530935231350739e-01
9.014530935231350739e-01
9.014530935231350739e-01
9.014530935231350739e-01
9.014530935231350739e-01
9.014530935231350739e-01
9.014530935231350739e-01
9.014530935231350739e-01
9.014530935231350739e-01
9.014530935231350739e-01
9.014530935231350739e-01
9.014530935231350739e-01
9.014530935231350739e-01
9.014530935231350739e-01
9.014530935231350739e-01
9.014530935231350739e-01
9.014530935231350739e-01
9.014530935231350739e-01
9.014530935231350739e-01
9.014530935231350739e-01
9.014530935231350739e-01
9.014530935231350739e-01
9.014530935231350739e-01
9.014530935231350739e-01
9.014530935231350739e-01
9.014530935231350739e-01
9.014530935231350739e-01
9.014530935231350739e-01
9.014530935231350739e-01
9.014530935231350739e-01
9.014530935231350739e-01
9.014530935231350739e-01
9.014530935231350739e-01
9.014530935231350739e-01
9.014530935231350739e-01
9.014530935231350739e-01
9.014530935231350739e-01
9.014530935231350739e-01
9.014530935231350739e-01
9.014530935231350739e-01
9.014530935231350739e-01
9.014530935231350739e-01
9.014530935231350739e-01
9.014530935231350739e-01
9.014530935231350739e-01
9.014530935231350739e-01
9.014530935231350739e-01
9.014530935231350739e-01
9.014530935231350739e-01
9.014530935231350739e-01
9.014530935231350739e-01
9.014530935231350739e-01
9.014530935231350739e-01
9.014530935231350739e-01
9.014530935231350739e-01
9.014530935231350739e-01
9.014530935231350739e-01
9.014530935231350739e-01
9.014530935231350739e-01
9.014530935231350739e-01
9.014530935231350739e-01
9.014530935231350739e-01
9.014530935231350739e-01
9.014530935231350739e-01
9.014530935231350739e-01
9.014530935231350739e-01
9.014530935231350739e-01
9.014530935231350739e-01
9.014530935231350739e-01
9.014530935231350739e-01
9.014530935231350739e-01
9.014530935231350739e-01
9.014530935231350739e-01
9.014530935231350739e-01
9.014530935231350739e-01
9.014530935231350739e-01
9.014530935231350739e-01
9.014530935231350739e-01
9.014530935231350739e-01
9.014530935231350739e-01
9.014530935231350739e-01
9.014530935231350739e-01
9.014530935231350739e-01
9.014530935231350739e-01
9.014530935231350739e-01
9.014530935231350739e-01
9.014530935231350739e-01
9.014530935231350739e-01
9.014530935231350739e-01
9.014530935231350739e-01
9.014530935231350739e-01
9.014530935231350739e-01
9.014530935231350739e-01
9.014530935231350739e-01
9.014530935231350739e-01
9.014530935231350739e-01
9.014530935231350739e-01
9.014530935231350739e-01
9.014530935231350739e-01
9.014530935231350739e-01
9.014530935231350739e-01
9.014530935231350739e-01
9.014530935231350739e-01
9.014530935231350739e-01
9.014530935231350739e-01
9.014530935231350739e-01
9.014530935231350739e-01
9.014530935231350739e-01
9.014530935231350739e-01
9.014530935231350739e-01
9.014530935231350739e-01
9.014530935231350739e-01
9.014530935231350739e-01
9.014530935231350739e-01
9.014530935231350739e-01
9.014530935231350739e-01
9.014530935231350739e-01
9.014530935231350739e-01
9.014530935231350739e-01
9.014530935231350739e-01
9.014530935231350739e-01
9.014530935231350739e-01
9.014530935231350739e-01
9.014530935231350739e-01
9.014530935231350739e-01
9.014530935231350739e-01
9.014530935231350739e-01
9.014530935231350739e-01
9.014530935231350739e-01
9.014530935231350739e-01
9.014530935231350739e-01
9.014530935231350739e-01
9.014530935231350739e-01
9.014530935231350739e-01
9.014530935231350739e-01
9.014530935231350739e-01
9.014530935231350739e-01
9.014530935231350739e-01
9.014530935231350739e-01
9.014530935231350739e-01
9.014530935231350739e-01
9.014530935231350739e-01
9.014530935231350739e-01
9.014530935231350739e-01
9.014530935231350739e-01
9.014530935231350739e-01
9.014530935231350739e-01
9.014530935231350739e-01
9.014530935231350739e-01
9.014530935231350739e-01
9.014530935231350739e-01
9.014530935231350739e-01
9.014530935231350739e-01
9.014530935231350739e-01
9.014530935231350739e-01
9.014530935231350739e-01
9.014530935231350739e-01
9.014530935231350739e-01
9.014530935231350739e-01
9.014530935231350739e-01
9.014530935231350739e-01
9.014530935231350739e-01
9.014530935231350739e-01
9.014530935231350739e-01
9.014530935231350739e-01
9.014530935231350739e-01
9.014530935231350739e-01
9.014530935231350739e-01
9.014530935231350739e-01
9.014530935231350739e-01
9.014530935231350739e-01
9.014530935231350739e-01
9.014530935231350739e-01
9.014530935231350739e-01
9.014530935231350739e-01
9.014530935231350739e-01
9.014530935231350739e-01
9.014530935231350739e-01
9.014530935231350739e-01
9.014530935231350739e-01
9.014530935231350739e-01
9.014530935231350739e-01
9.014530935231350739e-01
9.014530935231350739e-01
9.014530935231350739e-01
9.014530935231350739e-01
9.014530935231350739e-01
9.014530935231350739e-01
9.014530935231350739e-01
9.014530935231350739e-01
9.014530935231350739e-01
9.014530935231350739e-01
9.014530935231350739e-01
9.014530935231350739e-01
9.014530935231350739e-01
9.014530935231350739e-01
9.014530935231350739e-01
9.014530935231350739e-01
9.014530935231350739e-01
9.014530935231350739e-01
9.014530935231350739e-01
9.014530935231350739e-01
9.014530935231350739e-01
9.014530935231350739e-01
9.014530935231350739e-01
9.014530935231350739e-01
9.014530935231350739e-01
9.014530935231350739e-01
9.014530935231350739e-01
9.014530935231350739e-01
9.014530935231350739e-01
9.014530935231350739e-01
9.014530935231350739e-01
9.014530935231350739e-01
9.014530935231350739e-01
9.014530935231350739e-01
9.014530935231350739e-01
9.014530935231350739e-01
9.014530935231350739e-01
9.014530935231350739e-01
9.014530935231350739e-01
9.014530935231350739e-01
9.014530935231350739e-01
9.014530935231350739e-01
9.014530935231350739e-01
9.014530935231350739e-01
9.014530935231350739e-01
9.014530935231350739e-01
9.014530935231350739e-01
9.014530935231350739e-01
9.014530935231350739e-01
9.014530935231350739e-01
9.014530935231350739e-01
9.014530935231350739e-01
9.014530935231350739e-01
9.014530935231350739e-01
9.014530935231350739e-01
9.014530935231350739e-01
9.014530935231350739e-01
9.014530935231350739e-01
9.014530935231350739e-01
9.014530935231350739e-01
9.014530935231350739e-01
9.014530935231350739e-01
9.014530935231350739e-01
9.014530935231350739e-01
9.014530935231350739e-01
9.014530935231350739e-01
9.014530935231350739e-01
9.014530935231350739e-01
9.014530935231350739e-01
9.014530935231350739e-01
9.014530935231350739e-01
9.014530935231350739e-01
9.014530935231350739e-01
9.014530935231350739e-01
9.014530935231350739e-01
9.014530935231350739e-01
9.014530935231350739e-01
9.014530935231350739e-01
9.014530935231350739e-01
9.014530935231350739e-01
9.014530935231350739e-01
9.014530935231350739e-01
9.014530935231350739e-01
9.014530935231350739e-01
9.014530935231350739e-01
9.014530935231350739e-01
9.014530935231350739e-01
9.014530935231350739e-01
9.014530935231350739e-01
9.014530935231350739e-01
9.014530935231350739e-01
9.014530935231350739e-01
9.014530935231350739e-01
9.014530935231350739e-01
9.014530935231350739e-01
9.014530935231350739e-01
9.014530935231350739e-01
9.014530935231350739e-01
9.014530935231350739e-01
9.014530935231350739e-01
9.014530935231350739e-01
9.014530935231350739e-01
9.014530935231350739e-01
9.014530935231350739e-01
9.014530935231350739e-01
9.014530935231350739e-01
9.014530935231350739e-01
9.014530935231350739e-01
9.014530935231350739e-01
9.014530935231350739e-01
9.014530935231350739e-01
9.014530935231350739e-01
9.014530935231350739e-01
9.014530935231350739e-01
9.014530935231350739e-01
9.014530935231350739e-01
9.014530935231350739e-01
9.014530935231350739e-01
9.014530935231350739e-01
9.014530935231350739e-01
9.014530935231350739e-01
9.014530935231350739e-01
9.014530935231350739e-01
