1.000000000000000000e+00
9.999977076453446800e-01
9.999977076453446800e-01
9.999575976671861710e-01
9.998840916054243522e-01
9.998840916054243522e-01
9.997988162286010061e-01
9.997605555283081147e-01
9.995675020903100894e-01
9.995224433234279893e-01
9.993959952184424678e-01
9.992663302013788940e-01
9.992663302013788940e-01
9.988835106781313034e-01
9.988835106781313034e-01
9.988255724513500633e-01
9.988255724513500633e-01
9.988255724513500633e-01
9.988255724513500633e-01
9.988255724513500633e-01
9.986183670101660415e-01
9.985629224012638749e-01
9.985629224012638749e-01
9.985629224012638749e-01
9.983761690010466427e-01
9.983761690010466427e-01
9.979396692703994542e-01
9.972016692287604123e-01
9.970509157374985998e-01
9.970509157374985998e-01
9.968491338800049562e-01
9.963959754959816895e-01
9.963959754959816895e-01
9.962321003399408070e-01
9.961336717252597950e-01
9.961375996718558889e-01
9.959969818795274543e-01
9.956583754122162455e-01
9.956583754122162455e-01
9.953013204501667266e-01
9.953013204501667266e-01
9.950783621242383914e-01
9.950783621242383914e-01
9.937393438225090581e-01
9.932764857483245002e-01
9.930311336810531131e-01
9.923858523128106235e-01
9.923858523128106235e-01
9.916497266839946478e-01
9.916497266839946478e-01
9.909557266090882610e-01
9.898757108793533321e-01
9.898757108793533321e-01
9.893995485339608376e-01
9.889109486629100720e-01
9.889109486629100720e-01
9.889109486629100720e-01
9.889109486629100720e-01
9.881572359989096999e-01
9.873659148209696923e-01
9.855726177103736330e-01
9.853848066831967234e-01
9.839339708230000481e-01
9.835308849594660563e-01
9.834302859986232548e-01
9.834302859986232548e-01
9.834302859986232548e-01
9.828029393137209802e-01
9.828029393137209802e-01
9.817322091566131892e-01
9.807913382782000866e-01
9.807913382782000866e-01
9.807913382782000866e-01
9.783252383544653874e-01
9.760185288855796060e-01
9.760739734944817725e-01
9.754807197772763505e-01
9.754807197772763505e-01
9.754807197772763505e-01
9.754807197772763505e-01
9.754807197772763505e-01
9.735525477109967518e-01
9.735525477109967518e-01
9.735525477109967518e-01
9.716392082339634362e-01
9.716392082339634362e-01
9.716392082339634362e-01
9.716392082339634362e-01
9.716392082339634362e-01
9.711229443833457875e-01
9.711229443833457875e-01
9.696176609761529841e-01
9.696176609761529841e-01
9.696176609761529841e-01
9.696176609761529841e-01
9.689066692497189104e-01
9.642978534741553087e-01
9.642978534741553087e-01
9.641587697745627183e-01
9.631608374941931228e-01
9.616669983359327212e-01
9.616669983359327212e-01
9.616669983359327212e-01
9.616669983359327212e-01
9.616669983359327212e-01
9.613099574025655292e-01
9.613099574025655292e-01
9.614977684297423277e-01
9.581785922851424608e-01
9.574126416527276584e-01
9.570276166086099101e-01
9.570276166086099101e-01
9.572505749345384674e-01
9.572505749345384674e-01
9.572505749345384674e-01
9.572505749345384674e-01
9.572505749345384674e-01
9.572505749345384674e-01
9.572505749345384674e-01
9.566151564612307423e-01
9.558823064795686220e-01
9.536462966487729842e-01
9.536462966487729842e-01
9.533517627308423226e-01
9.533517627308423226e-01
9.527255853040242917e-01
9.527255853040242917e-01
9.527255853040242917e-01
9.518152612541131985e-01
9.518152612541131985e-01
9.518152612541131985e-01
9.518152612541131985e-01
9.518152612541131985e-01
9.512031202443892441e-01
9.498978434225641143e-01
9.492140112138747199e-01
9.492140112138747199e-01
9.479863949817769475e-01
9.479863949817769475e-01
9.482809288997074981e-01
9.482809288997074981e-01
9.464857189880865329e-01
9.464857189880865329e-01
9.464857189880865329e-01
9.464857189880865329e-01
9.456459937118876224e-01
9.456459937118876224e-01
9.426936614872473141e-01
9.398673494045519661e-01
9.398673494045519661e-01
9.398673494045519661e-01
9.398673494045519661e-01
9.398673494045519661e-01
9.391705804833226923e-01
9.391705804833226923e-01
9.372510237672847522e-01
9.323853666067212220e-01
9.323853666067212220e-01
9.306627292899902759e-01
9.306627292899902759e-01
9.306627292899902759e-01
9.306627292899902759e-01
9.306627292899902759e-01
9.306627292899902759e-01
9.306627292899902759e-01
9.306627292899902759e-01
9.306627292899902759e-01
9.294798143079225916e-01
9.294798143079225916e-01
9.294798143079225916e-01
9.286562648995700942e-01
9.286562648995700942e-01
9.272027345051002678e-01
9.272027345051002678e-01
9.256180176082354771e-01
9.256180176082354771e-01
9.256180176082354771e-01
9.256180176082354771e-01
9.256180176082354771e-01
9.256180176082354771e-01
9.256180176082354771e-01
9.256180176082354771e-01
9.249768879696340651e-01
9.249768879696340651e-01
9.249768879696340651e-01
9.249768879696340651e-01
9.249768879696340651e-01
9.249768879696340651e-01
9.249768879696340651e-01
9.242033597774563791e-01
9.242033597774563791e-01
9.242033597774563791e-01
9.242033597774563791e-01
9.242033597774563791e-01
9.223130087669286770e-01
9.223130087669286770e-01
9.223130087669286770e-01
9.203917332357862691e-01
9.190198794979396180e-01
9.190198794979396180e-01
9.190198794979396180e-01
9.190198794979396180e-01
9.188772613552290691e-01
9.188772613552290691e-01
9.181597993171742855e-01
9.181597993171742855e-01
9.158411578354740401e-01
9.158411578354740401e-01
9.158411578354740401e-01
9.158411578354740401e-01
9.158411578354740401e-01
9.158411578354740401e-01
9.158411578354740401e-01
9.158411578354740401e-01
9.158411578354740401e-01
9.158411578354740401e-01
9.160925842784722883e-01
9.142996789916925104e-01
9.142996789916925104e-01
9.142996789916925104e-01
9.142996789916925104e-01
9.135760576431808389e-01
9.135760576431808389e-01
9.135760576431808389e-01
9.135760576431808389e-01
9.135760576431808389e-01
9.135760576431808389e-01
9.120392400006465117e-01
9.120392400006465117e-01
9.114410223810315292e-01
9.114410223810315292e-01
9.096996038826001829e-01
9.096996038826001829e-01
9.096996038826001829e-01
9.096996038826001829e-01
9.096996038826001829e-01
9.096996038826001829e-01
9.067162627657798790e-01
9.067162627657798790e-01
9.067162627657798790e-01
9.067162627657798790e-01
9.072060604388307858e-01
9.072060604388307858e-01
9.072060604388307858e-01
9.072060604388307858e-01
9.072060604388307858e-01
9.072060604388307858e-01
9.072060604388307858e-01
9.072060604388307858e-01
9.072060604388307858e-01
9.072060604388307858e-01
9.072060604388307858e-01
9.072060604388307858e-01
9.065117418489957446e-01
9.065117418489957446e-01
9.065117418489957446e-01
9.065117418489957446e-01
9.065117418489957446e-01
9.065117418489957446e-01
9.065117418489957446e-01
9.065117418489957446e-01
9.065117418489957446e-01
9.065117418489957446e-01
9.060378252555705281e-01
9.053480965543420078e-01
9.053480965543420078e-01
9.053480965543420078e-01
9.053480965543420078e-01
9.053480965543420078e-01
9.053480965543420078e-01
9.053480965543420078e-01
9.042831929510760647e-01
9.033258746341089607e-01
9.033258746341089607e-01
9.033258746341089607e-01
9.032353759747422384e-01
9.032353759747422384e-01
9.032353759747422384e-01
9.032353759747422384e-01
9.032353759747422384e-01
9.032353759747422384e-01
9.032353759747422384e-01
9.040086343429407645e-01
9.021741131893405985e-01
9.021741131893405985e-01
9.021741131893405985e-01
9.021741131893405985e-01
9.021741131893405985e-01
9.021741131893405985e-01
9.021741131893405985e-01
9.021741131893405985e-01
9.021741131893405985e-01
9.021741131893405985e-01
9.021741131893405985e-01
9.021741131893405985e-01
9.021741131893405985e-01
9.021741131893405985e-01
9.021741131893405985e-01
9.021741131893405985e-01
9.021741131893405985e-01
9.021741131893405985e-01
9.021741131893405985e-01
9.019763073267702547e-01
9.019763073267702547e-01
9.019763073267702547e-01
9.019763073267702547e-01
9.019763073267702547e-01
9.019763073267702547e-01
9.019763073267702547e-01
9.019763073267702547e-01
9.019763073267702547e-01
9.004229914964400061e-01
9.004229914964400061e-01
9.004229914964400061e-01
9.004229914964400061e-01
9.004229914964400061e-01
9.004229914964400061e-01
8.998932960345561449e-01
8.998932960345561449e-01
8.998932960345561449e-01
9.010762110166238292e-01
9.010762110166238292e-01
9.010762110166238292e-01
9.005381247745214424e-01
8.987423505736710228e-01
8.987423505736710228e-01
8.987423505736710228e-01
8.987423505736710228e-01
8.975887359683877298e-01
8.975887359683877298e-01
8.975887359683877298e-01
8.975887359683877298e-01
8.975887359683877298e-01
8.975887359683877298e-01
8.975887359683877298e-01
8.975887359683877298e-01
8.975887359683877298e-01
8.975887359683877298e-01
8.975887359683877298e-01
8.975887359683877298e-01
8.975887359683877298e-01
8.975887359683877298e-01
8.975887359683877298e-01
8.975887359683877298e-01
8.975887359683877298e-01
8.975887359683877298e-01
8.975887359683877298e-01
8.975887359683877298e-01
8.975887359683877298e-01
8.975887359683877298e-01
8.976871645830687418e-01
8.976871645830687418e-01
8.976871645830687418e-01
8.976871645830687418e-01
8.976871645830687418e-01
8.980553640957439354e-01
8.980553640957439354e-01
8.980553640957439354e-01
8.980553640957439354e-01
8.980553640957439354e-01
8.980553640957439354e-01
8.980553640957439354e-01
8.980553640957439354e-01
8.980553640957439354e-01
8.980553640957439354e-01
8.980553640957439354e-01
8.975735194070207923e-01
8.975735194070207923e-01
8.975735194070207923e-01
8.975735194070207923e-01
8.975735194070207923e-01
8.975735194070207923e-01
8.975735194070207923e-01
8.975735194070207923e-01
8.975735194070207923e-01
8.975735194070207923e-01
8.975735194070207923e-01
8.971847666657284392e-01
8.971847666657284392e-01
8.971847666657284392e-01
8.971847666657284392e-01
8.971847666657284392e-01
8.971847666657284392e-01
8.971847666657284392e-01
8.971847666657284392e-01
8.971847666657284392e-01
8.971847666657284392e-01
8.971847666657284392e-01
8.971847666657284392e-01
8.971847666657284392e-01
8.971847666657284392e-01
8.975233731330397591e-01
8.975233731330397591e-01
8.975233731330397591e-01
8.975233731330397591e-01
8.975233731330397591e-01
8.975233731330397591e-01
8.975233731330397591e-01
8.975233731330397591e-01
8.975233731330397591e-01
8.975233731330397591e-01
8.975233731330397591e-01
8.975233731330397591e-01
8.975233731330397591e-01
8.975233731330397591e-01
8.975233731330397591e-01
8.953032113246548462e-01
8.948134136516037174e-01
8.948134136516037174e-01
8.948134136516037174e-01
8.948134136516037174e-01
8.948134136516037174e-01
8.948134136516037174e-01
8.948134136516037174e-01
8.948134136516037174e-01
8.948134136516037174e-01
8.948134136516037174e-01
8.948134136516037174e-01
8.948134136516037174e-01
8.948134136516037174e-01
8.948134136516037174e-01
8.948134136516037174e-01
8.948134136516037174e-01
8.948134136516037174e-01
8.948134136516037174e-01
8.931839211491471309e-01
8.931839211491471309e-01
8.931839211491471309e-01
8.931839211491471309e-01
8.931839211491471309e-01
8.931839211491471309e-01
8.931839211491471309e-01
8.931839211491471309e-01
8.931839211491471309e-01
8.931839211491471309e-01
8.931839211491471309e-01
8.931839211491471309e-01
8.931839211491471309e-01
8.931839211491471309e-01
8.931839211491471309e-01
8.931839211491471309e-01
8.931839211491471309e-01
8.931839211491471309e-01
8.927833243371617877e-01
8.927833243371617877e-01
8.927833243371617877e-01
8.927833243371617877e-01
8.927833243371617877e-01
8.927833243371617877e-01
8.927833243371617877e-01
8.927833243371617877e-01
8.927833243371617877e-01
8.927833243371617877e-01
8.927833243371617877e-01
8.927833243371617877e-01
8.927833243371617877e-01
8.927833243371617877e-01
8.927833243371617877e-01
8.927833243371617877e-01
8.927833243371617877e-01
8.927833243371617877e-01
8.927833243371617877e-01
8.927833243371617877e-01
8.927833243371617877e-01
8.927833243371617877e-01
8.927833243371617877e-01
8.927833243371617877e-01
8.927833243371617877e-01
8.927833243371617877e-01
8.927833243371617877e-01
8.927833243371617877e-01
8.910374279702013567e-01
8.910374279702013567e-01
8.910374279702013567e-01
8.910374279702013567e-01
8.910374279702013567e-01
8.910374279702013567e-01
8.910374279702013567e-01
8.910374279702013567e-01
8.910374279702013567e-01
8.910374279702013567e-01
8.910374279702013567e-01
8.910374279702013567e-01
8.910374279702013567e-01
8.910374279702013567e-01
8.910374279702013567e-01
8.910374279702013567e-01
8.910374279702013567e-01
8.910374279702013567e-01
8.910374279702013567e-01
8.910374279702013567e-01
8.910374279702013567e-01
8.910374279702013567e-01
8.910374279702013567e-01
8.910374279702013567e-01
8.910374279702013567e-01
8.910374279702013567e-01
8.910374279702013567e-01
8.910374279702013567e-01
8.910374279702013567e-01
8.910374279702013567e-01
8.910374279702013567e-01
8.910374279702013567e-01
8.910374279702013567e-01
8.910374279702013567e-01
8.910374279702013567e-01
8.910374279702013567e-01
8.910374279702013567e-01
8.910374279702013567e-01
8.910374279702013567e-01
8.910374279702013567e-01
8.910374279702013567e-01
8.910374279702013567e-01
8.910374279702013567e-01
8.910374279702013567e-01
8.910374279702013567e-01
8.910374279702013567e-01
8.910374279702013567e-01
8.910374279702013567e-01
8.910374279702013567e-01
8.910374279702013567e-01
8.910374279702013567e-01
8.910374279702013567e-01
8.910374279702013567e-01
8.910374279702013567e-01
8.910374279702013567e-01
8.910374279702013567e-01
8.910374279702013567e-01
8.910374279702013567e-01
8.910374279702013567e-01
8.910374279702013567e-01
8.910374279702013567e-01
8.910374279702013567e-01
8.910374279702013567e-01
8.910374279702013567e-01
8.910374279702013567e-01
8.910374279702013567e-01
8.910374279702013567e-01
8.910374279702013567e-01
8.910374279702013567e-01
8.910374279702013567e-01
8.910374279702013567e-01
8.910374279702013567e-01
8.910374279702013567e-01
8.910374279702013567e-01
8.910374279702013567e-01
8.910374279702013567e-01
8.910374279702013567e-01
8.910374279702013567e-01
8.910374279702013567e-01
8.910374279702013567e-01
8.910374279702013567e-01
8.910374279702013567e-01
8.910374279702013567e-01
8.910374279702013567e-01
8.910374279702013567e-01
8.910374279702013567e-01
8.910374279702013567e-01
8.910374279702013567e-01
8.910374279702013567e-01
8.910374279702013567e-01
8.910374279702013567e-01
8.910374279702013567e-01
8.910374279702013567e-01
8.910374279702013567e-01
8.910374279702013567e-01
8.910374279702013567e-01
8.910374279702013567e-01
8.910374279702013567e-01
8.910374279702013567e-01
8.910374279702013567e-01
8.910374279702013567e-01
8.910374279702013567e-01
8.910374279702013567e-01
8.910374279702013567e-01
8.910374279702013567e-01
8.910374279702013567e-01
8.910374279702013567e-01
8.910374279702013567e-01
8.910374279702013567e-01
8.910374279702013567e-01
8.910374279702013567e-01
8.910374279702013567e-01
8.910374279702013567e-01
8.910374279702013567e-01
8.910374279702013567e-01
8.910374279702013567e-01
8.910374279702013567e-01
8.910374279702013567e-01
8.910374279702013567e-01
8.910374279702013567e-01
8.910374279702013567e-01
8.910374279702013567e-01
8.910374279702013567e-01
8.910374279702013567e-01
8.910374279702013567e-01
8.910374279702013567e-01
8.910374279702013567e-01
8.910374279702013567e-01
8.910374279702013567e-01
8.910374279702013567e-01
8.910374279702013567e-01
8.910374279702013567e-01
8.910374279702013567e-01
8.910374279702013567e-01
8.910374279702013567e-01
8.910374279702013567e-01
8.910374279702013567e-01
8.910374279702013567e-01
8.910374279702013567e-01
8.910374279702013567e-01
8.910374279702013567e-01
8.910374279702013567e-01
8.910374279702013567e-01
8.910374279702013567e-01
8.910374279702013567e-01
8.910374279702013567e-01
8.910374279702013567e-01
8.910374279702013567e-01
8.910374279702013567e-01
8.910374279702013567e-01
8.910374279702013567e-01
8.910374279702013567e-01
8.910374279702013567e-01
8.910374279702013567e-01
8.910374279702013567e-01
8.910374279702013567e-01
8.910374279702013567e-01
8.910374279702013567e-01
8.910374279702013567e-01
8.910374279702013567e-01
8.910374279702013567e-01
8.910374279702013567e-01
8.910374279702013567e-01
8.910374279702013567e-01
8.910374279702013567e-01
8.910374279702013567e-01
8.910374279702013567e-01
8.910374279702013567e-01
8.910374279702013567e-01
8.910374279702013567e-01
8.910374279702013567e-01
8.910374279702013567e-01
8.910374279702013567e-01
8.910374279702013567e-01
8.910374279702013567e-01
8.910374279702013567e-01
8.910374279702013567e-01
8.910374279702013567e-01
8.910374279702013567e-01
8.910374279702013567e-01
8.910374279702013567e-01
8.910374279702013567e-01
8.910374279702013567e-01
8.910374279702013567e-01
8.910374279702013567e-01
8.910374279702013567e-01
8.910374279702013567e-01
8.910374279702013567e-01
8.910374279702013567e-01
8.910374279702013567e-01
8.910374279702013567e-01
8.910374279702013567e-01
8.910374279702013567e-01
8.910374279702013567e-01
8.910374279702013567e-01
8.910374279702013567e-01
8.910374279702013567e-01
8.910374279702013567e-01
8.910374279702013567e-01
8.910374279702013567e-01
8.910374279702013567e-01
8.910374279702013567e-01
8.910374279702013567e-01
8.910374279702013567e-01
8.910374279702013567e-01
8.910374279702013567e-01
8.910374279702013567e-01
8.910374279702013567e-01
8.910374279702013567e-01
8.910374279702013567e-01
8.910374279702013567e-01
8.910374279702013567e-01
8.910374279702013567e-01
8.910374279702013567e-01
8.910374279702013567e-01
8.910374279702013567e-01
8.910374279702013567e-01
8.910374279702013567e-01
8.910374279702013567e-01
8.910374279702013567e-01
8.910374279702013567e-01
8.910374279702013567e-01
8.910374279702013567e-01
8.910374279702013567e-01
8.910374279702013567e-01
8.910374279702013567e-01
8.910374279702013567e-01
8.910374279702013567e-01
8.910374279702013567e-01
8.910374279702013567e-01
8.910374279702013567e-01
8.910374279702013567e-01
8.910374279702013567e-01
8.910374279702013567e-01
8.910374279702013567e-01
8.910374279702013567e-01
8.910374279702013567e-01
8.910374279702013567e-01
8.910374279702013567e-01
8.910374279702013567e-01
8.910374279702013567e-01
8.910374279702013567e-01
8.910374279702013567e-01
8.910374279702013567e-01
8.910374279702013567e-01
8.910374279702013567e-01
8.910374279702013567e-01
8.910374279702013567e-01
8.910374279702013567e-01
8.910374279702013567e-01
8.910374279702013567e-01
8.910374279702013567e-01
8.910374279702013567e-01
8.910374279702013567e-01
8.910374279702013567e-01
8.910374279702013567e-01
8.910374279702013567e-01
8.910374279702013567e-01
8.910374279702013567e-01
8.910374279702013567e-01
8.910374279702013567e-01
8.910374279702013567e-01
8.910374279702013567e-01
8.910374279702013567e-01
8.910374279702013567e-01
8.910374279702013567e-01
8.910374279702013567e-01
8.910374279702013567e-01
8.910374279702013567e-01
8.910374279702013567e-01
8.910374279702013567e-01
8.910374279702013567e-01
8.910374279702013567e-01
8.910374279702013567e-01
8.910374279702013567e-01
8.910374279702013567e-01
8.910374279702013567e-01
8.910374279702013567e-01
8.910374279702013567e-01
8.910374279702013567e-01
8.910374279702013567e-01
8.910374279702013567e-01
8.910374279702013567e-01
8.910374279702013567e-01
8.910374279702013567e-01
8.910374279702013567e-01
8.910374279702013567e-01
8.910374279702013567e-01
8.910374279702013567e-01
8.910374279702013567e-01
8.910374279702013567e-01
8.910374279702013567e-01
8.910374279702013567e-01
8.910374279702013567e-01
8.910374279702013567e-01
8.910374279702013567e-01
8.910374279702013567e-01
8.910374279702013567e-01
8.910374279702013567e-01
8.910374279702013567e-01
8.910374279702013567e-01
8.910374279702013567e-01
8.910374279702013567e-01
8.910374279702013567e-01
8.910374279702013567e-01
8.910374279702013567e-01
8.910374279702013567e-01
8.910374279702013567e-01
8.910374279702013567e-01
8.910374279702013567e-01
8.910374279702013567e-01
8.910374279702013567e-01
8.910374279702013567e-01
8.910374279702013567e-01
8.910374279702013567e-01
8.910374279702013567e-01
8.910374279702013567e-01
8.910374279702013567e-01
8.910374279702013567e-01
8.910374279702013567e-01
8.910374279702013567e-01
8.910374279702013567e-01
8.910374279702013567e-01
8.910374279702013567e-01
8.910374279702013567e-01
8.910374279702013567e-01
8.910374279702013567e-01
8.910374279702013567e-01
8.910374279702013567e-01
8.910374279702013567e-01
8.910374279702013567e-01
8.910374279702013567e-01
8.910374279702013567e-01
8.910374279702013567e-01
8.910374279702013567e-01
8.910374279702013567e-01
8.896728255576754618e-01
8.896728255576754618e-01
8.896728255576754618e-01
8.896728255576754618e-01
8.896728255576754618e-01
8.896728255576754618e-01
8.896728255576754618e-01
8.896728255576754618e-01
8.896728255576754618e-01
8.896728255576754618e-01
8.896728255576754618e-01
8.896728255576754618e-01
8.896728255576754618e-01
8.896728255576754618e-01
8.896728255576754618e-01
8.896728255576754618e-01
8.896728255576754618e-01
8.896728255576754618e-01
8.896728255576754618e-01
8.896728255576754618e-01
8.896728255576754618e-01
8.896728255576754618e-01
8.896728255576754618e-01
8.896728255576754618e-01
8.896728255576754618e-01
8.896728255576754618e-01
8.896728255576754618e-01
8.896728255576754618e-01
8.896728255576754618e-01
8.896728255576754618e-01
8.896728255576754618e-01
8.896728255576754618e-01
8.896728255576754618e-01
8.896728255576754618e-01
8.896728255576754618e-01
8.896728255576754618e-01
8.896728255576754618e-01
8.896728255576754618e-01
8.896728255576754618e-01
8.896728255576754618e-01
8.896728255576754618e-01
8.896728255576754618e-01
8.896728255576754618e-01
8.896728255576754618e-01
8.896728255576754618e-01
8.896728255576754618e-01
8.896728255576754618e-01
8.896728255576754618e-01
8.896728255576754618e-01
8.896728255576754618e-01
8.896728255576754618e-01
8.896728255576754618e-01
8.896728255576754618e-01
8.896728255576754618e-01
8.896728255576754618e-01
8.896728255576754618e-01
8.896728255576754618e-01
8.896728255576754618e-01
8.896728255576754618e-01
8.896728255576754618e-01
8.896728255576754618e-01
8.896728255576754618e-01
8.896728255576754618e-01
8.896728255576754618e-01
8.896728255576754618e-01
8.896728255576754618e-01
8.896728255576754618e-01
8.896728255576754618e-01
8.896728255576754618e-01
8.896728255576754618e-01
8.896728255576754618e-01
8.896728255576754618e-01
8.896728255576754618e-01
8.896728255576754618e-01
8.896728255576754618e-01
8.896728255576754618e-01
8.896728255576754618e-01
8.896728255576754618e-01
8.896728255576754618e-01
8.896728255576754618e-01
8.896728255576754618e-01
8.896728255576754618e-01
8.896728255576754618e-01
8.896728255576754618e-01
8.896728255576754618e-01
8.896728255576754618e-01
8.896728255576754618e-01
8.896728255576754618e-01
8.896728255576754618e-01
8.896728255576754618e-01
8.896728255576754618e-01
8.896728255576754618e-01
8.896728255576754618e-01
8.896728255576754618e-01
8.896728255576754618e-01
8.896728255576754618e-01
8.896728255576754618e-01
8.896728255576754618e-01
8.896728255576754618e-01
8.896728255576754618e-01
8.896728255576754618e-01
8.896728255576754618e-01
8.896728255576754618e-01
8.896728255576754618e-01
8.896728255576754618e-01
8.896728255576754618e-01
8.896728255576754618e-01
8.896728255576754618e-01
8.896728255576754618e-01
8.896728255576754618e-01
8.896728255576754618e-01
8.896728255576754618e-01
8.896728255576754618e-01
8.896728255576754618e-01
8.896728255576754618e-01
8.896728255576754618e-01
8.896728255576754618e-01
8.896728255576754618e-01
8.896728255576754618e-01
8.896728255576754618e-01
8.896728255576754618e-01
8.896728255576754618e-01
8.896728255576754618e-01
8.896728255576754618e-01
8.896728255576754618e-01
8.896728255576754618e-01
8.896728255576754618e-01
8.896728255576754618e-01
8.896728255576754618e-01
8.896728255576754618e-01
8.896728255576754618e-01
8.896728255576754618e-01
8.896728255576754618e-01
8.896728255576754618e-01
8.896728255576754618e-01
8.896728255576754618e-01
8.896728255576754618e-01
8.896728255576754618e-01
8.896728255576754618e-01
8.896728255576754618e-01
8.896728255576754618e-01
8.896728255576754618e-01
8.896728255576754618e-01
8.896728255576754618e-01
8.896728255576754618e-01
8.896728255576754618e-01
8.896728255576754618e-01
8.896728255576754618e-01
8.896728255576754618e-01
8.896728255576754618e-01
8.896728255576754618e-01
8.896728255576754618e-01
8.896728255576754618e-01
8.896728255576754618e-01
8.896728255576754618e-01
8.896728255576754618e-01
8.896728255576754618e-01
8.896728255576754618e-01
8.896728255576754618e-01
8.896728255576754618e-01
8.896728255576754618e-01
8.896728255576754618e-01
8.896728255576754618e-01
8.896728255576754618e-01
8.896728255576754618e-01
8.896728255576754618e-01
8.896728255576754618e-01
8.896728255576754618e-01
8.896728255576754618e-01
8.896728255576754618e-01
8.896728255576754618e-01
8.896728255576754618e-01
8.896728255576754618e-01
8.896728255576754618e-01
8.896728255576754618e-01
8.896728255576754618e-01
8.896728255576754618e-01
8.896728255576754618e-01
8.896728255576754618e-01
8.896728255576754618e-01
8.896728255576754618e-01
8.896728255576754618e-01
8.896728255576754618e-01
8.896728255576754618e-01
8.896728255576754618e-01
8.896728255576754618e-01
8.896728255576754618e-01
8.896728255576754618e-01
8.896728255576754618e-01
8.896728255576754618e-01
8.896728255576754618e-01
8.896728255576754618e-01
8.896728255576754618e-01
8.896728255576754618e-01
8.896728255576754618e-01
8.896728255576754618e-01
8.896728255576754618e-01
8.896728255576754618e-01
8.896728255576754618e-01
8.896728255576754618e-01
8.896728255576754618e-01
8.896728255576754618e-01
8.896728255576754618e-01
8.896728255576754618e-01
8.896728255576754618e-01
8.896728255576754618e-01
8.896728255576754618e-01
8.896728255576754618e-01
8.896728255576754618e-01
8.896728255576754618e-01
8.896728255576754618e-01
8.896728255576754618e-01
8.896728255576754618e-01
8.896728255576754618e-01
8.896728255576754618e-01
8.896728255576754618e-01
8.896728255576754618e-01
8.896728255576754618e-01
8.896728255576754618e-01
8.896728255576754618e-01
8.896728255576754618e-01
8.896728255576754618e-01
8.896728255576754618e-01
8.896728255576754618e-01
8.896728255576754618e-01
8.896728255576754618e-01
8.896728255576754618e-01
8.896728255576754618e-01
8.896728255576754618e-01
8.896728255576754618e-01
8.896728255576754618e-01
8.896728255576754618e-01
8.896728255576754618e-01
8.896728255576754618e-01
8.896728255576754618e-01
8.896728255576754618e-01
8.896728255576754618e-01
8.896728255576754618e-01
8.896728255576754618e-01
8.896728255576754618e-01
8.896728255576754618e-01
8.896728255576754618e-01
8.896728255576754618e-01
8.896728255576754618e-01
8.896728255576754618e-01
8.896728255576754618e-01
8.896728255576754618e-01
8.896728255576754618e-01
8.896728255576754618e-01
8.896728255576754618e-01
8.896728255576754618e-01
8.896728255576754618e-01
8.896728255576754618e-01
8.896728255576754618e-01
8.896728255576754618e-01
8.896728255576754618e-01
8.896728255576754618e-01
8.896728255576754618e-01
8.896728255576754618e-01
8.896728255576754618e-01
8.896728255576754618e-01
8.896728255576754618e-01
8.896728255576754618e-01
8.896728255576754618e-01
8.896728255576754618e-01
8.896728255576754618e-01
8.896728255576754618e-01
8.896728255576754618e-01
8.896728255576754618e-01
8.896728255576754618e-01
8.896728255576754618e-01
8.896728255576754618e-01
8.896728255576754618e-01
8.896728255576754618e-01
8.896728255576754618e-01
8.896728255576754618e-01
8.896728255576754618e-01
8.896728255576754618e-01
8.896728255576754618e-01
8.896728255576754618e-01
8.896728255576754618e-01
8.896728255576754618e-01
8.896728255576754618e-01
8.896728255576754618e-01
8.896728255576754618e-01
8.896728255576754618e-01
8.896728255576754618e-01
8.896728255576754618e-01
8.896728255576754618e-01
8.896728255576754618e-01
8.896728255576754618e-01
8.896728255576754618e-01
8.896728255576754618e-01
8.896728255576754618e-01
8.896728255576754618e-01
8.896728255576754618e-01
8.896728255576754618e-01
8.896728255576754618e-01
8.896728255576754618e-01
8.896728255576754618e-01
8.896728255576754618e-01
8.896728255576754618e-01
8.896728255576754618e-01
8.896728255576754618e-01
8.896728255576754618e-01
8.896728255576754618e-01
8.896728255576754618e-01
8.896728255576754618e-01
8.896728255576754618e-01
8.896728255576754618e-01
8.896728255576754618e-01
8.896728255576754618e-01
8.896728255576754618e-01
8.896728255576754618e-01
8.896728255576754618e-01
8.896728255576754618e-01
8.896728255576754618e-01
8.896728255576754618e-01
8.896728255576754618e-01
8.896728255576754618e-01
8.896728255576754618e-01
8.896728255576754618e-01
8.896728255576754618e-01
8.896728255576754618e-01
8.896728255576754618e-01
8.896728255576754618e-01
8.896728255576754618e-01
8.896728255576754618e-01
8.896728255576754618e-01
8.896728255576754618e-01
8.896728255576754618e-01
8.896728255576754618e-01
8.896728255576754618e-01
8.896728255576754618e-01
8.896728255576754618e-01
8.896728255576754618e-01
8.896728255576754618e-01
8.896728255576754618e-01
8.896728255576754618e-01
8.896728255576754618e-01
8.896728255576754618e-01
8.896728255576754618e-01
8.896728255576754618e-01
8.896728255576754618e-01
8.896728255576754618e-01
8.896728255576754618e-01
8.896728255576754618e-01
8.896728255576754618e-01
8.896728255576754618e-01
8.896728255576754618e-01
8.896728255576754618e-01
8.896728255576754618e-01
8.896728255576754618e-01
8.896728255576754618e-01
8.896728255576754618e-01
8.896728255576754618e-01
8.896728255576754618e-01
8.896728255576754618e-01
8.896728255576754618e-01
8.896728255576754618e-01
8.896728255576754618e-01
8.896728255576754618e-01
8.896728255576754618e-01
8.896728255576754618e-01
8.896728255576754618e-01
8.896728255576754618e-01
8.896728255576754618e-01
8.896728255576754618e-01
8.896728255576754618e-01
8.896728255576754618e-01
8.896728255576754618e-01
8.896728255576754618e-01
8.896728255576754618e-01
8.896728255576754618e-01
8.896728255576754618e-01
8.896728255576754618e-01
8.896728255576754618e-01
8.896728255576754618e-01
8.896728255576754618e-01
8.896728255576754618e-01
8.896728255576754618e-01
8.896728255576754618e-01
8.896728255576754618e-01
8.896728255576754618e-01
8.896728255576754618e-01
8.896728255576754618e-01
8.896728255576754618e-01
8.896728255576754618e-01
8.896728255576754618e-01
8.896728255576754618e-01
8.896728255576754618e-01
8.896728255576754618e-01
8.896728255576754618e-01
8.896728255576754618e-01
8.896728255576754618e-01
8.896728255576754618e-01
8.896728255576754618e-01
8.896728255576754618e-01
8.896728255576754618e-01
8.896728255576754618e-01
8.896728255576754618e-01
8.896728255576754618e-01
8.896728255576754618e-01
8.896728255576754618e-01
8.896728255576754618e-01
8.896728255576754618e-01
8.896728255576754618e-01
8.896728255576754618e-01
8.896728255576754618e-01
8.896728255576754618e-01
8.896728255576754618e-01
8.896728255576754618e-01
8.896728255576754618e-01
8.896728255576754618e-01
8.896728255576754618e-01
8.896728255576754618e-01
8.896728255576754618e-01
8.896728255576754618e-01
8.896728255576754618e-01
8.896728255576754618e-01
8.896728255576754618e-01
8.896728255576754618e-01
8.896728255576754618e-01
8.896728255576754618e-01
8.896728255576754618e-01
8.896728255576754618e-01
8.896728255576754618e-01
8.896728255576754618e-01
8.896728255576754618e-01
8.896728255576754618e-01
8.896728255576754618e-01
8.896728255576754618e-01
8.896728255576754618e-01
8.896728255576754618e-01
8.896728255576754618e-01
8.896728255576754618e-01
8.896728255576754618e-01
8.896728255576754618e-01
8.896728255576754618e-01
8.896728255576754618e-01
8.896728255576754618e-01
8.896728255576754618e-01
8.896728255576754618e-01
