1.000000000000000000e+00
1.000000000000000000e+00
1.000000000000000000e+00
1.000000000000000000e+00
1.000000000000000000e+00
1.000000000000000000e+00
1.000000000000000000e+00
1.000000000000000000e+00
1.000000000000000000e+00
1.000000000000000000e+00
1.000000000000000000e+00
1.000000000000000000e+00
1.000000000000000000e+00
1.000000000000000000e+00
1.000000000000000000e+00
1.000000000000000000e+00
1.000000000000000000e+00
1.000000000000000000e+00
1.000000000000000000e+00
1.000000000000000000e+00
1.000000000000000000e+00
1.000000000000000000e+00
1.000000000000000000e+00
9.990651716854895836e-01
9.950296594955910789e-01
9.877130886828459078e-01
9.819387117488123096e-01
9.775699775561893512e-01
9.695640307229053123e-01
9.592259091739947507e-01
9.492610723214800483e-01
9.347739383190407647e-01
9.261361749471090921e-01
9.118062762046612590e-01
8.980636607789120873e-01
8.849976287023668675e-01
8.695517817612826716e-01
8.566153971627366026e-01
8.429001119987151736e-01
8.277341451473578804e-01
8.138900494770037186e-01
8.003970622136790114e-01
7.859676362314627074e-01
7.699790695629198378e-01
7.565272830835261253e-01
7.460642985405012695e-01
7.328412699253312734e-01
7.148039752389496737e-01
7.046240469479682078e-01
6.921744996134187033e-01
6.771751361246756140e-01
6.621523477612802910e-01
6.523951110880905624e-01
6.396499412890097602e-01
6.253758119194792187e-01
6.137946359351961201e-01
6.020742978169405513e-01
5.874271305488828476e-01
5.749116292336613476e-01
5.615505880989216658e-01
5.482592608969530934e-01
5.360057542462269842e-01
5.257518574798242250e-01
5.138273999043201368e-01
5.036744991460209153e-01
4.904788702244193277e-01
4.786088161205573344e-01
4.679244400058850673e-01
4.547406938549308775e-01
4.415491359428981299e-01
4.306199433291096890e-01
4.158601285935882297e-01
4.038603011149372590e-01
3.924315839384271420e-01
3.796820549888472174e-01
3.703059698899205943e-01
3.596262445753741765e-01
3.516306797953325791e-01
3.412487669132204804e-01
3.328512738030735552e-01
3.229020489672889682e-01
3.158301916704518431e-01
3.095322995397568611e-01
3.020724735357180890e-01
2.945425431726869103e-01
2.881816880616576704e-01
2.814231753532636660e-01
2.731945423327812872e-01
2.640980052684648860e-01
2.550105834337748067e-01
2.508749802403471563e-01
2.445499480013105520e-01
2.402907097187599594e-01
2.333504943350331873e-01
2.260131761037151021e-01
2.198013717592801619e-01
2.150328235693654555e-01
2.107624761394875368e-01
2.064241189229961138e-01
2.027371977229072697e-01
1.983711059189978421e-01
1.947830030069296892e-01
1.965344401356449444e-01
1.969174776891532697e-01
1.937939931088232259e-01
1.899726289261589596e-01
1.903503664086556579e-01
1.890834116167376400e-01
1.869586084783956270e-01
1.852695912975559356e-01
1.830764611546435716e-01
1.782932486108120829e-01
1.747520212503911041e-01
1.679389002316938606e-01
1.661613159413327379e-01
1.626882939701917163e-01
1.622459302923884295e-01
1.634774373718674845e-01
1.612636201845916717e-01
1.608217140080263341e-01
1.591062228569851689e-01
1.570766158415170533e-01
1.571919049782137812e-01
1.572947194976337948e-01
1.603724241689278018e-01
1.562604190642488955e-01
1.546533624019492403e-01
1.555488759399628607e-01
1.543084336502903164e-01
1.516542309463112803e-01
1.542542199775841782e-01
1.507608936561355972e-01
1.503003883600433910e-01
1.494089406559963029e-01
1.455281134664094811e-01
1.463453635153245946e-01
1.459293144183409496e-01
1.436917997254210932e-01
1.439766191579395505e-01
1.433932697267595868e-01
1.420677636578776826e-01
1.405602880086693207e-01
1.405444552579225570e-01
1.411634635499891266e-01
1.408601268894347502e-01
1.411169786534978432e-01
1.401466760848625037e-01
1.399284290791130703e-01
1.395880945255466854e-01
1.389215966395233870e-01
1.392955371686627752e-01
1.388445674771550398e-01
1.399577254431849660e-01
1.408276714479625435e-01
1.399858682996155124e-01
1.400365406866853346e-01
1.402295964305649845e-01
1.386684304207491669e-01
1.394093863978474457e-01
1.377460061609921127e-01
1.364144732851827468e-01
1.358983605260302985e-01
1.349329742676083632e-01
1.356458732239428089e-01
1.339651277235045235e-01
1.326494797118759061e-01
1.337609979925245551e-01
1.317480186797791164e-01
1.299445532018523031e-01
1.301510645810072531e-01
1.291710851691025008e-01
1.285215673092537647e-01
1.272198781988522209e-01
1.275012640235334838e-01
1.256757560935361784e-01
1.275329013609207696e-01
1.251553267211336640e-01
1.239226849878854592e-01
1.229514504171880102e-01
1.205328751167944051e-01
1.209750745197124139e-01
1.195762439025033763e-01
1.176924871560503238e-01
1.173302568033401383e-01
1.123650240865922967e-01
1.127981451369967081e-01
1.127982277521709237e-01
1.104881368474835562e-01
1.100966609896480430e-01
1.072051965546858554e-01
1.079642629595609499e-01
1.070666257477030092e-01
1.079685275724440729e-01
1.070876630607632274e-01
1.044796406466705074e-01
1.027058915146589202e-01
1.007122806232208373e-01
9.964419685622719070e-02
1.011088111366001824e-01
1.008383070059288289e-01
9.965498335298840493e-02
9.969474302874775651e-02
9.973166895503775276e-02
9.881381080654272342e-02
9.925806101834476480e-02
9.937807596795925069e-02
9.875128724234855104e-02
1.003796389542850054e-01
9.960117106783238083e-02
9.904992651862584707e-02
9.880894889640902401e-02
9.652312825774540805e-02
9.360549187779415581e-02
9.134334822510523089e-02
9.335886639908905216e-02
9.242617561272022109e-02
9.257214076584426021e-02
9.391002536126893951e-02
9.396823190105552115e-02
9.241106370340990139e-02
8.902204180391787292e-02
9.022057032560751311e-02
8.934955947622157113e-02
8.844775921380011730e-02
8.729796678394327603e-02
8.870709721124914182e-02
8.875418284379704703e-02
9.069922613922203058e-02
9.188746864393392000e-02
9.266557499853837754e-02
9.226486911450985928e-02
9.340035210621473738e-02
9.259858846519773701e-02
9.292236593252832522e-02
9.286085835685867207e-02
9.127731106479508583e-02
8.973092613371617954e-02
9.012745128338280065e-02
8.877820814882385336e-02
8.681027720096673450e-02
8.611800579505846098e-02
8.761566869648433620e-02
8.668040003387957049e-02
8.614337826775543550e-02
8.601970639361303239e-02
8.466279681580000938e-02
8.440564500255200164e-02
8.399716653899026719e-02
8.349323191258432864e-02
8.350075383997787593e-02
8.395032509868413650e-02
8.507605574224812173e-02
8.644374397459281267e-02
8.715603301020558025e-02
8.674099587170990000e-02
8.646476621114305983e-02
8.665569263746640549e-02
8.711151803913222413e-02
8.557689149978291165e-02
8.610113613886119510e-02
8.542407396892778837e-02
8.497799410750478399e-02
8.536930292370725759e-02
8.457566691543719206e-02
8.411808703988707392e-02
8.353971021509415396e-02
8.355575384222484192e-02
8.243252699291615804e-02
8.320066266143855138e-02
8.204578891310464195e-02
8.255914937599281855e-02
8.250363956753024863e-02
8.095806191027302146e-02
8.159332910098432423e-02
8.037737468313792266e-02
8.034697652193549533e-02
8.045832225133156546e-02
8.142771858806867324e-02
8.207035270500941115e-02
8.177635457991863643e-02
8.203127769974494221e-02
8.541867467174217576e-02
8.608229363911146237e-02
8.738704294934809824e-02
8.445771924139619524e-02
8.319897353983050914e-02
8.257737586624781800e-02
8.205668749579678178e-02
8.071168715657218995e-02
7.947159240999437935e-02
7.762045532996340869e-02
7.735971216789060134e-02
7.870983511157099433e-02
7.874588726128854688e-02
7.845586107003597875e-02
7.835246808126888896e-02
7.881227446485926380e-02
7.793543695023923135e-02
7.820308226718658551e-02
7.789457732579802007e-02
7.841252699095849210e-02
7.805068760602454359e-02
7.717066374636909198e-02
7.791723568887151674e-02
7.852596761637907485e-02
7.731562575509492996e-02
7.863205552058880055e-02
7.744610279336587577e-02
7.847448758278352532e-02
7.894986633229468531e-02
7.648776570742120418e-02
7.525178599820504799e-02
7.492998288537910945e-02
7.511090051443526650e-02
7.460897525091093885e-02
7.287420099564421994e-02
7.143196961583048177e-02
7.154911571332774056e-02
7.178666033454871032e-02
7.212269088584932764e-02
7.205404748376439961e-02
7.331319500884739271e-02
7.318467079550480814e-02
7.411728040448782584e-02
7.404413561175127168e-02
7.430571972434261985e-02
7.466109598280955273e-02
7.415409819941316816e-02
7.412887535320367149e-02
7.501985740243584388e-02
7.382842015892310261e-02
7.521162640924511367e-02
7.349409947299610779e-02
7.239400202107171278e-02
7.305399375714322074e-02
7.350944813057318228e-02
7.636996010192756423e-02
7.576359408111596472e-02
7.622050771699175054e-02
7.685048110838320345e-02
7.873015350516492095e-02
7.844661926538878949e-02
7.812037788630935009e-02
7.881343690320233297e-02
7.906398344422226054e-02
7.850448518753108673e-02
7.743959066429248472e-02
7.738669737122017001e-02
7.501213074582754881e-02
7.439795375108995690e-02
7.423092735492339833e-02
7.315440402105725937e-02
7.325110204150772630e-02
7.265513757845111498e-02
7.345732049953170029e-02
7.136599655897819805e-02
7.245530024063155661e-02
7.190853511086130190e-02
7.136833974455102092e-02
7.054559341102946413e-02
7.055685895013347197e-02
7.093510534253220923e-02
6.978499531980111859e-02
6.866228501352283908e-02
6.891416779151414429e-02
7.024078274653533516e-02
7.115805966045633812e-02
6.949097148009296399e-02
6.748262941894417333e-02
6.629207070100900934e-02
6.575978441823698839e-02
6.460102132503706129e-02
6.449627717361501589e-02
6.525821282333719997e-02
6.325310324962515884e-02
6.258159447023500799e-02
6.298157679532165321e-02
6.106699799351465729e-02
5.916086828840880218e-02
5.850982231557765034e-02
5.798148340202187445e-02
5.947943132267115296e-02
5.786261739913306501e-02
5.730958251689918792e-02
5.860353383336649319e-02
5.912555566866618123e-02
5.874576661234746228e-02
5.775137391512480400e-02
5.685937504879019083e-02
5.875841511909542236e-02
5.972807116424360546e-02
5.784631142733009934e-02
5.857163349889239756e-02
5.798069865986624216e-02
5.988907952408144275e-02
5.844138208050457528e-02
5.849546643207774455e-02
5.816582423019210635e-02
5.830161173771061106e-02
5.821661756256711617e-02
5.901182705145077007e-02
5.920457073959729116e-02
5.833257363866155981e-02
5.742647157303626404e-02
5.846092259895797894e-02
5.980872799053982974e-02
5.838139180535139444e-02
5.921495885412474819e-02
5.992284720019900451e-02
6.041797370067403250e-02
6.122108857409228055e-02
6.169790034567242121e-02
6.287281328561780680e-02
6.471214087086997468e-02
6.501328699395746147e-02
6.571012278763543879e-02
6.583978517220431814e-02
6.431949493126487560e-02
6.466194390626540944e-02
6.483809721089286993e-02
6.622880572357608964e-02
6.495923404233201748e-02
6.426695049824442119e-02
6.540247841631258163e-02
6.400695692794435010e-02
6.245459792693559831e-02
6.242279642244661503e-02
6.325853825453077450e-02
6.382481154088762154e-02
6.245614927694212448e-02
6.133271054302571329e-02
6.231937189907028884e-02
6.117487238007714850e-02
6.190356776224514163e-02
6.271012143811111050e-02
6.342264138156639142e-02
6.302156099619364571e-02
6.393011373000784259e-02
6.307611136784795069e-02
6.367426472440526619e-02
6.291256734767594616e-02
6.190968974363097316e-02
6.192365303155020900e-02
6.262159887303890560e-02
6.276978928105822475e-02
6.285157689279986803e-02
6.320319246059005747e-02
6.417968443179206117e-02
6.465276036183036090e-02
6.510633069123872296e-02
6.537408601616086223e-02
6.399653284983614077e-02
6.329140020154647162e-02
6.408705349267851403e-02
6.376032939729663063e-02
6.340850158874374032e-02
6.340507872113264332e-02
6.362920340042159395e-02
6.529983032821566613e-02
6.496202233498003797e-02
6.449768137090487741e-02
6.405792580018870863e-02
6.485995547742852418e-02
6.477234466703482574e-02
6.559359165403591541e-02
6.668347762749589347e-02
6.574966292763904929e-02
6.477224569760332840e-02
6.487035375162304718e-02
6.309975794130029403e-02
6.209811137957711724e-02
6.164484184049712212e-02
5.977316946717294022e-02
5.924948115243472424e-02
5.815867529982622630e-02
5.876359250854709670e-02
5.813868676029743804e-02
5.778512213612881782e-02
5.827101416653195087e-02
5.823110161640163845e-02
5.824217192054328279e-02
5.812242154913135200e-02
5.749215794732235457e-02
5.812941369269845199e-02
5.800637833062301935e-02
5.698232760938283514e-02
5.668291693006116683e-02
5.626608503187029847e-02
5.623121650821658740e-02
5.544974350320126116e-02
5.312828357148859787e-02
5.287018235940951771e-02
5.311418565063692754e-02
5.187653891968521669e-02
5.303591376831183479e-02
5.288588069997756519e-02
5.328650167731729947e-02
5.398114187425757243e-02
5.438803398683494938e-02
5.477645370539760417e-02
5.455492234480592562e-02
5.569873333368354634e-02
5.226590531071442086e-02
5.320401439497864093e-02
5.370678118751640029e-02
5.357878437701885099e-02
5.427234193234940773e-02
5.319563413857541362e-02
5.359642152737782717e-02
5.313083394913516166e-02
5.398499217836287556e-02
5.418394079003385766e-02
5.436646302652939355e-02
5.372942283217313486e-02
5.473845193012129989e-02
5.305336139519331584e-02
5.293181349706472388e-02
5.410448152298719809e-02
5.454509906485776466e-02
5.447601111319369527e-02
5.529282742335988460e-02
5.587289261301928156e-02
5.644706116966143050e-02
5.547279100523744289e-02
5.544050634517703330e-02
5.510796755100833000e-02
5.651381171828419314e-02
5.755673290095054268e-02
5.774115740192326679e-02
5.824147790224862981e-02
5.881083899413570848e-02
5.922210844991632195e-02
5.854774608887343412e-02
5.853062212659491947e-02
5.918963388625023830e-02
6.023478596639117444e-02
5.973031699446521708e-02
6.007036079192704103e-02
5.853954238637085888e-02
5.832341321214895569e-02
5.776259736958750529e-02
5.824788426338643049e-02
5.743581175103180947e-02
5.697987850355981654e-02
5.698396552889369721e-02
5.727399965660711495e-02
5.424870080806296763e-02
5.574210856536991610e-02
5.642567565634321047e-02
5.582703640532486744e-02
5.487573501220695260e-02
5.519736335494129092e-02
5.528538848660256855e-02
5.571692764765251438e-02
5.755991072536943004e-02
5.740497061475782758e-02
5.829723560095367157e-02
5.710469314128101270e-02
5.663349151630603373e-02
5.548287257692690461e-02
5.523938408963838947e-02
5.535223257973753003e-02
5.682589308498670055e-02
5.543184863361683840e-02
5.481059624056944246e-02
5.572324023184223318e-02
5.561219888254322757e-02
5.556366527749881379e-02
5.555629445748485468e-02
5.491449416096347985e-02
5.494478088680866679e-02
5.538023883972327532e-02
5.624934030672920637e-02
5.680281183510502846e-02
5.729463677234742508e-02
5.758907539699389261e-02
5.805778051417974372e-02
5.707571406164367589e-02
5.724368784022528661e-02
5.789091778074158950e-02
5.731349384638058375e-02
5.856501664768810206e-02
5.859796482511803878e-02
5.943182864423651734e-02
6.018544390800909666e-02
5.879376102468109738e-02
5.897742078166568619e-02
5.935533384739705848e-02
5.895583923609822030e-02
5.982544822893087755e-02
5.922434982550108667e-02
5.931189829537028557e-02
6.024987180620267752e-02
5.990874235874377868e-02
5.957502840388240878e-02
5.938326467328613328e-02
6.072950657578904399e-02
5.930150046026758104e-02
5.915273383394135942e-02
5.895702703268883987e-02
5.865193346311858846e-02
5.915292919030906010e-02
5.935209805017301748e-02
5.894952554787767640e-02
5.942820528108275907e-02
6.001656008704239764e-02
5.906943777943485935e-02
5.921451766602128797e-02
5.883124116375889473e-02
5.897511064048602258e-02
6.068883312588264217e-02
6.164205143181723801e-02
6.242207197187679690e-02
6.056319809985374891e-02
5.976044427758482602e-02
5.829118835779130425e-02
5.737885522284832951e-02
5.690987230298679561e-02
5.684681135962842136e-02
5.803999483126902337e-02
5.842545349907950908e-02
5.845079498620473629e-02
5.890515970173675758e-02
5.872032398062156100e-02
6.044628059964250039e-02
5.945895903029776303e-02
6.021626753250743092e-02
6.090311055376129018e-02
6.217097690669089183e-02
6.175332688382018098e-02
6.158285472094536528e-02
5.985851353237573585e-02
5.922737203666104261e-02
5.932573214958827834e-02
5.928515088502039204e-02
5.846989139347823217e-02
5.843392676851464490e-02
5.859354808580020252e-02
5.917253945750624439e-02
5.968350602293219509e-02
6.014441754693353182e-02
5.965131866002369027e-02
5.924288430952348583e-02
5.901944357431947868e-02
6.073364687970824599e-02
5.993603892347846435e-02
6.114313123248351495e-02
6.047177955923627168e-02
5.969252258104301018e-02
5.991410915061867043e-02
5.921329512248420940e-02
5.844731562610777642e-02
5.834310501719352365e-02
5.877270781963111340e-02
5.874785858522094811e-02
5.829464207207555454e-02
5.865475917587415627e-02
5.934198871359297467e-02
5.949693635575403067e-02
5.866034827712337391e-02
5.914689786258291171e-02
5.959697054661009658e-02
5.910418246867533976e-02
5.937449504202347433e-02
5.732427315826740810e-02
5.691862227288650017e-02
5.671568647388661871e-02
5.673912404537367893e-02
5.551766212742362261e-02
5.612919256530993217e-02
5.615379000451431457e-02
5.551651159720651790e-02
5.426514177846029907e-02
5.437806425223384171e-02
5.449726265592946123e-02
5.505513151321510257e-02
5.466060992740285479e-02
5.488010740461201492e-02
5.658654578285215314e-02
5.734513418387932049e-02
5.791438239883208577e-02
5.664165899649069996e-02
5.775640468069985489e-02
5.786322575087819720e-02
5.846800333917064052e-02
5.823237904006990651e-02
5.871889045391263245e-02
5.846875235930548004e-02
5.819802137534460518e-02
5.867350930841453566e-02
5.852477879741638939e-02
5.883906458069330936e-02
5.832212303470199477e-02
5.941768515644638843e-02
5.932045901365418789e-02
5.927231351852758207e-02
5.954315577410537741e-02
5.807794759096971543e-02
5.807383316896361225e-02
5.852628122899376784e-02
5.914596244446324036e-02
5.801973719538739555e-02
5.702426050726092793e-02
5.754746278651410446e-02
5.709506926828550322e-02
5.750180884212034715e-02
5.702880128706456359e-02
5.661606862113809091e-02
5.580033422134558774e-02
5.650553506365668666e-02
5.657370524666608530e-02
5.698649289952430891e-02
5.713058766615255329e-02
5.808296808239125225e-02
5.833619258918815165e-02
5.909383385123206239e-02
5.900689472829964005e-02
5.869712107386010347e-02
5.835273926613879225e-02
5.929144659160550529e-02
5.897496904267553880e-02
5.918591670802251375e-02
5.949299992424494921e-02
5.852987722116881342e-02
5.935490170197867815e-02
5.959850617759834129e-02
5.891146538383534165e-02
5.828463888769720019e-02
5.906057088651373022e-02
5.942939419282664698e-02
5.935818462509228483e-02
5.925377027482357090e-02
5.960341821964874887e-02
6.032042681933580397e-02
6.026088646830014828e-02
5.994917236142668221e-02
5.974625884835609718e-02
5.998442391562817250e-02
6.063390969527553132e-02
6.075978181289214825e-02
5.924289127942103383e-02
6.024788347047946996e-02
5.959331237935257264e-02
6.129986683603206449e-02
6.191607600870247669e-02
6.188125427122378314e-02
6.222320470554018601e-02
6.188666462593500617e-02
6.235424117964135510e-02
6.178202315168884740e-02
6.189386432118616083e-02
6.151138639289846499e-02
6.160953433599463541e-02
6.193114690603804956e-02
6.247042271601036673e-02
6.199894077152597049e-02
6.161280667910207232e-02
6.087847188512913316e-02
6.063584089183406828e-02
5.957764259944587498e-02
5.944077381767388230e-02
5.911359199073701332e-02
5.933407131506719667e-02
5.943650934856322537e-02
5.914553458480825004e-02
5.979740469668248098e-02
5.905021266689202547e-02
5.924063800169331734e-02
5.884034286048317464e-02
5.919471115667410133e-02
5.917776686476754200e-02
5.892824883899739491e-02
5.783938316563992654e-02
5.722994429814610290e-02
5.646795354711884457e-02
5.708455951006478207e-02
5.584790180785090263e-02
5.482405456156011492e-02
5.505909462871326487e-02
5.353498659878484778e-02
5.357396000905767508e-02
5.269002329286753827e-02
5.231216309255933006e-02
5.241975681319888114e-02
5.166226433044291549e-02
5.172474191161196416e-02
5.224801481834675382e-02
5.196138514018425886e-02
5.149365205374789589e-02
5.158352411787570785e-02
5.149966765583709888e-02
5.074157498852222004e-02
5.002101847182444799e-02
4.964604035929233439e-02
4.913227527284530494e-02
4.934735512619465442e-02
4.948560293242209446e-02
4.987169089968034041e-02
5.041642195159371648e-02
5.071387528618975793e-02
5.173947785200546517e-02
5.060254767767569800e-02
4.987908509218127312e-02
5.034830809943289381e-02
5.071983980765146227e-02
5.090379789478596817e-02
5.030181831502288786e-02
5.025553754799009371e-02
5.230444180587340286e-02
5.254096425125451275e-02
5.318217161112405444e-02
5.275783187132711272e-02
5.236995212431479196e-02
5.256582551763024774e-02
5.262498060490884005e-02
5.267837563757207797e-02
5.264141891653024985e-02
5.264114054576373575e-02
5.445141688349557779e-02
5.425947872748194956e-02
5.310055215744952095e-02
5.247208229669746149e-02
5.302151920085742404e-02
5.268870907239342483e-02
5.178298451251085038e-02
5.257648820043826776e-02
5.139832639098567552e-02
5.169463879879260954e-02
5.040296838945367702e-02
5.089816614704069375e-02
4.991611860919457216e-02
4.850670930832518685e-02
4.890052146306005793e-02
4.916958013354082863e-02
4.900923093291607163e-02
4.952710465299092063e-02
5.034922586868460087e-02
5.133662630182629638e-02
5.139221213305561475e-02
5.158602730329369529e-02
5.135007280256750212e-02
5.114442446663548109e-02
5.167134629125587353e-02
5.143135132105538382e-02
5.119833757252437167e-02
5.069329596715786701e-02
5.073152694237002824e-02
5.101074364348758688e-02
5.040009626751547345e-02
4.940232144631672567e-02
4.924107414895418505e-02
4.887853695053959863e-02
4.876451198390756997e-02
4.960279238896816989e-02
4.981487378415135059e-02
4.938734235620491353e-02
4.930980925139639287e-02
5.034683370639432554e-02
5.058029453269796694e-02
5.028528250174642972e-02
5.098122161717659473e-02
5.035879203293845696e-02
5.171633335684405752e-02
5.150255990374923848e-02
5.118432856502430628e-02
5.160988908152128879e-02
5.161186017515082686e-02
5.089876361564439622e-02
5.007206993210445295e-02
5.042795873777121407e-02
5.077717450808085647e-02
5.156289979550471303e-02
5.202424978603551603e-02
5.210576004724266908e-02
5.186928364861160407e-02
5.177512960805805836e-02
5.228673397659074074e-02
5.163003718107565115e-02
5.173099246642458293e-02
5.157782027326538593e-02
5.237756217139373505e-02
5.148468361863432763e-02
5.135680915816781544e-02
5.202527189569008254e-02
5.135162665121114495e-02
5.117446880813120852e-02
5.025530640598763893e-02
4.990565306261503936e-02
4.995243263650622073e-02
5.057371364315175338e-02
5.106967406087784683e-02
5.198902837556587664e-02
5.210703916877571645e-02
5.223694220875737398e-02
5.170307142534257688e-02
5.197641820557900860e-02
5.192257772195112836e-02
5.237007486839660025e-02
5.263873843236146349e-02
5.239285994568042282e-02
5.229913933421343614e-02
5.027897978103421789e-02
4.995961997947519218e-02
5.059218118729841285e-02
5.111444726689678975e-02
5.066804631868170039e-02
5.090015079109395241e-02
5.054446657757446365e-02
5.046986014689879008e-02
5.035064396942957182e-02
4.990366270659392367e-02
5.042977447410084552e-02
4.953328225454446676e-02
4.951268990394372405e-02
4.894015002181685559e-02
4.849621709733947100e-02
4.966172609990497644e-02
5.041416067938671308e-02
5.190693311803817878e-02
5.164672401532899998e-02
5.141791017934464053e-02
5.157188730222093953e-02
5.328944900661800738e-02
5.403235752453791618e-02
5.345895474262080810e-02
5.412086662938182108e-02
5.358621399784432165e-02
5.391210916707205730e-02
5.407650971630657138e-02
5.390734219802986726e-02
5.447610601204336267e-02
5.479624013888822337e-02
5.561169620365260385e-02
5.580997330939616724e-02
5.514128471241516033e-02
5.509682319389391097e-02
5.596790061094217283e-02
5.544181008111008502e-02
5.572925818542919657e-02
5.612070672113516484e-02
5.609504218664482927e-02
5.634987634848678817e-02
5.689229240834751955e-02
5.626504066882787036e-02
5.587344363413526693e-02
5.439272178762357551e-02
5.345414072418800538e-02
5.386407916827538195e-02
5.323310078446041871e-02
5.222787943452428944e-02
5.246012093996160752e-02
5.189787927279147783e-02
5.258270414533638970e-02
5.206604506088668288e-02
5.239332457949415212e-02
5.386857259348629828e-02
5.347621353752137624e-02
5.449637105160486800e-02
5.439494803048062349e-02
5.407055649880797288e-02
5.337744388568937959e-02
5.383487038655199175e-02
5.510201337284569012e-02
5.573542483436474265e-02
5.449301088910364632e-02
5.428861441499299723e-02
5.367372169075072807e-02
5.482689327330210471e-02
5.446894698809692792e-02
5.500307044210511059e-02
5.558060073928845074e-02
5.577565588838655913e-02
5.636638477937408465e-02
5.772402428439480510e-02
5.780800161005358873e-02
5.658838095635244925e-02
5.645062373523487137e-02
5.790825734947432218e-02
5.789160093978439753e-02
5.866794988180364795e-02
5.846062344797655491e-02
5.755709807419567836e-02
5.804429267809742277e-02
5.867945529275164773e-02
5.935758910099110663e-02
5.970449837093132206e-02
5.898708523462515424e-02
5.721409457600425824e-02
5.798498454437743532e-02
5.834305844125699941e-02
5.909021631282388581e-02
5.916659346374391476e-02
5.900707202772742521e-02
5.931836124984833647e-02
5.935139816227705950e-02
5.964733325474620013e-02
5.910528879548209574e-02
5.826432317489540352e-02
5.790748259397936887e-02
5.798008455596680849e-02
5.728816798464477639e-02
5.801018069377294334e-02
5.813374194227548947e-02
5.821946097546804033e-02
5.856916272848496779e-02
5.900745767509805312e-02
5.913431665031434331e-02
5.851017814225120683e-02
5.908693861000045150e-02
5.941031196965219918e-02
5.935704949674675684e-02
5.930162701209812370e-02
5.879306446171087691e-02
5.867508329139298900e-02
5.881759202394522962e-02
5.932182111064748103e-02
5.935864789935311331e-02
5.999179928124041827e-02
5.924090466406649325e-02
5.969433535968853705e-02
5.947473978310965220e-02
5.891762113379904464e-02
5.882889750569611498e-02
5.889586680239920768e-02
5.805829847186298742e-02
5.785431359094506121e-02
5.790428300822825919e-02
5.829416000627499900e-02
5.858088840918320578e-02
5.830187608894522172e-02
5.764859075818965645e-02
5.826213755541533729e-02
5.850962145666496750e-02
5.839261891328761250e-02
5.800205224357683070e-02
5.794684746403156589e-02
5.831838486472170485e-02
5.814143335104351995e-02
5.844872892814465676e-02
5.870592115638349068e-02
5.898680397831513461e-02
5.856502879836641279e-02
5.861926700650893496e-02
5.899406991264983385e-02
5.883408685173701497e-02
5.864710444963501523e-02
5.947784827331364932e-02
5.967509035465303618e-02
5.926825047719764400e-02
5.938859703501840615e-02
5.955022393028912980e-02
6.060880062816934727e-02
6.112146016565279949e-02
5.960400186476974560e-02
6.036147036303300684e-02
6.068426150315221757e-02
6.150440213891254781e-02
6.094874942299261661e-02
6.062932814323687691e-02
5.977156650487249617e-02
5.972331573054735776e-02
6.085823684164322345e-02
6.160304871424765460e-02
6.134118749947883170e-02
6.208910324018723781e-02
6.256063213384259469e-02
6.268406341382214142e-02
6.273674791879624291e-02
6.242658141996905441e-02
6.212659399935328841e-02
6.257328523162095091e-02
6.236415760841237943e-02
6.244106559168603049e-02
6.242120807299893215e-02
6.176446790139962506e-02
6.064762365865040972e-02
6.049152519575068387e-02
6.047274595347358617e-02
6.046658887074472799e-02
6.016305707131162916e-02
6.053076967462900360e-02
6.049500398150025465e-02
5.975390002013323404e-02
6.012214946285309586e-02
6.081422470851156892e-02
6.077424040026677826e-02
6.040699072211370285e-02
6.065322962035352844e-02
6.074958757620921301e-02
6.058266869362103485e-02
6.066088789301853773e-02
6.070004385546318854e-02
5.975824091883280564e-02
5.889934192615432773e-02
5.902173357525954123e-02
5.906212451726636226e-02
5.923408824094521241e-02
5.988304262310389231e-02
6.025896459293673957e-02
6.006792634234349448e-02
5.999881470419569929e-02
5.954184980638476538e-02
5.962642919179866885e-02
5.919477606073897391e-02
5.955356384461070463e-02
6.026903003188002761e-02
5.931356383522970455e-02
5.893381485726179730e-02
5.863950041912120714e-02
5.780407166599606933e-02
5.792058843551729785e-02
5.671653138366734848e-02
5.667162727945648792e-02
5.746263287080041748e-02
5.686109846712105592e-02
5.677835682111011945e-02
5.671185196583341387e-02
5.700375900300674870e-02
5.744482346502162440e-02
5.716295666241906492e-02
5.706008104503156042e-02
5.705305220435696184e-02
5.695152627868746431e-02
5.755024507990220278e-02
5.790769288719688906e-02
5.729309736724700480e-02
5.757807238899978475e-02
5.687451467220865087e-02
5.736800854554793133e-02
5.742465931091951525e-02
5.841299215552604035e-02
5.747117298830593107e-02
5.823013133988176604e-02
5.856457524939603920e-02
5.829396656515360015e-02
5.840725509158201795e-02
5.861522590009436012e-02
5.822364234160796320e-02
5.940381091601956015e-02
5.961586051916872853e-02
5.925267037076829835e-02
5.948279756855688605e-02
5.944718365894564177e-02
6.023641375678296522e-02
6.031052073813044506e-02
5.923734529591278414e-02
6.087720184727463124e-02
6.064119014225213128e-02
6.037408096529950363e-02
6.086170841343353788e-02
6.095170323943285146e-02
6.061058110251946879e-02
5.985853179012532582e-02
5.934310475447521910e-02
6.005963710231618236e-02
6.120713267414309988e-02
6.174274736017570930e-02
6.155392186027028312e-02
6.080772951093774831e-02
6.054631436824470941e-02
6.024513708998011779e-02
5.996884373163883369e-02
6.049538172695873711e-02
5.986400495477747774e-02
5.955795542550312849e-02
5.890987971235067677e-02
5.914307504012090988e-02
5.895639410979005429e-02
5.893334501445306878e-02
5.870365298513940261e-02
5.955942270641066683e-02
5.953462934514683336e-02
5.877150501299169966e-02
5.820902382787675883e-02
5.749718074213362728e-02
5.765551035498740068e-02
5.755323291694916521e-02
5.786934882218660453e-02
5.726278018555047700e-02
5.840237357241939709e-02
5.783642042795230503e-02
5.675787752211671616e-02
5.636540730261817983e-02
5.592289815748133913e-02
5.485301772101680573e-02
5.424344982459569642e-02
5.418328342500243477e-02
5.471906950869648983e-02
5.516507656539927640e-02
5.490750996334257256e-02
5.459631378776111377e-02
5.442046249150402776e-02
5.455928738523607713e-02
5.483208490455128425e-02
5.552733855837994198e-02
5.455376174054309829e-02
5.497883164006985013e-02
5.504327062379502783e-02
5.530016021369574264e-02
5.501512827924469329e-02
5.499489089371487754e-02
5.464187944658463469e-02
5.428459314659959956e-02
5.457865692259537133e-02
5.357264103172491160e-02
5.433984236484366154e-02
5.462245001739757244e-02
5.466643378237613649e-02
5.425554579503386043e-02
5.455358175983900104e-02
5.490306734062797012e-02
5.457246243205495645e-02
5.425915539161958040e-02
5.419807352565061270e-02
5.407863822152395028e-02
5.418107818433007261e-02
5.460092709555024182e-02
5.527055332068349369e-02
5.533918232702088325e-02
5.560741607590676677e-02
5.479961787357965491e-02
5.535190855777850222e-02
5.463893459222191745e-02
5.409351824248092439e-02
5.476633655167744558e-02
5.460360693675699734e-02
5.424667736920447958e-02
5.388538112800063395e-02
5.337210971302078916e-02
5.221254893394625812e-02
5.166372279216253915e-02
5.221385431959163492e-02
5.184708928112618381e-02
5.170702430682745654e-02
5.152380581903723972e-02
5.127549992891573122e-02
5.119444500091990813e-02
5.123573548387347354e-02
5.117980385276553468e-02
5.025745995359508222e-02
4.976644603664980016e-02
4.966677472226373874e-02
4.958458305550119544e-02
4.986199596198347128e-02
4.968948025830494108e-02
5.008214178429463287e-02
5.042508644784522015e-02
5.111741916448706707e-02
5.069687249640058430e-02
5.033258420696803959e-02
