-7.000000000000000888e+00 6.237856571554141738e-52
-6.987389829497858251e+00 1.143145658356549329e-51
-6.974779658995713838e+00 2.091617561119598900e-51
-6.962169488493571201e+00 3.821004336631617295e-51
-6.949559317991428564e+00 6.969270894228896156e-51
-6.936949147489284151e+00 1.269146470792276810e-50
-6.924338976987141514e+00 2.307548054544251767e-50
-6.911728806484998877e+00 4.188942411762133690e-50
-6.899118635982854464e+00 7.592288032728179584e-50
-6.886508465480711827e+00 1.373901613202636174e-49
-6.873898294978569190e+00 2.482294383872614548e-49
-6.861288124476424777e+00 4.477809891859761138e-49
-6.848677953974282140e+00 8.064784286880391823e-49
-6.836067783472139503e+00 1.450222434783974768e-48
-6.823457612969995090e+00 2.603701929248165375e-48
-6.810847442467852453e+00 4.667267733863809897e-48
-6.798237271965709816e+00 8.353125197271654664e-48
-6.785627101463565403e+00 1.492622953382960998e-47
-6.773016930961422766e+00 2.662969011519207032e-47
-6.760406760459280129e+00 4.743479235423358483e-47
-6.747796589957135716e+00 8.436121230137194745e-47
-6.735186419454993079e+00 1.497971533679393252e-46
-6.722576248952850442e+00 2.655701579534356796e-46
-6.709966078450706028e+00 4.700780467518232191e-46
-6.697355907948563392e+00 8.307601894026839280e-46
-6.684745737446420755e+00 1.465873239530910680e-45
-6.672135566944276341e+00 2.582451730614092745e-45
-6.659525396442133705e+00 4.542376084976137242e-45
-6.646915225939991068e+00 7.977174055033726922e-45
-6.634305055437846654e+00 1.398718035078664197e-44
-6.621694884935704017e+00 2.448648416574596868e-44
-6.609084714433561381e+00 4.279941818784389605e-44
-6.596474543931416967e+00 7.469035047692890240e-44
-6.583864373429274330e+00 1.301386666430958970e-43
-6.571254202927131693e+00 2.263932405834094449e-43
-6.558644032424987280e+00 3.932202105369728899e-43
-6.546033861922844643e+00 6.819044169214552613e-43
-6.533423691420702006e+00 1.180664478047002811e-42
-6.520813520918557593e+00 2.041008610168746489e-42
-6.508203350416414956e+00 3.522723427940878931e-42
-6.495593179914272319e+00 6.070544606509793516e-42
-6.482983009412127906e+00 1.044460891231553421e-41
-6.470372838909985269e+00 1.794205392724017606e-41
-6.457762668407842632e+00 3.077284181079284643e-41
-6.445152497905698219e+00 5.269610895508613201e-41
-6.432542327403555582e+00 9.009589740551921158e-41
-6.419932156901412945e+00 1.537967050729204873e-40
-6.407321986399268532e+00 2.621226933334354959e-40
-6.394711815897125895e+00 4.460441139777154727e-40
-6.382101645394983258e+00 7.578209907268597973e-40
-6.369491474892838845e+00 1.285497100077929678e-39
-6.356881304390696208e+00 2.177164535340388322e-39
-6.344271133888551795e+00 3.681519517135347923e-39
-6.331660963386409158e+00 6.215537563898405391e-39
-6.319050792884266521e+00 1.047721950944885514e-38
-6.306440622382123884e+00 1.763312054595905015e-38
-6.293830451879979471e+00 2.962975927681739913e-38
-6.281220281377836834e+00 4.970990234365347217e-38
-6.268610110875692421e+00 8.326712393309902169e-38
-6.255999940373549784e+00 1.392579871347321379e-37
-6.243389769871407147e+00 2.325319240653602879e-37
-6.230779599369264510e+00 3.876689401461750107e-37
-6.218169428867120097e+00 6.452907008681582902e-37
-6.205559258364977460e+00 1.072422240937815460e-36
-6.192949087862833046e+00 1.779476478535433399e-36
-6.180338917360690409e+00 2.948049378971872490e-36
-6.167728746858547773e+00 4.876332892081204689e-36
-6.155118576356405136e+00 8.053192071845441674e-36
-6.142508405854260722e+00 1.327880265054590486e-35
-6.129898235352118085e+00 2.186079502521937855e-35
-6.117288064849973672e+00 3.593264554198799876e-35
-6.104677894347831035e+00 5.896966614633990298e-35
-6.092067723845688398e+00 9.662386568661155193e-35
-6.079457553343545761e+00 1.580725434279752130e-34
-6.066847382841401348e+00 2.581931979355740057e-34
-6.054237212339258711e+00 4.210653501726197498e-34
-6.041627041837114298e+00 6.855996613720935889e-34
-6.029016871334971661e+00 1.114571917787221336e-33
-6.016406700832829024e+00 1.809097781622592028e-33
-6.003796530330684611e+00 2.931787293076784990e-33
-5.991186359828541974e+00 4.743723622621832212e-33
-5.978576189326399337e+00 7.663423601614986605e-33
-5.965966018824254924e+00 1.236069386338009167e-32
-5.953355848322112287e+00 1.990579210309098771e-32
-5.940745677819969650e+00 3.200609602839734173e-32
-5.928135507317827013e+00 5.138100580567497732e-32
-5.915525336815682600e+00 8.235485144814470524e-32
-5.902915166313539963e+00 1.317930459564528127e-31
-5.890304995811395550e+00 2.105777858447305209e-31
-5.877694825309252913e+00 3.359304708515471467e-31
-5.865084654807110276e+00 5.350607065432351088e-31
-5.852474484304965863e+00 8.508902890604543663e-31
-5.839864313802823226e+00 1.351017444243739499e-30
-5.827254143300680589e+00 2.141732660422235712e-30
-5.814643972798536176e+00 3.389897046593942353e-30
-5.802033802296393539e+00 5.357038120177973289e-30
-5.789423631794250902e+00 8.452398750928230321e-30
-5.776813461292106489e+00 1.331534008050033694e-29
-5.764203290789963852e+00 2.094313189232367461e-29
-5.751593120287821215e+00 3.288880584514006735e-29
-5.738982949785676801e+00 5.156698365187672439e-29
-5.726372779283534165e+00 8.072583250984910675e-29
-5.713762608781391528e+00 1.261741974023086881e-28
-5.701152438279247114e+00 1.969000461873606749e-28
-5.688542267777104477e+00 3.067880002203876213e-28
-5.675932097274961841e+00 4.772525275021607717e-28
-5.663321926772818315e+00 7.412683520361605926e-28
-5.650711756270674790e+00 1.149529360491857278e-27
-5.638101585768532154e+00 1.779844665055849997e-27
-5.625491415266388628e+00 2.751449796224582336e-27
-5.612881244764245103e+00 4.246768420870042999e-27
-5.600271074262102466e+00 6.544449125287203680e-27
-5.587660903759958941e+00 1.006943676992790238e-26
-5.575050733257815416e+00 1.546873733496090977e-26
-5.562440562755672779e+00 2.372587238564551537e-26
-5.549830392253529254e+00 3.633349629463231312e-26
-5.537220221751385729e+00 5.555330545425857453e-26
-5.524610051249243092e+00 8.480673985745988816e-26
-5.511999880747099567e+00 1.292613296649769156e-25
-5.499389710244956042e+00 1.967092100447441820e-25
-5.486779539742813405e+00 2.988812231939097196e-25
-5.474169369240669880e+00 4.534093480006841524e-25
-5.461559198738526355e+00 6.867524951817194292e-25
-5.448949028236382830e+00 1.038551408285777507e-24
-5.436338857734240193e+00 1.568100044798468683e-24
-5.423728687232096668e+00 2.363946206222842850e-24
-5.411118516729953143e+00 3.558111103276565697e-24
-5.398508346227810506e+00 5.347115346444187498e-24
-5.385898175725666981e+00 8.023018103427798652e-24
-5.373288005223523456e+00 1.201916239422773248e-23
-5.360677834721380819e+00 1.797748294283393598e-23
-5.348067664219237294e+00 2.684737686223521793e-23
-5.335457493717093769e+00 4.003069817939336394e-23
-5.322847323214951132e+00 5.959404201708104531e-23
-5.310237152712807607e+00 8.857903286223918397e-23
-5.297626982210664082e+00 1.314551121229379339e-22
-5.285016811708520557e+00 1.947791747055981565e-22
-5.272406641206377920e+00 2.881549603706387464e-22
-5.259796470704234395e+00 4.256261059669225056e-22
-5.247186300202090870e+00 6.276955309081714867e-22
-5.234576129699948233e+00 9.242479133315204081e-22
-5.221965959197804708e+00 1.358772118904689821e-21
-5.209355788695661182e+00 1.994451701418716886e-21
-5.196745618193518546e+00 2.922935367766200361e-21
-5.184135447691375020e+00 4.276945694942980370e-21
-5.171525277189231495e+00 6.248375751226963658e-21
-5.158915106687088858e+00 9.114219069947232629e-21
-5.146304936184945333e+00 1.327366199556007396e-20
-5.133694765682801808e+00 1.930105537335092260e-20
-5.121084595180659171e+00 2.802143773422685454e-20
-5.108474424678515646e+00 4.061803155464089839e-20
-5.095864254176372121e+00 5.878499375611303862e-20
-5.083254083674229484e+00 8.494411015204866162e-20
-5.070643913172085959e+00 1.225516894550055588e-19
-5.058033742669942434e+00 1.765324777505087381e-19
-5.045423572167799797e+00 2.538921422625851659e-19
-5.032813401665656272e+00 3.645803678420547939e-19
-5.020203231163512747e+00 5.227050788076357290e-19
-5.007593060661370110e+00 7.482377760789403934e-19
-4.994982890159226585e+00 1.069404625181611459e-18
-4.982372719657083060e+00 1.526033439636829438e-18
-4.969762549154940423e+00 2.174230858014871088e-18
-4.957152378652796898e+00 3.092907424623289837e-18
-4.944542208150653373e+00 4.392865401707767729e-18
-4.931932037648510736e+00 6.229434598248749488e-18
-4.919321867146367211e+00 8.820011926037439583e-18
-4.906711696644223686e+00 1.246836683878083862e-17
-4.894101526142081049e+00 1.759826599064317388e-17
-4.881491355639937524e+00 2.479991207484678717e-17
-4.868881185137793999e+00 3.489397233178556054e-17
-4.856271014635651362e+00 4.901971052005467451e-17
-4.843660844133507837e+00 6.875609165692257855e-17
-4.831050673631364312e+00 9.628791499513035022e-17
-4.818440503129221675e+00 1.346333327074716478e-16
-4.805830332627078150e+00 1.879549099610002262e-16
-4.793220162124934625e+00 2.619841828021659768e-16
-4.780609991622791988e+00 3.646001462609121862e-16
-4.767999821120648463e+00 5.066161484160294640e-16
-4.755389650618504938e+00 7.028484576134619170e-16
-4.742779480116362301e+00 9.735648694553484395e-16
-4.730169309614218776e+00 1.346445184290510430e-15
-4.717559139112075250e+00 1.859229921349499671e-15
-4.704948968609932614e+00 2.563292797394960977e-15
-4.692338798107789088e+00 3.528450946123262398e-15
-4.679728627605645563e+00 4.849430687011724947e-15
-4.667118457103502926e+00 6.654543831116242476e-15
-4.654508286601359401e+00 9.117310413572951175e-15
-4.641898116099215876e+00 1.247200186608162571e-14
-4.629287945597073239e+00 1.703439151013907698e-14
-4.616677775094929714e+00 2.322940956601311257e-14
-4.604067604592786189e+00 3.162793698962893314e-14
-4.591457434090643552e+00 4.299567425375026446e-14
-4.578847263588500027e+00 5.835793647332306480e-14
-4.566237093086356502e+00 7.908541775267273051e-14
-4.553626922584213865e+00 1.070075157544064419e-13
-4.541016752082070340e+00 1.445618152474476922e-13
-4.528406581579926815e+00 1.949909283668905179e-13
-4.515796411077784178e+00 2.626012472801234429e-13
-4.503186240575640653e+00 3.531024953720704402e-13
-4.490576070073497128e+00 4.740525370033442158e-13
-4.477965899571354491e+00 6.354390668494023275e-13
-4.465355729069210966e+00 8.504389821646872506e-13
-4.452745558567067441e+00 1.136407993180479337e-12
-4.440135388064924804e+00 1.516168038523823688e-12
-4.427525217562781279e+00 2.019679211488173614e-12
-4.414915047060637754e+00 2.686207256995389447e-12
-4.402304876558495117e+00 3.567128629366819317e-12
-4.389694706056351592e+00 4.729554307282737861e-12
-4.377084535554208067e+00 6.261003162392674817e-12
-4.364474365052065430e+00 8.275418305044151536e-12
-4.351864194549921905e+00 1.092089875118450944e-11
-4.339254024047778380e+00 1.438961801238099292e-11
-4.326643853545635743e+00 1.893052580078316810e-11
-4.314033683043492218e+00 2.486558511823222844e-11
-4.301423512541348693e+00 3.261049213287797438e-11
-4.288813342039206056e+00 4.270106972431738997e-11
-4.276203171537062531e+00 5.582682876743863703e-11
-4.263593001034919006e+00 7.287356800979274015e-11
-4.250982830532776369e+00 9.497735069499540563e-11
-4.238372660030632844e+00 1.235927744616773867e-10
-4.225762489528489319e+00 1.605791654462576645e-10
-4.213152319026346682e+00 2.083092081181695852e-10
-4.200542148524203157e+00 2.698056056050009722e-10
-4.187931978022059631e+00 3.489126949859514732e-10
-4.175321807519916995e+00 4.505115709322076754e-10
-4.162711637017773469e+00 5.807892622835591867e-10
-4.150101466515629944e+00 7.475749351248025249e-10
-4.137491296013487307e+00 9.607590526214209810e-10
-4.124881125511343782e+00 1.232815013258195767e-09
-4.112270955009200257e+00 1.579447142068626964e-09
-4.099660784507057620e+00 2.020394174020384452e-09
-4.087050614004914095e+00 2.580423721988237061e-09
-4.074440443502770570e+00 3.290560872001939837e-09
-4.061830273000627933e+00 4.189603240120535980e-09
-4.049220102498484408e+00 5.325985844300099869e-09
-4.036609931996340883e+00 6.760072324605180201e-09
-4.023999761494198246e+00 8.566964774137991598e-09
-4.011389590992054721e+00 1.083994317119126618e-08
-3.998779420489911196e+00 1.369466765077300721e-08
-3.986169249987768559e+00 1.727430322067329200e-08
-3.973559079485625034e+00 2.175575770281197427e-08
-3.960948908983481509e+00 2.735726045406393424e-08
-3.948338738481338872e+00 3.434755269297266290e-08
-3.935728567979194459e+00 4.305701105440401288e-08
-3.923118397477051822e+00 5.389108547456764559e-08
-3.910508226974909185e+00 6.734650198539355959e-08
-3.897898056472764772e+00 8.403076194473922981e-08
-3.885287885970622135e+00 1.046855633002291389e-07
-3.872677715468479498e+00 1.302148785231653859e-07
-3.860067544966335085e+00 1.617185499031223297e-07
-3.847457374464192448e+00 2.005324082282352342e-07
-3.834847203962049811e+00 2.482760879834510350e-07
-3.822237033459905398e+00 3.069099038069035492e-07
-3.809626862957762761e+00 3.788023720252056944e-07
-3.797016692455620124e+00 4.668102108574871370e-07
-3.784406521953475711e+00 5.743729367951778387e-07
-3.771796351451333074e+00 7.056244964262512174e-07
-3.759186180949190437e+00 8.655247364984231555e-07
-3.746576010447046023e+00 1.060013924424109311e-06
-3.733965839944903387e+00 1.296193991015240757e-06
-3.721355669442760750e+00 1.582540681418011147e-06
-3.708745498940616336e+00 1.929151373496279771e-06
-3.696135328438473699e+00 2.348033959795652621e-06
-3.683525157936331063e+00 2.853442894156355111e-06
-3.670914987434186649e+00 3.462269281285268129e-06
-3.658304816932044012e+00 4.194492741152689611e-06
-3.645694646429901375e+00 5.073703713494983647e-06
-3.633084475927756962e+00 6.127705883969186174e-06
-3.620474305425614325e+00 7.389209514848857364e-06
-3.607864134923471688e+00 8.896627650838438749e-06
-3.595253964421327275e+00 1.069498844467739353e-05
-3.582643793919184638e+00 1.283697820638367460e-05
-3.570033623417041113e+00 1.538413122113199683e-05
-3.557423452914897588e+00 1.840818389886906769e-05
-3.544813282412754951e+00 2.199261240639051399e-05
-3.532203111910611426e+00 2.623437457978580869e-05
-3.519592941408467901e+00 3.124587860881454461e-05
-3.506982770906325264e+00 3.715720270863081577e-05
-3.494372600404181739e+00 4.411859172824067954e-05
-3.481762429902038214e+00 5.230325836507725444e-05
-3.469152259399895577e+00 6.191051833272833696e-05
-3.456542088897752052e+00 7.316929043096300140e-05
-3.443931918395608527e+00 8.634199395568782165e-05
-3.431321747893465890e+00 1.017288772182439933e-04
-3.418711577391322365e+00 1.196728120695330803e-04
-3.406101406889178840e+00 1.405645901913701455e-04
-3.393491236387036203e+00 1.648487574651604371e-04
-3.380881065884892678e+00 1.930300228921065996e-04
-3.368270895382749153e+00 2.256802782495980527e-04
-3.355660724880606516e+00 2.634462638506705583e-04
-3.343050554378462991e+00 3.070579143489491052e-04
-3.330440383876319466e+00 3.573374164174421383e-04
-3.317830213374176829e+00 4.152090072422592979e-04
-3.305220042872033304e+00 4.817095390244708697e-04
-3.292609872369889779e+00 5.579998299896460172e-04
-3.279999701867747142e+00 6.453768166791775404e-04
-3.267389531365603617e+00 7.452865154602239355e-04
-3.254779360863460091e+00 8.593377931629397892e-04
-3.242169190361317455e+00 9.893169374692704649e-04
-3.229559019859173929e+00 1.137203007073106682e-03
-3.216948849357030404e+00 1.305183929664763915e-03
-3.204338678854887767e+00 1.495673302427213795e-03
-3.191728508352744242e+00 1.711327834959078123e-03
-3.179118337850600717e+00 1.955065358359353665e-03
-3.166508167348458080e+00 2.230083306662215912e-03
-3.153897996846314555e+00 2.539877557945787508e-03
-3.141287826344171030e+00 2.888261502350432126e-03
-3.128677655842028393e+00 3.279385183046957045e-03
-3.116067485339884868e+00 3.717754334050658426e-03
-3.103457314837741343e+00 4.208249115871258612e-03
-3.090847144335598706e+00 4.756142326559489181e-03
-3.078236973833455181e+00 5.367116842018484352e-03
-3.065626803331311656e+00 6.047282015813744589e-03
-3.053016632829169019e+00 6.803188745483177736e-03
-3.040406462327025494e+00 7.641842889907739765e-03
-3.027796291824881969e+00 8.570716701090792117e-03
-3.015186121322739332e+00 9.597757914152699882e-03
-3.002575950820595807e+00 1.073139612199686989e-02
-2.989965780318452282e+00 1.198054604642319679e-02
-2.977355609816309645e+00 1.335460730604011090e-02
-2.964745439314166120e+00 1.486346027365719087e-02
-2.952135268812022595e+00 1.651745761251568329e-02
-2.939525098309879958e+00 1.832741108227086899e-02
-2.926914927807736433e+00 2.030457321260822207e-02
-2.914304757305592908e+00 2.246061345525776631e-02
-2.901694586803450271e+00 2.480758844445211941e-02
-2.889084416301306746e+00 2.735790602196086149e-02
-2.876474245799163221e+00 3.012428271605486693e-02
-2.863864075297020584e+00 3.311969440445843016e-02
-2.851253904794877059e+00 3.635731993961731356e-02
-2.838643734292733534e+00 3.985047757062752660e-02
-2.826033563790590897e+00 4.361255405985049738e-02
-2.813423393288447372e+00 4.765692646343599320e-02
-2.800813222786303847e+00 5.199687662341771072e-02
-2.788203052284161210e+00 5.664549850427311878e-02
-2.775592881782017685e+00 6.161559859832847069e-02
-2.762982711279874160e+00 6.691958972128551897e-02
-2.750372540777731523e+00 7.256937862077966761e-02
-2.737762370275587998e+00 7.857624792593184693e-02
-2.725152199773444472e+00 8.495073307341759195e-02
-2.712542029271301836e+00 9.170249495413365648e-02
-2.699931858769158310e+00 9.884018913271368223e-02
-2.687321688267014785e+00 1.063713325984315256e-01
-2.674711517764872148e+00 1.143021691085849695e-01
-2.662101347262728623e+00 1.226375342827987075e-01
-2.649491176760585098e+00 1.313807216967835534e-01
-2.636881006258442461e+00 1.405333513053787509e-01
-2.624270835756298936e+00 1.500952415950976837e-01
-2.611660665254155411e+00 1.600642869244576494e-01
-2.599050494752012774e+00 1.704363415541144955e-01
-2.586440324249869249e+00 1.812051118968902030e-01
-2.573830153747725724e+00 1.923620585284774032e-01
-2.561219983245583087e+00 2.038963094920019647e-01
-2.548609812743439562e+00 2.157945864022442484e-01
-2.535999642241296037e+00 2.280411448076246628e-01
-2.523389471739152512e+00 2.406177301995145457e-01
-2.510779301237009875e+00 2.535035509683556953e-01
-2.498169130734866350e+00 2.666752694951275426e-01
-2.485558960232722825e+00 2.801070124347251333e-01
-2.472948789730580188e+00 2.937704010957528644e-01
-2.460338619228436663e+00 3.076346026502417841e-01
-2.447728448726293138e+00 3.216664027180232699e-01
-2.435118278224150501e+00 3.358302996660566531e-01
-2.422508107722006976e+00 3.500886207444502407e-01
-2.409897937219863451e+00 3.644016599514839361e-01
-2.397287766717720814e+00 3.787278372811836435e-01
-2.384677596215577289e+00 3.930238787630093156e-01
-2.372067425713433764e+00 4.072450164563414243e-01
-2.359457255211291127e+00 4.213452073160749989e-01
-2.346847084709147602e+00 4.352773696039091145e-01
-2.334236914207004077e+00 4.489936352849355217e-01
-2.321626743704861440e+00 4.624456166261844414e-01
-2.309016573202717915e+00 4.755846850045247765e-01
-2.296406402700574390e+00 4.883622597403063370e-01
-2.283796232198431753e+00 5.007301046033179048e-01
-2.271186061696288228e+00 5.126406294911355355e-01
-2.258575891194144702e+00 5.240471946607139220e-01
-2.245965720692002066e+00 5.349044148033605950e-01
-2.233355550189858540e+00 5.451684601933333152e-01
-2.220745379687715015e+00 5.547973521129814234e-01
-2.208135209185572378e+00 5.637512497631921304e-01
-2.195525038683428853e+00 5.719927259077322024e-01
-2.182914868181285328e+00 5.794870285739250892e-01
-2.170304697679142691e+00 5.862023262394073786e-01
-2.157694527176999166e+00 5.921099340747261186e-01
-2.145084356674855641e+00 5.971845189823681288e-01
-2.132474186172713004e+00 6.014042813728859294e-01
-2.119864015670569479e+00 6.047511118458093193e-01
-2.107253845168425954e+00 6.072107211930978243e-01
-2.094643674666283317e+00 6.087727424146568422e-01
-2.082033504164139792e+00 6.094308037231818131e-01
-2.069423333661996267e+00 6.091825718173172755e-01
-2.056813163159853630e+00 6.080297650124931730e-01
-2.044202992657710105e+00 6.059781361346828765e-01
-2.031592822155566580e+00 6.030374253982940802e-01
-2.018982651653423943e+00 5.992212838025465782e-01
-2.006372481151280418e+00 5.945471678854244990e-01
-1.993762310649136893e+00 5.890362069680339374e-01
-1.981152140146994256e+00 5.827130442993871950e-01
-1.968541969644850731e+00 5.756056537704854481e-01
-1.955931799142707206e+00 5.677451341023352915e-01
-1.943321628640564569e+00 5.591654826232036468e-01
-1.930711458138421044e+00 5.499033509329065428e-01
-1.918101287636277519e+00 5.399977849049901746e-01
-1.905491117134134882e+00 5.294899515985381777e-01
-1.892880946631991357e+00 5.184228557403477433e-01
-1.880270776129847832e+00 5.068410484935241822e-01
-1.867660605627705195e+00 4.947903312510095741e-01
-1.855050435125561670e+00 4.823174571819268119e-01
-1.842440264623418145e+00 4.694698332165341270e-01
-1.829830094121275508e+00 4.562952250823100742e-01
-1.817219923619131983e+00 4.428414679023675582e-01
-1.804609753116988458e+00 4.291561847386673456e-01
-1.791999582614845821e+00 4.152865153103282303e-01
-1.779389412112702296e+00 4.012788569430016938e-01
-1.766779241610558771e+00 3.871786196132346869e-01
-1.754169071108415245e+00 3.730299967435773412e-01
-1.741558900606272609e+00 3.588757531848124072e-01
-1.728948730104129083e+00 3.447570315928912832e-01
-1.716338559601985558e+00 3.307131781744726551e-01
-1.703728389099842921e+00 3.167815885388295394e-01
-1.691118218597699396e+00 3.029975741590881788e-01
-1.678508048095555871e+00 2.893942497148341841e-01
-1.665897877593413234e+00 2.760024413643666907e-01
-1.653287707091269709e+00 2.628506157804005317e-01
-1.640677536589126184e+00 2.499648295808480358e-01
-1.628067366086983547e+00 2.373686985976125874e-01
-1.615457195584840022e+00 2.250833862539273755e-01
-1.602847025082696497e+00 2.131276101650979860e-01
-1.590236854580553860e+00 2.015176659405588377e-01
-1.577626684078410335e+00 1.902674670470000662e-01
-1.565016513576266810e+00 1.793885994941155915e-01
-1.552406343074124173e+00 1.688903900258298396e-01
-1.539796172571980648e+00 1.587799864410065487e-01
-1.527186002069837123e+00 1.490624486280569538e-01
-1.514575831567694486e+00 1.397408488768413226e-01
-1.501965661065550961e+00 1.308163800279940892e-01
-1.489355490563407436e+00 1.222884700333136121e-01
-1.476745320061264799e+00 1.141549015296406261e-01
-1.464135149559121274e+00 1.064119350715832524e-01
-1.451524979056977749e+00 9.905443472392533311e-02
-1.438914808554835112e+00 9.207599478089394107e-02
-1.426304638052691587e+00 8.546906645533086655e-02
-1.413694467550548062e+00 7.922508346424389503e-02
-1.401084297048405425e+00 7.333458552683166931e-02
-1.388474126546261900e+00 6.778733888514935912e-02
-1.375863956044118375e+00 6.257245305461904550e-02
-1.363253785541975738e+00 5.767849311011671865e-02
-1.350643615039832213e+00 5.309358691203062974e-02
-1.338033444537688688e+00 4.880552677417851482e-02
-1.325423274035546051e+00 4.480186517069566221e-02
-1.312813103533402526e+00 4.107000417092596112e-02
-1.300202933031259001e+00 3.759727837904119213e-02
-1.287592762529116364e+00 3.437103123788513848e-02
-1.274982592026972839e+00 3.137868463372509714e-02
-1.262372421524829313e+00 2.860780180971002340e-02
-1.249762251022686677e+00 2.604614366055275215e-02
-1.237152080520543151e+00 2.368171853899159879e-02
-1.224541910018399626e+00 2.150282575587094888e-02
-1.211931739516256989e+00 1.949809300014329963e-02
-1.199321569014113464e+00 1.765650794286447930e-02
-1.186711398511969939e+00 1.596744432047157367e-02
-1.174101228009827302e+00 1.442068281753196290e-02
-1.161491057507683777e+00 1.300642708806858290e-02
-1.148880887005540252e+00 1.171531526783504279e-02
-1.136270716503397615e+00 1.053842733793857768e-02
-1.123660546001254090e+00 9.467288703437805319e-03
-1.111050375499110565e+00 8.493870349418279619e-03
-1.098440204996967928e+00 7.610585932034772717e-03
-1.085830034494824403e+00 6.810286153601177381e-03
-1.073219863992680878e+00 6.086250759448606079e-03
-1.060609693490538241e+00 5.432178480436440811e-03
-1.047999522988394716e+00 4.842175229127135445e-03
-1.035389352486251191e+00 4.310740840145972294e-03
-1.022779181984108554e+00 3.832754626536808394e-03
-1.010169011481965029e+00 3.403460004367851646e-03
-9.975588409798215039e-01 3.018448417770818338e-03
-9.849486704776788670e-01 2.673642776320938903e-03
-9.723384999755353419e-01 2.365280596459070055e-03
-9.597283294733918169e-01 2.089897018755993569e-03
-9.471181589712491800e-01 1.844307853434044896e-03
-9.345079884691056549e-01 1.625592787866797333e-03
-9.218978179669621298e-01 1.431078871915322836e-03
-9.092876474648186047e-01 1.258324380048205264e-03
-8.966774769626759678e-01 1.105103133317875694e-03
-8.840673064605324427e-01 9.693893494910050092e-04
-8.714571359583889176e-01 8.493430759969232890e-04
-8.588469654562462807e-01 7.432962478821860839e-04
-8.462367949541027556e-01 6.497394016459145331e-04
-8.336266244519592306e-01 5.673090656621690604e-04
-8.210164539498165936e-01 4.947758388452910047e-04
-8.084062834476730686e-01 4.310331612431686564e-04
-7.957961129455295435e-01 3.750867733014761913e-04
-7.831859424433869066e-01 3.260448545749294815e-04
-7.705757719412433815e-01 2.831088276068823993e-04
-7.579656014390998564e-01 2.455648084921748832e-04
-7.453554309369572195e-01 2.127756822116720094e-04
-7.327452604348136944e-01 1.841737781129937834e-04
-7.201350899326701693e-01 1.592541188418006347e-04
-7.075249194305275324e-01 1.375682145347058316e-04
-6.949147489283840073e-01 1.187183731037364616e-04
-6.823045784262404823e-01 1.023524969103766007e-04
-6.696944079240978454e-01 8.815933598562377045e-05
-6.570842374219543203e-01 7.586416814541395123e-05
-6.444740669198107952e-01 6.522487682628990379e-05
-6.318638964176681583e-01 5.602839817650909790e-05
-6.192537259155246332e-01 4.808750983920550350e-05
-6.066435554133811081e-01 4.123793491710639057e-05
-5.940333849112384712e-01 3.533573577708409597e-05
-5.814232144090949461e-01 3.025497360601479108e-05
-5.688130439069514210e-01 2.588561093912909031e-05
-5.562028734048087841e-01 2.213163572414595181e-05
-5.435927029026652590e-01 1.890938683818168398e-05
-5.309825324005217340e-01 1.614606232205208469e-05
-5.183723618983790971e-01 1.377839292338703469e-05
-5.057621913962355720e-01 1.175146483380701135e-05
-4.931520208940920469e-01 1.001767675678713649e-05
-4.805418503919494100e-01 8.535817643458812573e-06
-4.679316798898058849e-01 7.270252579052000743e-06
-4.553215093876623598e-01 6.190205387401846614e-06
-4.427113388855197229e-01 5.269127543614771161e-06
-4.301011683833761978e-01 4.484143943545514450e-06
-4.174909978812326727e-01 3.815566973141965995e-06
-4.048808273790900358e-01 3.246471151486425424e-06
-3.922706568769465107e-01 2.762321389802583396e-06
-3.796604863748029857e-01 2.350648616675723238e-06
-3.670503158726603488e-01 2.000767169565401470e-06
-3.544401453705168237e-01 1.703528947049204303e-06
-3.418299748683732986e-01 1.451109858017205505e-06
-3.292198043662306617e-01 1.236824596316984534e-06
-3.166096338640871366e-01 1.054966215290090796e-06
-3.039994633619436115e-01 9.006673794333559782e-07
-2.913892928598009746e-01 7.697805332627368381e-07
-2.787791223576574495e-01 6.587745534625980057e-07
-2.661689518555139244e-01 5.646457426768071476e-07
-2.535587813533712875e-01 4.848412847571226678e-07
-2.409486108512277625e-01 4.171935148327890632e-07
-2.283384403490842374e-01 3.598635660020272802e-07
-2.157282698469416005e-01 3.112931403886821761e-07
-2.031180993447980754e-01 2.701633185565280664e-07
-1.907296212577645478e-01 2.359223033319818322e-07
-1.790751809198734557e-01 2.084825606596149898e-07
-1.681328766829025823e-01 1.863540858320537184e-07
-1.578591939883211837e-01 1.683740769272346131e-07
-1.482132772030496648e-01 1.536681673917244885e-07
-1.391567671477560997e-01 1.415719602160426677e-07
-1.306536485528615454e-01 1.315754842001732289e-07
-1.226701068356443602e-01 1.232834778185398072e-07
-1.151743936288669723e-01 1.163865831510824921e-07
-1.081367005261812397e-01 1.106405968776289765e-07
-1.015290405422311915e-01 1.058507981549157561e-07
-9.532513681604738720e-02 1.018608905756034886e-07
-8.950031811513789459e-02 9.854382314408563005e-08
-8.403142072473115953e-02 9.579590573672430228e-08
-7.889669633199995757e-02 9.353159642085807093e-08
-7.407572553895482026e-02 9.167979246446784079e-08
-6.954933666007066806e-02 9.018092540531383940e-08
-6.529952948172380867e-02 8.898470713115690591e-08
-6.130940368025181858e-02 8.804837081479892400e-08
-5.756309161397969026e-02 8.733528909959593090e-08
-5.404569522193657799e-02 8.681388596066104608e-08
-5.074322677833183887e-02 8.645677212355517200e-08
-4.764255326718694339e-02 8.624005668357271567e-08
-4.473134415591366320e-02 8.614280118393266047e-08
-4.199802236014917034e-02 8.614657568668823780e-08
-3.943171820485173729e-02 8.623510864728264550e-08
-3.702222619856760516e-02 8.639399732977083908e-08
-3.475996444897584692e-02 8.661047980551927668e-08
-3.263593655831751456e-02 8.687324759585454724e-08
-3.064169584717604811e-02 8.717228833476524200e-08
-2.876931176433708895e-02 8.749876021151446119e-08
-2.701133834915109624e-02 8.784488387020125966e-08
-2.536078462097863737e-02 8.820385070512796785e-08
-2.381108677796769241e-02 8.856974281165306477e-08
-2.235608209460499679e-02 8.893746120637594027e-08
-2.098998441423788677e-02 8.930266071906711370e-08
-1.970736113910750986e-02 8.966168637884067202e-08
-1.850311162639044910e-02 9.001151751554356643e-08
-1.737244690433337180e-02 9.034971009275722008e-08
-1.631087062781888183e-02 9.067434073678599529e-08
-1.531416119762810286e-02 9.098395935551476227e-08
-1.437835497229224616e-02 9.127752880177768443e-08
-1.349973050577157364e-02 9.155438060761408439e-08
-1.267479374828037013e-02 9.181416571650328456e-08
-1.190026415140387275e-02 9.205680894748972475e-08
-1.117306162225225469e-02 9.228246614228990339e-08
-1.049029427477177374e-02 9.249148429201193472e-08
-9.849246929502866038e-03 9.268436487869729690e-08
-9.247370316051994887e-03 9.286173059476082144e-08
-8.682270935339195597e-03 9.302429552675738660e-08
-8.151701541304996398e-03 9.317283881245385080e-08
-7.653552204225974771e-03 9.330818170819476996e-08
-7.185841920100037063e-03 9.343116794048787402e-08
-6.746710732733945948e-03 9.354264716319648391e-08
-6.334412337204842376e-03 9.364346130119255949e-08
-5.947307135282262590e-03 9.373443353280978978e-08
-5.583855715193143839e-03 9.381635964630610002e-08
-5.242612729801200168e-03 9.389000149851595308e-08
-4.922221148855803613e-03 9.395608230563385682e-08
-4.621406862452884928e-03 9.401528350497815275e-08
-4.338973614247355545e-03 9.406824294100592906e-08
-4.073798244268176869e-03 9.411555414723051641e-08
-3.824826222417472815e-03 9.415776651662242783e-08
-3.591067454892035368e-03 9.419538617533175833e-08
-3.371592346850472034e-03 9.422887739818786586e-08
-3.165528105668122608e-03 9.425866441893038177e-08
-2.972055270078842893e-03 9.428513353488167183e-08
-2.790404451401243442e-03 9.430863537681176555e-08
-2.619853273889739126e-03 9.432948728836542210e-08
-2.459723502043294555e-03 9.434797573654855785e-08
-2.309378343447928035e-03 9.436435870334182687e-08
-2.168219916426995363e-03 9.437886801911370729e-08
-2.035686872428882702e-03 9.439171160799780073e-08
-1.911252163696946192e-03 9.440307562418839492e-08
-1.794420947344431763e-03 9.441312646521780506e-08
-1.684728617499294890e-03 9.442201265400996807e-08
-1.581738957693386684e-03 9.442986658607950951e-08
-1.485042406148618429e-03 9.443680614180620439e-08
-1.394254427061488973e-03 9.444293616641792650e-08
-1.309013981409089993e-03 9.444834982229567611e-08
-1.228982091195453740e-03 9.445312981963361209e-08
-1.153840491428526288e-03 9.445734953239300882e-08
-1.083290364467113165e-03 9.446107400704914554e-08
-1.017051151704679570e-03 9.446436087188235314e-08
-9.548594378642998991e-04 9.446726115457349599e-08
-8.964679034679587247e-04 9.446982001573091764e-08
-8.416443413144891576e-04 9.447207740569484936e-08
-7.901707330548732918e-04 9.447406865162221931e-08
-7.418423821927417998e-04 9.447582498142504942e-08
-6.964671000622763746e-04 9.447737399071924495e-08
-6.538644415463101345e-04 9.447874005845740149e-08
-6.138649874953195544e-04 9.447994471648524330e-08
-5.763096709937077546e-04 9.448100697780805081e-08
-5.410491447940707658e-04 9.448194362792860905e-08
-5.079431874039339089e-04 9.448276948320842949e-08
-4.768601454631505969e-04 9.448349761982213223e-08
-4.476764101943878299e-04 9.448413957655318740e-08
-4.202759258447686459e-04 9.448470553428583480e-08
-3.945497281637799845e-04 9.448520447482618348e-08
-3.703955110821903832e-04 9.448564432135553423e-08
-3.477172198687347553e-04 9.448603206260308027e-08
-3.264246691466341703e-04 9.448637386258052117e-08
-3.064331842509692436e-04 9.448667515753657738e-08
-2.876632645006474724e-04 9.448694074159059183e-08
-2.700402670458676067e-04 9.448717484235025814e-08
-2.534941100338807115e-04 9.448738118768207636e-08
-2.379589939125882462e-04 9.448756306463907782e-08
-2.233731397636618432e-04 9.448772337147778011e-08
-2.096785436246481258e-04 9.448786466355703643e-08
-1.968207458230403738e-04 9.448798919383858505e-08
-1.847486144050079770e-04 9.448809894861479315e-08
-1.734141417975726429e-04 9.448819567903067034e-08
-1.627722538955931274e-04 9.448828092888427083e-08
-1.527806308143372189e-04 9.448835605915226772e-08
-1.433995385948514170e-04 9.448842226961535264e-08
-1.345916711928507147e-04 9.448848061793099576e-08
-1.263220021227506255e-04 9.448853203645716126e-08
-1.185576451668948804e-04 9.448857734707861317e-08
-1.112677235960431003e-04 9.448861727429168187e-08
-1.044232473810362147e-04 9.448865245673017223e-08
-9.799699790736354202e-05 9.448868345733828228e-08
-9.196341973416139544e-05 9.448871077232948540e-08
-8.629851896719176359e-05 9.448873483909677248e-08
-8.097976784167412539e-05 9.448875604317698326e-08
-7.598601513551331310e-05 9.448877472439481282e-08
-7.129740205665540287e-05 9.448879118227933575e-08
-6.689528327009240302e-05 9.448880568084016026e-08
-6.276215275045356852e-05 9.448881845277351587e-08
-5.888157416531500463e-05 9.448882970317662525e-08
-5.523811551239205268e-05 9.448883961281730429e-08
-5.181728775067791524e-05 9.448884834101615057e-08
-4.860548718147756638e-05 9.448885602819306848e-08
-4.558994135021126844e-05 9.448886279810295973e-08
-4.275865825384858419e-05 9.448886875981595408e-08
-4.010037865198160146e-05 9.448887400945493857e-08
-3.760453129189908716e-05 9.448887863173399435e-08
-3.526119086959958525e-05 9.448888270130823635e-08
-3.306103855956327154e-05 9.448888628396851354e-08
-3.099532495632644548e-05 9.448888943769347676e-08
-2.905583528048395544e-05 9.448889221357338730e-08
-2.723485671075096226e-05 9.448889465663020359e-08
-2.552514771217800657e-05 9.448889680653667248e-08
-2.391990923854284747e-05 9.448889869825005547e-08
-2.241275769439721272e-05 9.448890036257173952e-08
-2.099769954925015053e-05 9.448890182664243376e-08
-1.966910750293300909e-05 9.448890311437378563e-08
-1.842169810736080741e-05 9.448890424683384710e-08
-1.725051075570132930e-05 9.448890524258333352e-08
-1.615088795539561633e-05 9.448890611797515561e-08
-1.511845680657980123e-05 9.448890688741418066e-08
-1.414911161225593266e-05 9.448890756358958425e-08
-1.323899755105558475e-05 9.448890815767922346e-08
-1.238449534766613459e-05 9.448890867952961805e-08
-1.158220687996078599e-05 9.448890913781201637e-08
-1.082894166559426607e-05 9.448890954016444537e-08
-1.012170417432434343e-05 9.448890989331314074e-08
-9.457681915605696142e-06 9.448891020318107302e-08
-8.834234254082606896e-06 9.448891047498387404e-08
-8.248881908502043135e-06 9.448891071331381234e-08
-7.699297092288845179e-06 9.448891092221496732e-08
-7.183294256573823982e-06 9.448891110524669053e-08
-6.698821398861734940e-06 9.448891126554132305e-08
-6.243951902777456888e-06 9.448891140585791589e-08
-5.816876876438485798e-06 9.448891152862350960e-08
-5.415897958985060038e-06 9.448891163597380512e-08
-5.039420566662596439e-06 9.448891172978831563e-08
-4.685947551597296836e-06 9.448891181172101852e-08
-4.354073248047161842e-06 9.448891188322644143e-08
-4.042477882453245495e-06 9.448891194558359088e-08
-3.749922325059951160e-06 9.448891199991802805e-08
-3.475243162234227762e-06 9.448891204721871687e-08
-3.217348069887064443e-06 9.448891208835542782e-08
-2.975211469598384632e-06 9.448891212409354781e-08
-2.747870450171603521e-06 9.448891215510343725e-08
-2.534420938398601179e-06 9.448891218197591484e-08
-2.334014103807039897e-06 9.448891220523031767e-08
-2.145852983093271333e-06 9.448891222532047011e-08
-1.969189310816785935e-06 9.448891224264756136e-08
-1.803320543752548581e-06 9.448891225756134987e-08
-1.647587067068355029e-06 9.448891227037001005e-08
-1.501369571216668681e-06 9.448891228134378510e-08
-1.364086589109387048e-06 9.448891229072000308e-08
-1.235192183781944781e-06 9.448891229870477091e-08
-1.114173777351006344e-06 9.448891230548139183e-08
-1.000550112631961414e-06 9.448891231120828747e-08
-8.938693393104654022e-07 9.448891231602446387e-08
-7.937072170570570337e-07 9.448891232005344225e-08
-6.996654284390261791e-07 9.448891232340062529e-08
-6.113699949207071113e-07 9.448891232615967630e-08
-5.284697896529079203e-07 9.448891232841184426e-08
-4.506351411371571005e-07 9.448891233022793584e-08
-3.775565222121384326e-07 9.448891233167106823e-08
-3.089433191486484405e-07 9.448891233279362511e-08
-2.445226759580218821e-07 9.448891233364359620e-08
-1.840384093183425875e-07 9.448891233426093764e-08
-1.272499898032904365e-07 9.448891233468223065e-08
-7.393158536218592144e-08 9.448891233493769049e-08
-2.387116324756687046e-08 9.448891233505451486e-08
2.387116324756687046e-08 9.448891233505451486e-08
7.393158536217865548e-08 9.448891233493769049e-08
1.272499898032904365e-07 9.448891233468223065e-08
1.840384093183425875e-07 9.448891233426093764e-08
2.445226759580130942e-07 9.448891233364359620e-08
3.089433191486484405e-07 9.448891233279362511e-08
3.775565222121384326e-07 9.448891233167106823e-08
4.506351411371465126e-07 9.448891233022793584e-08
5.284697896529079203e-07 9.448891232841184426e-08
6.113699949207071113e-07 9.448891232615967630e-08
6.996654284390133677e-07 9.448891232340062529e-08
7.937072170570570337e-07 9.448891232005344225e-08
8.938693393104654022e-07 9.448891231602446387e-08
1.000550112631946167e-06 9.448891231120828747e-08
1.114173777351006344e-06 9.448891230548139183e-08
1.235192183781944781e-06 9.448891229870477091e-08
1.364086589109368413e-06 9.448891229072000308e-08
1.501369571216668681e-06 9.448891228134378510e-08
1.647587067068355029e-06 9.448891227037001005e-08
1.803320543752526134e-06 9.448891225756134987e-08
1.969189310816785935e-06 9.448891224264756136e-08
2.145852983093271333e-06 9.448891222532047011e-08
2.334014103807012369e-06 9.448891220523031767e-08
2.534420938398601179e-06 9.448891218197591484e-08
2.747870450171603521e-06 9.448891215510343725e-08
2.975211469598351597e-06 9.448891212409354781e-08
3.217348069887064443e-06 9.448891208835542782e-08
3.475243162234227762e-06 9.448891204721871687e-08
3.749922325059911349e-06 9.448891199991802805e-08
4.042477882453245495e-06 9.448891194558359088e-08
4.354073248047161842e-06 9.448891188322644143e-08
4.685947551597248555e-06 9.448891181172101852e-08
5.039420566662596439e-06 9.448891172978831563e-08
5.415897958985004981e-06 9.448891163597380512e-08
5.816876876438427352e-06 9.448891152862350960e-08
6.243951902777456888e-06 9.448891140585791589e-08
6.698821398861668871e-06 9.448891126554132305e-08
7.183294256573753678e-06 9.448891110524669053e-08
7.699297092288845179e-06 9.448891092221496732e-08
8.248881908501963514e-06 9.448891071331381234e-08
8.834234254082522193e-06 9.448891047498387404e-08
9.457681915605696142e-06 9.448891020318107302e-08
1.012170417432424687e-05 9.448890989331314074e-08
1.082894166559416273e-05 9.448890954016444537e-08
1.158220687996078599e-05 9.448890913781201637e-08
1.238449534766601939e-05 9.448890867952961805e-08
1.323899755105545939e-05 9.448890815767922346e-08
1.414911161225593266e-05 9.448890756358958425e-08
1.511845680657965724e-05 9.448890688741418066e-08
1.615088795539546725e-05 9.448890611797515561e-08
1.725051075570132930e-05 9.448890524258333352e-08
1.842169810736063801e-05 9.448890424683384710e-08
1.966910750293282952e-05 9.448890311437378563e-08
2.099769954925015053e-05 9.448890182664243376e-08
2.241275769439700604e-05 9.448890036257173952e-08
2.391990923854262385e-05 9.448889869825005547e-08
2.552514771217800657e-05 9.448889680653667248e-08
2.723485671075071492e-05 9.448889465663020359e-08
2.905583528048369117e-05 9.448889221357338730e-08
3.099532495632644548e-05 9.448888943769347676e-08
3.306103855956297338e-05 9.448888628396851354e-08
3.526119086959926676e-05 9.448888270130823635e-08
3.760453129189908716e-05 9.448887863173399435e-08
4.010037865198123555e-05 9.448887400945493857e-08
4.275865825384819795e-05 9.448886875981595408e-08
4.558994135021126844e-05 9.448886279810295973e-08
4.860548718147712592e-05 9.448885602819306848e-08
5.181728775067744768e-05 9.448884834101615057e-08
5.523811551239205268e-05 9.448883961281730429e-08
5.888157416531447608e-05 9.448882970317662525e-08
6.276215275045299931e-05 9.448881845277351587e-08
6.689528327009240302e-05 9.448880568084016026e-08
7.129740205665476590e-05 9.448879118227966662e-08
7.598601513551263547e-05 9.448877472439481282e-08
8.097976784167412539e-05 9.448875604317698326e-08
8.629851896719099109e-05 9.448873483909677248e-08
9.196341973416056873e-05 9.448871077232948540e-08
9.799699790736354202e-05 9.448868345733828228e-08
1.044232473810352796e-04 9.448865245673017223e-08
1.112677235960420974e-04 9.448861727429168187e-08
1.185576451668948804e-04 9.448857734707861317e-08
1.263220021227494871e-04 9.448853203645716126e-08
1.345916711928494950e-04 9.448848061793099576e-08
1.433995385948514170e-04 9.448842226961535264e-08
1.527806308143358637e-04 9.448835605915226772e-08
1.627722538955916909e-04 9.448828092888427083e-08
1.734141417975726429e-04 9.448819567903067034e-08
1.847486144050063236e-04 9.448809894861479315e-08
1.968207458230386390e-04 9.448798919383858505e-08
2.096785436246481258e-04 9.448786466355703643e-08
2.233731397636598375e-04 9.448772337147778011e-08
2.379589939125861320e-04 9.448756306463907782e-08
2.534941100338807115e-04 9.448738118768207636e-08
2.700402670458652214e-04 9.448717484235025814e-08
2.876632645006474724e-04 9.448694074159059183e-08
3.064331842509692436e-04 9.448667515753657738e-08
3.264246691466312429e-04 9.448637386258052117e-08
3.477172198687347553e-04 9.448603206260308027e-08
3.703955110821903832e-04 9.448564432135553423e-08
3.945497281637764609e-04 9.448520447482618348e-08
4.202759258447686459e-04 9.448470553428583480e-08
4.476764101943878299e-04 9.448413957655318740e-08
4.768601454631463685e-04 9.448349761982213223e-08
5.079431874039339089e-04 9.448276948320842949e-08
5.410491447940683806e-04 9.448194362792860905e-08
5.763096709937052609e-04 9.448100697780805081e-08
6.138649874953195544e-04 9.447994471648524330e-08
6.538644415463072072e-04 9.447874005845740149e-08
6.964671000622733388e-04 9.447737399071924495e-08
7.418423821927417998e-04 9.447582498142504942e-08
7.901707330548697139e-04 9.447406865162221931e-08
8.416443413144852545e-04 9.447207740569484936e-08
8.964679034679587247e-04 9.446982001573091764e-08
9.548594378642956708e-04 9.446726115457349599e-08
1.017051151704675017e-03 9.446436087188235314e-08
1.083290364467113165e-03 9.446107400704914554e-08
1.153840491428521084e-03 9.445734953239300882e-08
1.228982091195448319e-03 9.445312981963361209e-08
1.309013981409089993e-03 9.444834982229567611e-08
1.394254427061482901e-03 9.444293616641792650e-08
1.485042406148611707e-03 9.443680614180620439e-08
1.581738957693386684e-03 9.442986658607950951e-08
1.684728617499287517e-03 9.442201265400996807e-08
1.794420947344423523e-03 9.441312646521780506e-08
1.911252163696946192e-03 9.440307562418839492e-08
2.035686872428873594e-03 9.439171160799780073e-08
2.168219916426985822e-03 9.437886801911370729e-08
2.309378343447928035e-03 9.436435870334182687e-08
2.459723502043281544e-03 9.434797573654855785e-08
2.619853273889716141e-03 9.432948728836542210e-08
2.790404451401243442e-03 9.430863537681176555e-08
2.972055270078832485e-03 9.428513353488167183e-08
3.165528105668094852e-03 9.425866441893038177e-08
3.371592346850472034e-03 9.422887739818786586e-08
3.591067454892016286e-03 9.419538617533175833e-08
3.824826222417438987e-03 9.415776651662242783e-08
4.073798244268176869e-03 9.411555414723051641e-08
4.338973614247340800e-03 9.406824294100592906e-08
4.621406862452843295e-03 9.401528350497815275e-08
4.922221148855803613e-03 9.395608230563385682e-08
5.242612729801172412e-03 9.389000149851595308e-08
5.583855715193094399e-03 9.381635964630576915e-08
5.947307135282262590e-03 9.373443353280978978e-08
6.334412337204820692e-03 9.364346130119255949e-08
6.746710732733886100e-03 9.354264716319648391e-08
7.185841920100037063e-03 9.343116794048787402e-08
7.653552204225934005e-03 9.330818170819476996e-08
8.151701541304925275e-03 9.317283881245385080e-08
8.682270935339195597e-03 9.302429552675738660e-08
9.247370316051963662e-03 9.286173059476082144e-08
9.849246929502777567e-03 9.268436487869729690e-08
1.049029427477177374e-02 9.249148429201193472e-08
1.117306162225219397e-02 9.228246614228990339e-08
1.190026415140376694e-02 9.205680894748972475e-08
1.267479374828037013e-02 9.181416571650328456e-08
1.349973050577152334e-02 9.155438060761408439e-08
1.437835497229211779e-02 9.127752880177768443e-08
1.531416119762810286e-02 9.098395935551476227e-08
1.631087062781879510e-02 9.067434073678599529e-08
1.737244690433321567e-02 9.034971009275722008e-08
1.850311162639044910e-02 9.001151751554356643e-08
1.970736113910743700e-02 8.966168637884067202e-08
2.098998441423769942e-02 8.930266071906711370e-08
2.235608209460499679e-02 8.893746120637594027e-08
2.381108677796757098e-02 8.856974281165306477e-08
2.536078462097841185e-02 8.820385070512796785e-08
2.701133834915109624e-02 8.784488387020125966e-08
2.876931176433698834e-02 8.749876021151446119e-08
3.064169584717577749e-02 8.717228833476524200e-08
3.263593655831751456e-02 8.687324759585454724e-08
3.475996444897566651e-02 8.661047980551927668e-08
3.702222619856727903e-02 8.639399732977083908e-08
3.943171820485173729e-02 8.623510864728264550e-08
4.199802236014902462e-02 8.614657568668792016e-08
4.473134415591326768e-02 8.614280118393266047e-08
4.764255326718694339e-02 8.624005668357271567e-08
5.074322677833156825e-02 8.645677212355517200e-08
5.404569522193609227e-02 8.681388596066072845e-08
5.756309161397969026e-02 8.733528909959593090e-08
6.130940368025160347e-02 8.804837081479892400e-08
6.529952948172323968e-02 8.898470713115658827e-08
6.954933666007066806e-02 9.018092540531383940e-08
7.407572553895443168e-02 9.167979246446750991e-08
7.889669633199926368e-02 9.353159642085774006e-08
8.403142072473115953e-02 9.579590573672430228e-08
8.950031811513757540e-02 9.854382314408527270e-08
9.532513681604654066e-02 1.018608905756027739e-07
1.015290405422311915e-01 1.058507981549157561e-07
1.081367005261806707e-01 1.106405968776281825e-07
1.151743936288659592e-01 1.163865831510820685e-07
1.226701068356443602e-01 1.232834778185398072e-07
1.306536485528610736e-01 1.315754842001727790e-07
1.391567671477548507e-01 1.415719602160411589e-07
1.482132772030496648e-01 1.536681673917244885e-07
1.578591939883203232e-01 1.683740769272334220e-07
1.681328766829011112e-01 1.863540858320510715e-07
1.790751809198728173e-01 2.084825606596135075e-07
1.907296212577638539e-01 2.359223033319801646e-07
2.031180993447962990e-01 2.701633185565222960e-07
2.157282698469407123e-01 3.112931403886788409e-07
2.283384403490833492e-01 3.598635660020221980e-07
2.409486108512259861e-01 4.171935148327794282e-07
2.535587813533703994e-01 4.848412847571191738e-07
2.661689518555130363e-01 5.646457426767991008e-07
2.787791223576556732e-01 6.587745534625839238e-07
2.913892928598000864e-01 7.697805332627258266e-07
3.039994633619427233e-01 9.006673794333463432e-07
3.166096338640853602e-01 1.054966215290064538e-06
3.292198043662297735e-01 1.236824596316971405e-06
3.418299748683724104e-01 1.451109858017184753e-06
3.544401453705150473e-01 1.703528947049174021e-06
3.670503158726594606e-01 2.000767169565379870e-06
3.796604863748020975e-01 2.350648616675689780e-06
3.922706568769447344e-01 2.762321389802534691e-06
4.048808273790891477e-01 3.246471151486367826e-06
4.174909978812317846e-01 3.815566973141938890e-06
4.301011683833744215e-01 4.484143943545411112e-06
4.427113388855188347e-01 5.269127543614696622e-06
4.553215093876614716e-01 6.190205387401780545e-06
4.679316798898041085e-01 7.270252579051845736e-06
4.805418503919485218e-01 8.535817643458705847e-06
4.931520208940911587e-01 1.001767675678699419e-05
5.057621913962337956e-01 1.175146483380676063e-05
5.183723618983782089e-01 1.377839292338693813e-05
5.309825324005208458e-01 1.614606232205191189e-05
5.435927029026652590e-01 1.890938683818168398e-05
5.562028734048078960e-01 2.213163572414571464e-05
5.688130439069505329e-01 2.588561093912876844e-05
5.814232144090949461e-01 3.025497360601479108e-05
5.940333849112375830e-01 3.533573577708359453e-05
6.066435554133802199e-01 4.123793491710580104e-05
6.192537259155246332e-01 4.808750983920550350e-05
6.318638964176672701e-01 5.602839817650869810e-05
6.444740669198099070e-01 6.522487682628944300e-05
6.570842374219543203e-01 7.586416814541395123e-05
6.696944079240969572e-01 8.815933598562283532e-05
6.823045784262395941e-01 1.023524969103758688e-04
6.949147489283840073e-01 1.187183731037364616e-04
7.075249194305266442e-01 1.375682145347043679e-04
7.201350899326692812e-01 1.592541188417989271e-04
7.327452604348136944e-01 1.841737781129937834e-04
7.453554309369563313e-01 2.127756822116682418e-04
7.579656014390989682e-01 2.455648084921722811e-04
7.705757719412433815e-01 2.831088276068823993e-04
7.831859424433860184e-01 3.260448545749271504e-04
7.957961129455286553e-01 3.750867733014735350e-04
8.084062834476730686e-01 4.310331612431686564e-04
8.210164539498157055e-01 4.947758388452874268e-04
8.336266244519583424e-01 5.673090656621604952e-04
8.462367949541027556e-01 6.497394016459145331e-04
8.588469654562453925e-01 7.432962478821781693e-04
8.714571359583880295e-01 8.493430759969141817e-04
8.840673064605324427e-01 9.693893494910050092e-04
8.966774769626750796e-01 1.105103133317863985e-03
9.092876474648177165e-01 1.258324380048200710e-03
9.218978179669621298e-01 1.431078871915322836e-03
9.345079884691047667e-01 1.625592787866797333e-03
9.471181589712474036e-01 1.844307853434023646e-03
9.597283294733918169e-01 2.089897018755993569e-03
9.723384999755344538e-01 2.365280596459061382e-03
9.849486704776770907e-01 2.673642776320879488e-03
9.975588409798215039e-01 3.018448417770818338e-03
1.010169011481964141e+00 3.403460004367839502e-03
1.022779181984106778e+00 3.832754626536722959e-03
1.035389352486251191e+00 4.310740840145972294e-03
1.047999522988393828e+00 4.842175229127118098e-03
1.060609693490536465e+00 5.432178480436363616e-03
1.073219863992680878e+00 6.086250759448606079e-03
1.085830034494823515e+00 6.810286153601098451e-03
1.098440204996966152e+00 7.610585932034631337e-03
1.111050375499110565e+00 8.493870349418279619e-03
1.123660546001253202e+00 9.467288703437663072e-03
1.136270716503395839e+00 1.053842733793830533e-02
1.148880887005540252e+00 1.171531526783504279e-02
1.161491057507682889e+00 1.300642708806850310e-02
1.174101228009825526e+00 1.442068281753169402e-02
1.186711398511969939e+00 1.596744432047157367e-02
1.199321569014112576e+00 1.765650794286426073e-02
1.211931739516255213e+00 1.949809300014287289e-02
1.224541910018399626e+00 2.150282575587094888e-02
1.237152080520542263e+00 2.368171853899133511e-02
1.249762251022684900e+00 2.604614366055237051e-02
1.262372421524829313e+00 2.860780180971002340e-02
1.274982592026971950e+00 3.137868463372476407e-02
1.287592762529114587e+00 3.437103123788475684e-02
1.300202933031259001e+00 3.759727837904119213e-02
1.312813103533401637e+00 4.107000417092581540e-02
1.325423274035544274e+00 4.480186517069508628e-02
1.338033444537688688e+00 4.880552677417851482e-02
1.350643615039831325e+00 5.309358691203062974e-02
1.363253785541973961e+00 5.767849311011597618e-02
1.375863956044118375e+00 6.257245305461904550e-02
1.388474126546261012e+00 6.778733888514920647e-02
1.401084297048403648e+00 7.333458552683058684e-02
1.413694467550548062e+00 7.922508346424389503e-02
1.426304638052690699e+00 8.546906645532992286e-02
1.438914808554833336e+00 9.207599478089278922e-02
1.451524979056977749e+00 9.905443472392533311e-02
1.464135149559120386e+00 1.064119350715832524e-01
1.476745320061263023e+00 1.141549015296398073e-01
1.489355490563407436e+00 1.222884700333136121e-01
1.501965661065550073e+00 1.308163800279935618e-01
1.514575831567692710e+00 1.397408488768395185e-01
1.527186002069837123e+00 1.490624486280569538e-01
1.539796172571979760e+00 1.587799864410044948e-01
1.552406343074122397e+00 1.688903900258292290e-01
1.565016513576266810e+00 1.793885994941155915e-01
1.577626684078409447e+00 1.902674670469976237e-01
1.590236854580552084e+00 2.015176659405573667e-01
1.602847025082696497e+00 2.131276101650979860e-01
1.615457195584839134e+00 2.250833862539248775e-01
1.628067366086981771e+00 2.373686985976116992e-01
1.640677536589126184e+00 2.499648295808480358e-01
1.653287707091268821e+00 2.628506157804020305e-01
1.665897877593411458e+00 2.760024413643631380e-01
1.678508048095555871e+00 2.893942497148341841e-01
1.691118218597698508e+00 3.029975741590842930e-01
1.703728389099841145e+00 3.167815885388289843e-01
1.716338559601985558e+00 3.307131781744726551e-01
1.728948730104128195e+00 3.447570315928925044e-01
1.741558900606270832e+00 3.588757531848111304e-01
1.754169071108415245e+00 3.730299967435773412e-01
1.766779241610557882e+00 3.871786196132332436e-01
1.779389412112700519e+00 4.012788569429988073e-01
1.791999582614844932e+00 4.152865153103237339e-01
1.804609753116987569e+00 4.291561847386665129e-01
1.817219923619130206e+00 4.428414679023635614e-01
1.829830094121274620e+00 4.562952250823033573e-01
1.842440264623417256e+00 4.694698332165281318e-01
1.855050435125559893e+00 4.823174571819277001e-01
1.867660605627704307e+00 4.947903312510050222e-01
1.880270776129846944e+00 5.068410484935268467e-01
1.892880946631989580e+00 5.184228557403383064e-01
1.905491117134133994e+00 5.294899515985361793e-01
1.918101287636276631e+00 5.399977849049832912e-01
1.930711458138419268e+00 5.499033509329044334e-01
1.943321628640563681e+00 5.591654826231975406e-01
1.955931799142706318e+00 5.677451341023341813e-01
1.968541969644848955e+00 5.756056537704833387e-01
1.981152140146993368e+00 5.827130442993871950e-01
1.993762310649136005e+00 5.890362069680339374e-01
2.006372481151278642e+00 5.945471678854212794e-01
2.018982651653423055e+00 5.992212838025443578e-01
2.031592822155565692e+00 6.030374253982996313e-01
2.044202992657708329e+00 6.059781361346795459e-01
2.056813163159852742e+00 6.080297650124965037e-01
2.069423333661995379e+00 6.091825718173161652e-01
2.082033504164138016e+00 6.094308037231861430e-01
2.094643674666282429e+00 6.087727424146546218e-01
2.107253845168425066e+00 6.072107211930989346e-01
2.119864015670569479e+00 6.047511118458093193e-01
2.132474186172712116e+00 6.014042813728902592e-01
2.145084356674854753e+00 5.971845189823626887e-01
2.157694527176999166e+00 5.921099340747261186e-01
2.170304697679141803e+00 5.862023262394041589e-01
2.182914868181284440e+00 5.794870285739273097e-01
2.195525038683428853e+00 5.719927259077322024e-01
2.208135209185571490e+00 5.637512497631889108e-01
2.220745379687714127e+00 5.547973521129794250e-01
2.233355550189858540e+00 5.451684601933333152e-01
2.245965720692001177e+00 5.349044148033605950e-01
2.258575891194143814e+00 5.240471946607205833e-01
2.271186061696288228e+00 5.126406294911355355e-01
2.283796232198430864e+00 5.007301046033196812e-01
2.296406402700573501e+00 4.883622597403108334e-01
2.309016573202717915e+00 4.755846850045247765e-01
2.321626743704860552e+00 4.624456166261894929e-01
2.334236914207003188e+00 4.489936352849355217e-01
2.346847084709147602e+00 4.352773696039091145e-01
2.359457255211290239e+00 4.213452073160803835e-01
2.372067425713432876e+00 4.072450164563392039e-01
2.384677596215577289e+00 3.930238787630093156e-01
2.397287766717719926e+00 3.787278372811850313e-01
2.409897937219862563e+00 3.644016599514873223e-01
2.422508107722006976e+00 3.500886207444502407e-01
2.435118278224149613e+00 3.358302996660548212e-01
2.447728448726292250e+00 3.216664027180249907e-01
2.460338619228436663e+00 3.076346026502417841e-01
2.472948789730579300e+00 2.937704010957576939e-01
2.485558960232721937e+00 2.801070124347251333e-01
2.498169130734866350e+00 2.666752694951275426e-01
2.510779301237008987e+00 2.535035509683565835e-01
2.523389471739151624e+00 2.406177301995162943e-01
2.535999642241296037e+00 2.280411448076246628e-01
2.548609812743438674e+00 2.157945864022434157e-01
2.561219983245581311e+00 2.038963094920053232e-01
2.573830153747725724e+00 1.923620585284774032e-01
2.586440324249868361e+00 1.812051118968911745e-01
2.599050494752010998e+00 1.704363415541176041e-01
2.611660665254155411e+00 1.600642869244576494e-01
2.624270835756298048e+00 1.500952415950996266e-01
2.636881006258440685e+00 1.405333513053797501e-01
2.649491176760585098e+00 1.313807216967835534e-01
2.662101347262727735e+00 1.226375342827984855e-01
2.674711517764870372e+00 1.143021691085881197e-01
2.687321688267014785e+00 1.063713325984315256e-01
2.699931858769157422e+00 9.884018913271495899e-02
2.712542029271300059e+00 9.170249495413500262e-02
2.725152199773444472e+00 8.495073307341759195e-02
2.737762370275587109e+00 7.857624792593313756e-02
2.750372540777729746e+00 7.256937862078030599e-02
2.762982711279874160e+00 6.691958972128551897e-02
2.775592881782016796e+00 6.161559859832767272e-02
2.788203052284159433e+00 5.664549850427435390e-02
2.800813222786303847e+00 5.199687662341771072e-02
2.813423393288446483e+00 4.765692646343660382e-02
2.826033563790589120e+00 4.361255405985113576e-02
2.838643734292733534e+00 3.985047757062752660e-02
2.851253904794876171e+00 3.635731993961743846e-02
2.863864075297018807e+00 3.311969440445878404e-02
2.876474245799163221e+00 3.012428271605486693e-02
2.889084416301305858e+00 2.735790602196091006e-02
2.901694586803448495e+00 2.480758844445262595e-02
2.914304757305592908e+00 2.246061345525776631e-02
2.926914927807735545e+00 2.030457321260825676e-02
2.939525098309878182e+00 1.832741108227100776e-02
2.952135268812022595e+00 1.651745761251568329e-02
2.964745439314165232e+00 1.486346027365744241e-02
2.977355609816307869e+00 1.335460730604029998e-02
2.989965780318452282e+00 1.198054604642319679e-02
3.002575950820594919e+00 1.073139612199695662e-02
3.015186121322737556e+00 9.597757914152869885e-03
3.027796291824881969e+00 8.570716701090792117e-03
3.040406462327024606e+00 7.641842889907909768e-03
3.053016632829167243e+00 6.803188745483305239e-03
3.065626803331311656e+00 6.047282015813744589e-03
3.078236973833454293e+00 5.367116842018503434e-03
3.090847144335596930e+00 4.756142326559594999e-03
3.103457314837741343e+00 4.208249115871258612e-03
3.116067485339883980e+00 3.717754334050740826e-03
3.128677655842026617e+00 3.279385183047041612e-03
3.141287826344171030e+00 2.888261502350432126e-03
3.153897996846313667e+00 2.539877557945787508e-03
3.166508167348456304e+00 2.230083306662223718e-03
3.179118337850600717e+00 1.955065358359353665e-03
3.191728508352743354e+00 1.711327834959096555e-03
3.204338678854885991e+00 1.495673302427225721e-03
3.216948849357030404e+00 1.305183929664763915e-03
3.229559019859173041e+00 1.137203007073131836e-03
3.242169190361315678e+00 9.893169374692739344e-04
3.254779360863460091e+00 8.593377931629397892e-04
3.267389531365602728e+00 7.452865154602239355e-04
3.279999701867745365e+00 6.453768166791918519e-04
3.292609872369889779e+00 5.579998299896460172e-04
3.305220042872032415e+00 4.817095390244743392e-04
3.317830213374175052e+00 4.152090072422622794e-04
3.330440383876319466e+00 3.573374164174421383e-04
3.343050554378462103e+00 3.070579143489512736e-04
3.355660724880604739e+00 2.634462638506757082e-04
3.368270895382749153e+00 2.256802782495980527e-04
3.380881065884891790e+00 1.930300228921079820e-04
3.393491236387034427e+00 1.648487574651656955e-04
3.406101406889178840e+00 1.405645901913701455e-04
3.418711577391321477e+00 1.196728120695330803e-04
3.431321747893464114e+00 1.017288772182477880e-04
3.443931918395608527e+00 8.634199395568782165e-05
3.456542088897751164e+00 7.316929043096325890e-05
3.469152259399893801e+00 6.191051833273054602e-05
3.481762429902038214e+00 5.230325836507725444e-05
3.494372600404180851e+00 4.411859172824083539e-05
3.506982770906323488e+00 3.715720270863108005e-05
3.519592941408467901e+00 3.124587860881454461e-05
3.532203111910610538e+00 2.623437457978678786e-05
3.544813282412753175e+00 2.199261240639133392e-05
3.557423452914897588e+00 1.840818389886906769e-05
3.570033623417040225e+00 1.538413122113218656e-05
3.582643793919182862e+00 1.283697820638367460e-05
3.595253964421327275e+00 1.069498844467739353e-05
3.607864134923469912e+00 8.896627650838438749e-06
3.620474305425612549e+00 7.389209514849133497e-06
3.633084475927756962e+00 6.127705883969186174e-06
3.645694646429899599e+00 5.073703713495119172e-06
3.658304816932042236e+00 4.194492741152823442e-06
3.670914987434186649e+00 3.462269281285268129e-06
3.683525157936329286e+00 2.853442894156461414e-06
3.696135328438471923e+00 2.348033959795727583e-06
3.708745498940616336e+00 1.929151373496279771e-06
3.721355669442758973e+00 1.582540681418081451e-06
3.733965839944901610e+00 1.296193991015259179e-06
3.746576010447046023e+00 1.060013924424109311e-06
3.759186180949188660e+00 8.655247364984554487e-07
3.771796351451333074e+00 7.056244964262512174e-07
3.784406521953475711e+00 5.743729367951778387e-07
3.797016692455618347e+00 4.668102108574995778e-07
3.809626862957762761e+00 3.788023720252056944e-07
3.822237033459905398e+00 3.069099038069035492e-07
3.834847203962048034e+00 2.482760879834602994e-07
3.847457374464192448e+00 2.005324082282352342e-07
3.860067544966335085e+00 1.617185499031223297e-07
3.872677715468477722e+00 1.302148785231697799e-07
3.885287885970622135e+00 1.046855633002291389e-07
3.897898056472764772e+00 8.403076194473922981e-08
3.910508226974907409e+00 6.734650198539571688e-08
3.923118397477051822e+00 5.389108547456764559e-08
3.935728567979194459e+00 4.305701105440401288e-08
3.948338738481337096e+00 3.434755269297400624e-08
3.960948908983481509e+00 2.735726045406393424e-08
3.973559079485624146e+00 2.175575770281236139e-08
3.986169249987766783e+00 1.727430322067378170e-08
3.998779420489911196e+00 1.369466765077300721e-08
4.011389590992053833e+00 1.083994317119149779e-08
4.023999761494196470e+00 8.566964774138205010e-09
4.036609931996340883e+00 6.760072324605180201e-09
4.049220102498483520e+00 5.325985844300099869e-09
4.061830273000626157e+00 4.189603240120669983e-09
4.074440443502770570e+00 3.290560872001939837e-09
4.087050614004913207e+00 2.580423721988292069e-09
4.099660784507055844e+00 2.020394174020463448e-09
4.112270955009200257e+00 1.579447142068626964e-09
4.124881125511342894e+00 1.232815013258222030e-09
4.137491296013485531e+00 9.607590526214311140e-10
4.150101466515629944e+00 7.475749351248025249e-10
4.162711637017772581e+00 5.807892622835674585e-10
4.175321807519915218e+00 4.505115709322204450e-10
4.187931978022059631e+00 3.489126949859514732e-10
4.200542148524202268e+00 2.698056056050125010e-10
4.213152319026344905e+00 2.083092081181769781e-10
4.225762489528489319e+00 1.605791654462576645e-10
4.238372660030631955e+00 1.235927744616809022e-10
4.250982830532774592e+00 9.497735069499978710e-11
4.263593001034919006e+00 7.287356800979274015e-11
4.276203171537061642e+00 5.582682876744140938e-11
4.288813342039204279e+00 4.270106972431860489e-11
4.301423512541348693e+00 3.261049213287797438e-11
4.314033683043491330e+00 2.486558511823302331e-11
4.326643853545633966e+00 1.893052580078377233e-11
4.339254024047778380e+00 1.438961801238099292e-11
4.351864194549921017e+00 1.092089875118458699e-11
4.364474365052063654e+00 8.275418305044474653e-12
4.377084535554208067e+00 6.261003162392674817e-12
4.389694706056350704e+00 4.729554307282922846e-12
4.402304876558493341e+00 3.567128629366920696e-12
4.414915047060635978e+00 2.686207256995551409e-12
4.427525217562778614e+00 2.019679211488230967e-12
4.440135388064924804e+00 1.516168038523823688e-12
4.452745558567067441e+00 1.136407993180479337e-12
4.465355729069210078e+00 8.504389821646992666e-13
4.477965899571352715e+00 6.354390668494430201e-13
4.490576070073495352e+00 4.740525370033727915e-13
4.503186240575637989e+00 3.531024953720867476e-13
4.515796411077784178e+00 2.626012472801234429e-13
4.528406581579926815e+00 1.949909283668905179e-13
4.541016752082069452e+00 1.445618152474507719e-13
4.553626922584212089e+00 1.070075157544079691e-13
4.566237093086354726e+00 7.908541775267442183e-14
4.578847263588500915e+00 5.835793647332224438e-14
4.591457434090643552e+00 4.299567425375026446e-14
4.604067604592786189e+00 3.162793698962893314e-14
4.616677775094928826e+00 2.322940956601501215e-14
4.629287945597071463e+00 1.703439151013980273e-14
4.641898116099214100e+00 1.247200186608260074e-14
4.654508286601360290e+00 9.117310413572755538e-15
4.667118457103502926e+00 6.654543831116242476e-15
4.679728627605645563e+00 4.849430687011724947e-15
4.692338798107788200e+00 3.528450946123312490e-15
4.704948968609930837e+00 2.563292797395033552e-15
4.717559139112073474e+00 1.859229921349592362e-15
4.730169309614219664e+00 1.346445184290491301e-15
4.742779480116362301e+00 9.735648694553484395e-16
4.755389650618504938e+00 7.028484576134619170e-16
4.767999821120647574e+00 5.066161484160510591e-16
4.780609991622790211e+00 3.646001462609432476e-16
4.793220162124932848e+00 2.619841828021678503e-16
4.805830332627079038e+00 1.879549099609975392e-16
4.818440503129221675e+00 1.346333327074716478e-16
4.831050673631364312e+00 9.628791499513035022e-17
4.843660844133506949e+00 6.875609165692356463e-17
4.856271014635649586e+00 4.901971052005641247e-17
4.868881185137792222e+00 3.489397233178853726e-17
4.881491355639938412e+00 2.479991207484625715e-17
4.894101526142081049e+00 1.759826599064317388e-17
4.906711696644223686e+00 1.246836683878083862e-17
4.919321867146366323e+00 8.820011926037627554e-18
4.931932037648508960e+00 6.229434598248838080e-18
4.944542208150651597e+00 4.392865401708111315e-18
4.957152378652797786e+00 3.092907424623223971e-18
4.969762549154940423e+00 2.174230858014871088e-18
4.982372719657083060e+00 1.526033439636829438e-18
4.994982890159225697e+00 1.069404625181664615e-18
5.007593060661368334e+00 7.482377760789936454e-19
5.020203231163510971e+00 5.227050788076579735e-19
5.032813401665657160e+00 3.645803678420237382e-19
5.045423572167799797e+00 2.538921422625851659e-19
5.058033742669942434e+00 1.765324777505087381e-19
5.070643913172085071e+00 1.225516894550107829e-19
5.083254083674227708e+00 8.494411015205530608e-20
5.095864254176370345e+00 5.878499375611429047e-20
5.108474424678516534e+00 4.061803155463858727e-20
5.121084595180659171e+00 2.802143773422685454e-20
5.133694765682801808e+00 1.930105537335092260e-20
5.146304936184944445e+00 1.327366199556073449e-20
5.158915106687087082e+00 9.114219069948073718e-21
5.171525277189229719e+00 6.248375751227318751e-21
5.184135447691375909e+00 4.276945694942919432e-21
5.196745618193518546e+00 2.922935367766200361e-21
5.209355788695661182e+00 1.994451701418716886e-21
5.221965959197803819e+00 1.358772118904709005e-21
5.234576129699946456e+00 9.242479133315926304e-22
5.247186300202089093e+00 6.276955309082116416e-22
5.259796470704235283e+00 4.256261059669074593e-22
5.272406641206377920e+00 2.881549603706387464e-22
5.285016811708520557e+00 1.947791747055981565e-22
5.297626982210663193e+00 1.314551121229398147e-22
5.310237152712805830e+00 8.857903286224547287e-23
5.322847323214948467e+00 5.959404201708696981e-23
5.335457493717094657e+00 4.003069817939279383e-23
5.348067664219237294e+00 2.684737686223521793e-23
5.360677834721379931e+00 1.797748294283406529e-23
5.373288005223522568e+00 1.201916239422824529e-23
5.385898175725665205e+00 8.023018103428139545e-24
5.398508346227807841e+00 5.347115346444681206e-24
5.411118516729954031e+00 3.558111103276565697e-24
5.423728687232096668e+00 2.363946206222842850e-24
5.436338857734239305e+00 1.568100044798535539e-24
5.448949028236381942e+00 1.038551408285821772e-24
5.461559198738524579e+00 6.867524951817828875e-25
5.474169369240667216e+00 4.534093480007228151e-25
5.486779539742813405e+00 2.988812231939097196e-25
5.499389710244956042e+00 1.967092100447441820e-25
5.511999880747098679e+00 1.292613296649805890e-25
5.524610051249241316e+00 8.480673985746229884e-26
5.537220221751383953e+00 5.555330545426014721e-26
5.549830392253526590e+00 3.633349629463437942e-26
5.562440562755672779e+00 2.372587238564551537e-26
5.575050733257815416e+00 1.546873733496090977e-26
5.587660903759958053e+00 1.006943676992804587e-26
5.600271074262100690e+00 6.544449125287575327e-27
5.612881244764243327e+00 4.246768420870223800e-27
5.625491415266385964e+00 2.751449796224777845e-27
5.638101585768532154e+00 1.779844665055849997e-27
5.650711756270674790e+00 1.149529360491857278e-27
5.663321926772817427e+00 7.412683520361921611e-28
5.675932097274960064e+00 4.772525275021946719e-28
5.688542267777102701e+00 3.067880002203876213e-28
5.701152438279245338e+00 1.969000461873634775e-28
5.713762608781391528e+00 1.261741974023086881e-28
5.726372779283534165e+00 8.072583250984910675e-29
5.738982949785676801e+00 5.156698365187672439e-29
5.751593120287819438e+00 3.288880584514240471e-29
5.764203290789962075e+00 2.094313189232486291e-29
5.776813461292104712e+00 1.331534008050165976e-29
5.789423631794250902e+00 8.452398750928230321e-30
5.802033802296393539e+00 5.357038120177973289e-30
5.814643972798536176e+00 3.389897046593942353e-30
5.827254143300678813e+00 2.141732660422418582e-30
5.839864313802821449e+00 1.351017444243816396e-30
5.852474484304964086e+00 8.508902890605268835e-31
5.865084654807110276e+00 5.350607065432351088e-31
5.877694825309252913e+00 3.359304708515471467e-31
5.890304995811395550e+00 2.105777858447305209e-31
5.902915166313538187e+00 1.317930459564603009e-31
5.915525336815680824e+00 8.235485144814937989e-32
5.928135507317823460e+00 5.138100580568082336e-32
5.940745677819969650e+00 3.200609602839734173e-32
5.953355848322112287e+00 1.990579210309098771e-32
5.965966018824254924e+00 1.236069386338009167e-32
5.978576189326397561e+00 7.663423601615858311e-33
5.991186359828540198e+00 4.743723622622304329e-33
6.003796530330682835e+00 2.931787293076951599e-33
6.016406700832829024e+00 1.809097781622592028e-33
6.029016871334971661e+00 1.114571917787221336e-33
6.041627041837114298e+00 6.855996613720935889e-34
6.054237212339256935e+00 4.210653501726436977e-34
6.066847382841399572e+00 2.581931979355886738e-34
6.079457553343542209e+00 1.580725434279931739e-34
6.092067723845688398e+00 9.662386568661155193e-35
6.104677894347831035e+00 5.896966614633990298e-35
6.117288064849973672e+00 3.593264554198799876e-35
6.129898235352116309e+00 2.186079502522124147e-35
6.142508405854258946e+00 1.327880265054628439e-35
6.155118576356401583e+00 8.053192071846357096e-36
6.167728746858547773e+00 4.876332892081204689e-36
6.180338917360690409e+00 2.948049378971872490e-36
6.192949087862833046e+00 1.779476478535433399e-36
6.205559258364975683e+00 1.072422240937876433e-36
6.218169428867118320e+00 6.452907008682133324e-37
6.230779599369264510e+00 3.876689401461750107e-37
6.243389769871407147e+00 2.325319240653602879e-37
6.255999940373549784e+00 1.392579871347321379e-37
6.268610110875692421e+00 8.326712393309902169e-38
6.281220281377835057e+00 4.970990234365983043e-38
6.293830451879977694e+00 2.962975927682034335e-38
6.306440622382123884e+00 1.763312054595905015e-38
6.319050792884266521e+00 1.047721950944885514e-38
6.331660963386409158e+00 6.215537563898405391e-39
6.344271133888551795e+00 3.681519517135347923e-39
6.356881304390694432e+00 2.177164535340512303e-39
6.369491474892837068e+00 1.285497100078039303e-39
6.382101645394983258e+00 7.578209907268597973e-40
6.394711815897125895e+00 4.460441139777154727e-40
6.407321986399268532e+00 2.621226933334354959e-40
6.419932156901411169e+00 1.537967050729335991e-40
6.432542327403553806e+00 9.009589740552945835e-41
6.445152497905696443e+00 5.269610895508912958e-41
6.457762668407842632e+00 3.077284181079284643e-41
6.470372838909985269e+00 1.794205392724017606e-41
6.482983009412127906e+00 1.044460891231553421e-41
6.495593179914270543e+00 6.070544606510138898e-42
6.508203350416413180e+00 3.522723427941179707e-42
6.520813520918555817e+00 2.041008610168862467e-42
6.533423691420702006e+00 1.180664478047002811e-42
6.546033861922844643e+00 6.819044169214552613e-43
6.558644032424987280e+00 3.932202105369728899e-43
6.571254202927129917e+00 2.263932405834254953e-43
6.583864373429272554e+00 1.301386666431069889e-43
6.596474543931415191e+00 7.469035047693314401e-44
6.609084714433561381e+00 4.279941818784389605e-44
6.621694884935704017e+00 2.448648416574596868e-44
6.634305055437846654e+00 1.398718035078664197e-44
6.646915225939989291e+00 7.977174055033953439e-45
6.659525396442131928e+00 4.542376084976524936e-45
6.672135566944274565e+00 2.582451730614313040e-45
6.684745737446420755e+00 1.465873239530910680e-45
6.697355907948563392e+00 8.307601894026839280e-46
6.709966078450706028e+00 4.700780467518232191e-46
6.722576248952848665e+00 2.655701579534658613e-46
6.735186419454991302e+00 1.497971533679478429e-46
6.747796589957133939e+00 8.436121230137914281e-47
6.760406760459280129e+00 4.743479235423358483e-47
6.773016930961422766e+00 2.662969011519207032e-47
6.785627101463565403e+00 1.492622953382960998e-47
6.798237271965708040e+00 8.353125197272366907e-48
6.810847442467850676e+00 4.667267733863942380e-48
6.823457612969993313e+00 2.603701929248387191e-48
6.836067783472139503e+00 1.450222434783974768e-48
6.848677953974282140e+00 8.064784286880391823e-49
6.861288124476424777e+00 4.477809891859761138e-49
6.873898294978567414e+00 2.482294383872826109e-49
6.886508465480710051e+00 1.373901613202870334e-49
6.899118635982852688e+00 7.592288032728611632e-50
6.911728806484998877e+00 4.188942411762133690e-50
6.924338976987141514e+00 2.307548054544251767e-50
6.936949147489284151e+00 1.269146470792276810e-50
6.949559317991426788e+00 6.969270894229292596e-51
6.962169488493569425e+00 3.821004336632051717e-51
6.974779658995712062e+00 2.091617561119896230e-51
6.987389829497858251e+00 1.143145658356549329e-51
7.000000000000000888e+00 6.237856571554141738e-52
