0.000000000000000000e+00
7.280902233613817387e-02
7.229447048539935916e-02
7.196337732228959283e-02
7.439696393351220849e-02
6.785427576849607789e-02
-5.737863542639764364e-02
-6.190728436594750833e-02
-6.338773659540032634e-02
-6.406255108470886028e-02
-6.323910698544306375e-02
-6.563279307059177725e-02
6.014717260345131544e-02
6.406517302343862907e-02
6.368393567259657273e-02
6.264150969652919343e-02
6.012404914193910516e-02
-3.313302514381186864e-02
-5.907878197179169261e-02
-6.349613416705471303e-02
-6.429985893947715025e-02
-6.432188469461976033e-02
-5.838979436981472926e-02
5.884558581119692100e-02
6.348676693515660496e-02
6.502240045291195203e-02
6.489717129811942153e-02
6.447084124202821787e-02
5.784873143944239265e-02
-5.455104303442346453e-02
-6.033012516678814413e-02
-6.085852321588888780e-02
-6.082979801314417762e-02
-6.226300330713096381e-02
6.774706418596564139e-02
6.331556102505696282e-02
6.542604448658020933e-02
6.423821060509744829e-02
6.466205773984291805e-02
5.573337348843035444e-02
-4.696364356889784486e-02
-5.391281570679160723e-02
-5.815208095870674776e-02
-5.868547609784519059e-02
-6.068877561612200794e-02
-7.432611714486940524e-02
6.339789908064574764e-02
6.689991667706259026e-02
6.569083683786447470e-02
6.563577342016053973e-02
6.416704392672757662e-02
5.971052044585557078e-02
-5.024589950978557845e-02
-5.644631085563147493e-02
-5.668234275235050496e-02
-5.962321071237965814e-02
-6.593610200070916527e-02
5.200211417036663258e-02
6.284753463643598381e-02
6.382693206876402514e-02
6.014548757016660585e-02
5.979627986138955770e-02
5.575419398352909200e-02
-5.479792646595363359e-02
-5.868898199300289636e-02
-6.010424605719919683e-02
-6.219850974716908260e-02
-6.170399325544751595e-02
-6.028009727894678704e-02
5.617952798862217018e-02
6.290663918874737914e-02
5.923239786480235386e-02
6.362830728968930927e-02
6.010009094992440487e-02
-6.250672914685025117e-02
-5.507278345476501746e-02
-5.796571001536376944e-02
-6.047918017274856589e-02
-5.977465030207686908e-02
-6.956385572063529532e-02
5.822108932219169364e-02
6.294546053729553614e-02
6.020868223278767056e-02
6.228735320281506005e-02
6.153006634627986721e-02
5.510027676802192742e-02
-5.150692216709457094e-02
-5.816783650356124880e-02
-6.134048438291089811e-02
-6.008651387913582775e-02
-6.725352985881548340e-02
5.655647459842313290e-02
5.695719873291280044e-02
6.052248106250520537e-02
6.301192214324687069e-02
5.808384954687093038e-02
5.712458191184652256e-02
-4.607738940750082807e-02
-5.001801130749441993e-02
-5.955873890940031196e-02
-5.829405377797835380e-02
-6.624760476273384990e-02
-6.595458828540705365e-02
4.191521331295927633e-02
5.608574197519005516e-02
6.254198366078551896e-02
5.708546117380017271e-02
5.077103425935499542e-02
5.135834103355804009e-02
-4.989900003246238586e-02
-5.826116472162912174e-02
-5.663141114511980462e-02
-6.764571228400569070e-02
-6.745677087992747734e-02
5.441063929514086683e-02
5.558413445351022969e-02
6.231200156648717542e-02
6.061964803468413571e-02
6.228654436901900904e-02
6.246387700600137399e-02
-5.231228023068009575e-02
-5.500101527941161222e-02
-5.615778244066841479e-02
-5.824683252350850576e-02
-6.629393035570546600e-02
-6.468037707095035393e-02
4.922516913752601059e-02
5.919552143159494823e-02
6.462032402978792889e-02
6.583254763182701252e-02
6.146246245277125347e-02
-5.512740584391525450e-02
-5.143543491559839781e-02
-5.389606178199476960e-02
-5.735997399806273128e-02
-5.946735464565013757e-02
-6.013659826445553330e-02
5.292485217173026335e-02
5.478730854763626951e-02
6.300088931727017283e-02
6.000155392465728738e-02
5.648844849138229263e-02
6.525330345857692504e-02
-5.318725300546387619e-02
-5.665236747159776293e-02
-5.980156507167421615e-02
-6.015761866165764138e-02
-5.679469137547859398e-02
-5.684457736930489946e-02
4.621375886431292740e-02
6.141837477852490901e-02
5.729850157050166842e-02
5.856360663705469788e-02
6.684597090500743466e-02
-6.077633179257530688e-02
-6.021400017310288982e-02
-5.909303326998757711e-02
-6.127009686110507919e-02
-5.672417849207666424e-02
-5.616795069195517492e-02
5.267998114018057620e-02
6.171385883982546949e-02
6.216093964988447101e-02
6.952144023859034572e-02
6.093582409277744499e-02
6.520930978635072761e-02
-5.602210023292391455e-02
-5.556724845483240055e-02
-6.335775272515044299e-02
-6.737099733650098177e-02
-6.315564483816120400e-02
5.062436066704247700e-02
5.022172143200679534e-02
6.353999233138236946e-02
6.811297388095219341e-02
6.336591930406597351e-02
7.134519985232472272e-02
-5.672126187817181503e-02
-5.465350131022017610e-02
-6.146022240453765523e-02
-5.793928636576765184e-02
-6.105267450545660141e-02
-6.387110627240455418e-02
4.648465350164517756e-02
5.448675903225651956e-02
6.590767346623570277e-02
6.098093866768696664e-02
6.976740157852741320e-02
-6.184374289510392170e-02
-5.395384749151874160e-02
-5.694891786743565970e-02
-5.630716745051930761e-02
-6.064798390673744460e-02
-6.622239024247462968e-02
4.253265341506488190e-02
5.736270353620620543e-02
6.525459198152992746e-02
6.248798428676714117e-02
6.541168662121035760e-02
6.871616823008883101e-02
-5.773403883339587456e-02
-6.223393037651920451e-02
-5.810054336349565474e-02
-6.806098810363057916e-02
-6.353045229843563846e-02
-5.214362666967494592e-02
5.198391757959128223e-02
5.897419693196599005e-02
6.263978355720752067e-02
6.355003117952184866e-02
7.640306383784430111e-02
-5.550772195365281242e-02
-6.495248790927998783e-02
-5.966688906659228103e-02
-6.478238940995940942e-02
-6.375733086872960309e-02
-6.251710140484524614e-02
5.177041937018164036e-02
5.478022785817471957e-02
6.915053042868150868e-02
6.552285321641528049e-02
7.320541499892434245e-02
7.182677786553544330e-02
-5.391976349702187060e-02
-6.179315446916052584e-02
-6.624524809930283642e-02
-6.100269511315768028e-02
-6.355041294781578476e-02
5.918620117345996245e-02
4.481824972489647368e-02
6.262597924072156597e-02
6.503191533502647448e-02
6.612147014996853922e-02
7.327289647467884193e-02
-5.806677228858980744e-02
-6.817832436564706666e-02
-5.665961051910106683e-02
-6.412122652592883165e-02
-6.161517882059803358e-02
-6.392412567719781002e-02
5.704770886149997805e-02
6.053543204324545596e-02
6.236873229374798044e-02
6.060324954376972162e-02
6.335604014501845793e-02
5.365988668993917909e-02
-5.551381741028299510e-02
-5.566849696808498504e-02
-6.626897977994743172e-02
-5.998006271886851398e-02
