1.000000000000000000e+00
9.996065202839222730e-01
9.989259807374969435e-01
9.980208093191352825e-01
9.959320428311421169e-01
9.914059830162150755e-01
9.803749443378604322e-01
9.781574752821320384e-01
9.700801981190619871e-01
9.652535244057421915e-01
9.597885790394858896e-01
9.552690706293435197e-01
9.420978341714721926e-01
9.420978341714721926e-01
9.353124105848601433e-01
9.324511715452185046e-01
9.320315693995122608e-01
9.228073105873934034e-01
9.186167439093958498e-01
9.178090449885187851e-01
9.163518019819170135e-01
9.082746755102888425e-01
9.072917511042991601e-01
8.945286963193271879e-01
8.861378828709666200e-01
8.769102542920302890e-01
8.762957203106803705e-01
8.709957287279040949e-01
8.709957287279040949e-01
8.709957287279040949e-01
8.709957287279040949e-01
8.702916299994863936e-01
8.640824097530419579e-01
8.636350980068070449e-01
8.634671154205783017e-01
8.574992610081777489e-01
8.574992610081777489e-01
8.506386230867787335e-01
8.506386230867787335e-01
8.499989372790524023e-01
8.489949869707978936e-01
8.489949869707978936e-01
8.489949869707978936e-01
8.489949869707978936e-01
8.477582750103972442e-01
8.463271248783772460e-01
8.463271248783772460e-01
8.463271248783772460e-01
8.463271248783772460e-01
8.463306970307833410e-01
8.463306970307833410e-01
8.463306970307833410e-01
8.463306970307833410e-01
8.452606214627548242e-01
8.452606214627548242e-01
8.452606214627548242e-01
8.452606214627548242e-01
8.452606214627548242e-01
8.452606214627548242e-01
8.452606214627548242e-01
8.452606214627548242e-01
8.440613183465063285e-01
8.440613183465063285e-01
8.440613183465063285e-01
8.432809918147228245e-01
8.427786127628446033e-01
8.427786127628446033e-01
8.420196389778746848e-01
8.420196389778746848e-01
8.420196389778746848e-01
8.425220180297529060e-01
8.425220180297529060e-01
8.425220180297529060e-01
8.425220180297529060e-01
8.425220180297529060e-01
8.425220180297529060e-01
8.425220180297529060e-01
8.425220180297529060e-01
8.425220180297529060e-01
8.425220180297529060e-01
8.425184458773470331e-01
8.425184458773470331e-01
8.425184458773470331e-01
8.425184458773470331e-01
8.425184458773470331e-01
8.417040333688117215e-01
8.417040333688117215e-01
8.417040333688117215e-01
8.417040333688117215e-01
8.417040333688117215e-01
8.417040333688117215e-01
8.417040333688117215e-01
8.417040333688117215e-01
8.417040333688117215e-01
8.417040333688117215e-01
8.417040333688117215e-01
8.417040333688117215e-01
8.417040333688117215e-01
8.411615730163609639e-01
8.346635155280016649e-01
8.346635155280016649e-01
8.346635155280016649e-01
8.346635155280016649e-01
8.341939961186259911e-01
8.341939961186259911e-01
8.341939961186259911e-01
8.341939961186259911e-01
8.341939961186259911e-01
8.341939961186259911e-01
8.183681674979601528e-01
8.116178861375512588e-01
8.056011802585504311e-01
8.015724089663853746e-01
7.906696298522785105e-01
7.906696298522785105e-01
7.836852922022566892e-01
7.651029504850413998e-01
7.557613923815711399e-01
7.445107289647683313e-01
7.402997093726916278e-01
7.278783661068664035e-01
7.061154930319250012e-01
6.908709325779086585e-01
6.742458841995759844e-01
6.630018162936450743e-01
6.594353682021003582e-01
6.472536247197600012e-01
6.329599811983019908e-01
6.149151111102263423e-01
5.992146309534532866e-01
5.960210786341699762e-01
5.857522135704444910e-01
5.676820756123638345e-01
5.504281983780232590e-01
5.482465090628163562e-01
5.418955554308717559e-01
5.310617658596958890e-01
5.254423147496926072e-01
5.211152068544530058e-01
5.104632211875866910e-01
5.028850055975380151e-01
4.861222925404159456e-01
4.738980599889900946e-01
4.671490113562582480e-01
4.606659955164366660e-01
4.527800589621390759e-01
4.446933637473171608e-01
4.425962982070113516e-01
4.399250118096291184e-01
4.346261288706861903e-01
4.314029032613486137e-01
4.248554701124307997e-01
4.172729482641799326e-01
4.172729482641799326e-01
4.145996270848646970e-01
4.082901273570595513e-01
4.032571206848653556e-01
3.980693925365146324e-01
3.953303557303848859e-01
3.929389458845076177e-01
3.887902676255425294e-01
3.845236290155019665e-01
3.843491122836081852e-01
3.825008283354979777e-01
3.775054042337433469e-01
3.714930496588215170e-01
3.686157484137480012e-01
3.678705924493624324e-01
3.652369365725356420e-01
3.637700961184159310e-01
3.620095280808710569e-01
3.618442043302849687e-01
3.567861000989786535e-01
3.569572175946971737e-01
3.569572175946971737e-01
3.561787422215966226e-01
3.544642748385496978e-01
3.546887578046001854e-01
3.524321616506765897e-01
3.522942583082080970e-01
3.522942583082080970e-01
3.522942583082080970e-01
3.516468456877591131e-01
3.514042589158768437e-01
3.497907427117323276e-01
3.475363091618721700e-01
3.475363091618721700e-01
3.473168081915830041e-01
3.493671536532037547e-01
3.483333658184178949e-01
3.480438737742166944e-01
3.480438737742166944e-01
3.473496592922658555e-01
3.473496592922658555e-01
3.473496592922658555e-01
3.473496592922658555e-01
3.473496592922658555e-01
3.473496592922658555e-01
3.457851450649518932e-01
3.465654715967353972e-01
3.455752157215695175e-01
3.453364517689456736e-01
3.452650153153164481e-01
3.452650153153164481e-01
3.451378123924219166e-01
3.451378123924219166e-01
3.451378123924219166e-01
3.451378123924219166e-01
3.516358698807812710e-01
3.516358698807812710e-01
3.516358698807812710e-01
3.516358698807812710e-01
3.516358698807812710e-01
3.516358698807812710e-01
3.512981064622979210e-01
3.512981064622979210e-01
3.512981064622979210e-01
3.614263378292523754e-01
3.614263378292523754e-01
3.613550420108012640e-01
3.613550420108012640e-01
3.608272075916972854e-01
3.626754915398074930e-01
3.667042628319726605e-01
3.667042628319726605e-01
3.672798632159144372e-01
3.663087982869714376e-01
3.704036587749506837e-01
3.704036587749506837e-01
3.704036587749506837e-01
3.741281900595599397e-01
3.741281900595599397e-01
3.752060887820999335e-01
3.760205012906351896e-01
3.785901412248586784e-01
3.755228125945336282e-01
3.755228125945336282e-01
3.755228125945336282e-01
3.851515244592344511e-01
3.883958782577229263e-01
3.980980157004794795e-01
4.028478122911772208e-01
4.078911841411079764e-01
4.196960534980239688e-01
4.287136876987944767e-01
4.287136876987944767e-01
4.294370414816160997e-01
4.309056248089880303e-01
4.344720729005325244e-01
4.370545481042498182e-01
4.364789477203080414e-01
4.364789477203080414e-01
4.431578962079440465e-01
4.484657172595041819e-01
4.482767119902189012e-01
4.502864838465854835e-01
4.574825871087401241e-01
4.601392084125213167e-01
4.636730702864836351e-01
4.644442217952572949e-01
4.652374238859646183e-01
4.701190325085991550e-01
4.749374126102928195e-01
4.787308056664031919e-01
4.787308056664031919e-01
4.804771842841643603e-01
4.829573732112035778e-01
4.870487987507027827e-01
4.918601497722629445e-01
4.918601497722629445e-01
4.918601497722629445e-01
4.953833124437048152e-01
4.953833124437048152e-01
4.867154844659942192e-01
4.867154844659942192e-01
4.849197974740401262e-01
4.917351693149372704e-01
4.930202420321102563e-01
4.930202420321102563e-01
4.953822097064204955e-01
4.953822097064204955e-01
4.948778172520966190e-01
4.948778172520966190e-01
4.930200977005868568e-01
4.930200977005868568e-01
4.962823312904489637e-01
4.950052090768937707e-01
4.950052090768937707e-01
4.978575014392230824e-01
5.017603537279143877e-01
4.987955344205385333e-01
5.001414344893266861e-01
4.985685569614092261e-01
4.985685569614092261e-01
4.943202369833315513e-01
4.960479834476824168e-01
4.960479834476824168e-01
4.969483216073481979e-01
4.971342675246268605e-01
4.962578624874263156e-01
4.929069177903708798e-01
4.896407551348350151e-01
4.884619830334961388e-01
4.879034134103226172e-01
4.871230868785391133e-01
4.888435065913135369e-01
4.894297524732571514e-01
4.911155149589033209e-01
4.911155149589033209e-01
4.911155149589033209e-01
4.936198374571036385e-01
4.947895213757106947e-01
4.905401204825042272e-01
4.905401204825042272e-01
4.889371769221841357e-01
4.910498589445281836e-01
4.890121753467674415e-01
4.840192043008620382e-01
4.818836978806583238e-01
4.818836978806583238e-01
4.818836978806583238e-01
4.812515867070819575e-01
4.802402882440014453e-01
4.802402882440014453e-01
4.802402882440014453e-01
4.802402882440014453e-01
4.795706631394992536e-01
4.795706631394992536e-01
4.795706631394992536e-01
4.787461790612384527e-01
4.776591587289502061e-01
4.731325882356820500e-01
4.714468257500358250e-01
4.674180544578708241e-01
4.674180544578708241e-01
4.656576033395406489e-01
4.637308575488324758e-01
4.637308575488324758e-01
4.637308575488324758e-01
4.637308575488324758e-01
4.637308575488324758e-01
4.620031110844817768e-01
4.620031110844817768e-01
4.650704397148067160e-01
4.686269604280797751e-01
4.686269604280797751e-01
4.686269604280797751e-01
4.686269604280797751e-01
4.686269604280797751e-01
4.696382588911601763e-01
4.698770228437839647e-01
4.675806446771040292e-01
4.675806446771040292e-01
4.596921035280878698e-01
4.596921035280878698e-01
4.564477497295993946e-01
4.564477497295993946e-01
4.506595862516842854e-01
4.513538007336351798e-01
4.513538007336351798e-01
4.512084797754246646e-01
4.500611902315018731e-01
4.462594185366380861e-01
4.462594185366380861e-01
4.417392760852282274e-01
4.417392760852282274e-01
4.414042928819691403e-01
4.366544962912713990e-01
4.366544962912713990e-01
4.366544962912713990e-01
4.366544962912713990e-01
4.367257921097224549e-01
4.367257921097224549e-01
4.359546406009488506e-01
4.359546406009488506e-01
4.359546406009488506e-01
4.359546406009488506e-01
4.352015789740885654e-01
4.352015789740885654e-01
4.352015789740885654e-01
4.352015789740885654e-01
4.352015789740885654e-01
4.352015789740885654e-01
4.352015789740885654e-01
4.352015789740885654e-01
4.352015789740885654e-01
4.421693817416593730e-01
4.351850440916374962e-01
4.325284227878563592e-01
4.325284227878563592e-01
4.329234063065228733e-01
4.325489783333620886e-01
4.312376085050536045e-01
4.342068160561541879e-01
4.342068160561541879e-01
4.317266271291150259e-01
4.317266271291150259e-01
4.317266271291150259e-01
4.317266271291150259e-01
4.317266271291150259e-01
4.297173911591084527e-01
4.276110140816714034e-01
4.241838056045690863e-01
4.241838056045690863e-01
4.241838056045690863e-01
4.241838056045690863e-01
4.241838056045690863e-01
4.203503474118424066e-01
4.203503474118424066e-01
4.225497136468683856e-01
4.225497136468683856e-01
4.225497136468683856e-01
4.225497136468683856e-01
4.229293593250872951e-01
4.265180388004367051e-01
4.265180388004367051e-01
4.265180388004367051e-01
4.265180388004367051e-01
4.265180388004367051e-01
4.265180388004367051e-01
4.265180388004367051e-01
4.223191607157029681e-01
4.246922444848812428e-01
4.225269437134913098e-01
4.272063563192001201e-01
4.259212836020270787e-01
4.259212836020270787e-01
4.259212836020270787e-01
4.259212836020270787e-01
4.270718001007418607e-01
4.270718001007418607e-01
4.270718001007418607e-01
4.320647711466472640e-01
4.328385460322363154e-01
4.301499405170066681e-01
4.312676624349756072e-01
4.341714013553815699e-01
4.368545303988225492e-01
4.398300502372540222e-01
4.398300502372540222e-01
4.398300502372540222e-01
4.403312397205014217e-01
4.403312397205014217e-01
4.355776963202330765e-01
4.412887387829341201e-01
4.412887387829341201e-01
4.412887387829341201e-01
4.465354363984248565e-01
4.473805941890924842e-01
4.473805941890924842e-01
4.473805941890924842e-01
4.473805941890924842e-01
4.452217795600907913e-01
4.452217795600907913e-01
4.469362469431377161e-01
4.476058720476400188e-01
4.476058720476400188e-01
4.476058720476400188e-01
4.447260901161900204e-01
4.412197421246558116e-01
4.412197421246558116e-01
4.412197421246558116e-01
4.426733101818624005e-01
4.426733101818624005e-01
4.437603305141505916e-01
4.456870763048587092e-01
4.431848627536471574e-01
4.431848627536471574e-01
4.464292165521356881e-01
4.464292165521356881e-01
4.464292165521356881e-01
4.467460592271140785e-01
4.467460592271140785e-01
4.500644642917396854e-01
4.500644642917396854e-01
4.489746490710598281e-01
4.489746490710598281e-01
4.489746490710598281e-01
4.507351001893900033e-01
4.499914674208013721e-01
4.499914674208013721e-01
4.508919089238416222e-01
4.508919089238416222e-01
4.508919089238416222e-01
4.569663653053445129e-01
4.586941117696953785e-01
4.646892397505361649e-01
4.646892397505361649e-01
4.646892397505361649e-01
4.641614053314321864e-01
4.655900376595251133e-01
4.655900376595251133e-01
4.680666597884159397e-01
4.686252294115893502e-01
4.686252294115893502e-01
4.768822254252385040e-01
4.768822254252385040e-01
4.768822254252385040e-01
4.768822254252385040e-01
4.768822254252385040e-01
4.768822254252385040e-01
4.768822254252385040e-01
4.768822254252385040e-01
4.768822254252385040e-01
4.787108468936581707e-01
4.786074536439902105e-01
4.786074536439902105e-01
4.786074536439902105e-01
4.786074536439902105e-01
4.786074536439902105e-01
4.786074536439902105e-01
4.786074536439902105e-01
4.779240966291353199e-01
4.779240966291353199e-01
4.779240966291353199e-01
4.779240966291353199e-01
4.779240966291353199e-01
4.779240966291353199e-01
4.779240966291353199e-01
4.811580595404625349e-01
4.824694293687711300e-01
4.829167411150060429e-01
4.829167411150060429e-01
4.841341809336792701e-01
4.841341809336792701e-01
4.841341809336792701e-01
4.841341809336792701e-01
4.841341809336792701e-01
4.841341809336792701e-01
4.841341809336792701e-01
4.841341809336792701e-01
4.841341809336792701e-01
4.841341809336792701e-01
4.841341809336792701e-01
4.840988573493759106e-01
4.840988573493759106e-01
4.840988573493759106e-01
4.840988573493759106e-01
4.840988573493759106e-01
4.840988573493759106e-01
4.840988573493759106e-01
4.825061001119811399e-01
4.767179366340660307e-01
4.767179366340660307e-01
4.742846166986144363e-01
4.742846166986144363e-01
4.742846166986144363e-01
4.742846166986144363e-01
4.706053324433973062e-01
4.748042105281310432e-01
4.712286009332874448e-01
4.712286009332874448e-01
4.663632424102999718e-01
4.663632424102999718e-01
4.648459358074752412e-01
4.620898244099541086e-01
4.620898244099541086e-01
4.620898244099541086e-01
4.609030489374587036e-01
4.609030489374587036e-01
4.609030489374587036e-01
4.609030489374587036e-01
4.609030489374587036e-01
4.609030489374587036e-01
4.609030489374587036e-01
4.609030489374587036e-01
4.592417011406781380e-01
4.592417011406781380e-01
4.599416308030376266e-01
4.599416308030376266e-01
4.662222831377801913e-01
4.641836692698864675e-01
4.641836692698864675e-01
4.641836692698864675e-01
4.694284238249731289e-01
4.694284238249731289e-01
4.741247592083780438e-01
4.741247592083780438e-01
4.736055277639359407e-01
4.725185074316476941e-01
4.669121859588489798e-01
4.669121859588489798e-01
4.669121859588489798e-01
4.669121859588489798e-01
4.669121859588489798e-01
4.621716764548067791e-01
4.621716764548067791e-01
4.621716764548067791e-01
4.621716764548067791e-01
4.582688241661155293e-01
4.602304270396099239e-01
4.665213561875733439e-01
4.658143495046723204e-01
4.619698289237243460e-01
4.619698289237243460e-01
4.619698289237243460e-01
4.619698289237243460e-01
4.605344441692908464e-01
4.589491594384220718e-01
4.604831726722173890e-01
4.598412927189409749e-01
4.588115267853301593e-01
4.588115267853301593e-01
4.588115267853301593e-01
4.588115267853301593e-01
4.588115267853301593e-01
4.601550003137446221e-01
4.601550003137446221e-01
4.617599106635067452e-01
4.590625863935897666e-01
4.590625863935897666e-01
4.590625863935897666e-01
4.590625863935897666e-01
4.602518368424483031e-01
4.597358157374087928e-01
4.597358157374087928e-01
4.597358157374087928e-01
4.567543057507906235e-01
4.545671756661009422e-01
4.545671756661009422e-01
4.545671756661009422e-01
4.545671756661009422e-01
4.571950453560767458e-01
4.571950453560767458e-01
4.571950453560767458e-01
4.571950453560767458e-01
4.571950453560767458e-01
4.607182080275185054e-01
4.607182080275185054e-01
4.607182080275185054e-01
4.613420392142573712e-01
4.613420392142573712e-01
4.618698736333613497e-01
4.592420039433854906e-01
4.592420039433854906e-01
4.592420039433854906e-01
4.592420039433854906e-01
4.592420039433854906e-01
4.592420039433854906e-01
4.599643183504165123e-01
4.599643183504165123e-01
4.599643183504165123e-01
4.599643183504165123e-01
4.644844608018264265e-01
4.586778093616757368e-01
4.586778093616757368e-01
4.579835948797248979e-01
4.576708959119384357e-01
4.576708959119384357e-01
4.576708959119384357e-01
4.576708959119384357e-01
4.576708959119384357e-01
4.568986535658106640e-01
4.564513418195757510e-01
4.564513418195757510e-01
4.564513418195757510e-01
4.564513418195757510e-01
4.564513418195757510e-01
4.546672503313726743e-01
4.546672503313726743e-01
4.546672503313726743e-01
4.546672503313726743e-01
4.546672503313726743e-01
4.546672503313726743e-01
4.546672503313726743e-01
4.546672503313726743e-01
4.546672503313726743e-01
4.546672503313726743e-01
4.546672503313726743e-01
4.540561373471484474e-01
4.534698914652047774e-01
4.534698914652047774e-01
4.534698914652047774e-01
4.534698914652047774e-01
4.534698914652047774e-01
4.534698914652047774e-01
4.534698914652047774e-01
4.534698914652047774e-01
4.534698914652047774e-01
4.534698914652047774e-01
4.534698914652047774e-01
4.510289544718877330e-01
4.525462610747123526e-01
4.525462610747123526e-01
4.525462610747123526e-01
4.516984788108394100e-01
4.516984788108394100e-01
4.474219867682873719e-01
4.473506909498363160e-01
4.473506909498363160e-01
4.431518128651025235e-01
4.431518128651025235e-01
4.431518128651025235e-01
4.395029969638035716e-01
4.395029969638035716e-01
4.382726162349771526e-01
4.373334093495387376e-01
4.400895207470598702e-01
4.400895207470598702e-01
4.458776842249749794e-01
4.458776842249749794e-01
4.458776842249749794e-01
4.469647045572633370e-01
4.516583716564152584e-01
4.516583716564152584e-01
4.516583716564152584e-01
4.516583716564152584e-01
4.516583716564152584e-01
4.516583716564152584e-01
4.516583716564152584e-01
4.516583716564152584e-01
4.464116740409244666e-01
4.464116740409244666e-01
4.464116740409244666e-01
4.464116740409244666e-01
4.431625410747841443e-01
4.431625410747841443e-01
4.431625410747841443e-01
4.431625410747841443e-01
4.431625410747841443e-01
4.464068948732727304e-01
4.434313750348412575e-01
4.434313750348412575e-01
4.434313750348412575e-01
4.434313750348412575e-01
4.454699889027349258e-01
4.454699889027349258e-01
4.426075213590908719e-01
4.426075213590908719e-01
4.399243923156498925e-01
4.421115224003395738e-01
4.421115224003395738e-01
4.421115224003395738e-01
4.421115224003395738e-01
4.421115224003395738e-01
4.421115224003395738e-01
4.409938004823706903e-01
4.409938004823706903e-01
4.409938004823706903e-01
4.409938004823706903e-01
4.409938004823706903e-01
4.409938004823706903e-01
4.417008071652716583e-01
4.417008071652716583e-01
4.417008071652716583e-01
4.417008071652716583e-01
4.417930786002912669e-01
4.470786983863130337e-01
4.470786983863130337e-01
4.457129408821807193e-01
4.461239109118905199e-01
4.436611185551487258e-01
4.436611185551487258e-01
4.419333720907980267e-01
4.419333720907980267e-01
4.419333720907980267e-01
4.419333720907980267e-01
4.419333720907980267e-01
4.419333720907980267e-01
4.433027120887737538e-01
4.433027120887737538e-01
4.421134616399151063e-01
4.468539711439571960e-01
4.468539711439571960e-01
4.482122524320054091e-01
4.482122524320054091e-01
4.482122524320054091e-01
4.482122524320054091e-01
4.482122524320054091e-01
4.482122524320054091e-01
4.482122524320054091e-01
4.482122524320054091e-01
4.482122524320054091e-01
4.492677145250321136e-01
4.531122351059800879e-01
4.531122351059800879e-01
4.531122351059800879e-01
4.531122351059800879e-01
4.531122351059800879e-01
4.531122351059800879e-01
4.531122351059800879e-01
4.531122351059800879e-01
4.478850859716692057e-01
4.478850859716692057e-01
4.478850859716692057e-01
4.475790049053785524e-01
4.480263166516134654e-01
4.512602795629407915e-01
4.512602795629407915e-01
4.512602795629407915e-01
4.507324451438367019e-01
4.507324451438367019e-01
4.491874245601133464e-01
4.495618525332741311e-01
4.550183622429186392e-01
4.550183622429186392e-01
4.550183622429186392e-01
4.550183622429186392e-01
4.550183622429186392e-01
4.550183622429186392e-01
4.550183622429186392e-01
4.550183622429186392e-01
4.550183622429186392e-01
4.550183622429186392e-01
4.550183622429186392e-01
4.550183622429186392e-01
4.550183622429186392e-01
4.550183622429186392e-01
4.550183622429186392e-01
4.562487429717450582e-01
4.562487429717450582e-01
4.562487429717450582e-01
4.562487429717450582e-01
4.562487429717450582e-01
4.570198944805186625e-01
4.549135174030816131e-01
4.542896862163428029e-01
4.562989221863493206e-01
4.562989221863493206e-01
4.562989221863493206e-01
4.562989221863493206e-01
4.562989221863493206e-01
4.562989221863493206e-01
4.548392125055021329e-01
4.548392125055021329e-01
4.548392125055021329e-01
4.548392125055021329e-01
4.548392125055021329e-01
4.548392125055021329e-01
4.548392125055021329e-01
4.548392125055021329e-01
4.556428578977991806e-01
4.598025351810016148e-01
4.598025351810016148e-01
4.598025351810016148e-01
4.598025351810016148e-01
4.598025351810016148e-01
4.598025351810016148e-01
4.586328512623946141e-01
4.586328512623946141e-01
4.564727406664742526e-01
4.564727406664742526e-01
4.564727406664742526e-01
4.564727406664742526e-01
4.564727406664742526e-01
4.564727406664742526e-01
4.589136776597914080e-01
4.589136776597914080e-01
4.589136776597914080e-01
4.589136776597914080e-01
4.589136776597914080e-01
4.589136776597914080e-01
4.589136776597914080e-01
4.589136776597914080e-01
4.589136776597914080e-01
4.589136776597914080e-01
4.589136776597914080e-01
4.570331425058506425e-01
4.570331425058506425e-01
4.570331425058506425e-01
4.570331425058506425e-01
4.570331425058506425e-01
4.570331425058506425e-01
4.570331425058506425e-01
4.570331425058506425e-01
4.570331425058506425e-01
4.587608889702014525e-01
4.587608889702014525e-01
4.587608889702014525e-01
4.587608889702014525e-01
4.565195486844223494e-01
4.533136741069592746e-01
4.580043136777358082e-01
4.544156342023864537e-01
4.544156342023864537e-01
4.484205062215455007e-01
4.429521458840064430e-01
4.397077920855179123e-01
4.361266660769118064e-01
4.361266660769118064e-01
4.361266660769118064e-01
4.361266660769118064e-01
4.361266660769118064e-01
4.361266660769118064e-01
4.352540681101087494e-01
4.352540681101087494e-01
4.352540681101087494e-01
4.352540681101087494e-01
4.352540681101087494e-01
4.377168604668504881e-01
4.330231933676985112e-01
4.309292640052417300e-01
4.309292640052417300e-01
4.309292640052417300e-01
4.309292640052417300e-01
4.309292640052417300e-01
4.343295570589379428e-01
4.343295570589379428e-01
4.295890475548958531e-01
4.253125555123438151e-01
4.253125555123438151e-01
4.253125555123438151e-01
4.253125555123438151e-01
4.242570934193172771e-01
4.242570934193172771e-01
4.242570934193172771e-01
4.242570934193172771e-01
4.242570934193172771e-01
4.242570934193172771e-01
4.242570934193172771e-01
4.242570934193172771e-01
4.242570934193172771e-01
4.316958710333845817e-01
4.316958710333845817e-01
4.323355568411109684e-01
4.323355568411109684e-01
4.339191760112450225e-01
4.339191760112450225e-01
4.316310852525734876e-01
4.310725156294000215e-01
4.275073026571732937e-01
4.271328746840125090e-01
4.271328746840125090e-01
4.271328746840125090e-01
4.305961610543380669e-01
4.305961610543380669e-01
4.328394244820463754e-01
4.328394244820463754e-01
4.346355079310979530e-01
4.346355079310979530e-01
4.364195994193011408e-01
4.364195994193011408e-01
4.364195994193011408e-01
4.364195994193011408e-01
4.364195994193011408e-01
4.364195994193011408e-01
4.364195994193011408e-01
4.379286986957055539e-01
4.379286986957055539e-01
4.379286986957055539e-01
4.379286986957055539e-01
4.379286986957055539e-01
4.379286986957055539e-01
4.379286986957055539e-01
4.379286986957055539e-01
4.395678046239006043e-01
4.395678046239006043e-01
4.410275143047477919e-01
4.410275143047477919e-01
4.457874796617649626e-01
4.457874796617649626e-01
4.457874796617649626e-01
4.457874796617649626e-01
4.457874796617649626e-01
4.457874796617649626e-01
4.457874796617649626e-01
4.457874796617649626e-01
4.503090583847426109e-01
4.503090583847426109e-01
4.538742713569692833e-01
4.545576283718241739e-01
4.545576283718241739e-01
4.562262664885347041e-01
4.562262664885347041e-01
4.562262664885347041e-01
4.590714369975367193e-01
4.590714369975367193e-01
4.590714369975367193e-01
4.590714369975367193e-01
4.590714369975367193e-01
4.590714369975367193e-01
4.590714369975367193e-01
4.591427328159877752e-01
4.591427328159877752e-01
4.600819397014262457e-01
4.600819397014262457e-01
4.600819397014262457e-01
4.600819397014262457e-01
4.606097741205301688e-01
4.606097741205301688e-01
4.606097741205301688e-01
4.606097741205301688e-01
4.606097741205301688e-01
4.606097741205301688e-01
4.606097741205301688e-01
4.588820276561795253e-01
4.615579884669241961e-01
4.615579884669241961e-01
4.615579884669241961e-01
4.615579884669241961e-01
4.615579884669241961e-01
4.615579884669241961e-01
4.615579884669241961e-01
4.615579884669241961e-01
4.615579884669241961e-01
4.615579884669241961e-01
4.615579884669241961e-01
4.615579884669241961e-01
4.615579884669241961e-01
4.615579884669241961e-01
4.615579884669241961e-01
4.616502599019438047e-01
4.616502599019438047e-01
4.616502599019438047e-01
4.594586363715297828e-01
4.594586363715297828e-01
4.594586363715297828e-01
4.577435166391847776e-01
4.594756869351970807e-01
4.594756869351970807e-01
4.594756869351970807e-01
4.594756869351970807e-01
4.594756869351970807e-01
4.578023148728122549e-01
4.578023148728122549e-01
4.569218648524434045e-01
4.569218648524434045e-01
4.569218648524434045e-01
4.569218648524434045e-01
4.569218648524434045e-01
4.569218648524434045e-01
4.577533003290506497e-01
4.577533003290506497e-01
4.577533003290506497e-01
4.571599778762721611e-01
4.582154399692986435e-01
4.582154399692986435e-01
4.614597937677873407e-01
4.618707637974970859e-01
4.637590294010057179e-01
4.637590294010057179e-01
4.637590294010057179e-01
4.637590294010057179e-01
4.637590294010057179e-01
4.637590294010057179e-01
4.637590294010057179e-01
4.637590294010057179e-01
4.613773459766453144e-01
4.613773459766453144e-01
4.613773459766453144e-01
4.613773459766453144e-01
4.613773459766453144e-01
4.600190646885971013e-01
4.600190646885971013e-01
4.600190646885971013e-01
4.600190646885971013e-01
4.600190646885971013e-01
4.579804508207034330e-01
4.550618156580459317e-01
4.550618156580459317e-01
4.537782965913276789e-01
4.535674539696363250e-01
4.535674539696363250e-01
4.535674539696363250e-01
4.503334910583089434e-01
4.462702772621602865e-01
4.462702772621602865e-01
4.429518721975346796e-01
4.434438795071546369e-01
4.427215651001237262e-01
4.409374736119205940e-01
4.409374736119205940e-01
4.409374736119205940e-01
4.409374736119205940e-01
4.362438065127685616e-01
4.362438065127685616e-01
4.362438065127685616e-01
4.362438065127685616e-01
4.362438065127685616e-01
4.362438065127685616e-01
4.362438065127685616e-01
4.329753122248765629e-01
4.329753122248765629e-01
4.313916930547425643e-01
4.313916930547425643e-01
4.313916930547425643e-01
4.313916930547425643e-01
4.313916930547425643e-01
4.313916930547425643e-01
4.313916930547425643e-01
4.313916930547425643e-01
4.313916930547425643e-01
4.313916930547425643e-01
4.313916930547425643e-01
4.313916930547425643e-01
4.313916930547425643e-01
4.313916930547425643e-01
4.302129209534036880e-01
4.261309371575593419e-01
4.261309371575593419e-01
4.261309371575593419e-01
4.261309371575593419e-01
4.257743172608970394e-01
4.257743172608970394e-01
4.257743172608970394e-01
4.257743172608970394e-01
4.257743172608970394e-01
4.257743172608970394e-01
4.257743172608970394e-01
4.257743172608970394e-01
4.241352113327020446e-01
4.241352113327020446e-01
4.241352113327020446e-01
4.233640598239284403e-01
4.233640598239284403e-01
4.216954217072178546e-01
4.216954217072178546e-01
4.216954217072178546e-01
4.256982305682617818e-01
4.256982305682617818e-01
4.256059591332422287e-01
4.256059591332422287e-01
4.243432100248762384e-01
4.243432100248762384e-01
4.216672492141315121e-01
4.216672492141315121e-01
4.233949956784822111e-01
4.233949956784822111e-01
4.233949956784822111e-01
4.233949956784822111e-01
4.233949956784822111e-01
4.233949956784822111e-01
4.233949956784822111e-01
4.233949956784822111e-01
4.233949956784822111e-01
4.233949956784822111e-01
4.233949956784822111e-01
4.233949956784822111e-01
4.233949956784822111e-01
4.233949956784822111e-01
4.233949956784822111e-01
4.233949956784822111e-01
4.233949956784822111e-01
4.233949956784822111e-01
4.273003321415952405e-01
4.273003321415952405e-01
4.273003321415952405e-01
4.273003321415952405e-01
4.273003321415952405e-01
4.273003321415952405e-01
4.273003321415952405e-01
4.273003321415952405e-01
4.273003321415952405e-01
4.273003321415952405e-01
4.237189232120254223e-01
4.253802710088060990e-01
4.253802710088060990e-01
4.253802710088060990e-01
4.253802710088060990e-01
4.253802710088060990e-01
4.250058430356453143e-01
4.239503809426187209e-01
4.231070435754368808e-01
4.249875787293776463e-01
4.249875787293776463e-01
4.243179536248752881e-01
4.243179536248752881e-01
4.243179536248752881e-01
4.243179536248752881e-01
4.261744628042123395e-01
4.261744628042123395e-01
4.261744628042123395e-01
4.261744628042123395e-01
4.252550116288067450e-01
4.279436171440362258e-01
4.279436171440362258e-01
4.259149570350362346e-01
4.259149570350362346e-01
4.259149570350362346e-01
4.306086241341882670e-01
4.306086241341882670e-01
4.306086241341882670e-01
4.306086241341882670e-01
4.306086241341882670e-01
4.306086241341882670e-01
4.306086241341882670e-01
4.306086241341882670e-01
4.346718379303370350e-01
4.346718379303370350e-01
4.346718379303370350e-01
4.367104517982306477e-01
4.367104517982306477e-01
4.367104517982306477e-01
4.367104517982306477e-01
4.404363991871383943e-01
4.404363991871383943e-01
4.404363991871383943e-01
4.404363991871383943e-01
4.404363991871383943e-01
4.404363991871383943e-01
4.404363991871383943e-01
4.372541832727694366e-01
4.383971671718074892e-01
4.383971671718074892e-01
4.383971671718074892e-01
4.383971671718074892e-01
4.383971671718074892e-01
4.383971671718074892e-01
4.417155722364330406e-01
4.417155722364330406e-01
4.417155722364330406e-01
4.473811752024113852e-01
4.473811752024113852e-01
4.473811752024113852e-01
4.473811752024113852e-01
4.473811752024113852e-01
4.473811752024113852e-01
4.473811752024113852e-01
4.473811752024113852e-01
4.473811752024113852e-01
4.473811752024113852e-01
4.473811752024113852e-01
4.475190785448798780e-01
4.475190785448798780e-01
4.475190785448798780e-01
4.476113499798994311e-01
4.476113499798994311e-01
4.476113499798994311e-01
4.476113499798994311e-01
4.483825014886730909e-01
4.483825014886730909e-01
4.475510660120658457e-01
4.475510660120658457e-01
4.524164245350533742e-01
4.524164245350533742e-01
4.524164245350533742e-01
4.524164245350533742e-01
4.524164245350533742e-01
4.524164245350533742e-01
4.524164245350533742e-01
4.524164245350533742e-01
4.524164245350533742e-01
4.524164245350533742e-01
4.524164245350533742e-01
4.524164245350533742e-01
4.536791736434194200e-01
4.536791736434194200e-01
4.536791736434194200e-01
4.536791736434194200e-01
4.536791736434194200e-01
4.536791736434194200e-01
4.536791736434194200e-01
4.536791736434194200e-01
4.536791736434194200e-01
4.536791736434194200e-01
4.536791736434194200e-01
4.536791736434194200e-01
4.536791736434194200e-01
4.536791736434194200e-01
4.536791736434194200e-01
