0.000000000000000000e+00
5.211383411378608249e-02
5.201833962081111457e-02
5.203191385618366471e-02
5.220739645387343503e-02
5.212652318403140222e-02
5.282459681651516942e-02
5.276514238470623314e-02
5.223696604773403473e-02
5.137161170880941846e-02
5.114685506327071307e-02
5.198296179691999641e-02
5.156800932100415874e-02
5.156800932100415874e-02
5.160799817653713428e-02
5.097307043325906978e-02
5.090562028935424060e-02
5.242641662428749322e-02
5.320554782223483464e-02
5.319817000132412432e-02
5.331736913754961393e-02
5.282687954781079692e-02
5.262983973839289314e-02
5.109830667171604696e-02
4.890457611108294661e-02
4.867973992620262119e-02
4.860049124577649898e-02
4.823837393587569050e-02
4.823837393587569050e-02
4.823837393587569050e-02
4.823837393587569050e-02
4.825550899426131468e-02
4.809223932059350504e-02
4.810238519401911078e-02
4.809508293602515749e-02
4.905704910387451850e-02
4.905704910387451850e-02
4.657270231914922148e-02
4.657270231914922148e-02
4.653018071003043460e-02
4.690524832217176504e-02
4.690524832217176504e-02
4.690524832217176504e-02
4.690524832217176504e-02
4.679860612615378140e-02
4.689873239700059065e-02
4.689873239700059065e-02
4.689873239700059065e-02
4.689873239700059065e-02
4.689877706326221057e-02
4.689877706326221057e-02
4.689877706326221057e-02
4.689877706326221057e-02
4.686202494003563479e-02
4.686202494003563479e-02
4.686202494003563479e-02
4.686202494003563479e-02
4.686202494003563479e-02
4.686202494003563479e-02
4.686202494003563479e-02
4.686202494003563479e-02
4.664593912744757070e-02
4.664593912744757070e-02
4.664593912744757070e-02
4.640673437716156396e-02
4.632672706016049274e-02
4.632672706016049274e-02
4.620230662545896788e-02
4.620230662545896788e-02
4.620230662545896788e-02
4.628343316891203596e-02
4.628343316891203596e-02
4.628343316891203596e-02
4.628343316891203596e-02
4.628343316891203596e-02
4.628343316891203596e-02
4.628343316891203596e-02
4.628343316891203596e-02
4.628343316891203596e-02
4.628343316891203596e-02
4.628335564765197890e-02
4.628335564765197890e-02
4.628335564765197890e-02
4.628335564765197890e-02
4.628335564765197890e-02
4.626632732904015916e-02
4.626632732904015916e-02
4.626632732904015916e-02
4.626632732904015916e-02
4.626632732904015916e-02
4.626632732904015916e-02
4.626632732904015916e-02
4.626632732904015916e-02
4.626632732904015916e-02
4.626632732904015916e-02
4.626632732904015916e-02
4.626632732904015916e-02
4.626632732904015916e-02
4.638304104168800707e-02
4.483712385525517180e-02
4.483712385525517180e-02
4.483712385525517180e-02
4.483712385525517180e-02
4.475996179845089656e-02
4.475996179845089656e-02
4.475996179845089656e-02
4.475996179845089656e-02
4.475996179845089656e-02
4.475996179845089656e-02
4.254909199259512137e-02
4.250570154944372653e-02
4.346537307851311427e-02
4.564862542964970987e-02
4.613359720904663258e-02
4.613359720904663258e-02
4.824248867532238139e-02
4.791714643739467677e-02
4.820345811362184568e-02
4.792968964499436796e-02
4.748644687689188709e-02
4.776155059780115564e-02
5.241447007296004545e-02
4.977712041281578959e-02
4.912225798706532781e-02
5.222658460061029712e-02
5.359579152703483618e-02
5.614197955141373569e-02
5.573422562685900750e-02
5.417256418398611051e-02
5.238586658471119234e-02
5.204960339111724954e-02
5.244977352960430994e-02
5.336446495165985543e-02
5.409603024640798757e-02
5.467457638404463888e-02
5.592658156973761424e-02
5.658325330572982342e-02
5.769329576412510902e-02
5.847432592316062494e-02
5.991192550825653190e-02
5.888424746227299833e-02
6.084445940564912197e-02
6.398821657217999836e-02
6.266677739721306095e-02
6.287886701688359670e-02
6.139163303124598597e-02
5.996758755204723013e-02
6.017984323728033796e-02
5.978221723646539448e-02
6.023639153282006609e-02
6.114229314673836485e-02
6.259939093209687666e-02
6.204892287316957772e-02
6.204892287316957772e-02
6.145126223771876089e-02
6.102796598939894818e-02
6.074490550087294910e-02
6.350560845711618330e-02
6.374981112213058687e-02
6.146703285532009037e-02
6.155312539606011546e-02
6.323107736326653849e-02
6.302162019778588531e-02
6.333193210843186816e-02
6.270185340241581085e-02
6.295594742247037634e-02
6.325395158890589897e-02
6.353457439915656535e-02
6.358046682894692714e-02
6.345137188914874715e-02
6.373130857318522191e-02
6.368855952668615872e-02
6.508027957847713207e-02
6.510302816365770573e-02
6.510302816365770573e-02
6.491068202075643556e-02
6.469993406728012653e-02
6.466280718997388655e-02
6.455594728865372833e-02
6.462722517528605992e-02
6.462722517528605992e-02
6.462722517528605992e-02
6.474032350697099536e-02
6.478212704299667057e-02
6.443298903131663979e-02
6.495970592694537415e-02
6.495970592694537415e-02
6.485934699624672228e-02
6.493455084509838771e-02
6.500003412643466649e-02
6.497124396400798252e-02
6.497124396400798252e-02
6.479970482964252099e-02
6.479970482964252099e-02
6.479970482964252099e-02
6.479970482964252099e-02
6.479970482964252099e-02
6.479970482964252099e-02
6.461152957692452292e-02
6.497153383725755293e-02
6.408060460221876031e-02
6.420152782627752686e-02
6.419420669442964245e-02
6.419420669442964245e-02
6.418136540735909501e-02
6.418136540735909501e-02
6.418136540735909501e-02
6.418136540735909501e-02
6.735346377353103320e-02
6.735346377353103320e-02
6.735346377353103320e-02
6.735346377353103320e-02
6.735346377353103320e-02
6.735346377353103320e-02
6.733847390966953006e-02
6.733847390966953006e-02
6.733847390966953006e-02
6.702762122928181132e-02
6.702762122928181132e-02
6.699784923702652162e-02
6.699784923702652162e-02
6.727009611239144482e-02
6.711394473159587593e-02
6.509813353202877073e-02
6.509813353202877073e-02
6.511097295949654085e-02
6.519656486627088687e-02
6.297370296328301531e-02
6.297370296328301531e-02
6.297370296328301531e-02
6.375035210811348663e-02
6.375035210811348663e-02
6.356481219780758807e-02
6.372517080082952534e-02
6.179252136420290004e-02
6.024094991216666362e-02
6.024094991216666362e-02
6.024094991216666362e-02
6.008153987300433180e-02
6.115390622673357729e-02
5.818070204966844378e-02
5.757838080977813883e-02
5.707532227430189148e-02
5.499856988608666647e-02
5.801753851169760140e-02
5.801753851169760140e-02
5.754806255172890267e-02
5.771591690417091081e-02
5.547788365780950692e-02
5.545674277385393564e-02
5.553831568049154982e-02
5.553831568049154982e-02
5.557805026379007002e-02
5.497998119437120385e-02
5.502576185811187265e-02
5.805992446766405218e-02
6.093546670615981181e-02
6.079445737332427740e-02
6.037695144563296618e-02
6.039346929144929349e-02
6.005359896529677971e-02
6.005230707096628068e-02
5.945722946120002989e-02
5.963118731667036571e-02
5.963118731667036571e-02
6.045611107545529467e-02
6.072347374226269578e-02
5.864148094747697465e-02
5.533047091311053128e-02
5.533047091311053128e-02
5.533047091311053128e-02
5.548287234042078436e-02
5.548287234042078436e-02
5.314259726383668142e-02
5.314259726383668142e-02
5.219728192197786720e-02
5.078116746968248246e-02
5.084322254589204032e-02
5.084322254589204032e-02
5.196490910607496488e-02
5.196490910607496488e-02
5.019240348353282144e-02
5.019240348353282144e-02
5.032010705620174051e-02
5.032010705620174051e-02
4.975342720291869858e-02
5.077583355568588558e-02
5.077583355568588558e-02
5.160906960812345484e-02
5.195760427599274700e-02
5.198508568907572042e-02
5.291585377299735243e-02
5.294759174091112630e-02
5.294759174091112630e-02
5.270592953850314344e-02
5.327553205828008953e-02
5.327553205828008953e-02
5.364569944017458236e-02
5.373406756321658095e-02
5.389492796790593121e-02
5.463557043678059916e-02
5.460336101335933751e-02
5.464370533812801939e-02
5.471354718041564896e-02
5.439654357678843505e-02
5.512443676277093557e-02
5.505072802282182098e-02
5.494065163534786467e-02
5.494065163534786467e-02
5.494065163534786467e-02
5.484292536244980004e-02
5.509655576607207922e-02
5.395958325307317893e-02
5.395958325307317893e-02
5.306566717285682994e-02
5.310486514407397607e-02
5.244255133819652331e-02
5.149229930377444142e-02
5.244879934635306856e-02
5.244879934635306856e-02
5.244879934635306856e-02
5.234901138276704807e-02
5.192574913158071875e-02
5.192574913158071875e-02
5.192574913158071875e-02
5.192574913158071875e-02
5.165374745535392109e-02
5.165374745535392109e-02
5.165374745535392109e-02
5.176461774653579040e-02
5.136744676839208323e-02
5.242965498655402512e-02
5.232778975336150468e-02
5.463179827757445178e-02
5.463179827757445178e-02
5.392341237590977249e-02
5.385219870137899351e-02
5.385219870137899351e-02
5.385219870137899351e-02
5.385219870137899351e-02
5.385219870137899351e-02
5.315549623371292748e-02
5.315549623371292748e-02
5.438486065178247536e-02
5.305693857401572178e-02
5.305693857401572178e-02
5.305693857401572178e-02
5.305693857401572178e-02
5.305693857401572178e-02
5.347398505276813180e-02
5.334165450671905090e-02
5.310143632732226143e-02
5.310143632732226143e-02
5.143012908975530539e-02
5.143012908975530539e-02
5.036986133396199189e-02
5.036986133396199189e-02
5.164279738512526224e-02
5.185733634679390303e-02
5.185733634679390303e-02
5.184135843674054361e-02
5.078324174359851589e-02
5.196381650186914641e-02
5.196381650186914641e-02
5.011159649274040534e-02
5.011159649274040534e-02
5.026605104493315351e-02
5.132752946144866768e-02
5.132752946144866768e-02
5.132752946144866768e-02
5.132752946144866768e-02
5.135425358525818468e-02
5.135425358525818468e-02
5.134499625646948145e-02
5.134499625646948145e-02
5.134499625646948145e-02
5.134499625646948145e-02
5.134714804172726271e-02
5.134714804172726271e-02
5.134714804172726271e-02
5.134714804172726271e-02
5.134714804172726271e-02
5.134714804172726271e-02
5.134714804172726271e-02
5.134714804172726271e-02
5.134714804172726271e-02
5.020155404789258813e-02
5.309435718238530999e-02
5.369159430034759622e-02
5.369159430034759622e-02
5.359487426527826531e-02
5.356537951517506557e-02
5.407682361769537011e-02
5.523767467793525010e-02
5.523767467793525010e-02
5.587697246104297855e-02
5.587697246104297855e-02
5.587697246104297855e-02
5.587697246104297855e-02
5.587697246104297855e-02
5.678703967807483682e-02
5.682324895476321275e-02
5.546794476852598410e-02
5.546794476852598410e-02
5.546794476852598410e-02
5.546794476852598410e-02
5.546794476852598410e-02
5.735928275548313193e-02
5.735928275548313193e-02
5.761373646784088282e-02
5.761373646784088282e-02
5.761373646784088282e-02
5.761373646784088282e-02
5.771409987716744766e-02
5.695293689310704927e-02
5.695293689310704927e-02
5.695293689310704927e-02
5.695293689310704927e-02
5.695293689310704927e-02
5.695293689310704927e-02
5.695293689310704927e-02
5.770457685307926049e-02
5.822151109319411572e-02
5.916616399428942935e-02
5.847231312773883832e-02
5.859694018469710497e-02
5.859694018469710497e-02
5.859694018469710497e-02
5.859694018469710497e-02
5.848404960753811332e-02
5.848404960753811332e-02
5.848404960753811332e-02
5.973681350282183944e-02
5.915408336628119601e-02
5.895261986754122413e-02
5.939939608700157275e-02
5.881513615507746179e-02
5.743370009424588613e-02
5.873421167504058737e-02
5.873421167504058737e-02
5.873421167504058737e-02
5.884667527519103075e-02
5.884667527519103075e-02
5.788036868854723460e-02
5.612032812189973047e-02
5.612032812189973047e-02
5.612032812189973047e-02
5.847732455942514229e-02
5.857123863185963869e-02
5.857123863185963869e-02
5.857123863185963869e-02
5.857123863185963869e-02
5.688879409785871366e-02
5.688879409785871366e-02
5.686919473210599874e-02
5.705576853762649864e-02
5.705576853762649864e-02
5.705576853762649864e-02
5.630562473550995706e-02
5.595065116000089850e-02
5.595065116000089850e-02
5.595065116000089850e-02
5.494601142007027317e-02
5.494601142007027317e-02
5.541290729500875784e-02
5.553851142041781735e-02
5.450249870216911791e-02
5.450249870216911791e-02
5.517933845100952278e-02
5.517933845100952278e-02
5.517933845100952278e-02
5.586080653213957442e-02
5.586080653213957442e-02
5.719911271867386682e-02
5.719911271867386682e-02
5.713133777662265239e-02
5.713133777662265239e-02
5.713133777662265239e-02
5.807394556436881738e-02
5.767109336006667752e-02
5.767109336006667752e-02
5.746069094852222087e-02
5.746069094852222087e-02
5.746069094852222087e-02
5.968304950170427725e-02
6.012947392439575017e-02
6.271736999193240625e-02
6.271736999193240625e-02
6.271736999193240625e-02
6.293661349969685570e-02
6.362045164071909731e-02
6.362045164071909731e-02
6.368059578472522186e-02
6.361141925396916752e-02
6.361141925396916752e-02
6.061471260246989456e-02
6.061471260246989456e-02
6.061471260246989456e-02
6.061471260246989456e-02
6.061471260246989456e-02
6.061471260246989456e-02
6.061471260246989456e-02
6.061471260246989456e-02
6.061471260246989456e-02
6.107344165925293611e-02
6.108204771842168368e-02
6.108204771842168368e-02
6.108204771842168368e-02
6.108204771842168368e-02
6.108204771842168368e-02
6.108204771842168368e-02
6.108204771842168368e-02
6.114329991685479165e-02
6.114329991685479165e-02
6.114329991685479165e-02
6.114329991685479165e-02
6.114329991685479165e-02
6.114329991685479165e-02
6.114329991685479165e-02
5.973867776454206552e-02
5.921002616568740717e-02
5.916396395602118580e-02
5.916396395602118580e-02
5.889834490710346704e-02
5.889834490710346704e-02
5.889834490710346704e-02
5.889834490710346704e-02
5.889834490710346704e-02
5.889834490710346704e-02
5.889834490710346704e-02
5.889834490710346704e-02
5.889834490710346704e-02
5.889834490710346704e-02
5.889834490710346704e-02
5.889631942109273960e-02
5.889631942109273960e-02
5.889631942109273960e-02
5.889631942109273960e-02
5.889631942109273960e-02
5.889631942109273960e-02
5.889631942109273960e-02
5.887502550668164553e-02
6.175959183511280787e-02
6.175959183511280787e-02
6.207590138657528150e-02
6.207590138657528150e-02
6.207590138657528150e-02
6.207590138657528150e-02
6.267024115055019884e-02
6.223715473939054471e-02
6.258831941789293196e-02
6.258831941789293196e-02
6.369956828731859755e-02
6.369956828731859755e-02
6.422881939082451808e-02
6.445445742671024325e-02
6.445445742671024325e-02
6.445445742671024325e-02
6.459260822691902104e-02
6.459260822691902104e-02
6.459260822691902104e-02
6.459260822691902104e-02
6.459260822691902104e-02
6.459260822691902104e-02
6.459260822691902104e-02
6.459260822691902104e-02
6.446198494813977498e-02
6.446198494813977498e-02
6.506018533791851910e-02
6.506018533791851910e-02
6.475228423080256479e-02
6.500747903044368226e-02
6.500747903044368226e-02
6.500747903044368226e-02
6.546553864104520670e-02
6.546553864104520670e-02
6.723151333749330383e-02
6.723151333749330383e-02
6.741930178442349930e-02
6.686245535164804521e-02
6.483252700198736951e-02
6.483252700198736951e-02
6.483252700198736951e-02
6.483252700198736951e-02
6.483252700198736951e-02
6.672417942848374306e-02
6.672417942848374306e-02
6.672417942848374306e-02
6.672417942848374306e-02
6.619708000560571570e-02
6.643383402155596251e-02
6.590534506201894960e-02
6.570863375269543616e-02
6.632413868804672152e-02
6.632413868804672152e-02
6.632413868804672152e-02
6.632413868804672152e-02
6.660947423060030459e-02
6.691635462469520956e-02
6.759146559249866459e-02
6.734123988941408123e-02
6.731123616929637898e-02
6.731123616929637898e-02
6.731123616929637898e-02
6.731123616929637898e-02
6.731123616929637898e-02
6.753197479485568977e-02
6.753197479485568977e-02
6.600033751780857993e-02
6.732212303583696988e-02
6.732212303583696988e-02
6.732212303583696988e-02
6.732212303583696988e-02
6.710080564330056507e-02
6.684699258356613383e-02
6.684699258356613383e-02
6.684699258356613383e-02
6.645244241218534187e-02
6.643345609634294935e-02
6.643345609634294935e-02
6.643345609634294935e-02
6.643345609634294935e-02
6.611059514752599953e-02
6.611059514752599953e-02
6.611059514752599953e-02
6.611059514752599953e-02
6.611059514752599953e-02
6.669862201588759587e-02
6.669862201588759587e-02
6.669862201588759587e-02
6.687448077471676300e-02
6.687448077471676300e-02
6.665736831971129372e-02
6.699772046112219270e-02
6.699772046112219270e-02
6.699772046112219270e-02
6.699772046112219270e-02
6.699772046112219270e-02
6.699772046112219270e-02
6.699050016680126174e-02
6.699050016680126174e-02
6.699050016680126174e-02
6.699050016680126174e-02
6.921480727222829865e-02
6.719465181464208403e-02
6.719465181464208403e-02
6.699719356998136421e-02
6.701187314018580699e-02
6.701187314018580699e-02
6.701187314018580699e-02
6.701187314018580699e-02
6.701187314018580699e-02
6.755383000197064114e-02
6.757661280400091564e-02
6.757661280400091564e-02
6.757661280400091564e-02
6.757661280400091564e-02
6.757661280400091564e-02
6.839250082151134003e-02
6.839250082151134003e-02
6.839250082151134003e-02
6.839250082151134003e-02
6.839250082151134003e-02
6.839250082151134003e-02
6.839250082151134003e-02
6.839250082151134003e-02
6.839250082151134003e-02
6.839250082151134003e-02
6.839250082151134003e-02
6.849899852560294156e-02
6.860613023587652792e-02
6.860613023587652792e-02
6.860613023587652792e-02
6.860613023587652792e-02
6.860613023587652792e-02
6.860613023587652792e-02
6.860613023587652792e-02
6.860613023587652792e-02
6.860613023587652792e-02
6.860613023587652792e-02
6.860613023587652792e-02
6.863520640547142448e-02
6.795035804877642971e-02
6.795035804877642971e-02
6.795035804877642971e-02
6.933289103292512856e-02
6.933289103292512856e-02
6.825839085579001042e-02
6.822434365406598866e-02
6.822434365406598866e-02
6.909589818608739831e-02
6.909589818608739831e-02
6.909589818608739831e-02
6.840871685945959513e-02
6.840871685945959513e-02
6.821951155828999414e-02
6.800332134526025640e-02
6.809053605163130352e-02
6.809053605163130352e-02
6.540342323286119086e-02
6.540342323286119086e-02
6.540342323286119086e-02
6.595227387275851005e-02
6.408560146132005753e-02
6.408560146132005753e-02
6.408560146132005753e-02
6.408560146132005753e-02
6.408560146132005753e-02
6.408560146132005753e-02
6.408560146132005753e-02
6.408560146132005753e-02
6.162710886462710591e-02
6.162710886462710591e-02
6.162710886462710591e-02
6.162710886462710591e-02
6.091454452810068920e-02
6.091454452810068920e-02
6.091454452810068920e-02
6.091454452810068920e-02
6.091454452810068920e-02
6.177095140511842941e-02
6.019607186720119657e-02
6.019607186720119657e-02
6.019607186720119657e-02
6.019607186720119657e-02
6.027328676219235321e-02
6.027328676219235321e-02
5.990810694910660844e-02
5.990810694910660844e-02
6.096728567064661070e-02
6.097712278874742320e-02
6.097712278874742320e-02
6.097712278874742320e-02
6.097712278874742320e-02
6.097712278874742320e-02
6.097712278874742320e-02
6.051650326534797203e-02
6.051650326534797203e-02
6.051650326534797203e-02
6.051650326534797203e-02
6.051650326534797203e-02
6.051650326534797203e-02
6.073533673422223250e-02
6.073533673422223250e-02
6.073533673422223250e-02
6.073533673422223250e-02
6.078245072377130853e-02
6.203049122590975628e-02
6.203049122590975628e-02
6.082297319247242928e-02
6.075734066987509285e-02
6.018072966178721755e-02
6.018072966178721755e-02
5.983351027449460707e-02
5.983351027449460707e-02
5.983351027449460707e-02
5.983351027449460707e-02
5.983351027449460707e-02
5.983351027449460707e-02
6.010477867280326209e-02
6.010477867280326209e-02
6.040557986120006356e-02
5.828505663957522787e-02
5.828505663957522787e-02
5.853463275676946270e-02
5.853463275676946270e-02
5.853463275676946270e-02
5.853463275676946270e-02
5.853463275676946270e-02
5.853463275676946270e-02
5.853463275676946270e-02
5.853463275676946270e-02
5.853463275676946270e-02
5.859824265663631654e-02
5.762598164460381450e-02
5.762598164460381450e-02
5.762598164460381450e-02
5.762598164460381450e-02
5.762598164460381450e-02
5.762598164460381450e-02
5.762598164460381450e-02
5.762598164460381450e-02
5.581696792254656897e-02
5.581696792254656897e-02
5.581696792254656897e-02
5.571519421216687001e-02
5.575104928785106634e-02
5.441940736104938781e-02
5.441940736104938781e-02
5.441940736104938781e-02
5.462587837645718758e-02
5.462587837645718758e-02
5.510804850962962992e-02
5.511334918280169637e-02
5.552952893345165092e-02
5.552952893345165092e-02
5.552952893345165092e-02
5.552952893345165092e-02
5.552952893345165092e-02
5.552952893345165092e-02
5.552952893345165092e-02
5.552952893345165092e-02
5.552952893345165092e-02
5.552952893345165092e-02
5.552952893345165092e-02
5.552952893345165092e-02
5.552952893345165092e-02
5.552952893345165092e-02
5.552952893345165092e-02
5.577893770121131883e-02
5.577893770121131883e-02
5.577893770121131883e-02
5.577893770121131883e-02
5.577893770121131883e-02
5.584142674819655983e-02
5.569586269729077249e-02
5.552821559596007872e-02
5.469791464157407884e-02
5.469791464157407884e-02
5.469791464157407884e-02
5.469791464157407884e-02
5.469791464157407884e-02
5.469791464157407884e-02
5.535102608861769413e-02
5.535102608861769413e-02
5.535102608861769413e-02
5.535102608861769413e-02
5.535102608861769413e-02
5.535102608861769413e-02
5.535102608861769413e-02
5.535102608861769413e-02
5.633112504197295561e-02
5.761234253266101640e-02
5.761234253266101640e-02
5.761234253266101640e-02
5.761234253266101640e-02
5.761234253266101640e-02
5.761234253266101640e-02
5.730747925837451073e-02
5.730747925837451073e-02
5.831069214513610183e-02
5.831069214513610183e-02
5.831069214513610183e-02
5.831069214513610183e-02
5.831069214513610183e-02
5.831069214513610183e-02
5.823822876704485424e-02
5.823822876704485424e-02
5.823822876704485424e-02
5.823822876704485424e-02
5.823822876704485424e-02
5.823822876704485424e-02
5.823822876704485424e-02
5.823822876704485424e-02
5.823822876704485424e-02
5.823822876704485424e-02
5.823822876704485424e-02
5.876584620016851029e-02
5.876584620016851029e-02
5.876584620016851029e-02
5.876584620016851029e-02
5.876584620016851029e-02
5.876584620016851029e-02
5.876584620016851029e-02
5.876584620016851029e-02
5.876584620016851029e-02
5.921095090710268988e-02
5.921095090710268988e-02
5.921095090710268988e-02
5.921095090710268988e-02
5.983680703797501083e-02
5.915765392215197732e-02
6.069921504258857237e-02
6.147462627460717477e-02
6.147462627460717477e-02
5.858202532278636299e-02
5.911348945943517563e-02
5.821912963758077431e-02
5.990968012953840072e-02
5.990968012953840072e-02
5.990968012953840072e-02
5.990968012953840072e-02
5.990968012953840072e-02
5.990968012953840072e-02
5.951696890275042645e-02
5.951696890275042645e-02
5.951696890275042645e-02
5.951696890275042645e-02
5.951696890275042645e-02
6.018644327276358869e-02
6.188438963829277079e-02
6.127476211943266859e-02
6.127476211943266859e-02
6.127476211943266859e-02
6.127476211943266859e-02
6.127476211943266859e-02
6.165553633091557656e-02
6.165553633091557656e-02
6.405773857487992440e-02
6.296328920951578534e-02
6.296328920951578534e-02
6.296328920951578534e-02
6.296328920951578534e-02
6.281145581823736890e-02
6.281145581823736890e-02
6.281145581823736890e-02
6.281145581823736890e-02
6.281145581823736890e-02
6.281145581823736890e-02
6.281145581823736890e-02
6.281145581823736890e-02
6.281145581823736890e-02
6.554779441440453103e-02
6.554779441440453103e-02
6.571324820605499439e-02
6.571324820605499439e-02
6.579036687704087338e-02
6.579036687704087338e-02
6.496553888772102492e-02
6.512731928280773852e-02
6.479884867132700010e-02
6.477277699782414688e-02
6.477277699782414688e-02
6.477277699782414688e-02
6.291692525219232113e-02
6.291692525219232113e-02
6.211110799119679005e-02
6.211110799119679005e-02
6.277808866491238482e-02
6.277808866491238482e-02
6.186685263480831698e-02
6.186685263480831698e-02
6.186685263480831698e-02
6.186685263480831698e-02
6.186685263480831698e-02
6.186685263480831698e-02
6.186685263480831698e-02
6.112618012776082493e-02
6.112618012776082493e-02
6.112618012776082493e-02
6.112618012776082493e-02
6.112618012776082493e-02
6.112618012776082493e-02
6.112618012776082493e-02
6.112618012776082493e-02
6.161462107231834712e-02
6.161462107231834712e-02
6.092667500751781234e-02
6.092667500751781234e-02
5.941697515338568297e-02
5.941697515338568297e-02
5.941697515338568297e-02
5.941697515338568297e-02
5.941697515338568297e-02
5.941697515338568297e-02
5.941697515338568297e-02
5.941697515338568297e-02
6.178237228238919049e-02
6.178237228238919049e-02
6.196303219591986489e-02
6.202104179748480633e-02
6.202104179748480633e-02
6.251142419468937172e-02
6.251142419468937172e-02
6.251142419468937172e-02
6.268708649202330008e-02
6.268708649202330008e-02
6.268708649202330008e-02
6.268708649202330008e-02
6.268708649202330008e-02
6.268708649202330008e-02
6.268708649202330008e-02
6.272465226420696760e-02
6.272465226420696760e-02
6.301274739124522462e-02
6.301274739124522462e-02
6.301274739124522462e-02
6.301274739124522462e-02
6.279463452989665628e-02
6.279463452989665628e-02
6.279463452989665628e-02
6.279463452989665628e-02
6.279463452989665628e-02
6.279463452989665628e-02
6.279463452989665628e-02
6.227433648967392599e-02
6.309849543444719100e-02
6.309849543444719100e-02
6.309849543444719100e-02
6.309849543444719100e-02
6.309849543444719100e-02
6.309849543444719100e-02
6.309849543444719100e-02
6.309849543444719100e-02
6.309849543444719100e-02
6.309849543444719100e-02
6.309849543444719100e-02
6.309849543444719100e-02
6.309849543444719100e-02
6.309849543444719100e-02
6.309849543444719100e-02
6.312945979221550041e-02
6.312945979221550041e-02
6.312945979221550041e-02
6.299360378149930495e-02
6.299360378149930495e-02
6.299360378149930495e-02
6.287892901473036977e-02
6.219903733740724666e-02
6.219903733740724666e-02
6.219903733740724666e-02
6.219903733740724666e-02
6.219903733740724666e-02
6.165761381647075906e-02
6.165761381647075906e-02
6.162115053149933019e-02
6.162115053149933019e-02
6.162115053149933019e-02
6.162115053149933019e-02
6.162115053149933019e-02
6.162115053149933019e-02
6.133144059622921973e-02
6.133144059622921973e-02
6.133144059622921973e-02
6.150449952949234994e-02
6.157210570988332771e-02
6.157210570988332771e-02
6.265738881247952252e-02
6.253607769497861180e-02
6.188183813666928851e-02
6.188183813666928851e-02
6.188183813666928851e-02
6.188183813666928851e-02
6.188183813666928851e-02
6.188183813666928851e-02
6.188183813666928851e-02
6.188183813666928851e-02
6.178242314028503657e-02
6.178242314028503657e-02
6.178242314028503657e-02
6.178242314028503657e-02
6.178242314028503657e-02
6.156521204647097401e-02
6.156521204647097401e-02
6.156521204647097401e-02
6.156521204647097401e-02
6.156521204647097401e-02
6.155894625853249730e-02
6.053952842568308124e-02
6.053952842568308124e-02
6.105773579993331590e-02
6.098177306309133378e-02
6.098177306309133378e-02
6.098177306309133378e-02
6.235948296086182840e-02
6.379117686133743692e-02
6.379117686133743692e-02
6.268828361002028171e-02
6.284194894668004849e-02
6.280003296314963512e-02
6.358909626680571414e-02
6.358909626680571414e-02
6.358909626680571414e-02
6.358909626680571414e-02
6.548182631279850230e-02
6.548182631279850230e-02
6.548182631279850230e-02
6.548182631279850230e-02
6.548182631279850230e-02
6.548182631279850230e-02
6.548182631279850230e-02
6.711871048490801461e-02
6.711871048490801461e-02
6.703464765942128423e-02
6.703464765942128423e-02
6.703464765942128423e-02
6.703464765942128423e-02
6.703464765942128423e-02
6.703464765942128423e-02
6.703464765942128423e-02
6.703464765942128423e-02
6.703464765942128423e-02
6.703464765942128423e-02
6.703464765942128423e-02
6.703464765942128423e-02
6.703464765942128423e-02
6.703464765942128423e-02
6.699634578973738541e-02
6.878544232832327354e-02
6.878544232832327354e-02
6.878544232832327354e-02
6.878544232832327354e-02
6.849729036363179369e-02
6.849729036363179369e-02
6.849729036363179369e-02
6.849729036363179369e-02
6.849729036363179369e-02
6.849729036363179369e-02
6.849729036363179369e-02
6.849729036363179369e-02
6.798780422621301944e-02
6.798780422621301944e-02
6.798780422621301944e-02
6.795553462269164624e-02
6.795553462269164624e-02
6.747154254570472687e-02
6.747154254570472687e-02
6.747154254570472687e-02
6.869497081197274702e-02
6.869497081197274702e-02
6.866574892640038563e-02
6.866574892640038563e-02
6.897506239809921003e-02
6.897506239809921003e-02
6.813104329364018386e-02
6.813104329364018386e-02
6.866523005839512972e-02
6.866523005839512972e-02
6.866523005839512972e-02
6.866523005839512972e-02
6.866523005839512972e-02
6.866523005839512972e-02
6.866523005839512972e-02
6.866523005839512972e-02
6.866523005839512972e-02
6.866523005839512972e-02
6.866523005839512972e-02
6.866523005839512972e-02
6.866523005839512972e-02
6.866523005839512972e-02
6.866523005839512972e-02
6.866523005839512972e-02
6.866523005839512972e-02
6.866523005839512972e-02
7.001148753769577404e-02
7.001148753769577404e-02
7.001148753769577404e-02
7.001148753769577404e-02
7.001148753769577404e-02
7.001148753769577404e-02
7.001148753769577404e-02
7.001148753769577404e-02
7.001148753769577404e-02
7.001148753769577404e-02
6.899167392468083526e-02
6.932793882269504271e-02
6.932793882269504271e-02
6.932793882269504271e-02
6.932793882269504271e-02
6.932793882269504271e-02
6.931401639344003662e-02
6.928736955662194441e-02
6.818733488458481040e-02
6.773317616494979598e-02
6.773317616494979598e-02
6.755971709467349651e-02
6.755971709467349651e-02
6.755971709467349651e-02
6.755971709467349651e-02
6.768889998967360377e-02
6.768889998967360377e-02
6.768889998967360377e-02
6.768889998967360377e-02
6.804380810239946120e-02
6.806386674562397987e-02
6.806386674562397987e-02
6.759207835907528328e-02
6.759207835907528328e-02
6.759207835907528328e-02
6.551684774908121678e-02
6.551684774908121678e-02
6.551684774908121678e-02
6.551684774908121678e-02
6.551684774908121678e-02
6.551684774908121678e-02
6.551684774908121678e-02
6.551684774908121678e-02
6.394496545212598193e-02
6.394496545212598193e-02
6.394496545212598193e-02
6.397891530298355223e-02
6.397891530298355223e-02
6.397891530298355223e-02
6.397891530298355223e-02
6.420508919396708536e-02
6.420508919396708536e-02
6.420508919396708536e-02
6.420508919396708536e-02
6.420508919396708536e-02
6.420508919396708536e-02
6.420508919396708536e-02
6.487197642307337975e-02
6.491774300096622707e-02
6.491774300096622707e-02
6.491774300096622707e-02
6.491774300096622707e-02
6.491774300096622707e-02
6.491774300096622707e-02
6.626028736537777075e-02
6.626028736537777075e-02
6.626028736537777075e-02
6.501935605031436416e-02
6.501935605031436416e-02
6.501935605031436416e-02
6.501935605031436416e-02
6.501935605031436416e-02
6.501935605031436416e-02
6.501935605031436416e-02
6.501935605031436416e-02
6.501935605031436416e-02
6.501935605031436416e-02
6.501935605031436416e-02
6.494770714840158998e-02
6.494770714840158998e-02
6.494770714840158998e-02
6.498691585165410067e-02
6.498691585165410067e-02
6.498691585165410067e-02
6.498691585165410067e-02
6.501711557570281907e-02
6.501711557570281907e-02
6.527737547642803451e-02
6.527737547642803451e-02
6.423963143207366000e-02
6.423963143207366000e-02
6.423963143207366000e-02
6.423963143207366000e-02
6.423963143207366000e-02
6.423963143207366000e-02
6.423963143207366000e-02
6.423963143207366000e-02
6.423963143207366000e-02
6.423963143207366000e-02
6.423963143207366000e-02
6.423963143207366000e-02
6.388780790154381661e-02
6.388780790154381661e-02
6.388780790154381661e-02
6.388780790154381661e-02
6.388780790154381661e-02
6.388780790154381661e-02
6.388780790154381661e-02
6.388780790154381661e-02
6.388780790154381661e-02
6.388780790154381661e-02
6.388780790154381661e-02
6.388780790154381661e-02
6.388780790154381661e-02
6.388780790154381661e-02
6.388780790154381661e-02
