1.000000000000000000e+00
1.000000000000000000e+00
1.000000000000000000e+00
1.000000000000000000e+00
9.970460131327014697e-01
9.944714986825615721e-01
9.704428513818114110e-01
9.427642442273787005e-01
9.306333574085740024e-01
9.186068672311152872e-01
9.155964284018747179e-01
9.059305846724363676e-01
9.019242679973605847e-01
8.961709999475473420e-01
8.954779042506317843e-01
8.954581725381013380e-01
8.910421760685015569e-01
8.897352222377111763e-01
8.856626399269867944e-01
8.839742952179441282e-01
8.839742952179441282e-01
8.839742952179441282e-01
8.855728555255101275e-01
8.865904627202342292e-01
8.866007814769086837e-01
8.861316371745476816e-01
8.865894535905090024e-01
8.852112175196347188e-01
8.864139106008803726e-01
8.864007108208892260e-01
8.852573855327608987e-01
8.848732402635544059e-01
8.856039404070784604e-01
8.856039404070784604e-01
8.868345305696970771e-01
8.875131949809016429e-01
8.870437462787448268e-01
8.884660750091991632e-01
8.881854940070149640e-01
8.879281746128022679e-01
8.876292774258682794e-01
8.876292774258682794e-01
8.876292774258682794e-01
8.876292774258682794e-01
8.871836078871758735e-01
8.871836078871758735e-01
8.871836078871758735e-01
8.871836078871758735e-01
8.867879031172717363e-01
8.867879031172717363e-01
8.867879031172717363e-01
8.867879031172717363e-01
8.863365108640470780e-01
8.867685267636822299e-01
8.867685267636822299e-01
8.867685267636822299e-01
8.865619952081420507e-01
8.865619952081420507e-01
8.865619952081420507e-01
8.869368631925054203e-01
8.869368631925054203e-01
8.869368631925054203e-01
8.869368631925054203e-01
8.869368631925054203e-01
8.869368631925054203e-01
8.865455302424016804e-01
8.865455302424016804e-01
8.865455302424016804e-01
8.864534668913897075e-01
8.864534668913897075e-01
8.864534668913897075e-01
8.864534668913897075e-01
8.864534668913897075e-01
8.864534668913897075e-01
8.864534668913897075e-01
8.864534668913897075e-01
8.864534668913897075e-01
8.864534668913897075e-01
8.864534668913897075e-01
8.864534668913897075e-01
8.864534668913897075e-01
8.864534668913897075e-01
8.864534668913897075e-01
8.864534668913897075e-01
8.864534668913897075e-01
8.863255141633086254e-01
8.863255141633086254e-01
8.863255141633086254e-01
8.861940576191943419e-01
8.861940576191943419e-01
8.861940576191943419e-01
8.861940576191943419e-01
8.861940576191943419e-01
8.861940576191943419e-01
8.861940576191943419e-01
8.861940576191943419e-01
8.861940576191943419e-01
8.861940576191943419e-01
8.861940576191943419e-01
8.861940576191943419e-01
8.861940576191943419e-01
8.861940576191943419e-01
8.861940576191943419e-01
8.861940576191943419e-01
8.861940576191943419e-01
8.861940576191943419e-01
8.861940576191943419e-01
8.861940576191943419e-01
8.861940576191943419e-01
8.861064231053744633e-01
8.861064231053744633e-01
8.861064231053744633e-01
8.861064231053744633e-01
8.861064231053744633e-01
8.861064231053744633e-01
8.861064231053744633e-01
8.861064231053744633e-01
8.861064231053744633e-01
8.861064231053744633e-01
8.861064231053744633e-01
8.861064231053744633e-01
8.861064231053744633e-01
8.861064231053744633e-01
8.861064231053744633e-01
8.861064231053744633e-01
8.861064231053744633e-01
8.861064231053744633e-01
8.861064231053744633e-01
8.861064231053744633e-01
8.861064231053744633e-01
8.861064231053744633e-01
8.861064231053744633e-01
8.861064231053744633e-01
8.861064231053744633e-01
8.861064231053744633e-01
8.861064231053744633e-01
8.861064231053744633e-01
8.861064231053744633e-01
8.861064231053744633e-01
8.861064231053744633e-01
8.861064231053744633e-01
8.861064231053744633e-01
8.861064231053744633e-01
8.861064231053744633e-01
8.861064231053744633e-01
8.861064231053744633e-01
8.860258248250409974e-01
8.860258248250409974e-01
8.860258248250409974e-01
8.860258248250409974e-01
8.860258248250409974e-01
8.860258248250409974e-01
8.860258248250409974e-01
8.860258248250409974e-01
8.860258248250409974e-01
8.860258248250409974e-01
8.860258248250409974e-01
8.860258248250409974e-01
8.860258248250409974e-01
8.860258248250409974e-01
8.859550279795648242e-01
8.858842213865141257e-01
8.858842213865141257e-01
8.858842213865141257e-01
8.858842213865141257e-01
8.858842213865141257e-01
8.858842213865141257e-01
8.858842213865141257e-01
8.858842213865141257e-01
8.858842213865141257e-01
8.858842213865141257e-01
8.858842213865141257e-01
8.858842213865141257e-01
8.858842213865141257e-01
8.858842213865141257e-01
8.858842213865141257e-01
8.858842213865141257e-01
8.858842213865141257e-01
8.858842213865141257e-01
8.857978888543175389e-01
8.857978888543175389e-01
8.857978888543175389e-01
8.857290597375346852e-01
8.857290597375346852e-01
8.857290597375346852e-01
8.857290597375346852e-01
8.857290597375346852e-01
8.857290597375346852e-01
8.857290597375346852e-01
8.857290597375346852e-01
8.857290597375346852e-01
8.857290597375346852e-01
8.857290597375346852e-01
8.857290597375346852e-01
8.857290597375346852e-01
8.857290597375346852e-01
8.857290597375346852e-01
8.857290597375346852e-01
8.857290597375346852e-01
8.857290597375346852e-01
8.857290597375346852e-01
8.857290597375346852e-01
8.857290597375346852e-01
8.857290597375346852e-01
8.857290597375346852e-01
8.857290597375346852e-01
8.857290597375346852e-01
8.857290597375346852e-01
8.857290597375346852e-01
8.857290597375346852e-01
8.857290597375346852e-01
8.857290597375346852e-01
8.857290597375346852e-01
8.857290597375346852e-01
8.857290597375346852e-01
8.857290597375346852e-01
8.857290597375346852e-01
8.857290597375346852e-01
8.857290597375346852e-01
8.857290597375346852e-01
8.857290597375346852e-01
8.857290597375346852e-01
8.857290597375346852e-01
8.857290597375346852e-01
8.857290597375346852e-01
8.857290597375346852e-01
8.857290597375346852e-01
8.857290597375346852e-01
8.857290597375346852e-01
8.857290597375346852e-01
8.857290597375346852e-01
8.857290597375346852e-01
8.857290597375346852e-01
8.857290597375346852e-01
8.857290597375346852e-01
8.857290597375346852e-01
8.857290597375346852e-01
8.857290597375346852e-01
8.857290597375346852e-01
8.857290597375346852e-01
8.857290597375346852e-01
8.857290597375346852e-01
8.857290597375346852e-01
8.857290597375346852e-01
8.857290597375346852e-01
8.857290597375346852e-01
8.857290597375346852e-01
8.857290597375346852e-01
8.857290597375346852e-01
8.857290597375346852e-01
