0.000000000000000000e+00
5.101955614515815002e-02
5.101955614515815002e-02
5.866646973054557429e-02
6.502817807099907366e-02
8.424080790451470013e-02
7.394490222853032646e-02
6.609458878131152515e-02
6.783400766423326733e-02
6.859524274711251146e-02
7.073436703453400698e-02
7.340347787212704589e-02
6.788129559985843497e-02
6.474214029395181091e-02
6.337297235297721654e-02
6.238948853964012414e-02
6.090017920490506387e-02
6.489424983817383696e-02
6.596254862268867425e-02
6.475519292802872640e-02
6.475348977777385662e-02
6.717704713829866781e-02
6.659575986047923390e-02
6.690944691797963417e-02
7.053553195176436030e-02
7.210211713080112717e-02
7.225461305714796223e-02
7.265667058626501529e-02
7.330323477207668914e-02
7.558375797430648413e-02
7.463427366371680471e-02
7.519349889602729153e-02
7.471332326511351263e-02
7.475799348431173830e-02
7.457270536680024597e-02
7.414813480456798611e-02
7.386849683406719602e-02
7.398282578467992032e-02
7.430019332078210970e-02
7.460374094091085095e-02
7.396967482195525301e-02
7.435832281015493372e-02
7.414084556974633033e-02
7.430017313960798897e-02
7.512672796506959794e-02
7.503505227489426499e-02
7.501855703487389504e-02
-7.473190828733437818e-02
-7.473190828733437818e-02
-7.467866624073675463e-02
-7.470147898207395165e-02
-7.480481079042038128e-02
-7.464468352227134063e-02
-7.464468352227134063e-02
-7.464468352227134063e-02
-7.431050212375189812e-02
-7.460738093456288633e-02
-7.481937645859489117e-02
-7.482762141920702714e-02
-7.473567390114439768e-02
-7.493367718058820126e-02
-7.499380380330115947e-02
-7.499380380330115947e-02
-7.499380380330115947e-02
-7.491501456835762685e-02
-7.526301135114213392e-02
-7.526301135114213392e-02
-7.526301135114213392e-02
-7.561596445780811859e-02
-7.547858720046933534e-02
-7.554288047162761865e-02
-7.563055294428143449e-02
-7.354498228385707159e-02
-7.352504651987112894e-02
-7.353039261124451331e-02
-7.353039261124451331e-02
-7.353039261124451331e-02
-7.353039261124451331e-02
-7.352548525941841884e-02
-7.352548525941841884e-02
-7.352548525941841884e-02
-7.352800319019260622e-02
-7.352431780710076692e-02
-7.352431780710076692e-02
-7.341738170651827822e-02
-7.341738170651827822e-02
-7.335128568817150807e-02
-7.345819609341021350e-02
-7.345386324008888745e-02
-7.345386324008888745e-02
-7.345386324008888745e-02
-7.343792063777745960e-02
-7.343792063777745960e-02
-7.344423180510466220e-02
-7.342880776226191897e-02
-7.342880776226191897e-02
-7.334134549336503162e-02
-7.332692214867879421e-02
-7.339375678358407706e-02
-7.337190964833546769e-02
-7.337190964833546769e-02
-7.337190964833546769e-02
-7.337190964833546769e-02
-7.337190964833546769e-02
-7.337190964833546769e-02
-7.338090969343175063e-02
-7.338090969343175063e-02
-7.338090969343175063e-02
-7.338090969343175063e-02
-7.338090969343175063e-02
-7.336851329127187793e-02
-7.336851329127187793e-02
-7.340870518424713609e-02
-7.340870518424713609e-02
-7.333471255156763513e-02
-7.333471255156763513e-02
-7.326255324404619407e-02
-7.326255324404619407e-02
-7.321436557385384292e-02
-7.321436557385384292e-02
-7.321436557385384292e-02
-7.321436557385384292e-02
-7.321436557385384292e-02
-7.321436557385384292e-02
-7.321436557385384292e-02
-7.321436557385384292e-02
-7.321436557385384292e-02
-7.321436557385384292e-02
-7.321436557385384292e-02
-7.321436557385384292e-02
-7.321436557385384292e-02
-7.330842168244457169e-02
-7.330506987833110277e-02
-7.330708083346185178e-02
-7.330708083346185178e-02
-7.330708083346185178e-02
-7.330708083346185178e-02
-7.331096868440285796e-02
-7.331096868440285796e-02
-7.331096868440285796e-02
-7.331096868440285796e-02
-7.331096868440285796e-02
-7.331096868440285796e-02
-7.331096868440285796e-02
-7.331096868440285796e-02
-7.331096868440285796e-02
-7.331096868440285796e-02
-7.331096868440285796e-02
-7.331096868440285796e-02
-7.331096868440285796e-02
-7.331096868440285796e-02
-7.331096868440285796e-02
-7.331096868440285796e-02
-7.331096868440285796e-02
-7.331096868440285796e-02
-7.331096868440285796e-02
-7.330293138733386116e-02
-7.330293138733386116e-02
-7.330293138733386116e-02
-7.330293138733386116e-02
-7.330293138733386116e-02
-7.330293138733386116e-02
-7.330293138733386116e-02
-7.330293138733386116e-02
-7.330293138733386116e-02
-7.330293138733386116e-02
-7.330293138733386116e-02
-7.330293138733386116e-02
-7.330293138733386116e-02
-7.330293138733386116e-02
-7.330293138733386116e-02
-7.330293138733386116e-02
-7.330293138733386116e-02
-7.330293138733386116e-02
-7.330293138733386116e-02
-7.330293138733386116e-02
-7.330293138733386116e-02
-7.335484061270070022e-02
-7.332307614806753138e-02
-7.332307614806753138e-02
-7.332307614806753138e-02
-7.332307614806753138e-02
-7.332307614806753138e-02
-7.332307614806753138e-02
-7.332307614806753138e-02
-7.332307614806753138e-02
-7.332307614806753138e-02
-7.332307614806753138e-02
-7.327174848679270103e-02
-7.327174848679270103e-02
-7.327174848679270103e-02
-7.327174848679270103e-02
-7.327174848679270103e-02
-7.327174848679270103e-02
-7.327174848679270103e-02
-7.327174848679270103e-02
-7.327174848679270103e-02
-7.327174848679270103e-02
-7.327174848679270103e-02
-7.327174848679270103e-02
-7.327174848679270103e-02
-7.327174848679270103e-02
-7.327174848679270103e-02
-7.326568397329687177e-02
-7.326568397329687177e-02
-7.326568397329687177e-02
-7.326568397329687177e-02
-7.326327244938213301e-02
-7.326327244938213301e-02
-7.326327244938213301e-02
-7.326327244938213301e-02
-7.325678726137671570e-02
-7.325678726137671570e-02
-7.325678726137671570e-02
-7.325678726137671570e-02
-7.325917573266092775e-02
-7.325917573266092775e-02
-7.325917573266092775e-02
-7.325917573266092775e-02
-7.325917573266092775e-02
-7.325917573266092775e-02
-7.325917573266092775e-02
-7.324953982833933008e-02
-7.324953982833933008e-02
-7.324953982833933008e-02
-7.324953982833933008e-02
-7.324953982833933008e-02
-7.324953982833933008e-02
-7.324953982833933008e-02
-7.324953982833933008e-02
-7.324953982833933008e-02
-7.324953982833933008e-02
-7.324953982833933008e-02
-7.324953982833933008e-02
-7.324953982833933008e-02
-7.324953982833933008e-02
-7.324953982833933008e-02
-7.324953982833933008e-02
-7.324953982833933008e-02
-7.324953982833933008e-02
-7.324953982833933008e-02
-7.324953982833933008e-02
-7.324953982833933008e-02
-7.324953982833933008e-02
-7.324953982833933008e-02
-7.324953982833933008e-02
-7.324953982833933008e-02
-7.324953982833933008e-02
-7.324953982833933008e-02
-7.324953982833933008e-02
