0.000000000000000000e+00
3.242858226205365402e-02
3.146905314344518312e-02
3.178414809215057008e-02
3.381320574179199484e-02
3.501732914733141078e-02
3.422096409888136098e-02
3.377524343717454997e-02
3.369343206048813072e-02
3.363472472163529098e-02
3.352967499570351506e-02
3.348421062215536231e-02
3.400493199555704865e-02
3.324056954960931398e-02
3.275413777887358630e-02
3.275413777887358630e-02
3.282424433061875008e-02
3.282424433061875008e-02
3.282424433061875008e-02
3.303816519487320219e-02
3.315220057490558814e-02
3.315220057490558814e-02
3.304161516453742869e-02
3.328795297468719466e-02
3.328795297468719466e-02
3.328795297468719466e-02
3.328795297468719466e-02
3.328795297468719466e-02
3.328795297468719466e-02
3.328795297468719466e-02
3.328795297468719466e-02
3.328795297468719466e-02
3.328795297468719466e-02
3.328795297468719466e-02
3.328795297468719466e-02
3.328795297468719466e-02
3.328795297468719466e-02
3.328795297468719466e-02
3.328795297468719466e-02
3.328795297468719466e-02
3.328795297468719466e-02
3.328795297468719466e-02
3.328795297468719466e-02
3.328795297468719466e-02
3.328795297468719466e-02
3.328795297468719466e-02
3.328795297468719466e-02
3.328795297468719466e-02
3.328795297468719466e-02
3.328795297468719466e-02
3.328795297468719466e-02
3.328795297468719466e-02
3.328795297468719466e-02
3.328795297468719466e-02
3.328795297468719466e-02
3.328795297468719466e-02
3.328795297468719466e-02
3.328795297468719466e-02
3.328795297468719466e-02
3.328795297468719466e-02
3.328795297468719466e-02
3.328795297468719466e-02
3.328795297468719466e-02
3.328795297468719466e-02
3.328795297468719466e-02
3.328795297468719466e-02
3.328795297468719466e-02
3.328795297468719466e-02
3.328795297468719466e-02
3.328795297468719466e-02
3.328795297468719466e-02
3.328795297468719466e-02
3.328795297468719466e-02
3.328795297468719466e-02
3.328795297468719466e-02
3.328795297468719466e-02
3.328795297468719466e-02
3.328795297468719466e-02
3.328795297468719466e-02
3.328795297468719466e-02
3.328795297468719466e-02
3.328795297468719466e-02
3.328795297468719466e-02
3.328795297468719466e-02
3.328795297468719466e-02
3.328795297468719466e-02
3.328795297468719466e-02
3.328795297468719466e-02
3.328795297468719466e-02
3.328795297468719466e-02
3.328795297468719466e-02
3.328795297468719466e-02
3.328795297468719466e-02
3.328795297468719466e-02
3.328795297468719466e-02
3.328795297468719466e-02
3.328795297468719466e-02
3.328795297468719466e-02
3.328795297468719466e-02
3.328795297468719466e-02
3.328795297468719466e-02
3.328795297468719466e-02
3.328795297468719466e-02
3.328795297468719466e-02
3.328795297468719466e-02
3.328795297468719466e-02
3.328795297468719466e-02
3.328795297468719466e-02
3.328795297468719466e-02
3.328795297468719466e-02
3.328795297468719466e-02
3.328795297468719466e-02
3.328795297468719466e-02
3.328795297468719466e-02
3.328795297468719466e-02
3.328795297468719466e-02
3.328795297468719466e-02
3.328795297468719466e-02
3.328795297468719466e-02
3.328795297468719466e-02
3.328795297468719466e-02
3.328795297468719466e-02
3.328795297468719466e-02
3.328795297468719466e-02
3.328795297468719466e-02
3.328795297468719466e-02
3.328795297468719466e-02
3.328795297468719466e-02
3.328795297468719466e-02
3.328795297468719466e-02
3.328795297468719466e-02
3.328795297468719466e-02
3.328795297468719466e-02
3.328795297468719466e-02
3.328795297468719466e-02
3.328795297468719466e-02
3.328795297468719466e-02
3.328795297468719466e-02
3.328795297468719466e-02
3.328795297468719466e-02
3.328795297468719466e-02
3.328795297468719466e-02
3.328795297468719466e-02
3.328795297468719466e-02
3.328795297468719466e-02
3.328795297468719466e-02
3.328795297468719466e-02
3.328795297468719466e-02
3.328795297468719466e-02
3.328795297468719466e-02
3.328795297468719466e-02
3.328795297468719466e-02
3.328795297468719466e-02
3.328795297468719466e-02
3.328795297468719466e-02
3.328795297468719466e-02
3.328795297468719466e-02
3.328795297468719466e-02
3.328795297468719466e-02
3.328795297468719466e-02
3.328795297468719466e-02
3.328795297468719466e-02
3.328795297468719466e-02
3.328795297468719466e-02
3.328795297468719466e-02
3.328795297468719466e-02
3.328795297468719466e-02
3.328795297468719466e-02
3.328795297468719466e-02
3.328795297468719466e-02
3.328795297468719466e-02
3.328795297468719466e-02
3.328795297468719466e-02
3.328795297468719466e-02
3.328795297468719466e-02
3.328795297468719466e-02
3.328795297468719466e-02
3.328795297468719466e-02
3.328795297468719466e-02
3.328795297468719466e-02
3.328795297468719466e-02
3.328795297468719466e-02
3.328795297468719466e-02
3.328795297468719466e-02
3.328795297468719466e-02
3.328795297468719466e-02
3.328795297468719466e-02
3.328795297468719466e-02
3.328795297468719466e-02
3.328795297468719466e-02
3.328795297468719466e-02
3.328795297468719466e-02
3.328795297468719466e-02
3.328795297468719466e-02
3.328795297468719466e-02
3.328795297468719466e-02
3.328795297468719466e-02
3.328795297468719466e-02
3.328795297468719466e-02
3.328795297468719466e-02
3.328795297468719466e-02
3.328795297468719466e-02
3.328795297468719466e-02
3.328795297468719466e-02
3.328795297468719466e-02
3.328795297468719466e-02
3.328795297468719466e-02
3.328795297468719466e-02
3.328795297468719466e-02
3.328795297468719466e-02
3.328795297468719466e-02
3.328795297468719466e-02
3.328795297468719466e-02
3.328795297468719466e-02
3.328795297468719466e-02
3.328795297468719466e-02
3.328795297468719466e-02
3.328795297468719466e-02
3.328795297468719466e-02
3.328795297468719466e-02
3.328795297468719466e-02
3.328795297468719466e-02
3.328795297468719466e-02
3.328795297468719466e-02
3.328795297468719466e-02
3.328795297468719466e-02
3.328795297468719466e-02
3.328795297468719466e-02
3.328795297468719466e-02
3.328795297468719466e-02
3.328795297468719466e-02
3.328795297468719466e-02
3.328795297468719466e-02
3.328795297468719466e-02
3.328795297468719466e-02
3.328795297468719466e-02
3.328795297468719466e-02
3.328795297468719466e-02
3.328795297468719466e-02
3.328795297468719466e-02
3.328795297468719466e-02
3.328795297468719466e-02
3.328795297468719466e-02
3.328795297468719466e-02
3.328795297468719466e-02
3.328795297468719466e-02
3.328795297468719466e-02
3.328795297468719466e-02
3.328795297468719466e-02
3.328795297468719466e-02
