1.000000000000000000e+00
1.000000000000000222e+00
1.000000000000000222e+00
1.000000000000000222e+00
1.000000000000000222e+00
1.000000000000000222e+00
1.000000000000000222e+00
1.000000000000000222e+00
9.833710278715653841e-01
9.754809681585755454e-01
9.410419471895863364e-01
9.050375087482155356e-01
8.829809940490271902e-01
8.472709020964718230e-01
8.049266773020001819e-01
7.785774273891019615e-01
7.175961087777820158e-01
6.710016225009053370e-01
6.379737967502865370e-01
5.867774113351635901e-01
5.313733969276984714e-01
5.004095625399856972e-01
4.739537866569433211e-01
4.430302492689325300e-01
4.079070051845823386e-01
3.799332471547798296e-01
3.674959790509862434e-01
3.270676837906353329e-01
3.016290069733306711e-01
2.772613793345413136e-01
2.464051532980141013e-01
2.201868776805324390e-01
1.952839249908542296e-01
1.915849709898640174e-01
1.796866119469129330e-01
1.649937364735860335e-01
1.440505121165364943e-01
1.270941800254853093e-01
1.258614723432878169e-01
1.052806272133348930e-01
9.519417328807898426e-02
8.596983564554991353e-02
7.918600639910874928e-02
6.835748952476047857e-02
5.197193515775447997e-02
4.485676202158507542e-02
3.760745493290837405e-02
3.476553896951500161e-02
3.938323297833219022e-02
3.513634191790539901e-02
2.460682990271121848e-02
4.511011438374086524e-02
5.651427491135156689e-02
6.400235908330297041e-02
5.789805898607468942e-02
7.817416020437682744e-02
8.981716746664646089e-02
8.631651742368560976e-02
7.814424650295656583e-02
9.924286777212308619e-02
1.133198400162260117e-01
1.041923470177329308e-01
1.037594675592796722e-01
1.102313750490514360e-01
9.337147602631110099e-02
9.412791683400667520e-02
9.176517293000943654e-02
8.102840242246805991e-02
8.111053763024578256e-02
7.725798883744622314e-02
6.690935704659442540e-02
5.906886769173898266e-02
4.008331881193728102e-02
3.728994568976094076e-02
4.028998875843996241e-02
3.511636853962298715e-02
2.448695243530597462e-02
1.860927091596000296e-02
1.540421863272406836e-02
7.634680062848679845e-03
1.333815085857893885e-02
1.586733350588600058e-02
2.679117394057201409e-02
1.888551959590461723e-02
1.698519625886126330e-02
1.908824678755683887e-02
2.816440559906390959e-02
3.226690789940705323e-02
3.172598603514234505e-02
3.171842726259768708e-02
2.390211948179220280e-02
3.214947041336514016e-02
3.365221724003760601e-02
3.205265931200838858e-02
3.227942387207955593e-02
3.734877439746937811e-02
3.947162891800090612e-02
5.313764532442298572e-02
5.122482131342188244e-02
5.547678462285803719e-02
5.373532220732311904e-02
4.979465202900563991e-02
5.121759204088121437e-02
4.771671950457431061e-02
4.183887038546621473e-02
4.241632251962319106e-02
5.181315678642191280e-02
5.336639964414550269e-02
4.893745511860846109e-02
3.715801437453458700e-02
3.350566607574022304e-02
2.754903690988853154e-02
2.149648296293269964e-02
1.621994923992458454e-02
1.566388501839797304e-02
1.814945410031976181e-02
2.073985414232362018e-02
1.980518870730086506e-02
2.186136233663283843e-02
2.058587949316261975e-02
1.892122144914213169e-02
2.773877945149701152e-02
3.294698146431516289e-02
3.242967718959683526e-02
2.966536061073804867e-02
2.865081745029518512e-02
2.683995019348276584e-02
2.537271497629437975e-02
2.127224583411809616e-02
1.968301782498299221e-02
2.001830864352546063e-02
1.584326318049412638e-02
1.760875252965573082e-02
2.289869904515593260e-02
3.188353701466060952e-02
3.188353701466060952e-02
3.023980190061754600e-02
3.000466902430339380e-02
2.314047942490032525e-02
2.744604902429410853e-02
2.744604902429410853e-02
2.826527793229962823e-02
2.535584183524338883e-02
2.062925487527290588e-02
2.019124483659445052e-02
2.684400649988293031e-02
2.392957754456378344e-02
1.368850925010821860e-02
1.656682635527687367e-02
2.192473474113044996e-02
1.651433856889059776e-02
9.805208355400557227e-03
8.595571348276280846e-03
1.689861104884737494e-02
1.778330965845143982e-02
1.983872659925358869e-02
2.160248366467739864e-02
2.159451618996119371e-02
2.096254762942305339e-02
1.956779310383498227e-02
2.038151833462243170e-02
2.005606390338482425e-02
2.492909024340690324e-02
2.853581511706224094e-02
3.205054616951834301e-02
3.140533246806812701e-02
3.208276883048620520e-02
3.198366980908288332e-02
2.723942130045892140e-02
2.105360280887562385e-02
2.218221463244035921e-02
2.089802183102262498e-02
2.431421595101140518e-02
2.431421595101140518e-02
2.631170420595434906e-02
2.723211082146250947e-02
2.694856090568341009e-02
2.786305054809786255e-02
3.170955952368526010e-02
3.374677712735981577e-02
3.277095545691757761e-02
2.937452895637783848e-02
3.029853315291263990e-02
3.372447440736435487e-02
3.372447440736435487e-02
3.462274370716462296e-02
3.231403014336023394e-02
3.197542618921613705e-02
3.613106983743279155e-02
3.505598295866658304e-02
3.052866367509234763e-02
2.714827880004764757e-02
2.714827880004764757e-02
2.456148813642472159e-02
2.502008247814598019e-02
2.562661046483449487e-02
2.690889831608457572e-02
2.390898224931915436e-02
2.390898224931915436e-02
2.294431054735616982e-02
2.428667966475716797e-02
3.036000402579864046e-02
2.816921460769555505e-02
2.699267832830075375e-02
3.110427742407735965e-02
3.247446725477053792e-02
3.576836220685725154e-02
3.686450370444980390e-02
3.593921510429537447e-02
3.368899381605259397e-02
3.350769011037150330e-02
3.317010805768224463e-02
2.839783267332937275e-02
2.203367123269437192e-02
1.561131861932458544e-02
1.412423568556042328e-02
1.741535223269649948e-02
1.741535223269649948e-02
1.410878972225442819e-02
1.178419306977148383e-02
4.466785219639112479e-03
2.174171478306671096e-03
1.528957776856447936e-03
-4.923918424187857801e-03
-4.923918424187857801e-03
-4.923918424187857801e-03
-8.430174675824634450e-03
-8.430174675824634450e-03
-5.294993981466327923e-03
-4.669257690797798746e-03
-2.385730246723052981e-03
2.859935162010548287e-03
4.410160176315747367e-03
4.410160176315747367e-03
4.442379549528209168e-03
-1.736749272985124411e-03
2.630610905688956255e-04
-1.731100440215594186e-03
-3.542414533045005944e-03
-8.932425082765180907e-03
-5.459957367651393362e-03
-1.028950515254896392e-02
-6.888917295013251285e-03
-3.774105464223965079e-03
2.821310462010018835e-03
5.581452767835359298e-03
5.679557955293759036e-03
1.120512496955968981e-02
9.317844246352480556e-03
1.849577935654474203e-02
