0.000000000000000000e+00
6.759256237192985683e-02
6.714001427943828981e-02
6.647212158076457045e-02
6.991746183247879443e-02
6.702927781885355263e-02
7.368100801343147044e-02
7.248101589088197516e-02
7.311157926557597386e-02
7.559440886645217572e-02
7.583285862016193868e-02
7.031482776131806056e-02
7.218002443276826108e-02
7.099079363493800143e-02
7.389838275914926979e-02
7.391345152852185629e-02
7.369125408147884915e-02
7.340865344603504650e-02
7.340865344603504650e-02
7.369138689930906927e-02
7.399222660243652550e-02
7.399222660243652550e-02
7.390855395670352379e-02
7.391693997730328092e-02
7.391693997730328092e-02
7.421084585967288594e-02
7.421084585967288594e-02
7.420575299449685969e-02
7.420575299449685969e-02
7.420575299449685969e-02
7.420575299449685969e-02
7.421084585967288594e-02
7.399329002083378237e-02
7.399329002083378237e-02
7.399329002083378237e-02
7.399329002083378237e-02
7.399329002083378237e-02
7.399329002083378237e-02
7.399329002083378237e-02
7.399329002083378237e-02
7.399329002083378237e-02
7.399329002083378237e-02
7.399329002083378237e-02
7.399329002083378237e-02
7.399329002083378237e-02
7.399329002083378237e-02
7.399329002083378237e-02
7.399329002083378237e-02
7.399329002083378237e-02
7.399329002083378237e-02
7.399329002083378237e-02
7.399329002083378237e-02
7.399329002083378237e-02
7.399329002083378237e-02
7.399329002083378237e-02
7.399329002083378237e-02
7.399329002083378237e-02
7.399329002083378237e-02
7.399329002083378237e-02
7.399329002083378237e-02
7.399329002083378237e-02
7.399329002083378237e-02
7.399329002083378237e-02
7.399329002083378237e-02
7.399329002083378237e-02
7.399329002083378237e-02
7.399329002083378237e-02
7.399329002083378237e-02
7.399329002083378237e-02
7.399329002083378237e-02
7.399329002083378237e-02
7.399329002083378237e-02
7.399329002083378237e-02
7.399329002083378237e-02
7.399329002083378237e-02
7.399329002083378237e-02
7.399329002083378237e-02
7.399329002083378237e-02
7.399329002083378237e-02
7.399329002083378237e-02
7.399329002083378237e-02
7.399329002083378237e-02
7.399329002083378237e-02
7.399329002083378237e-02
7.399329002083378237e-02
7.399329002083378237e-02
7.399329002083378237e-02
7.399329002083378237e-02
7.399329002083378237e-02
7.399329002083378237e-02
7.399329002083378237e-02
7.399329002083378237e-02
7.399329002083378237e-02
7.399329002083378237e-02
7.399329002083378237e-02
7.399329002083378237e-02
7.399329002083378237e-02
7.399329002083378237e-02
7.399329002083378237e-02
7.399329002083378237e-02
7.399329002083378237e-02
7.399329002083378237e-02
7.399329002083378237e-02
7.399329002083378237e-02
7.399329002083378237e-02
7.399329002083378237e-02
7.399329002083378237e-02
7.399329002083378237e-02
7.399329002083378237e-02
7.399329002083378237e-02
7.399329002083378237e-02
7.399329002083378237e-02
7.399329002083378237e-02
7.399329002083378237e-02
7.399329002083378237e-02
7.399329002083378237e-02
7.399329002083378237e-02
7.399329002083378237e-02
7.399329002083378237e-02
7.399329002083378237e-02
7.399329002083378237e-02
7.399329002083378237e-02
7.399329002083378237e-02
7.399329002083378237e-02
7.399329002083378237e-02
7.399329002083378237e-02
7.399329002083378237e-02
7.399329002083378237e-02
7.399329002083378237e-02
7.399329002083378237e-02
7.399329002083378237e-02
7.399329002083378237e-02
7.399329002083378237e-02
7.399329002083378237e-02
7.399329002083378237e-02
7.399329002083378237e-02
7.399329002083378237e-02
7.399329002083378237e-02
7.399329002083378237e-02
7.399329002083378237e-02
7.399329002083378237e-02
7.399329002083378237e-02
7.399329002083378237e-02
7.399329002083378237e-02
7.399329002083378237e-02
7.399329002083378237e-02
7.399329002083378237e-02
7.399329002083378237e-02
7.399329002083378237e-02
7.399329002083378237e-02
7.399329002083378237e-02
7.399329002083378237e-02
7.399329002083378237e-02
7.399329002083378237e-02
7.399329002083378237e-02
7.399329002083378237e-02
7.399329002083378237e-02
7.399329002083378237e-02
7.399329002083378237e-02
7.399329002083378237e-02
7.399329002083378237e-02
7.399329002083378237e-02
7.399329002083378237e-02
7.399329002083378237e-02
7.399329002083378237e-02
7.399329002083378237e-02
7.399329002083378237e-02
7.399329002083378237e-02
7.399329002083378237e-02
7.399329002083378237e-02
7.399329002083378237e-02
7.399329002083378237e-02
7.399329002083378237e-02
7.399329002083378237e-02
7.399329002083378237e-02
7.399329002083378237e-02
7.399329002083378237e-02
7.399329002083378237e-02
7.399329002083378237e-02
7.399329002083378237e-02
7.399329002083378237e-02
7.399329002083378237e-02
7.399329002083378237e-02
7.399329002083378237e-02
7.399329002083378237e-02
7.399329002083378237e-02
7.399329002083378237e-02
7.399329002083378237e-02
7.399329002083378237e-02
7.399329002083378237e-02
7.399329002083378237e-02
7.399329002083378237e-02
7.399329002083378237e-02
7.399329002083378237e-02
7.399329002083378237e-02
7.399329002083378237e-02
7.399329002083378237e-02
7.399329002083378237e-02
7.399329002083378237e-02
7.399329002083378237e-02
7.399329002083378237e-02
7.399329002083378237e-02
7.399329002083378237e-02
7.399329002083378237e-02
7.399329002083378237e-02
7.399329002083378237e-02
7.399329002083378237e-02
7.399329002083378237e-02
7.399329002083378237e-02
7.399329002083378237e-02
7.399329002083378237e-02
7.399329002083378237e-02
7.399329002083378237e-02
7.399329002083378237e-02
7.399329002083378237e-02
7.399329002083378237e-02
7.399329002083378237e-02
7.399329002083378237e-02
7.399329002083378237e-02
7.399329002083378237e-02
7.399329002083378237e-02
7.399329002083378237e-02
7.399329002083378237e-02
7.399329002083378237e-02
7.399329002083378237e-02
7.399329002083378237e-02
7.399329002083378237e-02
7.399329002083378237e-02
7.399329002083378237e-02
7.399329002083378237e-02
7.399329002083378237e-02
7.399329002083378237e-02
7.399329002083378237e-02
7.399329002083378237e-02
7.399329002083378237e-02
7.399329002083378237e-02
7.399329002083378237e-02
7.399329002083378237e-02
7.399329002083378237e-02
7.399329002083378237e-02
7.399329002083378237e-02
7.399329002083378237e-02
7.399329002083378237e-02
7.399329002083378237e-02
7.399329002083378237e-02
7.399329002083378237e-02
7.399329002083378237e-02
7.399329002083378237e-02
7.399329002083378237e-02
7.399329002083378237e-02
