1.000000000000000000e+00
1.000000000000000000e+00
1.000000000000000000e+00
1.000000000000000000e+00
1.000000000000000000e+00
1.000000000000000000e+00
1.000000000000000000e+00
1.000000000000000000e+00
1.000000000000000000e+00
1.000000000000000000e+00
1.000000000000000000e+00
1.000000000000000000e+00
1.000000000000000000e+00
1.000000000000000000e+00
1.000000000000000000e+00
1.000000000000000000e+00
1.000000000000000000e+00
1.000000000000000000e+00
1.000000000000000000e+00
1.000000000000000000e+00
1.000000000000000000e+00
1.000000000000000000e+00
1.000000000000000000e+00
9.950914211384352948e-01
9.885863767232364596e-01
9.885863767232364596e-01
9.827874654607721139e-01
9.758735453637117363e-01
9.711131930978358362e-01
9.661308134595182340e-01
9.574637827500774856e-01
9.336715474614243337e-01
9.191646382066843701e-01
9.125315273668017646e-01
9.048579763894949446e-01
9.006334737492059928e-01
8.857853974500229377e-01
8.673511462346735756e-01
8.627356173396898420e-01
8.571904509156064167e-01
8.531571151047897539e-01
8.444986261611079348e-01
8.377977739925313028e-01
8.276623601278639830e-01
8.148744614301159928e-01
7.930812445384183285e-01
7.840252190991759962e-01
7.703603698666323663e-01
7.633968948275826616e-01
7.531364449633578539e-01
7.471401017937245870e-01
7.451472208475299341e-01
7.399618903392369829e-01
7.351166836865987708e-01
7.376558462369285918e-01
7.268694933014605564e-01
7.194625958494639262e-01
7.069827015661858116e-01
7.054326944458706450e-01
7.042065609807995896e-01
6.984357879011572345e-01
6.969901084308347539e-01
6.958401666466291768e-01
6.958076734703488864e-01
6.958076734703488864e-01
6.964938208497045702e-01
6.964938208497045702e-01
7.015059217469959973e-01
7.007943861276698660e-01
6.970735819083538898e-01
6.985742767123129804e-01
6.985742767123129804e-01
6.985742767123129804e-01
6.951097811896641554e-01
6.988724794154649311e-01
6.988724794154649311e-01
6.919925356933086524e-01
6.860227816063161344e-01
6.844114524526463406e-01
6.820393783934416421e-01
6.939450276162799636e-01
6.925380376343510669e-01
6.909648505062078172e-01
6.863579936873659415e-01
6.818768740819041163e-01
6.801694749918231198e-01
6.785954613663301993e-01
6.678677198901495915e-01
6.660334209166275388e-01
6.660334209166275388e-01
6.660334209166275388e-01
6.602879418911865583e-01
6.622612179638932561e-01
6.575440468915391135e-01
6.575440468915391135e-01
6.550647013899850712e-01
6.625454147154045126e-01
6.581326825963574878e-01
6.560300784223032089e-01
6.601803360395669396e-01
6.574095520363941736e-01
6.564689143059174725e-01
6.599879555217401661e-01
6.575738733991206564e-01
6.539201335013211658e-01
6.526705267504596675e-01
6.522721442433564443e-01
6.522721442433564443e-01
6.580429173229986883e-01
6.580429173229986883e-01
6.566229892824358982e-01
6.566229892824358982e-01
6.566229892824358982e-01
6.543807388019032834e-01
6.517956645827052142e-01
6.562736358211487264e-01
6.562736358211487264e-01
6.562736358211487264e-01
6.557561705378250894e-01
6.557561705378250894e-01
6.557561705378250894e-01
6.582053765543287582e-01
6.582053765543287582e-01
6.582053765543287582e-01
6.575605929092533941e-01
6.557842508969473627e-01
6.548122572492924842e-01
6.571210436879969530e-01
6.571210436879969530e-01
6.571210436879969530e-01
6.560019240233707638e-01
6.560019240233707638e-01
6.560019240233707638e-01
6.560019240233707638e-01
6.560019240233707638e-01
6.560019240233707638e-01
6.542950892419631126e-01
6.526119006299729852e-01
6.501348842919807414e-01
6.548520553643349951e-01
6.548683585088705961e-01
6.543044738902283886e-01
6.543044738902283886e-01
6.653760906307600864e-01
6.653760906307600864e-01
6.653760906307600864e-01
6.653760906307600864e-01
6.656096895342991093e-01
6.656096895342991093e-01
6.618556506750021828e-01
6.628248227006715565e-01
6.615592071858756862e-01
6.615592071858756862e-01
6.624430570096452309e-01
6.624430570096452309e-01
6.624430570096452309e-01
6.613529322988479509e-01
6.630344227071718333e-01
6.599439207840895882e-01
6.599439207840895882e-01
6.595145214787592192e-01
6.610235216321111995e-01
6.610235216321111995e-01
6.608168716529152498e-01
6.608168716529152498e-01
6.608168716529152498e-01
6.596545152950336055e-01
6.594164752327998924e-01
6.616585198188495998e-01
6.616585198188495998e-01
6.616585198188495998e-01
6.616585198188495998e-01
6.614615246448948271e-01
6.614615246448948271e-01
6.629896035526738896e-01
6.569319695787136926e-01
6.569319695787136926e-01
6.604833217481432817e-01
6.604833217481432817e-01
6.626709131577214196e-01
6.636429068053764091e-01
6.646288317959236913e-01
6.716406763075171149e-01
6.728427475453631068e-01
6.728427475453631068e-01
6.732729900981088145e-01
6.698014208472404807e-01
6.696227602923173761e-01
6.720997766303093979e-01
6.643683006868884577e-01
6.619033762691888256e-01
6.628830892894801430e-01
6.628830892894801430e-01
6.612015988811561495e-01
6.590085956365441255e-01
6.590085956365441255e-01
6.590085956365441255e-01
6.590085956365441255e-01
6.615004556420345239e-01
6.615004556420345239e-01
6.615004556420345239e-01
6.615004556420345239e-01
6.615004556420345239e-01
6.612870285855541042e-01
6.612870285855541042e-01
6.612870285855541042e-01
6.590449839995042858e-01
6.576159885079648770e-01
6.576159885079648770e-01
6.576159885079648770e-01
6.589989495246252327e-01
6.589989495246252327e-01
6.589989495246252327e-01
6.612406699184070202e-01
6.612406699184070202e-01
6.615275308127250842e-01
6.615275308127250842e-01
6.615275308127250842e-01
6.615275308127250842e-01
6.615275308127250842e-01
6.615275308127250842e-01
6.613225704489432699e-01
6.613225704489432699e-01
6.597863191624325774e-01
6.597863191624325774e-01
6.597863191624325774e-01
6.590718440774782083e-01
6.566226380609745394e-01
6.583041284692985329e-01
6.583041284692985329e-01
6.583041284692985329e-01
6.583041284692985329e-01
6.583041284692985329e-01
6.585011236432533055e-01
6.585011236432533055e-01
6.551191705955667910e-01
6.575840950132665341e-01
6.575840950132665341e-01
6.575840950132665341e-01
6.575840950132665341e-01
6.575840950132665341e-01
6.575840950132665341e-01
6.575840950132665341e-01
6.575840950132665341e-01
6.571358577352451880e-01
6.571358577352451880e-01
6.571358577352451880e-01
6.574823148181093702e-01
6.574823148181093702e-01
6.574823148181093702e-01
6.574823148181093702e-01
6.574823148181093702e-01
6.574823148181093702e-01
6.574823148181093702e-01
6.574823148181093702e-01
6.574823148181093702e-01
6.574823148181093702e-01
6.574823148181093702e-01
6.574823148181093702e-01
6.574823148181093702e-01
6.574823148181093702e-01
6.558008244097854877e-01
6.558008244097854877e-01
6.558008244097854877e-01
6.556033765800595159e-01
6.587806520411202404e-01
6.587806520411202404e-01
6.587806520411202404e-01
6.587806520411202404e-01
6.587806520411202404e-01
6.587806520411202404e-01
6.587806520411202404e-01
6.587806520411202404e-01
6.590220213857045373e-01
6.653566790839889888e-01
6.653566790839889888e-01
6.653566790839889888e-01
6.653566790839889888e-01
6.653566790839889888e-01
6.653566790839889888e-01
6.653566790839889888e-01
6.653566790839889888e-01
6.653566790839889888e-01
6.656868422210797664e-01
6.692175591644332622e-01
6.692175591644332622e-01
6.692175591644332622e-01
6.692175591644332622e-01
6.692175591644332622e-01
6.692175591644332622e-01
6.694555992266671973e-01
6.694555992266671973e-01
6.694555992266671973e-01
6.694555992266671973e-01
6.694555992266671973e-01
6.711370896349910797e-01
6.711370896349910797e-01
6.711370896349910797e-01
6.711370896349910797e-01
6.713420499987728940e-01
6.713420499987728940e-01
6.713420499987728940e-01
6.713420499987728940e-01
6.713420499987728940e-01
6.713420499987728940e-01
6.710521378674185744e-01
6.710521378674185744e-01
6.710521378674185744e-01
6.710521378674185744e-01
6.710521378674185744e-01
6.735013438839220212e-01
6.735013438839220212e-01
6.735013438839220212e-01
6.730250668427685268e-01
6.730250668427685268e-01
6.729213773796975939e-01
6.729213773796975939e-01
6.729213773796975939e-01
6.729213773796975939e-01
6.693700252102680048e-01
6.693700252102680048e-01
6.693700252102680048e-01
6.693700252102680048e-01
6.704499197333851912e-01
6.704499197333851912e-01
6.704499197333851912e-01
6.704499197333851912e-01
6.703329096865607850e-01
6.693609160389056845e-01
6.693609160389056845e-01
6.693609160389056845e-01
6.693609160389056845e-01
6.693609160389056845e-01
6.693609160389056845e-01
6.693609160389056845e-01
6.693609160389056845e-01
6.693609160389056845e-01
6.693609160389056845e-01
6.676794256305819131e-01
6.619086525509396690e-01
6.619086525509396690e-01
6.617036921871577437e-01
6.617036921871577437e-01
6.617036921871577437e-01
6.617036921871577437e-01
6.617036921871577437e-01
6.617036921871577437e-01
6.617036921871577437e-01
6.617036921871577437e-01
6.617036921871577437e-01
6.617036921871577437e-01
6.617036921871577437e-01
6.617036921871577437e-01
6.617036921871577437e-01
6.617036921871577437e-01
6.617036921871577437e-01
6.617036921871577437e-01
6.617036921871577437e-01
6.617036921871577437e-01
6.618498060912209047e-01
6.618498060912209047e-01
6.618498060912209047e-01
6.618498060912209047e-01
6.618498060912209047e-01
6.618498060912209047e-01
6.618498060912209047e-01
6.618498060912209047e-01
6.618498060912209047e-01
6.618498060912209047e-01
6.618498060912209047e-01
6.618498060912209047e-01
6.618498060912209047e-01
6.618498060912209047e-01
6.618498060912209047e-01
6.618498060912209047e-01
6.618498060912209047e-01
6.618498060912209047e-01
6.618498060912209047e-01
6.618498060912209047e-01
6.618498060912209047e-01
6.618498060912209047e-01
6.618498060912209047e-01
6.618498060912209047e-01
6.618498060912209047e-01
6.618498060912209047e-01
6.618498060912209047e-01
6.618498060912209047e-01
6.618498060912209047e-01
6.635312964995446761e-01
6.635312964995446761e-01
6.635312964995446761e-01
6.635312964995446761e-01
6.635312964995446761e-01
6.635312964995446761e-01
6.636483065463690822e-01
6.636483065463690822e-01
6.636483065463690822e-01
6.636483065463690822e-01
6.636483065463690822e-01
6.636483065463690822e-01
6.636483065463690822e-01
6.636483065463690822e-01
6.636483065463690822e-01
6.636483065463690822e-01
6.641531829485308736e-01
6.641531829485308736e-01
6.641531829485308736e-01
6.641531829485308736e-01
6.641531829485308736e-01
6.641531829485308736e-01
6.641531829485308736e-01
6.641531829485308736e-01
6.641531829485308736e-01
6.641531829485308736e-01
6.641531829485308736e-01
6.642568724116018064e-01
6.642568724116018064e-01
6.642568724116018064e-01
6.642568724116018064e-01
6.642568724116018064e-01
6.642568724116018064e-01
6.642568724116018064e-01
6.642568724116018064e-01
6.642568724116018064e-01
6.644543202413276672e-01
6.644543202413276672e-01
6.644543202413276672e-01
6.644543202413276672e-01
6.644543202413276672e-01
6.644543202413276672e-01
6.644543202413276672e-01
6.644543202413276672e-01
6.644543202413276672e-01
6.644543202413276672e-01
6.644543202413276672e-01
6.644543202413276672e-01
6.644543202413276672e-01
6.644543202413276672e-01
6.644543202413276672e-01
6.644543202413276672e-01
6.644543202413276672e-01
6.644543202413276672e-01
6.644543202413276672e-01
6.644543202413276672e-01
6.644543202413276672e-01
6.644543202413276672e-01
6.644543202413276672e-01
6.644543202413276672e-01
6.644543202413276672e-01
6.644543202413276672e-01
6.644543202413276672e-01
6.644543202413276672e-01
6.644543202413276672e-01
6.644543202413276672e-01
6.644543202413276672e-01
6.644543202413276672e-01
6.644543202413276672e-01
6.644543202413276672e-01
6.638904356226853487e-01
6.638904356226853487e-01
6.638904356226853487e-01
6.637443217186224098e-01
6.637443217186224098e-01
6.637443217186224098e-01
6.637443217186224098e-01
6.637443217186224098e-01
6.637443217186224098e-01
6.637443217186224098e-01
6.637443217186224098e-01
6.637443217186224098e-01
6.637443217186224098e-01
6.637443217186224098e-01
6.637443217186224098e-01
6.637443217186224098e-01
6.637443217186224098e-01
6.637443217186224098e-01
6.637443217186224098e-01
6.637443217186224098e-01
6.637443217186224098e-01
6.637443217186224098e-01
6.637443217186224098e-01
6.637443217186224098e-01
6.637443217186224098e-01
6.637443217186224098e-01
6.637443217186224098e-01
6.637443217186224098e-01
6.637443217186224098e-01
6.637443217186224098e-01
6.637443217186224098e-01
6.637443217186224098e-01
6.637443217186224098e-01
6.637443217186224098e-01
6.637443217186224098e-01
6.637443217186224098e-01
6.637443217186224098e-01
6.636273116717978926e-01
6.636273116717978926e-01
6.636273116717978926e-01
6.636273116717978926e-01
6.636273116717978926e-01
6.636273116717978926e-01
6.636273116717978926e-01
6.636273116717978926e-01
6.636273116717978926e-01
6.636273116717978926e-01
6.636273116717978926e-01
6.636273116717978926e-01
6.636273116717978926e-01
6.636273116717978926e-01
6.636273116717978926e-01
6.636273116717978926e-01
6.636273116717978926e-01
6.636273116717978926e-01
6.636273116717978926e-01
6.636273116717978926e-01
6.636273116717978926e-01
6.636273116717978926e-01
6.636273116717978926e-01
6.636273116717978926e-01
6.636273116717978926e-01
6.636273116717978926e-01
6.636273116717978926e-01
6.636273116717978926e-01
6.636273116717978926e-01
6.636273116717978926e-01
6.636273116717978926e-01
6.636273116717978926e-01
6.636273116717978926e-01
6.636273116717978926e-01
6.636273116717978926e-01
6.636273116717978926e-01
6.636273116717978926e-01
6.636273116717978926e-01
6.636273116717978926e-01
6.636273116717978926e-01
6.636273116717978926e-01
6.636273116717978926e-01
6.636273116717978926e-01
6.636273116717978926e-01
6.636273116717978926e-01
6.636273116717978926e-01
6.636273116717978926e-01
6.636273116717978926e-01
6.636273116717978926e-01
6.636273116717978926e-01
6.636273116717978926e-01
6.636273116717978926e-01
6.636273116717978926e-01
6.636273116717978926e-01
6.636273116717978926e-01
6.636273116717978926e-01
6.636273116717978926e-01
6.636273116717978926e-01
6.636273116717978926e-01
6.636273116717978926e-01
6.636273116717978926e-01
6.636273116717978926e-01
6.636273116717978926e-01
6.636273116717978926e-01
6.636273116717978926e-01
6.636273116717978926e-01
6.636273116717978926e-01
6.636273116717978926e-01
6.636273116717978926e-01
6.636273116717978926e-01
6.636273116717978926e-01
6.636273116717978926e-01
6.636273116717978926e-01
6.636273116717978926e-01
6.636273116717978926e-01
6.636273116717978926e-01
6.636273116717978926e-01
6.636273116717978926e-01
6.636273116717978926e-01
6.636273116717978926e-01
6.636273116717978926e-01
6.636273116717978926e-01
6.636273116717978926e-01
6.636273116717978926e-01
6.636273116717978926e-01
6.636273116717978926e-01
6.637734255758609425e-01
6.637734255758609425e-01
6.637734255758609425e-01
6.637734255758609425e-01
6.637734255758609425e-01
6.637734255758609425e-01
6.637734255758609425e-01
6.637734255758609425e-01
6.637734255758609425e-01
6.637734255758609425e-01
6.637734255758609425e-01
6.637734255758609425e-01
6.637734255758609425e-01
6.637734255758609425e-01
6.637734255758609425e-01
6.637734255758609425e-01
6.637734255758609425e-01
6.637734255758609425e-01
6.637734255758609425e-01
6.637734255758609425e-01
6.637734255758609425e-01
6.637734255758609425e-01
6.637734255758609425e-01
6.637734255758609425e-01
6.637734255758609425e-01
6.637734255758609425e-01
6.637734255758609425e-01
6.637734255758609425e-01
6.637734255758609425e-01
6.637734255758609425e-01
6.637734255758609425e-01
6.637734255758609425e-01
6.637734255758609425e-01
6.637734255758609425e-01
6.637734255758609425e-01
6.637734255758609425e-01
6.637734255758609425e-01
6.637734255758609425e-01
6.637734255758609425e-01
6.637734255758609425e-01
6.637734255758609425e-01
6.637734255758609425e-01
6.637734255758609425e-01
6.637734255758609425e-01
6.637734255758609425e-01
6.637734255758609425e-01
6.637734255758609425e-01
6.637734255758609425e-01
6.637734255758609425e-01
6.637734255758609425e-01
6.637734255758609425e-01
6.637734255758609425e-01
6.637734255758609425e-01
6.637734255758609425e-01
6.637734255758609425e-01
6.637734255758609425e-01
6.637734255758609425e-01
6.637734255758609425e-01
6.637734255758609425e-01
6.637734255758609425e-01
6.637734255758609425e-01
6.637734255758609425e-01
6.637734255758609425e-01
6.637734255758609425e-01
6.637734255758609425e-01
6.637734255758609425e-01
6.637734255758609425e-01
6.637734255758609425e-01
6.637734255758609425e-01
6.637734255758609425e-01
6.637734255758609425e-01
6.637734255758609425e-01
6.637734255758609425e-01
6.637734255758609425e-01
6.637734255758609425e-01
6.637734255758609425e-01
6.637734255758609425e-01
6.637734255758609425e-01
6.637734255758609425e-01
6.637734255758609425e-01
6.637734255758609425e-01
6.637734255758609425e-01
6.637734255758609425e-01
6.637734255758609425e-01
6.637734255758609425e-01
6.637734255758609425e-01
6.637734255758609425e-01
6.637734255758609425e-01
6.637734255758609425e-01
6.637734255758609425e-01
6.637734255758609425e-01
6.637734255758609425e-01
6.637734255758609425e-01
6.637734255758609425e-01
6.637734255758609425e-01
6.637734255758609425e-01
6.637734255758609425e-01
6.637734255758609425e-01
6.637734255758609425e-01
6.637734255758609425e-01
6.637734255758609425e-01
6.637734255758609425e-01
6.637734255758609425e-01
6.637734255758609425e-01
6.637734255758609425e-01
6.637734255758609425e-01
6.637734255758609425e-01
6.637734255758609425e-01
6.637734255758609425e-01
6.637734255758609425e-01
6.637734255758609425e-01
6.637734255758609425e-01
6.637734255758609425e-01
6.637734255758609425e-01
6.637734255758609425e-01
6.637734255758609425e-01
6.637734255758609425e-01
6.637734255758609425e-01
6.637734255758609425e-01
6.637734255758609425e-01
6.637734255758609425e-01
6.637734255758609425e-01
6.637734255758609425e-01
6.637734255758609425e-01
6.637734255758609425e-01
6.637734255758609425e-01
6.637734255758609425e-01
6.637734255758609425e-01
6.637734255758609425e-01
6.637734255758609425e-01
6.637734255758609425e-01
6.637734255758609425e-01
6.637734255758609425e-01
6.637734255758609425e-01
6.637734255758609425e-01
6.637734255758609425e-01
6.637734255758609425e-01
6.637734255758609425e-01
6.637734255758609425e-01
6.637734255758609425e-01
6.637734255758609425e-01
6.637734255758609425e-01
6.637734255758609425e-01
6.637734255758609425e-01
6.637734255758609425e-01
6.637734255758609425e-01
6.637734255758609425e-01
6.637734255758609425e-01
6.637734255758609425e-01
6.637734255758609425e-01
6.637734255758609425e-01
6.637734255758609425e-01
6.637734255758609425e-01
6.637734255758609425e-01
6.637734255758609425e-01
6.637734255758609425e-01
6.637734255758609425e-01
6.637734255758609425e-01
6.637734255758609425e-01
6.637734255758609425e-01
6.637734255758609425e-01
6.637734255758609425e-01
6.637734255758609425e-01
6.637734255758609425e-01
6.637734255758609425e-01
6.637734255758609425e-01
6.637734255758609425e-01
6.637734255758609425e-01
6.637734255758609425e-01
6.637734255758609425e-01
6.637734255758609425e-01
6.637734255758609425e-01
6.637734255758609425e-01
6.637734255758609425e-01
6.637734255758609425e-01
6.637734255758609425e-01
6.637734255758609425e-01
6.637734255758609425e-01
6.637734255758609425e-01
6.637734255758609425e-01
6.637734255758609425e-01
6.637734255758609425e-01
6.637734255758609425e-01
6.637734255758609425e-01
6.637734255758609425e-01
6.637734255758609425e-01
6.637734255758609425e-01
6.637734255758609425e-01
6.637734255758609425e-01
6.637734255758609425e-01
6.637734255758609425e-01
6.637734255758609425e-01
6.637734255758609425e-01
6.637734255758609425e-01
6.637734255758609425e-01
6.637734255758609425e-01
6.637734255758609425e-01
6.637734255758609425e-01
6.637734255758609425e-01
6.637734255758609425e-01
6.637734255758609425e-01
6.637734255758609425e-01
6.637734255758609425e-01
6.637734255758609425e-01
6.637734255758609425e-01
6.637734255758609425e-01
6.637734255758609425e-01
6.637734255758609425e-01
6.637734255758609425e-01
6.637734255758609425e-01
6.637734255758609425e-01
6.637734255758609425e-01
6.637734255758609425e-01
6.637734255758609425e-01
6.637734255758609425e-01
6.637734255758609425e-01
6.637734255758609425e-01
6.637734255758609425e-01
6.637734255758609425e-01
6.637734255758609425e-01
6.637734255758609425e-01
6.637734255758609425e-01
6.637734255758609425e-01
6.637734255758609425e-01
6.637734255758609425e-01
6.637734255758609425e-01
6.637734255758609425e-01
6.637734255758609425e-01
6.637734255758609425e-01
6.637734255758609425e-01
6.637734255758609425e-01
6.637734255758609425e-01
6.637734255758609425e-01
6.637734255758609425e-01
6.637734255758609425e-01
6.637734255758609425e-01
6.637734255758609425e-01
6.637734255758609425e-01
6.637734255758609425e-01
6.637734255758609425e-01
6.637734255758609425e-01
6.637734255758609425e-01
6.637734255758609425e-01
6.637734255758609425e-01
6.637734255758609425e-01
6.637734255758609425e-01
6.637734255758609425e-01
6.637734255758609425e-01
6.637734255758609425e-01
6.637734255758609425e-01
6.637734255758609425e-01
6.637734255758609425e-01
6.637734255758609425e-01
6.637734255758609425e-01
6.637734255758609425e-01
6.637734255758609425e-01
6.637734255758609425e-01
6.637734255758609425e-01
6.637734255758609425e-01
6.637734255758609425e-01
6.637734255758609425e-01
6.637734255758609425e-01
6.637734255758609425e-01
6.637734255758609425e-01
6.637734255758609425e-01
6.637734255758609425e-01
6.637734255758609425e-01
6.637734255758609425e-01
6.637734255758609425e-01
6.637734255758609425e-01
6.637734255758609425e-01
6.637734255758609425e-01
6.637734255758609425e-01
6.637734255758609425e-01
6.637734255758609425e-01
6.637734255758609425e-01
6.637734255758609425e-01
6.637382731728262986e-01
6.637382731728262986e-01
6.637382731728262986e-01
6.637382731728262986e-01
6.637382731728262986e-01
6.637382731728262986e-01
6.637382731728262986e-01
6.637382731728262986e-01
6.637382731728262986e-01
6.637382731728262986e-01
6.637382731728262986e-01
6.616992788318203367e-01
6.616992788318203367e-01
6.616992788318203367e-01
6.616992788318203367e-01
6.616992788318203367e-01
6.616992788318203367e-01
6.616992788318203367e-01
6.616992788318203367e-01
6.616992788318203367e-01
6.616992788318203367e-01
6.616992788318203367e-01
6.616992788318203367e-01
6.616992788318203367e-01
6.616992788318203367e-01
6.616992788318203367e-01
6.616992788318203367e-01
6.616992788318203367e-01
6.616992788318203367e-01
6.616992788318203367e-01
6.616992788318203367e-01
6.616992788318203367e-01
6.616992788318203367e-01
6.616992788318203367e-01
6.616992788318203367e-01
6.616992788318203367e-01
6.616992788318203367e-01
6.616992788318203367e-01
6.616992788318203367e-01
6.616992788318203367e-01
6.616992788318203367e-01
6.616992788318203367e-01
6.616992788318203367e-01
6.616992788318203367e-01
6.616992788318203367e-01
6.616992788318203367e-01
6.616992788318203367e-01
6.616992788318203367e-01
6.616992788318203367e-01
6.616992788318203367e-01
6.616992788318203367e-01
6.616992788318203367e-01
6.616992788318203367e-01
6.616992788318203367e-01
6.616992788318203367e-01
6.616992788318203367e-01
6.616992788318203367e-01
6.616992788318203367e-01
6.616992788318203367e-01
6.616992788318203367e-01
6.616992788318203367e-01
6.616992788318203367e-01
6.616992788318203367e-01
6.616992788318203367e-01
6.616992788318203367e-01
6.616992788318203367e-01
6.616992788318203367e-01
6.616992788318203367e-01
6.616992788318203367e-01
6.616992788318203367e-01
6.616992788318203367e-01
6.616992788318203367e-01
6.616992788318203367e-01
6.616992788318203367e-01
6.616992788318203367e-01
6.616992788318203367e-01
6.616992788318203367e-01
6.616992788318203367e-01
6.616992788318203367e-01
6.616992788318203367e-01
6.616992788318203367e-01
6.616992788318203367e-01
6.616992788318203367e-01
6.616992788318203367e-01
6.616992788318203367e-01
6.616992788318203367e-01
6.616992788318203367e-01
6.616992788318203367e-01
6.616992788318203367e-01
6.616992788318203367e-01
6.616992788318203367e-01
6.616992788318203367e-01
6.616992788318203367e-01
6.616992788318203367e-01
6.616992788318203367e-01
6.616992788318203367e-01
6.616992788318203367e-01
6.616992788318203367e-01
6.616992788318203367e-01
6.616992788318203367e-01
6.616992788318203367e-01
6.616992788318203367e-01
6.616992788318203367e-01
6.616992788318203367e-01
6.616992788318203367e-01
6.616992788318203367e-01
6.616992788318203367e-01
6.616992788318203367e-01
6.616992788318203367e-01
6.616992788318203367e-01
6.616992788318203367e-01
6.616992788318203367e-01
6.616992788318203367e-01
6.616992788318203367e-01
6.616992788318203367e-01
6.616992788318203367e-01
6.616992788318203367e-01
6.616992788318203367e-01
6.616992788318203367e-01
6.616992788318203367e-01
6.616992788318203367e-01
6.616992788318203367e-01
6.616992788318203367e-01
6.616992788318203367e-01
6.616992788318203367e-01
6.616992788318203367e-01
6.616992788318203367e-01
6.616992788318203367e-01
6.616992788318203367e-01
6.616992788318203367e-01
6.616992788318203367e-01
6.616992788318203367e-01
6.616992788318203367e-01
6.616992788318203367e-01
6.616992788318203367e-01
6.616992788318203367e-01
6.616992788318203367e-01
6.616992788318203367e-01
6.616992788318203367e-01
6.616992788318203367e-01
6.616992788318203367e-01
6.616992788318203367e-01
6.616992788318203367e-01
6.616992788318203367e-01
6.616992788318203367e-01
6.616992788318203367e-01
6.616992788318203367e-01
6.616992788318203367e-01
6.616992788318203367e-01
6.616992788318203367e-01
6.616992788318203367e-01
6.616992788318203367e-01
6.616992788318203367e-01
6.616992788318203367e-01
6.616992788318203367e-01
6.616992788318203367e-01
6.616992788318203367e-01
6.616992788318203367e-01
6.616992788318203367e-01
6.616992788318203367e-01
6.616992788318203367e-01
6.616992788318203367e-01
6.616992788318203367e-01
6.616992788318203367e-01
6.616992788318203367e-01
6.616992788318203367e-01
6.616992788318203367e-01
6.616992788318203367e-01
6.616992788318203367e-01
6.616992788318203367e-01
6.616992788318203367e-01
6.616992788318203367e-01
6.616992788318203367e-01
6.616992788318203367e-01
6.616992788318203367e-01
6.616992788318203367e-01
6.616992788318203367e-01
6.616992788318203367e-01
6.616992788318203367e-01
6.616992788318203367e-01
6.616992788318203367e-01
6.616992788318203367e-01
6.616992788318203367e-01
6.616992788318203367e-01
6.616992788318203367e-01
6.616992788318203367e-01
6.616992788318203367e-01
6.616992788318203367e-01
6.616992788318203367e-01
6.616992788318203367e-01
6.616992788318203367e-01
6.616992788318203367e-01
6.616992788318203367e-01
6.616992788318203367e-01
6.616992788318203367e-01
6.616992788318203367e-01
6.616992788318203367e-01
6.616992788318203367e-01
6.616992788318203367e-01
6.616992788318203367e-01
6.616992788318203367e-01
6.616992788318203367e-01
6.616992788318203367e-01
6.616992788318203367e-01
6.616992788318203367e-01
6.616992788318203367e-01
6.616992788318203367e-01
6.616992788318203367e-01
6.616992788318203367e-01
6.616992788318203367e-01
6.616992788318203367e-01
6.616992788318203367e-01
6.616992788318203367e-01
6.616992788318203367e-01
6.616992788318203367e-01
6.616992788318203367e-01
6.616992788318203367e-01
6.616992788318203367e-01
6.616992788318203367e-01
6.616992788318203367e-01
6.616992788318203367e-01
6.616992788318203367e-01
6.616992788318203367e-01
6.616992788318203367e-01
6.616992788318203367e-01
6.616992788318203367e-01
6.616992788318203367e-01
6.616992788318203367e-01
6.616992788318203367e-01
6.616992788318203367e-01
6.616992788318203367e-01
6.616992788318203367e-01
6.616992788318203367e-01
6.616992788318203367e-01
6.616992788318203367e-01
6.616992788318203367e-01
6.616992788318203367e-01
6.616992788318203367e-01
6.616992788318203367e-01
6.616992788318203367e-01
6.616992788318203367e-01
6.616992788318203367e-01
6.616992788318203367e-01
6.616992788318203367e-01
6.616992788318203367e-01
6.616992788318203367e-01
6.616992788318203367e-01
6.616992788318203367e-01
6.616992788318203367e-01
6.616992788318203367e-01
6.616992788318203367e-01
6.616992788318203367e-01
6.616992788318203367e-01
6.616992788318203367e-01
6.616992788318203367e-01
6.616992788318203367e-01
6.616992788318203367e-01
6.616992788318203367e-01
6.616992788318203367e-01
6.616992788318203367e-01
6.616992788318203367e-01
6.616992788318203367e-01
6.616992788318203367e-01
6.616992788318203367e-01
6.616992788318203367e-01
6.616992788318203367e-01
6.616992788318203367e-01
6.616992788318203367e-01
6.616992788318203367e-01
6.616992788318203367e-01
6.616992788318203367e-01
6.616992788318203367e-01
6.616992788318203367e-01
6.616992788318203367e-01
6.616992788318203367e-01
6.616992788318203367e-01
6.616992788318203367e-01
6.616992788318203367e-01
6.616992788318203367e-01
6.616992788318203367e-01
6.616992788318203367e-01
6.616992788318203367e-01
6.616992788318203367e-01
6.616992788318203367e-01
6.616992788318203367e-01
6.616992788318203367e-01
6.616992788318203367e-01
6.616992788318203367e-01
6.616992788318203367e-01
6.616992788318203367e-01
6.616992788318203367e-01
6.616992788318203367e-01
6.616992788318203367e-01
6.616992788318203367e-01
6.616992788318203367e-01
6.616992788318203367e-01
6.616992788318203367e-01
6.616992788318203367e-01
6.616992788318203367e-01
6.616992788318203367e-01
6.616992788318203367e-01
6.616992788318203367e-01
6.616992788318203367e-01
6.616992788318203367e-01
6.616992788318203367e-01
6.616992788318203367e-01
6.616992788318203367e-01
6.616992788318203367e-01
6.616992788318203367e-01
6.616992788318203367e-01
6.616992788318203367e-01
6.616992788318203367e-01
6.616992788318203367e-01
6.616992788318203367e-01
6.616992788318203367e-01
6.616992788318203367e-01
6.616992788318203367e-01
6.616992788318203367e-01
6.616992788318203367e-01
6.616992788318203367e-01
6.616992788318203367e-01
6.616992788318203367e-01
6.616992788318203367e-01
6.616992788318203367e-01
6.616992788318203367e-01
6.616992788318203367e-01
6.616992788318203367e-01
6.616992788318203367e-01
6.616992788318203367e-01
6.616992788318203367e-01
6.616992788318203367e-01
6.616992788318203367e-01
6.616992788318203367e-01
6.616992788318203367e-01
6.616992788318203367e-01
6.616992788318203367e-01
6.616992788318203367e-01
6.616992788318203367e-01
6.616992788318203367e-01
6.616992788318203367e-01
6.616992788318203367e-01
6.616992788318203367e-01
6.616992788318203367e-01
6.616992788318203367e-01
6.616992788318203367e-01
6.616992788318203367e-01
6.616992788318203367e-01
6.616992788318203367e-01
6.616992788318203367e-01
6.616992788318203367e-01
6.616992788318203367e-01
6.616992788318203367e-01
6.616992788318203367e-01
6.616992788318203367e-01
6.616992788318203367e-01
6.616992788318203367e-01
6.616992788318203367e-01
6.616992788318203367e-01
6.616992788318203367e-01
6.616992788318203367e-01
6.616992788318203367e-01
6.616992788318203367e-01
6.616992788318203367e-01
6.616992788318203367e-01
6.616992788318203367e-01
6.616992788318203367e-01
6.616992788318203367e-01
6.616992788318203367e-01
6.616992788318203367e-01
6.616992788318203367e-01
6.616992788318203367e-01
6.616992788318203367e-01
6.616992788318203367e-01
6.616992788318203367e-01
6.616992788318203367e-01
6.616992788318203367e-01
6.616992788318203367e-01
6.616992788318203367e-01
6.616992788318203367e-01
6.616992788318203367e-01
6.616992788318203367e-01
6.616992788318203367e-01
6.616992788318203367e-01
6.616992788318203367e-01
6.616992788318203367e-01
6.616992788318203367e-01
6.616992788318203367e-01
6.616992788318203367e-01
6.616992788318203367e-01
6.616992788318203367e-01
6.616992788318203367e-01
6.616992788318203367e-01
