0.000000000000000000e+00
4.305353633442959849e-02
4.305353633442959849e-02
4.305353633442959849e-02
4.305353633442959849e-02
4.305353633442959849e-02
4.305353633442959849e-02
4.305353633442959849e-02
4.305353633442959849e-02
4.305353633442959849e-02
4.305353633442959849e-02
4.305353633442959849e-02
4.305353633442959849e-02
4.305353633442959849e-02
4.305353633442959849e-02
4.305353633442959849e-02
4.305353633442959849e-02
4.305353633442959849e-02
4.305353633442959849e-02
4.305353633442959849e-02
4.305353633442959849e-02
4.305353633442959849e-02
4.305353633442959849e-02
4.305353633442959849e-02
4.305353633442959849e-02
4.305353633442959849e-02
4.305353633442959849e-02
4.305353633442959849e-02
4.305353633442959849e-02
4.305353633442959849e-02
4.305353633442959849e-02
4.305353633442959849e-02
4.305353633442959849e-02
4.305353633442959849e-02
4.305353633442959849e-02
4.305353633442959849e-02
4.305353633442959849e-02
4.305353633442959849e-02
4.305353633442959849e-02
4.305353633442959849e-02
4.305353633442959849e-02
4.305353633442959849e-02
4.305353633442959849e-02
4.305353633442959849e-02
4.305353633442959849e-02
4.305353633442959849e-02
4.305353633442959849e-02
4.305353633442959849e-02
4.305353633442959849e-02
4.305353633442959849e-02
4.305353633442959849e-02
4.305353633442959849e-02
4.305353633442959849e-02
4.305353633442959849e-02
4.305353633442959849e-02
4.305353633442959849e-02
4.305353633442959849e-02
4.305353633442959849e-02
4.305353633442959849e-02
4.305353633442959849e-02
4.305353633442959849e-02
4.305353633442959849e-02
4.305353633442959849e-02
4.305353633442959849e-02
4.305353633442959849e-02
4.305353633442959849e-02
4.305353633442959849e-02
4.305353633442959849e-02
4.305353633442959849e-02
4.305353633442959849e-02
4.305353633442959849e-02
4.305353633442959849e-02
4.305353633442959849e-02
4.305353633442959849e-02
4.305353633442959849e-02
4.305353633442959849e-02
4.305353633442959849e-02
4.305353633442959849e-02
4.305353633442959849e-02
4.305353633442959849e-02
4.305353633442959849e-02
4.305353633442959849e-02
4.305353633442959849e-02
4.305353633442959849e-02
4.305353633442959849e-02
4.305353633442959849e-02
4.305353633442959849e-02
4.305353633442959849e-02
4.305353633442959849e-02
4.305353633442959849e-02
4.305353633442959849e-02
4.305353633442959849e-02
4.305353633442959849e-02
4.305353633442959849e-02
4.305353633442959849e-02
4.305353633442959849e-02
4.305353633442959849e-02
4.305353633442959849e-02
4.305353633442959849e-02
4.305353633442959849e-02
4.305353633442959849e-02
4.305353633442959849e-02
4.305353633442959849e-02
4.305353633442959849e-02
4.305353633442959849e-02
4.305353633442959849e-02
4.305353633442959849e-02
4.305353633442959849e-02
4.305353633442959849e-02
4.305353633442959849e-02
4.305353633442959849e-02
4.305353633442959849e-02
4.305353633442959849e-02
4.305353633442959849e-02
4.305353633442959849e-02
4.305353633442959849e-02
4.305353633442959849e-02
4.305353633442959849e-02
4.305353633442959849e-02
4.305353633442959849e-02
4.305353633442959849e-02
4.305353633442959849e-02
4.305353633442959849e-02
4.305353633442959849e-02
4.305353633442959849e-02
4.305353633442959849e-02
4.305353633442959849e-02
4.305353633442959849e-02
4.305353633442959849e-02
4.305353633442959849e-02
4.305353633442959849e-02
4.305353633442959849e-02
4.305353633442959849e-02
4.305353633442959849e-02
4.305353633442959849e-02
4.305353633442959849e-02
4.305353633442959849e-02
4.305353633442959849e-02
4.305353633442959849e-02
4.305353633442959849e-02
4.305353633442959849e-02
4.305353633442959849e-02
4.305353633442959849e-02
4.305353633442959849e-02
4.305353633442959849e-02
4.305353633442959849e-02
4.305353633442959849e-02
4.305353633442959849e-02
4.305353633442959849e-02
4.305353633442959849e-02
4.305353633442959849e-02
4.305353633442959849e-02
4.305353633442959849e-02
4.305353633442959849e-02
4.157368734431803742e-02
4.157368734431803742e-02
4.157368734431803742e-02
4.157368734431803742e-02
4.157368734431803742e-02
4.157368734431803742e-02
4.157368734431803742e-02
4.157368734431803742e-02
4.157368734431803742e-02
4.157368734431803742e-02
4.157368734431803742e-02
4.157368734431803742e-02
4.157368734431803742e-02
4.157368734431803742e-02
4.157368734431803742e-02
4.157368734431803742e-02
4.157368734431803742e-02
4.157368734431803742e-02
4.157368734431803742e-02
4.157368734431803742e-02
4.157368734431803742e-02
4.157368734431803742e-02
4.157368734431803742e-02
4.157368734431803742e-02
4.280352095475972729e-02
4.280352095475972729e-02
4.280352095475972729e-02
4.280352095475972729e-02
4.280352095475972729e-02
4.323426399686614019e-02
4.613221249683844422e-02
4.613221249683844422e-02
4.613221249683844422e-02
4.613221249683844422e-02
4.613221249683844422e-02
4.613221249683844422e-02
4.613221249683844422e-02
4.613221249683844422e-02
4.613221249683844422e-02
4.705255809437194209e-02
4.705255809437194209e-02
4.705255809437194209e-02
4.705255809437194209e-02
4.705255809437194209e-02
4.705255809437194209e-02
4.705255809437194209e-02
4.614281810857465832e-02
4.614281810857465832e-02
4.768307471735241249e-02
4.768307471735241249e-02
4.768307471735241249e-02
4.768307471735241249e-02
4.860493219590381053e-02
4.860493219590381053e-02
4.860493219590381053e-02
4.860493219590381053e-02
4.860493219590381053e-02
4.860493219590381053e-02
4.860493219590381053e-02
4.860493219590381053e-02
4.860493219590381053e-02
4.860493219590381053e-02
4.773094514427832918e-02
4.750685664601882879e-02
4.703144903680192557e-02
4.703144903680192557e-02
4.703144903680192557e-02
4.703144903680192557e-02
4.703144903680192557e-02
4.703144903680192557e-02
4.703144903680192557e-02
4.703144903680192557e-02
4.703144903680192557e-02
4.703144903680192557e-02
4.703144903680192557e-02
4.435030385045610896e-02
4.438332393607333920e-02
4.521306168452147306e-02
4.521306168452147306e-02
4.521306168452147306e-02
4.285485894176194882e-02
4.435883658531045159e-02
4.435883658531045159e-02
4.435883658531045159e-02
4.435883658531045159e-02
4.469370380906803608e-02
4.469370380906803608e-02
4.469370380906803608e-02
4.469370380906803608e-02
4.286001378156498870e-02
4.286001378156498870e-02
4.286001378156498870e-02
4.286001378156498870e-02
4.286001378156498870e-02
4.286001378156498870e-02
4.181293529556005112e-02
4.363362446767727471e-02
4.363362446767727471e-02
4.184906127283308935e-02
4.184906127283308935e-02
4.184906127283308935e-02
4.184906127283308935e-02
4.184906127283308935e-02
4.184906127283308935e-02
4.022497529318275894e-02
4.022497529318275894e-02
4.228624367840630449e-02
4.228624367840630449e-02
4.228624367840630449e-02
4.502166003741101680e-02
4.502166003741101680e-02
4.502166003741101680e-02
4.502166003741101680e-02
4.502166003741101680e-02
4.502166003741101680e-02
4.502166003741101680e-02
4.604948043657269841e-02
4.604948043657269841e-02
4.467071169314800611e-02
4.467071169314800611e-02
4.467071169314800611e-02
4.467071169314800611e-02
4.665990960914768310e-02
4.665990960914768310e-02
4.665990960914768310e-02
4.791766987981879722e-02
4.946512591380699403e-02
4.946512591380699403e-02
4.946512591380699403e-02
5.008777441956691057e-02
5.025045771910290754e-02
5.150634628164230816e-02
5.150634628164230816e-02
5.079704833049069473e-02
5.079704833049069473e-02
5.079704833049069473e-02
5.079704833049069473e-02
5.079704833049069473e-02
5.079704833049069473e-02
5.079704833049069473e-02
5.079704833049069473e-02
4.962270616335217460e-02
4.962270616335217460e-02
5.094912369655286294e-02
5.094912369655286294e-02
5.094912369655286294e-02
4.991262977869270062e-02
5.001319636740676061e-02
5.001319636740676061e-02
5.001319636740676061e-02
5.001319636740676061e-02
5.001319636740676061e-02
4.942948157275820625e-02
4.942948157275820625e-02
4.942948157275820625e-02
5.064271992520730237e-02
5.095753416384374984e-02
5.321859128647572074e-02
5.448848295611190967e-02
5.338275335544198641e-02
5.338275335544198641e-02
5.263739963480304485e-02
5.333707273886697381e-02
5.333707273886697381e-02
5.255099421681436872e-02
5.255099421681436872e-02
5.255099421681436872e-02
5.255099421681436872e-02
5.255099421681436872e-02
5.252999667351467700e-02
5.252999667351467700e-02
5.416910770468145314e-02
5.416910770468145314e-02
5.358755784514970810e-02
5.358755784514970810e-02
5.358755784514970810e-02
5.358755784514970810e-02
5.358755784514970810e-02
5.534334916066752791e-02
5.534334916066752791e-02
5.497987736530753761e-02
5.497987736530753761e-02
5.497987736530753761e-02
5.483211953762354152e-02
5.593251045658178405e-02
5.493779849108793717e-02
5.493779849108793717e-02
5.404551236155525490e-02
5.458703259189042617e-02
5.390057520450173417e-02
5.251413342212202934e-02
5.251413342212202934e-02
5.171918230718106080e-02
5.240012970276487075e-02
5.240012970276487075e-02
5.350292287574320849e-02
5.350292287574320849e-02
5.350292287574320849e-02
5.350292287574320849e-02
5.350292287574320849e-02
5.474972600685628493e-02
5.474972600685628493e-02
5.474972600685628493e-02
5.638162550999813866e-02
5.633844042516428924e-02
5.555407137903799891e-02
5.631720892860406918e-02
5.640077591279021169e-02
5.640077591279021169e-02
5.640077591279021169e-02
5.640077591279021169e-02
5.754822592963343419e-02
5.737872439447431333e-02
5.737872439447431333e-02
5.737872439447431333e-02
5.737872439447431333e-02
5.737872439447431333e-02
5.737872439447431333e-02
5.737872439447431333e-02
5.737872439447431333e-02
5.905606795672918574e-02
5.862420298225320264e-02
5.942015051120180108e-02
5.942015051120180108e-02
5.942015051120180108e-02
5.879372266454573753e-02
5.832862854835128147e-02
5.832862854835128147e-02
5.832862854835128147e-02
5.498815806531746203e-02
5.498815806531746203e-02
5.498815806531746203e-02
5.498815806531746203e-02
5.498815806531746203e-02
5.587876600101515656e-02
5.616530013702625973e-02
5.611288315705755675e-02
5.708447318701561496e-02
5.708447318701561496e-02
5.717028494633808605e-02
5.566270716654576206e-02
5.566270716654576206e-02
5.566270716654576206e-02
5.376732831822367276e-02
5.452226946694194165e-02
5.550411852609538066e-02
5.550411852609538066e-02
5.507600432797159912e-02
5.366465891580782244e-02
5.322143145965590322e-02
5.289425968178451676e-02
5.146825287656540265e-02
5.024662731133423127e-02
5.024662731133423127e-02
5.024662731133423127e-02
5.024662731133423127e-02
5.024662731133423127e-02
5.024662731133423127e-02
5.112368224563873520e-02
5.112368224563873520e-02
5.112368224563873520e-02
5.112368224563873520e-02
5.074047487597580647e-02
5.074047487597580647e-02
5.074047487597580647e-02
5.074047487597580647e-02
5.146283665580188987e-02
5.038839221616823322e-02
5.038839221616823322e-02
5.038839221616823322e-02
5.049348535662793319e-02
5.049348535662793319e-02
5.049348535662793319e-02
5.049348535662793319e-02
5.128613952524075509e-02
5.246524098455986745e-02
5.141982321186161498e-02
5.141982321186161498e-02
5.222510762762188480e-02
5.222510762762188480e-02
5.222510762762188480e-02
5.222510762762188480e-02
5.140826551429659302e-02
5.071955066582307242e-02
4.925121712574845323e-02
4.925121712574845323e-02
4.814716671015978333e-02
4.894447141942274287e-02
4.900491654580140660e-02
4.900491654580140660e-02
4.865686524537898155e-02
4.865686524537898155e-02
4.865686524537898155e-02
4.865686524537898155e-02
4.865686524537898155e-02
4.865686524537898155e-02
4.865686524537898155e-02
4.865686524537898155e-02
4.957324177478011906e-02
4.957324177478011906e-02
4.892943445961345922e-02
4.849928318999490590e-02
4.929497334717530821e-02
4.929497334717530821e-02
4.929497334717530821e-02
4.929497334717530821e-02
4.929497334717530821e-02
4.937401028411107090e-02
5.024410395729499851e-02
5.024410395729499851e-02
5.024410395729499851e-02
5.150393552219417748e-02
5.150393552219417748e-02
5.150393552219417748e-02
5.150393552219417748e-02
5.108944090628588647e-02
5.108944090628588647e-02
5.236934271143420250e-02
5.236934271143420250e-02
5.236934271143420250e-02
5.236934271143420250e-02
5.236934271143420250e-02
5.236934271143420250e-02
5.322765196968907292e-02
5.320329626004937501e-02
5.289393945928347329e-02
5.342565505987847269e-02
5.342565505987847269e-02
5.342565505987847269e-02
5.347274225170182277e-02
5.347274225170182277e-02
5.347274225170182277e-02
5.347274225170182277e-02
5.202123726471877957e-02
5.202123726471877957e-02
5.220713553006906676e-02
5.143883928374049647e-02
5.170233083156627885e-02
5.170233083156627885e-02
5.121396924014337548e-02
5.121396924014337548e-02
5.121396924014337548e-02
4.978429967311177179e-02
4.978429967311177179e-02
4.978429967311177179e-02
4.978429967311177179e-02
5.030661451880368701e-02
4.990920987877827536e-02
4.990920987877827536e-02
4.990920987877827536e-02
4.855200393510982620e-02
4.855200393510982620e-02
4.939409990382115367e-02
4.990860583447523369e-02
4.990860583447523369e-02
4.939727593026386337e-02
4.939727593026386337e-02
4.904449908003932768e-02
4.904449908003932768e-02
4.904449908003932768e-02
4.990689032615307913e-02
4.990689032615307913e-02
4.990689032615307913e-02
4.990689032615307913e-02
4.990689032615307913e-02
4.990689032615307913e-02
4.990689032615307913e-02
4.990689032615307913e-02
4.990689032615307913e-02
4.990689032615307913e-02
4.990689032615307913e-02
4.990689032615307913e-02
4.990689032615307913e-02
4.990689032615307913e-02
4.990689032615307913e-02
4.960057276429774564e-02
4.960057276429774564e-02
4.960057276429774564e-02
5.010469446131183419e-02
5.010469446131183419e-02
5.010469446131183419e-02
5.010469446131183419e-02
5.010469446131183419e-02
4.898639885829365187e-02
4.868347845039158045e-02
4.868347845039158045e-02
4.868347845039158045e-02
4.886122722914269106e-02
4.886122722914269106e-02
4.864400583230538838e-02
4.864400583230538838e-02
4.928037226344857830e-02
4.928037226344857830e-02
4.928037226344857830e-02
4.873951594931357628e-02
4.985753111796690368e-02
4.985753111796690368e-02
5.080621738428998252e-02
5.046626638678477356e-02
5.128241315884984192e-02
5.208948625358295753e-02
5.208948625358295753e-02
5.208948625358295753e-02
5.208948625358295753e-02
5.232540994410692786e-02
5.232540994410692786e-02
5.232540994410692786e-02
5.232540994410692786e-02
5.232540994410692786e-02
5.232540994410692786e-02
5.232540994410692786e-02
5.232540994410692786e-02
5.030458506613497832e-02
4.839471283211291969e-02
4.877843317719395694e-02
4.877843317719395694e-02
4.831774214755293895e-02
4.876940511445996412e-02
4.876940511445996412e-02
4.800986492706233594e-02
4.739470402598188609e-02
4.707566995856588693e-02
4.707566995856588693e-02
4.707566995856588693e-02
4.786460075351425120e-02
4.786460075351425120e-02
4.786460075351425120e-02
4.786460075351425120e-02
4.786460075351425120e-02
4.786460075351425120e-02
4.786460075351425120e-02
4.786460075351425120e-02
4.786460075351425120e-02
4.786460075351425120e-02
4.786460075351425120e-02
4.712534520009451638e-02
4.800154708601680337e-02
4.864137291463510593e-02
4.864137291463510593e-02
4.864137291463510593e-02
4.864137291463510593e-02
4.896324088552714976e-02
4.938103393190467622e-02
4.938103393190467622e-02
4.923407477275459215e-02
4.916306456927242025e-02
4.916306456927242025e-02
4.962938161689243316e-02
5.100540731061453670e-02
5.100540731061453670e-02
5.046972900675530255e-02
5.042404117299242872e-02
5.042404117299242872e-02
5.080844883927077005e-02
5.080844883927077005e-02
5.005638030213752782e-02
5.066937390746650144e-02
5.026940666982106926e-02
5.069626224061549863e-02
5.069626224061549863e-02
5.126933676041647153e-02
5.235580566588359658e-02
5.441376405665718230e-02
5.441376405665718230e-02
5.441376405665718230e-02
5.565149693045212675e-02
5.565149693045212675e-02
5.565149693045212675e-02
5.565149693045212675e-02
5.565149693045212675e-02
5.565149693045212675e-02
5.565149693045212675e-02
5.565149693045212675e-02
5.505731275704620065e-02
5.505731275704620065e-02
5.505731275704620065e-02
5.508922541548775392e-02
5.443178242859878641e-02
5.411059209992085534e-02
5.411059209992085534e-02
5.530339698783482555e-02
5.530339698783482555e-02
5.530339698783482555e-02
5.530339698783482555e-02
5.566222084876485537e-02
5.566222084876485537e-02
5.566222084876485537e-02
5.566222084876485537e-02
5.566222084876485537e-02
5.566222084876485537e-02
5.620808708520633884e-02
5.620808708520633884e-02
5.620808708520633884e-02
5.620808708520633884e-02
5.669606921645117120e-02
5.669606921645117120e-02
5.730198962991735895e-02
5.730198962991735895e-02
5.730198962991735895e-02
5.730198962991735895e-02
5.674211971683620903e-02
5.533189685706271094e-02
5.584667567223614015e-02
5.584667567223614015e-02
5.584667567223614015e-02
5.551378121276937666e-02
5.551378121276937666e-02
5.551378121276937666e-02
5.638152370228999288e-02
5.638152370228999288e-02
5.638152370228999288e-02
5.638152370228999288e-02
5.638152370228999288e-02
5.572258698437682067e-02
5.572258698437682067e-02
5.535906502605048018e-02
5.512622785619366444e-02
5.512622785619366444e-02
5.494828935156430977e-02
5.494828935156430977e-02
5.494828935156430977e-02
5.509385151365040617e-02
5.509385151365040617e-02
5.509385151365040617e-02
5.385680335135986652e-02
5.385680335135986652e-02
5.385680335135986652e-02
5.374552454532171425e-02
5.461719591792488226e-02
5.461719591792488226e-02
5.461719591792488226e-02
5.461719591792488226e-02
5.461719591792488226e-02
5.461719591792488226e-02
5.651727586414779375e-02
5.651727586414779375e-02
5.651727586414779375e-02
5.651727586414779375e-02
5.651727586414779375e-02
5.651727586414779375e-02
5.651727586414779375e-02
5.651727586414779375e-02
5.651727586414779375e-02
5.691162408997995498e-02
5.691162408997995498e-02
5.717633343145680364e-02
5.777613283176558784e-02
5.882394019963932408e-02
5.683871338228363435e-02
5.612835844976851035e-02
5.700385198118607111e-02
5.630752335794725338e-02
5.656337248481441843e-02
5.656337248481441843e-02
5.618009490860100680e-02
5.618009490860100680e-02
5.618009490860100680e-02
5.668570464360633138e-02
5.668570464360633138e-02
5.705025108960849051e-02
5.763513711670061740e-02
5.763513711670061740e-02
5.808134412735358604e-02
5.845910153541868798e-02
5.781919954306636439e-02
5.824054991973547785e-02
5.824054991973547785e-02
5.861189136287291851e-02
5.861189136287291851e-02
5.791435516813500661e-02
5.791435516813500661e-02
5.791435516813500661e-02
5.791435516813500661e-02
5.729969497896172936e-02
5.729969497896172936e-02
5.729969497896172936e-02
5.729969497896172936e-02
5.729969497896172936e-02
5.729969497896172936e-02
5.729969497896172936e-02
5.729969497896172936e-02
5.774220708429438770e-02
5.787806616891474909e-02
5.733187100385087054e-02
5.733187100385087054e-02
5.733187100385087054e-02
5.789053330016494942e-02
5.789053330016494942e-02
5.789053330016494942e-02
5.835287183343591116e-02
5.835287183343591116e-02
5.945140687630618564e-02
5.945140687630618564e-02
5.945140687630618564e-02
5.945140687630618564e-02
5.983411987216816913e-02
5.983411987216816913e-02
5.921825709122795905e-02
5.921825709122795905e-02
5.726193279289106680e-02
5.726193279289106680e-02
5.726193279289106680e-02
5.673308157718012085e-02
5.673308157718012085e-02
5.655688279300333937e-02
5.595036759752992223e-02
5.595036759752992223e-02
5.595036759752992223e-02
5.595036759752992223e-02
5.611217834458422787e-02
5.602683163155571661e-02
5.602683163155571661e-02
5.602683163155571661e-02
5.602683163155571661e-02
5.602683163155571661e-02
5.292220086922528460e-02
5.232296209559383210e-02
5.132598050570227194e-02
5.035740456771215651e-02
5.013797915447906067e-02
5.013797915447906067e-02
5.013797915447906067e-02
5.013797915447906067e-02
5.050186722929259769e-02
5.050186722929259769e-02
5.050186722929259769e-02
5.050186722929259769e-02
5.050186722929259769e-02
5.076412106982847172e-02
5.076412106982847172e-02
5.111633872388766237e-02
5.111633872388766237e-02
5.106340170914486914e-02
5.106340170914486914e-02
5.106340170914486914e-02
5.331118971563086895e-02
5.372107065699242151e-02
5.264608758669370170e-02
5.264608758669370170e-02
5.264608758669370170e-02
5.178756652277150679e-02
5.178756652277150679e-02
5.178756652277150679e-02
5.212738068158754429e-02
5.212738068158754429e-02
5.212738068158754429e-02
5.106628924507043005e-02
5.106628924507043005e-02
5.133195312111119013e-02
5.133195312111119013e-02
5.133195312111119013e-02
5.133195312111119013e-02
5.070248641160857161e-02
5.101202753539250262e-02
5.043678717226010577e-02
5.043678717226010577e-02
5.081428120077696037e-02
5.081428120077696037e-02
5.081428120077696037e-02
5.126470477441352758e-02
5.267015104781320317e-02
5.267015104781320317e-02
5.306578809566851046e-02
5.358754174316907731e-02
5.358754174316907731e-02
5.358754174316907731e-02
5.358754174316907731e-02
5.358754174316907731e-02
5.331549983990399588e-02
5.331549983990399588e-02
5.323073865330552740e-02
5.338180587208634503e-02
5.196245903996312560e-02
5.134235604370330358e-02
5.187540865651169703e-02
5.177394669178911335e-02
5.118230889830741731e-02
5.159263988767249370e-02
5.159263988767249370e-02
5.348099473568076329e-02
5.348099473568076329e-02
5.348099473568076329e-02
5.348099473568076329e-02
5.348099473568076329e-02
5.309446757061355576e-02
5.370523441796487552e-02
5.411303864830871446e-02
5.411303864830871446e-02
5.411303864830871446e-02
5.430095569340658707e-02
5.430095569340658707e-02
5.595125100045702377e-02
5.595125100045702377e-02
5.595125100045702377e-02
5.593346848689761258e-02
5.601822641397832814e-02
5.601822641397832814e-02
5.642517843082526380e-02
5.611300007933541639e-02
5.549206790755405877e-02
5.549206790755405877e-02
5.549206790755405877e-02
5.558429538288287008e-02
5.558429538288287008e-02
5.374682649816336921e-02
5.374682649816336921e-02
5.534158767803309953e-02
5.534158767803309953e-02
5.534158767803309953e-02
5.772775728864060901e-02
5.562534130579629282e-02
5.562534130579629282e-02
5.562534130579629282e-02
5.562534130579629282e-02
5.557481768054911564e-02
5.557481768054911564e-02
5.829315189641085665e-02
5.829315189641085665e-02
5.978908892583658513e-02
5.919437444328918413e-02
5.919437444328918413e-02
5.919437444328918413e-02
5.919437444328918413e-02
5.921988871970664675e-02
5.921988871970664675e-02
5.921988871970664675e-02
5.921988871970664675e-02
5.948220322406410493e-02
5.948220322406410493e-02
5.948220322406410493e-02
5.955994833758353896e-02
5.955994833758353896e-02
5.955994833758353896e-02
5.955994833758353896e-02
5.955994833758353896e-02
5.955994833758353896e-02
5.955994833758353896e-02
5.955994833758353896e-02
-5.960190771480974870e-02
-5.960190771480974870e-02
-5.960190771480974870e-02
-5.960190771480974870e-02
-5.913832937706774845e-02
-5.944335790048171919e-02
-5.842538074281006938e-02
-5.891052435082313327e-02
-5.816206538050847086e-02
-5.816206538050847086e-02
-5.901669554663935974e-02
-5.838116076957863831e-02
-5.776740336527619313e-02
-5.776740336527619313e-02
-5.768296780168213900e-02
-5.711804254845218032e-02
-5.707934768852767488e-02
-5.707934768852767488e-02
-5.707934768852767488e-02
-5.707934768852767488e-02
-5.735600751243552509e-02
-5.735600751243552509e-02
-5.842708723714540309e-02
-6.054945916895494024e-02
-6.054945916895494024e-02
-6.054945916895494024e-02
-6.054945916895494024e-02
-6.054945916895494024e-02
-5.981169045856108563e-02
-6.014197104116380393e-02
-6.014197104116380393e-02
-6.014197104116380393e-02
-6.014197104116380393e-02
-6.010209392499000353e-02
-6.103507261958052155e-02
-6.101703668644498785e-02
-5.856659925088229107e-02
-5.856659925088229107e-02
-5.856659925088229107e-02
-5.695850467882978413e-02
-5.695850467882978413e-02
-5.729944031591613363e-02
-5.926437263986919501e-02
-5.928348233481452872e-02
-5.928348233481452872e-02
-5.983549059516616447e-02
-5.983036011833806761e-02
-5.983036011833806761e-02
-5.982754967191300510e-02
-5.813795138363297282e-02
-5.814660596202095993e-02
-5.814660596202095993e-02
-5.814660596202095993e-02
-5.679564643122847478e-02
-5.679564643122847478e-02
-5.610815396733750959e-02
-5.610815396733750959e-02
-5.744044267711419932e-02
-5.541706581165591755e-02
-5.541706581165591755e-02
-5.541706581165591755e-02
-5.541706581165591755e-02
-5.541706581165591755e-02
-5.541706581165591755e-02
-5.541706581165591755e-02
-5.541706581165591755e-02
-5.541706581165591755e-02
-5.537337083206247262e-02
-5.537337083206247262e-02
-5.537337083206247262e-02
-5.537337083206247262e-02
-5.537337083206247262e-02
-5.537337083206247262e-02
-5.590040663869188381e-02
-5.843624775674943761e-02
-5.843624775674943761e-02
-5.979146180967651741e-02
-6.024646821117837781e-02
-6.024646821117837781e-02
-6.031893230418389207e-02
-6.031893230418389207e-02
-6.101819885710765834e-02
-6.224611253036790859e-02
-6.224611253036790859e-02
-6.269905246040620439e-02
-6.269905246040620439e-02
-6.288817113483506638e-02
-6.308633330270325967e-02
-6.308633330270325967e-02
-6.308633330270325967e-02
-6.251132591292395124e-02
-6.251132591292395124e-02
-6.276650468272025607e-02
-6.276650468272025607e-02
-6.276650468272025607e-02
-6.276650468272025607e-02
-6.315455660793342640e-02
-6.315455660793342640e-02
-6.315455660793342640e-02
-6.315455660793342640e-02
-6.336574078968790213e-02
-6.336574078968790213e-02
-6.369142514154971235e-02
-6.369142514154971235e-02
-6.565756483542932453e-02
-6.565756483542932453e-02
-6.658093360888921175e-02
-6.658093360888921175e-02
-6.745186377559296564e-02
-6.714643755539036196e-02
-6.714643755539036196e-02
-6.714643755539036196e-02
-6.685413106894798341e-02
-6.685413106894798341e-02
-6.760569908744891443e-02
-6.809965854916463779e-02
-7.041584489801883118e-02
-7.041584489801883118e-02
-7.041584489801883118e-02
-7.041584489801883118e-02
-7.041584489801883118e-02
-7.041584489801883118e-02
-7.216901400069472561e-02
-7.216901400069472561e-02
-7.307995152452943788e-02
-7.307995152452943788e-02
-7.307995152452943788e-02
-7.307995152452943788e-02
-7.307995152452943788e-02
-7.332752757603928917e-02
-7.332752757603928917e-02
-7.332752757603928917e-02
-7.163745268745697059e-02
-7.163745268745697059e-02
-7.163745268745697059e-02
-7.168591036880156420e-02
-7.060758090346698490e-02
-7.106162216602275594e-02
-7.059002713163783915e-02
-7.111099426046925409e-02
-7.111099426046925409e-02
-7.111099426046925409e-02
-7.111099426046925409e-02
-7.111099426046925409e-02
-7.111099426046925409e-02
-7.006352651550214194e-02
-7.006352651550214194e-02
-7.006352651550214194e-02
-7.006352651550214194e-02
-7.145483748977239646e-02
-7.174480982427268450e-02
-7.174480982427268450e-02
-7.174480982427268450e-02
-7.174480982427268450e-02
-7.177468604311890155e-02
-7.125885977943774430e-02
-7.195674868799765977e-02
-7.195674868799765977e-02
-7.086302348531967055e-02
-7.086302348531967055e-02
-7.086302348531967055e-02
-7.082735877205427466e-02
-7.082735877205427466e-02
-7.082735877205427466e-02
-7.082735877205427466e-02
-7.082735877205427466e-02
-7.239097426703682003e-02
-7.300888019835452547e-02
-7.256866820015703268e-02
-7.201369659564284265e-02
-7.410349161523584194e-02
-7.410055769753999544e-02
-7.287859669033756871e-02
-7.287859669033756871e-02
-7.287859669033756871e-02
-7.292020614371523546e-02
-7.230045201951100509e-02
-7.273613872556043691e-02
-7.221404761025970731e-02
-7.221404761025970731e-02
-7.221404761025970731e-02
-7.228236093919090943e-02
-7.185401327044119157e-02
-7.185401327044119157e-02
-7.154062541287990740e-02
-7.205283102988689625e-02
-7.205283102988689625e-02
-7.331776651169091830e-02
-7.325707591344267355e-02
-7.327834328150169274e-02
-7.351613310375097743e-02
-7.527086507921766645e-02
-7.519098364748248720e-02
-7.519098364748248720e-02
-7.519098364748248720e-02
-7.519098364748248720e-02
-7.519098364748248720e-02
-7.519098364748248720e-02
-7.490118134570289410e-02
-7.501573816864558208e-02
-7.720458093109337783e-02
-7.720458093109337783e-02
-7.718001429201189201e-02
-7.694208872270337507e-02
-7.694208872270337507e-02
-7.544449785564921740e-02
-7.544449785564921740e-02
-7.534204644514237714e-02
-7.534204644514237714e-02
-7.534204644514237714e-02
-7.530615673670612575e-02
-7.545301888115234223e-02
-7.591652363901789380e-02
-7.591652363901789380e-02
-7.591652363901789380e-02
-7.591469953176709085e-02
-7.674575486884203934e-02
-7.674575486884203934e-02
-7.608280376529089062e-02
-7.608280376529089062e-02
-7.608280376529089062e-02
-7.608280376529089062e-02
-7.659003223782623326e-02
-7.659003223782623326e-02
-7.289152935125400856e-02
-7.289152935125400856e-02
-7.429450390220786182e-02
-7.429450390220786182e-02
-7.498011994888108267e-02
-7.452646061319322113e-02
-7.452646061319322113e-02
-7.287010016319638017e-02
-7.238480029003062366e-02
-7.241772423472152276e-02
-7.241772423472152276e-02
-6.969344655206459460e-02
-6.967891184782706859e-02
-6.967891184782706859e-02
-7.005121762608246261e-02
-7.056957488183918104e-02
-7.004982583670717189e-02
-7.002831077103696678e-02
-7.089589553616522377e-02
-7.138182376640671289e-02
-6.884431639628958710e-02
-6.884431639628958710e-02
-6.884431639628958710e-02
-6.884431639628958710e-02
-6.884431639628958710e-02
-6.884431639628958710e-02
-6.885525856834560920e-02
-6.885525856834560920e-02
-6.835851943599659253e-02
-6.835851943599659253e-02
-6.567530918267780460e-02
-6.600825721787791089e-02
-6.522469614314328756e-02
-6.522469614314328756e-02
-6.550718334888434857e-02
-6.304487869779092091e-02
-6.304487869779092091e-02
-6.375240202075065088e-02
-6.408496204200214708e-02
-6.310745967578536286e-02
-6.364563576433630854e-02
-6.284710089568813773e-02
-6.284710089568813773e-02
-6.386052663563362985e-02
-6.307828896455147660e-02
-6.235292556972953787e-02
-6.342548476270662428e-02
-6.274386237398439647e-02
-6.244603703555931529e-02
-6.244603703555931529e-02
-6.244603703555931529e-02
-6.295007145395274673e-02
-6.278953435597457722e-02
-6.278953435597457722e-02
-6.196607598599826461e-02
-6.196607598599826461e-02
-6.196607598599826461e-02
-6.196607598599826461e-02
-6.356911650057403551e-02
-6.398504110653925603e-02
-6.398504110653925603e-02
-6.344565849210968833e-02
-6.404941789159053489e-02
-6.449581053426517441e-02
-6.449581053426517441e-02
-6.449581053426517441e-02
-6.449581053426517441e-02
-6.268432808360270558e-02
-6.268432808360270558e-02
-6.268432808360270558e-02
-6.282853616476957725e-02
-6.282853616476957725e-02
-6.274287182317507539e-02
-6.274287182317507539e-02
-6.207209899715190188e-02
-6.227796763678112441e-02
-6.217771498243954142e-02
-6.129025475452217625e-02
-6.129025475452217625e-02
-6.118213372900215691e-02
-6.201578296722973921e-02
-6.201578296722973921e-02
-6.033020373839589195e-02
-6.033020373839589195e-02
-6.033020373839589195e-02
-6.054472856161367128e-02
-6.094804270691378534e-02
-6.094804270691378534e-02
-6.094804270691378534e-02
-6.080739779507295800e-02
-6.060208181413878625e-02
-6.060208181413878625e-02
-6.060208181413878625e-02
-5.911705223028152628e-02
-5.948785432563846731e-02
-6.014702022644075052e-02
-5.985875565739260523e-02
-5.985875565739260523e-02
-5.985875565739260523e-02
-6.057110144055705137e-02
-6.051822238803883369e-02
-6.088352818403688221e-02
-6.150027306804960875e-02
6.340531460197988689e-02
6.340531460197988689e-02
6.323791338415100938e-02
6.323791338415100938e-02
6.386862545561167170e-02
6.450808186674353295e-02
6.573012939509689789e-02
6.573012939509689789e-02
6.573012939509689789e-02
6.573012939509689789e-02
6.573012939509689789e-02
6.573012939509689789e-02
6.508840444355168398e-02
6.465017451515929492e-02
6.448663005718674457e-02
6.353769560730808397e-02
6.308111222359708004e-02
6.343151263736789003e-02
6.261055873068561983e-02
6.261055873068561983e-02
6.367267815982875778e-02
6.367267815982875778e-02
6.312853779390391329e-02
6.312853779390391329e-02
6.312853779390391329e-02
6.280833883836485498e-02
6.296827467349745688e-02
6.296827467349745688e-02
6.253817915128126459e-02
6.148094389477366112e-02
6.148094389477366112e-02
