1.000000000000000000e+00
1.000000000000000000e+00
1.000000000000000000e+00
1.000000000000000000e+00
1.000000000000000000e+00
1.000000000000000000e+00
1.000000000000000000e+00
1.000000000000000000e+00
1.000000000000000000e+00
9.906074331340392058e-01
9.906074331340392058e-01
9.832191524854381193e-01
9.832191524854381193e-01
9.703154109289073848e-01
9.462088829951114111e-01
9.126329441592472280e-01
8.657142428569286619e-01
8.363221040382999849e-01
7.808986880414656717e-01
7.460829098534341730e-01
7.131217733009902471e-01
6.777942391849716142e-01
6.437657837693527840e-01
6.187563568040970186e-01
5.843908255886315350e-01
5.581242748770115503e-01
5.256763283540932807e-01
4.787341710708229447e-01
4.544720383721092549e-01
4.261200624751749211e-01
3.569707934436290309e-01
3.339729436072276236e-01
2.946825621964987429e-01
2.620276565850819250e-01
2.353771005840492869e-01
2.075809250616443835e-01
1.823035306698221614e-01
1.449280213699558617e-01
1.006570827834714910e-01
8.169483736029475862e-02
2.757361112130235492e-02
-3.203760072721655895e-03
-2.742227708902496459e-03
-1.508975832419142803e-03
-1.951916424958057006e-02
3.777120670706740927e-04
8.543567052380587890e-03
1.554362670947087577e-02
1.726682360784938947e-02
1.869309430528564436e-02
2.311283820274242975e-03
-1.829827577355591303e-02
-1.529374332869310599e-02
-2.835580181544805622e-02
-8.581061884237242959e-04
-2.595251595846359907e-02
5.908457077116661786e-04
9.456731048033810774e-03
-1.784630973345439995e-03
-1.623974962987964361e-03
-2.550317513433904087e-04
2.680162460313124245e-02
2.520140639319274831e-02
2.913803510130786451e-02
4.711955322583651073e-02
4.221142146046970300e-02
3.113002464319717874e-02
3.324847688342393026e-02
1.902012435883906893e-02
1.592793700106899177e-02
-1.317706097273135118e-02
-2.459165528641173507e-02
-2.507159846697060157e-02
-2.320073759880779407e-02
-2.980480597596376485e-02
-1.319599535700771535e-02
-1.447582266038492486e-02
-1.885066587058655332e-02
-1.173182349932650956e-02
-1.375574322446968326e-02
-1.545223334560533353e-02
-6.889417780288981108e-03
-7.935079537346739417e-03
-5.045087108260406031e-03
-8.085798790964585439e-03
1.697740473659732630e-03
-6.451925901140650663e-03
-1.350142752152641568e-02
-3.308234600331859485e-03
2.923213423472347493e-03
1.475947631727303477e-02
3.862995074695010217e-02
4.740732236584045689e-02
5.024860870062182461e-02
3.428646948009623358e-02
4.020284876520942297e-02
4.343740195874808835e-02
4.863781633261399923e-02
3.309142673751240549e-02
5.086128131935260810e-02
5.553517297589229823e-02
4.363432029420318686e-02
5.227450417046428099e-02
5.373567576149557157e-02
6.184137085557415286e-02
6.209392181550600631e-02
5.005520507663203250e-02
3.279793997874230066e-02
1.730243416384992169e-02
1.214052131847171909e-02
2.413064158134869616e-02
2.677989226342795959e-02
3.077342122932157781e-02
3.332180371537473568e-02
1.274778455323669415e-02
2.400908003443132446e-02
3.894438923113626577e-02
4.647181916304540111e-02
5.962849188911169968e-02
7.206641486979002698e-02
8.273575998277378496e-02
6.791018456023015237e-02
6.906374894057926150e-02
7.785829518715974007e-02
7.786348488580958904e-02
7.321864747861853151e-02
6.334052607512243027e-02
4.528530132033163624e-02
3.628629771826558104e-02
3.622867182851749468e-02
1.290287867665374476e-02
-3.416587538413417592e-03
-2.257633714881163156e-02
-2.313536662225526910e-02
-2.010417729985660915e-02
-1.844574783123978726e-02
-2.874685851962231753e-02
-2.311594403359428299e-02
-2.606199100250353520e-02
-2.114071328624940113e-02
-6.178362718487877443e-03
-5.774092737850118444e-03
6.693531450012339202e-04
-2.192750678698359920e-02
-2.527421327594264397e-03
3.887351409096825687e-03
3.686202959828325295e-03
-6.816636880906249904e-03
-5.702281861849759978e-03
-6.294398905545966864e-03
3.323598113462073594e-03
1.660452435469548203e-03
-2.065448883380979761e-02
-2.257512445557843805e-02
1.830150914242898406e-03
-6.654848578769344616e-03
8.697508272183694048e-04
-1.501346276574864677e-02
-2.651004019141117371e-02
-2.297884810625291582e-02
4.689480397942570600e-03
3.934918731935208545e-03
7.994286952234244334e-03
-9.071263555490493430e-03
1.304345765152856162e-02
1.416894268511667901e-02
1.565041775796489898e-02
1.751392310727048832e-02
2.389969949555193277e-02
1.736749002048426985e-02
3.381254409077198708e-02
2.046227772414511981e-02
1.094865334495627148e-03
-1.300602132389531464e-02
1.078024022715246477e-03
1.439057785660814368e-02
5.715229169506515217e-03
-8.139461124518472535e-03
-1.202482220770034055e-02
-1.851138443407416082e-02
-2.522772180322970306e-02
-1.056168245748756451e-02
8.879101390914155567e-03
-1.199326499691960590e-02
-2.457477944225351998e-03
-3.956786030909296287e-03
-7.933761233405018515e-03
1.962723135703103633e-04
-4.239694559899067662e-03
2.450977223564205793e-03
1.534060012257515947e-02
1.866807242536325934e-02
1.212977727005880128e-02
-1.606655993229654661e-02
-3.846084121823013791e-02
-2.286537020846992826e-02
-4.046838984574872150e-02
-4.799879268457862141e-02
-4.738050132618736032e-02
-3.558902261053008970e-02
-3.164570569037750136e-02
-3.501469509815987452e-02
-1.692055295447980959e-02
-2.063988067985005406e-02
-2.766884779208890477e-02
-2.808905714513402693e-02
-2.165279904573071817e-02
8.649071963195307730e-03
2.441302504860019471e-02
2.234000824820160658e-02
1.196289691562586570e-02
1.248475785743418179e-02
2.289398557300710221e-02
2.179406994904244457e-02
4.981919688753985026e-02
7.056893243202173871e-02
7.958268255786096756e-02
9.675350866381521309e-02
9.082885227060838451e-02
9.022366744139738437e-02
1.062608721505693410e-01
1.022423587547892226e-01
9.941152498498613543e-02
1.014812711845052839e-01
8.543587532481022873e-02
7.053088532762620544e-02
7.250335735186519415e-02
7.401925443552764827e-02
5.550267731811987793e-02
3.762785054780508343e-02
4.467454900794983613e-02
4.496733915762218814e-02
2.583651109375414978e-02
1.450305695445094044e-02
8.258744745503731818e-03
6.555867312471390720e-03
7.396934931807212094e-03
6.529189835897501737e-03
2.586466125210813011e-02
-1.563513068417441516e-03
-7.016258172675178886e-03
-1.815183249714119249e-02
-1.153793737973804467e-02
-1.961786840367885434e-02
-5.279823435216273592e-02
-5.381137752061412871e-02
-6.563298519638327555e-02
-6.209552489611252363e-02
-6.913121338687983064e-02
-7.830754387414565199e-02
