1.000000000000000000e+00
1.000000000000000000e+00
1.000000000000000000e+00
1.000000000000000000e+00
1.000000000000000000e+00
1.000000000000000000e+00
1.000000000000000000e+00
1.000000000000000000e+00
1.000000000000000000e+00
1.000000000000000000e+00
1.000000000000000000e+00
1.000000000000000000e+00
1.000000000000000000e+00
1.000000000000000000e+00
1.000000000000000000e+00
1.000000000000000000e+00
1.000000000000000000e+00
1.000000000000000000e+00
1.000000000000000000e+00
1.000000000000000000e+00
1.000000000000000000e+00
1.000000000000000000e+00
1.000000000000000000e+00
1.000000000000000000e+00
1.000000000000000000e+00
1.000000000000000000e+00
1.000000000000000000e+00
1.000000000000000000e+00
9.908917325407989862e-01
9.908917325407989862e-01
9.908917325407989862e-01
9.908917325407989862e-01
9.828625980715364197e-01
9.828625980715364197e-01
9.753719940222914664e-01
9.609084757878544325e-01
9.538633444235073977e-01
9.538633444235073977e-01
9.338770041160371349e-01
9.080549571625945449e-01
8.891655032397456360e-01
8.891655032397456360e-01
8.830481727216047405e-01
8.830481727216047405e-01
8.657812754047825576e-01
8.602500376283065409e-01
8.328130990445580251e-01
7.791655838825878311e-01
7.581292833640970175e-01
7.375242960990329166e-01
6.920206621313240714e-01
6.822026886390604172e-01
6.628868801752414441e-01
6.533993629427576888e-01
6.298600866209759230e-01
5.931105046582099138e-01
5.886656769983533710e-01
5.488915983297504297e-01
5.141878543382220057e-01
4.842452996495753004e-01
4.633386227182976769e-01
4.509672713221842266e-01
4.227294797379196334e-01
4.107797918808901438e-01
3.950297212814865011e-01
3.872897214896162676e-01
3.682387676685699440e-01
3.532929329291848441e-01
3.421482145366441796e-01
3.239180822816864480e-01
2.916644077883115416e-01
2.847490680118163753e-01
2.498852848683336680e-01
2.464221512258676361e-01
2.227336405579041501e-01
2.226825062302299485e-01
2.195641951069243203e-01
2.063975862657224103e-01
2.258471153161160372e-01
2.162547569469251418e-01
1.786214539217760300e-01
1.662690981010648550e-01
1.509939529267138314e-01
1.449524780193582885e-01
1.330250859399777219e-01
1.121750240864476944e-01
1.005199028170739306e-01
9.756462050285996668e-02
1.031981006309984766e-01
8.909959454182614369e-02
7.797332656551045349e-02
8.619869960770468187e-02
6.714866923608443783e-02
7.812738503676748547e-02
8.882369464603982745e-02
9.169073290546016219e-02
8.901452029321045567e-02
8.127875799130755696e-02
7.623722749996587889e-02
8.394775104256967102e-02
8.148829949435094921e-02
7.414068933934279959e-02
6.687373044134439781e-02
5.501937987300017235e-02
5.256327585879991271e-02
4.309442790607929258e-02
2.395257030850939453e-02
3.338136304185457953e-02
2.643008476273659216e-02
2.872983730351662962e-02
2.670005096626431804e-02
3.143776715823830281e-02
2.704157164446190087e-02
3.809869634609977518e-02
2.502321337835659507e-02
2.281030015790842802e-02
1.850901744006306152e-02
2.504430138739000347e-02
2.724272012618102201e-02
3.148013160559421514e-02
2.739409850239631072e-02
2.942618185618319296e-02
2.738386117115971727e-02
4.542128181135977882e-02
4.740529972086704458e-02
5.719027778755608749e-02
5.322484544035695209e-02
5.536248094710890383e-02
5.533514852585529054e-02
4.533282587706371353e-02
4.156590755241966473e-02
2.649641966618117642e-02
3.024596993819112650e-02
2.275145167738666999e-02
3.023598697591528897e-02
3.041026864881431202e-02
3.422503630386748708e-02
2.694489252349835731e-02
3.420282985084762556e-02
3.790602938263374494e-02
3.058989297410001987e-02
3.221619712880221392e-02
2.363982350120705928e-02
2.362158366723007830e-02
1.975757740878229113e-02
3.574102340121153992e-02
2.556098852865094570e-02
2.717014691186174155e-02
3.379341761513037640e-02
2.882986833990420356e-02
1.850071364281265576e-02
1.997137621945764552e-02
2.147864230568948332e-02
2.448696051918882940e-02
2.966632241695054892e-02
3.448213607325622404e-02
3.620981252640698839e-02
4.574454683770860092e-02
4.405815794430719551e-02
4.406832058821023856e-02
5.044951119615385254e-02
5.051003156072830097e-02
5.048341000000118595e-02
5.211615151041609773e-02
5.669672324754072845e-02
4.739136415526085805e-02
4.275651066649966553e-02
4.098822752870922431e-02
3.345707974306564442e-02
1.405898209198181564e-02
1.553402763739471747e-02
1.401647640242651913e-02
7.194632429123591980e-03
1.434662979300460085e-02
1.697322851666841978e-02
1.407226194875640761e-02
1.711618619318219445e-02
-1.274658475775990348e-02
-9.934390658731119539e-03
-1.140875789438377565e-02
-1.309625193709555192e-02
-2.136248013817834690e-02
-1.861004431493735664e-02
-1.333043709287682309e-02
-1.448434358841443025e-02
-2.512631573224425804e-02
-5.303117014617476921e-03
-2.782661621399498339e-03
-8.218436121951137527e-03
-1.489613126004991472e-03
-5.435789782503617357e-03
-9.215026678739796431e-03
1.309424787657317846e-03
-2.902599150195174071e-03
2.373134170125313844e-03
4.679981805660740971e-03
4.501441462324565039e-03
-6.999519762100179024e-03
6.245317446353189014e-04
1.562637186439726211e-02
1.191810903044678016e-02
1.688618484812337908e-02
2.178934541708386907e-02
2.179570913292845982e-02
3.156974609842529145e-02
3.523946375655031410e-02
2.690359117405919515e-02
1.290647604973321587e-02
1.155272141690071724e-02
5.383072668506384828e-03
-1.727930752467201313e-03
-1.760456746242166888e-03
1.943639161954398634e-02
2.063217661675617251e-02
2.528536001068045283e-02
1.816091721711838095e-02
1.676010506640461875e-02
1.550857362211465092e-02
5.393765806391930678e-03
1.216065135580043574e-02
1.665362024327931775e-02
1.549956013410224570e-02
2.011165635850635167e-02
1.228467965425310629e-02
3.248723195363040911e-02
1.815261008347491406e-02
3.900188274486303397e-02
4.824289447195442143e-02
4.612892140489136678e-02
6.039991612721302972e-02
4.837756311350882577e-02
3.541511286879479858e-02
3.967555045207851738e-02
3.099408961853401465e-02
3.428887540608251822e-02
1.933438968480747158e-02
1.933597734043916716e-02
3.429122152777226706e-02
3.648181102265782294e-02
4.081098230014011674e-02
4.597511184653126776e-02
4.890588111055392539e-02
5.707377217039709405e-02
5.797882802676648101e-02
5.161670445602776353e-02
3.801875228393786221e-02
4.713405804812623168e-02
5.283560872745306919e-02
4.763723234643923304e-02
3.645432398410657776e-02
