1.000000000000000000e+00
1.000000000000000000e+00
1.000000000000000000e+00
1.000000000000000000e+00
1.000000000000000000e+00
1.000000000000000000e+00
1.000000000000000000e+00
1.000000000000000000e+00
1.000000000000000000e+00
1.000000000000000000e+00
1.000000000000000000e+00
1.000000000000000000e+00
1.000000000000000000e+00
1.000000000000000000e+00
1.000000000000000000e+00
1.000000000000000000e+00
1.000000000000000000e+00
1.000000000000000000e+00
1.000000000000000000e+00
1.000000000000000000e+00
1.000000000000000000e+00
1.000000000000000000e+00
1.000000000000000000e+00
1.000000000000000000e+00
1.000000000000000000e+00
1.000000000000000000e+00
1.000000000000000000e+00
1.000000000000000000e+00
1.000000000000000000e+00
1.000000000000000000e+00
1.000000000000000000e+00
1.000000000000000000e+00
1.000000000000000000e+00
1.000000000000000000e+00
1.000000000000000000e+00
1.000000000000000000e+00
1.000000000000000000e+00
1.000000000000000000e+00
1.000000000000000000e+00
1.000000000000000000e+00
1.000000000000000000e+00
1.000000000000000000e+00
1.000000000000000000e+00
1.000000000000000000e+00
1.000000000000000000e+00
1.000000000000000000e+00
1.000000000000000000e+00
1.000000000000000000e+00
1.000000000000000000e+00
1.000000000000000000e+00
1.000000000000000000e+00
1.000000000000000000e+00
1.000000000000000000e+00
1.000000000000000000e+00
1.000000000000000000e+00
1.000000000000000000e+00
1.000000000000000000e+00
1.000000000000000000e+00
1.000000000000000000e+00
1.000000000000000000e+00
1.000000000000000000e+00
1.000000000000000000e+00
1.000000000000000000e+00
1.000000000000000000e+00
1.000000000000000000e+00
1.000000000000000000e+00
1.000000000000000000e+00
1.000000000000000000e+00
1.000000000000000000e+00
1.000000000000000000e+00
1.000000000000000000e+00
1.000000000000000000e+00
1.000000000000000000e+00
1.000000000000000000e+00
1.000000000000000000e+00
1.000000000000000000e+00
1.000000000000000000e+00
1.000000000000000000e+00
1.000000000000000000e+00
1.000000000000000000e+00
1.000000000000000000e+00
1.000000000000000000e+00
1.000000000000000000e+00
1.000000000000000000e+00
1.000000000000000000e+00
1.000000000000000000e+00
1.000000000000000000e+00
1.000000000000000000e+00
1.000000000000000000e+00
1.000000000000000000e+00
1.000000000000000000e+00
1.000000000000000000e+00
1.000000000000000000e+00
1.000000000000000000e+00
1.000000000000000000e+00
1.000000000000000000e+00
1.000000000000000000e+00
1.000000000000000000e+00
1.000000000000000000e+00
1.000000000000000000e+00
9.901000095350350749e-01
9.901000095350350749e-01
9.901000095350350749e-01
9.901000095350350749e-01
9.901000095350350749e-01
9.901000095350350749e-01
9.901000095350350749e-01
9.901000095350350749e-01
9.901000095350350749e-01
9.901000095350350749e-01
9.901000095350350749e-01
9.901000095350350749e-01
9.809733453398017389e-01
9.809733453398017389e-01
9.809733453398017389e-01
9.809733453398017389e-01
9.809733453398017389e-01
9.809733453398017389e-01
9.809733453398017389e-01
9.809733453398017389e-01
9.809733453398017389e-01
9.809733453398017389e-01
9.809733453398017389e-01
9.809733453398017389e-01
9.809733453398017389e-01
9.809733453398017389e-01
9.809733453398017389e-01
9.809733453398017389e-01
9.809733453398017389e-01
9.809733453398017389e-01
9.809733453398017389e-01
9.809733453398017389e-01
9.809733453398017389e-01
9.809733453398017389e-01
9.809733453398017389e-01
9.662200197884992514e-01
9.662200197884992514e-01
9.662200197884992514e-01
9.662200197884992514e-01
9.662200197884992514e-01
9.662200197884992514e-01
9.662200197884992514e-01
9.592417634431094076e-01
9.592417634431094076e-01
9.592417634431094076e-01
9.592417634431094076e-01
9.592417634431094076e-01
9.524781857556973153e-01
9.524781857556973153e-01
9.524781857556973153e-01
9.524781857556973153e-01
9.524781857556973153e-01
9.524781857556973153e-01
9.524781857556973153e-01
9.524781857556973153e-01
9.524781857556973153e-01
9.524781857556973153e-01
9.524781857556973153e-01
9.524781857556973153e-01
9.461811800063966160e-01
9.399249246807399594e-01
9.399249246807399594e-01
9.399249246807399594e-01
9.399249246807399594e-01
9.399249246807399594e-01
9.399249246807399594e-01
9.280285742057984288e-01
9.280285742057984288e-01
9.221810972589509214e-01
9.221810972589509214e-01
9.221810972589509214e-01
9.105619540112684929e-01
9.105619540112684929e-01
9.105619540112684929e-01
9.105619540112684929e-01
8.993175736193892433e-01
8.937144678126038855e-01
8.937144678126038855e-01
8.881485382505879267e-01
8.881485382505879267e-01
8.826547183218200754e-01
8.826547183218200754e-01
8.826547183218200754e-01
8.826547183218200754e-01
8.772696580562214796e-01
8.772696580562214796e-01
8.718870788384192050e-01
8.665612110757903164e-01
8.665612110757903164e-01
8.665612110757903164e-01
8.665612110757903164e-01
8.613233085320022298e-01
8.510259076408545065e-01
8.510259076408545065e-01
8.458718676139183046e-01
8.458718676139183046e-01
8.458718676139183046e-01
8.358843213208465572e-01
8.358843213208465572e-01
8.210210988988591030e-01
8.112340688081027817e-01
8.062602968561929373e-01
8.062602968561929373e-01
8.014387759988753634e-01
8.014387759988753634e-01
8.014387759988753634e-01
8.014387759988753634e-01
7.870920057915862245e-01
7.823857892505847733e-01
7.777600215027345998e-01
7.730270586379222042e-01
7.730270586379222042e-01
7.683390123312959785e-01
7.637466185445167532e-01
7.637466185445167532e-01
7.637466185445167532e-01
7.591770530914780934e-01
7.546043248676914672e-01
7.546043248676914672e-01
7.546043248676914672e-01
7.455845397077510706e-01
7.410870909033754339e-01
7.277541183492309829e-01
7.188007954612699590e-01
7.188007954612699590e-01
7.188007954612699590e-01
7.188007954612699590e-01
7.144342213838181799e-01
7.100698157168920943e-01
7.100698157168920943e-01
7.058162069451500154e-01
7.058162069451500154e-01
7.058162069451500154e-01
7.058162069451500154e-01
7.058162069451500154e-01
7.058162069451500154e-01
6.974848364953782909e-01
6.974848364953782909e-01
6.933360375585463364e-01
6.891955174675666873e-01
6.809477536078009097e-01
6.726882157933169459e-01
6.686435859407333648e-01
6.645571540230922336e-01
6.563764867667243319e-01
6.563764867667243319e-01
6.563764867667243319e-01
6.563764867667243319e-01
6.523772533143213925e-01
6.484141693172543741e-01
6.444673506359470672e-01
6.366730043603966438e-01
6.327894489967138547e-01
6.327894489967138547e-01
6.289317006957756417e-01
6.251074060720340775e-01
6.096810131848441339e-01
6.058187491105367917e-01
6.058187491105367917e-01
6.020372430830303045e-01
5.945331852706333686e-01
5.906809654609938010e-01
5.868992241160370105e-01
5.868992241160370105e-01
5.831361115490479863e-01
5.756040610388457601e-01
5.607964906473196232e-01
5.607964906473196232e-01
5.534459938312595861e-01
5.498012390264157556e-01
5.498012390264157556e-01
5.461802573250021942e-01
5.388675635056990876e-01
5.388675635056990876e-01
5.347963400591222438e-01
5.347963400591222438e-01
5.312334553692038552e-01
5.312334553692038552e-01
5.312334553692038552e-01
5.206309919565047517e-01
5.171150257417900242e-01
5.171150257417900242e-01
5.171150257417900242e-01
5.135976377608895138e-01
5.101380046551386993e-01
5.101380046551386993e-01
5.032082901486218951e-01
4.928927920722397382e-01
4.825621553143286113e-01
4.757956068471155819e-01
4.724597686418176568e-01
4.690629940660606123e-01
4.690629940660606123e-01
4.690629940660606123e-01
4.657456751997563482e-01
4.624038717376373619e-01
4.590836395984068119e-01
4.590836395984068119e-01
4.557058444665279540e-01
4.490884632159481971e-01
4.392230081699455280e-01
4.392230081699455280e-01
4.392230081699455280e-01
4.392230081699455280e-01
4.392230081699455280e-01
4.392230081699455280e-01
4.360598267206337586e-01
4.266143628902511753e-01
4.266143628902511753e-01
4.233968966643399390e-01
4.170432684319200778e-01
4.138742832976561870e-01
4.138742832976561870e-01
4.107339634736585920e-01
4.107339634736585920e-01
4.107339634736585920e-01
4.107339634736585920e-01
4.107339634736585920e-01
4.076072528857221933e-01
4.076072528857221933e-01
4.014885232700597939e-01
3.984417372180664163e-01
3.984417372180664163e-01
3.953746155816521557e-01
3.922528680733124440e-01
3.922528680733124440e-01
3.922528680733124440e-01
3.892304499955070995e-01
3.892304499955070995e-01
3.833118630910922753e-01
3.833118630910922753e-01
3.770262672534047677e-01
3.770262672534047677e-01
3.770262672534047677e-01
3.740692283783340066e-01
3.652337928393956101e-01
3.652337928393956101e-01
3.652337928393956101e-01
3.623073337013087425e-01
3.564935545622102686e-01
3.564935545622102686e-01
3.564935545622102686e-01
3.564935545622102686e-01
3.564935545622102686e-01
3.536275962552269947e-01
3.507412321177151848e-01
3.450950553750273819e-01
3.450950553750273819e-01
3.359903945876656639e-01
3.303307594420359372e-01
3.275196261024176936e-01
3.247137596991382380e-01
3.219160660575848265e-01
3.162481115335482595e-01
3.106042348976337797e-01
3.106042348976337797e-01
3.106042348976337797e-01
3.106042348976337797e-01
3.106042348976337797e-01
2.996324941377566664e-01
2.996324941377566664e-01
2.996324941377566664e-01
2.996324941377566664e-01
2.996324941377566664e-01
2.969239787902570593e-01
2.942246405636657625e-01
2.916018497992522440e-01
2.888216801337552542e-01
2.861416056911035843e-01
2.807614350539018311e-01
2.781023009854362571e-01
2.727944758887654864e-01
2.671174411760649514e-01
2.671174411760649514e-01
2.644830996091160347e-01
2.644830996091160347e-01
2.618639906235848969e-01
2.618639906235848969e-01
2.592841856203182971e-01
2.592841856203182971e-01
2.566810512667709876e-01
2.515677714959100864e-01
2.489898423247117742e-01
2.438565553464306090e-01
2.412742994707184618e-01
2.387132922435328819e-01
2.387132922435328819e-01
2.387132922435328819e-01
2.361756237918923862e-01
2.361756237918923862e-01
2.311050655999081771e-01
2.311050655999081771e-01
2.311050655999081771e-01
2.286162464786976045e-01
2.236564616201411893e-01
2.211632453222806272e-01
2.186737229693642703e-01
2.137153030187405323e-01
2.111990191896893077e-01
2.088339723536811465e-01
1.990202582943664533e-01
1.965506528528750685e-01
1.933514505702267350e-01
1.933514505702267350e-01
1.909169128183574315e-01
1.884403407457296842e-01
1.835344621791695496e-01
1.809547138011037559e-01
1.785434792127605919e-01
1.737314778516995950e-01
1.713608865025711692e-01
1.689636284219999951e-01
1.619791151291982423e-01
1.595969050464242089e-01
1.572203279721448854e-01
1.548493838759859853e-01
1.501696150370566696e-01
1.444680378911603336e-01
1.397544131862193673e-01
1.350842933121188805e-01
1.260415654697051024e-01
1.165700842566709944e-01
1.140418902119729738e-01
1.140418902119729738e-01
1.117209682669600274e-01
1.070640295370795109e-01
1.016382679512502080e-01
9.925889861426918925e-02
9.461942863984924845e-02
9.461942863984924845e-02
9.461942863984924845e-02
9.234102591213265432e-02
9.234102591213265432e-02
9.005876484059514853e-02
9.005876484059514853e-02
9.005876484059514853e-02
8.780000471798174444e-02
8.553069181726515036e-02
8.553069181726515036e-02
8.329035844761253915e-02
7.881019213847711979e-02
7.424513556915356138e-02
7.201015313661926487e-02
6.535481724262699743e-02
6.535481724262699743e-02
6.535481724262699743e-02
6.759120754873156056e-02
6.536946388698383625e-02
6.536946388698383625e-02
6.536946388698383625e-02
6.317761866120806535e-02
5.881380697963531357e-02
5.663880884054516007e-02
5.663880884054516007e-02
5.229803177566735156e-02
5.229803177566735156e-02
4.797859505918807693e-02
4.366844491853676125e-02
4.147672278573500543e-02
4.147672278573500543e-02
3.505322265864822817e-02
3.078440479832965024e-02
3.078440479832965024e-02
2.449018500847268201e-02
2.236609340444959890e-02
2.011992421300549602e-02
1.800603259026661851e-02
1.035495741095224069e-02
6.148720097057748003e-03
4.049048693452289051e-03
-1.398014768835858688e-04
-1.398014768835858688e-04
-4.305487479271362383e-03
-8.464741420516792847e-03
-8.464741420516792847e-03
-1.053518236585519914e-02
-1.260367552643919774e-02
-1.466679608332415244e-02
-1.053913972256566127e-02
-1.596362393746980288e-02
-1.596362393746980288e-02
-2.005040498913185712e-02
-2.210424249778551037e-02
-2.413969850142066650e-02
-2.617072107220065613e-02
-3.227629688623790544e-02
-3.227629688623790544e-02
-3.422866221166162570e-02
-3.422866221166162570e-02
-3.623242795072405265e-02
-4.236542018527545556e-02
-4.638374486004694791e-02
-4.838617560418560087e-02
-5.038129411150293890e-02
-5.236428851698145259e-02
-5.236428851698145259e-02
-5.429485051160369558e-02
-5.429485051160369558e-02
-5.627060231624071707e-02
-5.824052233340314827e-02
-6.389450874093552390e-02
-6.389450874093552390e-02
-6.585388451839148394e-02
-6.585388451839148394e-02
-6.975713114619677691e-02
-7.170545327574021077e-02
-7.170545327574021077e-02
-7.373013920682378042e-02
-7.373013920682378042e-02
-7.177784972407412478e-02
-6.983713776106419135e-02
-7.176342617261408097e-02
-6.976081075648363217e-02
-6.976081075648363217e-02
-6.976081075648363217e-02
-7.549535916079440356e-02
-7.549535916079440356e-02
-7.549535916079440356e-02
-7.739679605151809916e-02
-8.310201457100020728e-02
-8.688236326716755609e-02
-9.065225172486116034e-02
-9.065225172486116034e-02
-9.065225172486116034e-02
-8.658102827828446924e-02
-8.077467551699291093e-02
-8.077467551699291093e-02
-8.077467551699291093e-02
-8.450691224164641469e-02
-8.635844189273152172e-02
-8.821353973481606270e-02
-9.191444663764138101e-02
-9.191444663764138101e-02
-9.375889479545997107e-02
-9.375889479545997107e-02
-9.375889479545997107e-02
-9.375889479545997107e-02
-9.559236799129300355e-02
-9.742157803449791320e-02
-9.742157803449791320e-02
-9.924588096763993506e-02
-9.924588096763993506e-02
-9.924588096763993506e-02
-9.924588096763993506e-02
-9.924588096763993506e-02
-1.046742777410139963e-01
-1.064758068339052843e-01
-1.064758068339052843e-01
-1.082697471380698884e-01
-1.082697471380698884e-01
-1.065403044459497794e-01
-1.110852654057688654e-01
-1.128663964372136896e-01
-1.128663964372136896e-01
-1.164143566115677653e-01
-1.217282758779262980e-01
-1.253079472339913292e-01
-1.288670801108182939e-01
-1.306311714266034651e-01
-1.306311714266034651e-01
-1.319425771108886092e-01
-1.319425771108886092e-01
-1.354242124168830996e-01
-1.354242124168830996e-01
-1.354242124168830996e-01
-1.406439305784950300e-01
-1.458583217635127105e-01
-1.493792571297853644e-01
-1.476880517383412084e-01
-1.476880517383412084e-01
-1.552887790112434940e-01
-1.518409825772369381e-01
-1.515807995647593664e-01
-1.515807995647593664e-01
-1.532932440623208936e-01
-1.567139261428843189e-01
-1.532030905575051116e-01
-1.497850877513201839e-01
-1.531895192325043453e-01
-1.497242634566496866e-01
-1.479738736522355214e-01
-1.479738736522355214e-01
-1.496544233855084949e-01
-1.547056669775405680e-01
-1.563918614046682365e-01
-1.580716715681550755e-01
-1.580716715681550755e-01
-1.597491929845152592e-01
-1.597491929845152592e-01
-1.652121247034502027e-01
-1.701669897787047026e-01
-1.701669897787047026e-01
-1.701669897787047026e-01
-1.718256860715639822e-01
-1.751355077568761132e-01
-1.751355077568761132e-01
-1.734145689651114819e-01
-1.777057849012227964e-01
-1.759730117474456457e-01
-1.759730117474456457e-01
-1.728067668492939690e-01
-1.697013474345981654e-01
-1.665381659852864238e-01
-1.665381659852864238e-01
-1.681654794597417235e-01
-1.648293213062660967e-01
-1.648293213062660967e-01
-1.664499071875666092e-01
-1.664499071875666092e-01
-1.664499071875666092e-01
-1.681046244852535954e-01
-1.736193889429314963e-01
-1.752249533437857665e-01
-1.768316878381182566e-01
-1.784369361372252216e-01
-1.802981318100089492e-01
-1.756939237152143618e-01
-1.798890106963242363e-01
-1.798890106963242363e-01
-1.699890202313592835e-01
-1.667715540054480472e-01
-1.667715540054480472e-01
-1.652129234262638968e-01
-1.652129234262638968e-01
-1.652129234262638968e-01
-1.652129234262638968e-01
-1.709907330431318373e-01
-1.725615439143469432e-01
-1.725615439143469432e-01
-1.725615439143469432e-01
-1.725615439143469432e-01
-1.693454109771407590e-01
-1.693454109771407590e-01
-1.708976581675034634e-01
-1.708976581675034634e-01
-1.708976581675034634e-01
-1.724429662335091040e-01
-1.739890711153181113e-01
-1.739890711153181113e-01
-1.755281616662439370e-01
-1.755281616662439370e-01
-1.663202823185661317e-01
-1.663202823185661317e-01
-1.693784787703135619e-01
-1.709061644447536499e-01
-1.724311588439826071e-01
-1.693094113356428954e-01
-1.677632683762257659e-01
-1.677632683762257659e-01
-1.692779904369680621e-01
-1.678679421059892929e-01
-1.678679421059892929e-01
-1.648455240281839762e-01
-1.663517534113835850e-01
-1.708618250532484562e-01
-1.707953239878735596e-01
-1.707953239878735596e-01
-1.707953239878735596e-01
-1.707953239878735596e-01
-1.707953239878735596e-01
-1.722860355715698233e-01
-1.722860355715698233e-01
-1.691593249836334523e-01
-1.691593249836334523e-01
-1.706398198688204582e-01
-1.706398198688204582e-01
-1.735933834095261530e-01
-1.795015378788243354e-01
-1.795015378788243354e-01
-1.809712157614700445e-01
-1.839047068709772637e-01
-1.823420672351999394e-01
-1.823420672351999394e-01
-1.794156080971130995e-01
-1.808741885784027059e-01
-1.738959322330130286e-01
-1.753504561088924940e-01
-1.830588301715802835e-01
-1.830588301715802835e-01
-1.830588301715802835e-01
-1.845045981869587737e-01
-1.845045981869587737e-01
-1.845045981869587737e-01
-1.845045981869587737e-01
-1.830360354198435624e-01
-1.845201679617357038e-01
-1.856219452343899623e-01
-1.884845889255848117e-01
-1.884845889255848117e-01
-1.884845889255848117e-01
-1.884845889255848117e-01
-1.899057488770285740e-01
-1.898627832440364926e-01
-1.898627832440364926e-01
-1.870452731361245402e-01
-1.841952928643138254e-01
-1.856080863002199932e-01
-1.856080863002199932e-01
-1.817837916764784845e-01
-1.789416666387607657e-01
-1.789416666387607657e-01
-1.803434385735890322e-01
-1.817428000769119589e-01
-1.817428000769119589e-01
-1.831380589332890496e-01
-1.817009878966463210e-01
-1.817009878966463210e-01
-1.817009878966463210e-01
-1.789137415085780836e-01
-1.719224041080632259e-01
-1.745714015103013994e-01
-1.708838887209015722e-01
-1.708838887209015722e-01
-1.706467003472587618e-01
-1.720225539171648388e-01
-1.650551510817397649e-01
-1.650551510817397649e-01
-1.636461463840415131e-01
-1.641405438248232374e-01
-1.641405438248232374e-01
-1.655044940674113008e-01
-1.682309010959767981e-01
-1.610270943876175309e-01
-1.568328629838965094e-01
-1.568328629838965094e-01
-1.541243476363968745e-01
-1.541243476363968745e-01
-1.554761302394152833e-01
-1.568259830148198697e-01
-1.568259830148198697e-01
-1.568259830148198697e-01
-1.543890335193933427e-01
-1.584184308022479615e-01
-1.584184308022479615e-01
-1.637626057913211253e-01
-1.637626057913211253e-01
-1.610825313486694277e-01
-1.596398511833679312e-01
-1.583041025404531288e-01
-1.596339186233522167e-01
-1.477013880248393141e-01
-1.449881721356879316e-01
-1.504190537438208630e-01
-1.504190537438208630e-01
-1.517415811562421724e-01
-1.530609948575591683e-01
-1.530609948575591683e-01
-1.518552059803350562e-01
-1.492048101454913345e-01
-1.466250051422247347e-01
-1.505557000238716969e-01
-1.505557000238716969e-01
-1.505557000238716969e-01
-1.450581316394472797e-01
-1.488889483319195128e-01
-1.488889483319195128e-01
-1.527889853872697878e-01
-1.514841050149071111e-01
-1.488906480872923543e-01
-1.475326253652084751e-01
-1.488261572617375628e-01
-1.399175123937229648e-01
-1.399175123937229648e-01
-1.412077861862333361e-01
-1.378904673199290165e-01
-1.378904673199290165e-01
-1.393604438059601880e-01
-1.434316672525368930e-01
-1.447110803913761734e-01
-1.459879327734935339e-01
-1.421583168445787193e-01
-1.373730480999417469e-01
-1.399175311776538200e-01
-1.411876848691308861e-01
-1.411876848691308861e-01
-1.388226380331226695e-01
-1.348234045807197301e-01
-1.360891974604215016e-01
-1.348896923859846664e-01
-1.388339016226527445e-01
-1.304652941685804646e-01
-1.343828571831754970e-01
-1.343828571831754970e-01
-1.343828571831754970e-01
-1.343828571831754970e-01
-1.314851152007178170e-01
-1.327357887182079310e-01
-1.275817486912717014e-01
-1.263040218555849248e-01
-1.217092647461027882e-01
-1.204548208962013672e-01
-1.216960767874234323e-01
-1.229358068537221849e-01
-1.204731827393206722e-01
-1.229862581140443861e-01
-1.205072723376078153e-01
-1.192886408869979209e-01
-1.161749301848587490e-01
-1.161749301848587490e-01
-1.161749301848587490e-01
-1.105521306451471009e-01
-1.105521306451471009e-01
-1.117775395268383876e-01
-1.065668810853790255e-01
-1.027496753144874209e-01
-1.027496753144874209e-01
-1.027496753144874209e-01
-1.027496753144874209e-01
-1.027496753144874209e-01
-1.027496753144874209e-01
-1.027496753144874209e-01
-1.039627669740351423e-01
-1.016049104336998743e-01
-9.545589920042236998e-02
-9.744007109216011597e-02
-9.985407462435273718e-02
-9.260952717469754514e-02
-9.260952717469754514e-02
-8.998749999459913773e-02
-8.998749999459913773e-02
-8.998749999459913773e-02
-8.892080593186842130e-02
-7.154712792803509525e-02
-7.274112639424260007e-02
-7.274112639424260007e-02
-7.474664888217980030e-02
-7.474664888217980030e-02
-6.858419071470427120e-02
-7.228656841501777952e-02
-6.937849587891259384e-02
-7.293168105851008387e-02
-7.293168105851008387e-02
-7.550227096209616295e-02
-7.550227096209616295e-02
-7.550227096209616295e-02
-7.550227096209616295e-02
-6.959806215013390751e-02
-6.959806215013390751e-02
-6.697895316460275583e-02
-6.460800906844384184e-02
-6.460800906844384184e-02
-6.460800906844384184e-02
-6.249906993469510341e-02
-6.012470631822552231e-02
-5.481348351102297706e-02
-5.832944972573775311e-02
-5.708417681735286631e-02
-5.786494140109094825e-02
-5.333300405253862259e-02
-5.333300405253862259e-02
-5.102095316884847076e-02
-4.983690988651216097e-02
-5.214419359658020031e-02
-4.744282277063956166e-02
-4.859307573245225803e-02
-5.274187466928425411e-02
-5.652338069679083143e-02
-5.767050538127123371e-02
-5.536795746615962716e-02
-5.879684058775841438e-02
-5.645991852845008707e-02
-6.206031577572707764e-02
-6.176706438688390338e-02
-5.400096779839782396e-02
-5.400096779839782396e-02
-5.400096779839782396e-02
-5.171870672686033898e-02
-5.171870672686033898e-02
-5.285075054171343989e-02
-5.285075054171343989e-02
-5.631600631756807085e-02
-5.518534301913009116e-02
-5.151569420201640437e-02
-5.151569420201640437e-02
-5.765043430224638804e-02
-6.334334928905316353e-02
-6.334334928905316353e-02
-6.334334928905316353e-02
-6.334334928905316353e-02
-5.662284961026513297e-02
-5.325210132440989785e-02
-5.103280757836801268e-02
-4.661709667398388629e-02
-4.440405622640467009e-02
-4.206756230675250813e-02
-3.761107536985319050e-02
-3.605970556961407558e-02
-3.943072200457746479e-02
-4.106035231782169392e-02
-4.106035231782169392e-02
-4.216385027549496983e-02
-5.316646133814668940e-02
-5.426879259495660107e-02
-5.536988583002063619e-02
-5.756753003694763809e-02
-5.536069686875177975e-02
-5.412774862276776427e-02
-5.190600496102006078e-02
-4.838480710758504694e-02
-4.838480710758504694e-02
-5.377907651746739737e-02
-5.377907651746739737e-02
-5.788970578201387690e-02
-5.570662257229094805e-02
-5.679673654163343299e-02
-5.258022678998906796e-02
-5.466002315532000194e-02
-5.248920609040477747e-02
-4.991962399847949677e-02
-4.767646437294823653e-02
-5.101262252642386336e-02
-5.100638765635892580e-02
-5.100638765635892580e-02
-4.992701360788661530e-02
-4.776908444007145482e-02
-4.776908444007145482e-02
-4.884142846773537744e-02
-5.090607478669773728e-02
-5.090607478669773728e-02
-4.983250705217496385e-02
-5.431177044505246243e-02
-5.537748711847078481e-02
-5.324422114492628061e-02
-5.599225334822626604e-02
-5.967976613762612792e-02
-5.755414226686179219e-02
-5.224537521580190774e-02
-5.012128361177882463e-02
-5.120319795091597681e-02
-5.478961178205793425e-02
-5.720732336085303932e-02
-6.089726512589547364e-02
-5.695044644458814587e-02
-5.967028234416874022e-02
-5.757514652019390944e-02
-5.757514652019390944e-02
-5.441770594633577041e-02
-5.333678637501450270e-02
-5.123711497140905069e-02
-5.446958951249800118e-02
-5.865532518197737188e-02
-5.237368724091785721e-02
-4.988047094305728818e-02
-4.988047094305728818e-02
-4.584743763870818140e-02
-4.688654423421747403e-02
-4.688654423421747403e-02
-4.480828622060054750e-02
-4.480828622060054750e-02
-4.479719748886872022e-02
-4.144430473474655652e-02
-3.936172215655046186e-02
-3.729322899596647367e-02
-3.729322899596647367e-02
-3.729322899596647367e-02
-3.729322899596647367e-02
-3.729322899596647367e-02
-3.525176820486005530e-02
-3.525176820486005530e-02
-3.041976610162799161e-02
-2.621972340181351682e-02
-2.621972340181351682e-02
-2.723105345017171747e-02
-2.723105345017171747e-02
-3.002144948571710409e-02
-3.582438713868177360e-02
-3.797727066062382001e-02
-3.797727066062382001e-02
-4.106160558906620656e-02
-3.688904277567710277e-02
-3.688904277567710277e-02
-3.484186297196543297e-02
-3.585281310389775572e-02
-3.887523118170311404e-02
-4.303480786027821803e-02
-4.718115651549339984e-02
-4.718115651549339984e-02
-4.718115651549339984e-02
-4.818518762281045337e-02
-5.150250648911477297e-02
-4.547846974050515773e-02
-4.739800214003687950e-02
-4.539557139589822654e-02
-4.005032118733160146e-02
-3.681790829172351676e-02
-3.681790829172351676e-02
-3.681790829172351676e-02
-3.681790829172351676e-02
-3.681790829172351676e-02
-3.681790829172351676e-02
-3.474836558141470438e-02
-3.574019776909639207e-02
-3.673087298112490129e-02
-3.673087298112490129e-02
-3.771882350169072223e-02
-3.672964960840279652e-02
-3.672964960840279652e-02
-3.073666479557718781e-02
-2.688821756869217219e-02
-2.421127197881431728e-02
-2.838349807598402122e-02
-2.937406333292232052e-02
-3.229743980486037697e-02
-3.229743980486037697e-02
-3.835060953088365032e-02
-3.427938608430695228e-02
-3.427938608430695228e-02
-3.525462819975889311e-02
-3.045645564250564624e-02
-2.668682512138477111e-02
-2.668682512138477111e-02
-2.668682512138477111e-02
-2.765904809541745030e-02
-2.765904809541745030e-02
-2.573749598412023581e-02
-2.573749598412023581e-02
-2.890682621913327061e-02
-2.806998714976911488e-02
-2.903444599044008659e-02
-2.903444599044008659e-02
-2.903444599044008659e-02
-2.509515782670758768e-02
-2.789135429758464804e-02
-2.789135429758464804e-02
-2.885012580230742960e-02
-3.184533623478415926e-02
-3.184533623478415926e-02
-2.993615448581999142e-02
-3.262542519380824679e-02
-3.071425363621440793e-02
-2.868956770513083482e-02
-3.194646689477102092e-02
-3.289790739329009894e-02
-3.668873226236559620e-02
-3.668873226236559620e-02
-3.737092380690354432e-02
-3.547392800041622440e-02
-3.359210395773852553e-02
-3.453807701345029679e-02
-3.453807701345029679e-02
-3.453807701345029679e-02
-3.171506757155440059e-02
-3.171506757155440059e-02
-3.579839576489177860e-02
-3.483109143718946671e-02
-3.773916397329466627e-02
-4.058914424510538105e-02
-4.152690667377973571e-02
-3.871223007255351900e-02
-4.061558122470341342e-02
-4.061558122470341342e-02
-4.061558122470341342e-02
-4.061558122470341342e-02
-4.340282761277165086e-02
-3.968252627764881635e-02
-4.248839268092820948e-02
-4.228710285514777206e-02
-4.228710285514777206e-02
-4.228710285514777206e-02
-3.909669789794822936e-02
-3.909669789794822936e-02
-4.096491887533441206e-02
-4.184419958241047260e-02
-4.091613855910201936e-02
-4.091613855910201936e-02
-4.432960734779489015e-02
-4.432960734779489015e-02
-4.432960734779489015e-02
-4.237849827124966912e-02
-4.521211628242827879e-02
-4.878471763836897401e-02
-4.785737244518903366e-02
-4.785737244518903366e-02
-4.785737244518903366e-02
-4.703249567593419805e-02
-4.116417494547169181e-02
-3.933987201232968384e-02
-4.025270957376443637e-02
-4.025270957376443637e-02
-4.305040321531779929e-02
-4.305040321531779929e-02
-4.395903939306203267e-02
-4.919694193685007072e-02
-4.919694193685007072e-02
-5.414531171483247945e-02
-5.414531171483247945e-02
-5.414531171483247945e-02
-5.123544434860569097e-02
-4.855705723856836020e-02
-5.231373402414013496e-02
-5.079689545518989435e-02
-5.234891339179153363e-02
-5.054738429890025253e-02
-5.450070498675005370e-02
-5.450070498675005370e-02
-5.270676468258546354e-02
-5.270676468258546354e-02
-5.270676468258546354e-02
-5.270676468258546354e-02
-5.270676468258546354e-02
-5.711262826208191729e-02
-5.532553262574699954e-02
-5.799248737379733565e-02
-6.077265703929435325e-02
-6.509273305759676054e-02
-6.966132528591735540e-02
-7.328987612639496774e-02
-7.153293987272675569e-02
-7.153293987272675569e-02
-6.886958368465008473e-02
-7.193020928006603476e-02
-7.271688881999813225e-02
-6.643955476639497315e-02
-7.130304623847354140e-02
-7.323069041003688051e-02
-7.687544521488066940e-02
-7.687544521488066940e-02
-7.687544521488066940e-02
-7.338673504346601706e-02
-6.636351450972800825e-02
-6.636351450972800825e-02
-6.682563655690380855e-02
-6.594882998761245063e-02
-6.413832110032488543e-02
-6.238940449131946675e-02
-6.381468623350539104e-02
-6.381468623350539104e-02
-6.381468623350539104e-02
-6.381468623350539104e-02
-7.032679760906251909e-02
-7.186208695606824404e-02
-7.272640416860752521e-02
-6.925083012459791465e-02
-6.925083012459791465e-02
-6.751185974347349850e-02
-6.468137776823577878e-02
-6.726118277150237856e-02
-6.726118277150237856e-02
-6.746366756443929191e-02
-6.569772167906268168e-02
-6.397212388774280167e-02
-5.288414422439187412e-02
-5.542779655912227071e-02
-5.198560187128634796e-02
-5.198560187128634796e-02
-5.284301240763801533e-02
-5.618513228885926164e-02
-5.902024503608106765e-02
-5.373577542551474795e-02
-4.819078779276082108e-02
-5.142203386029489676e-02
-5.142203386029489676e-02
-4.886152859238435120e-02
-4.886152859238435120e-02
-4.886152859238435120e-02
-4.715904183837219682e-02
-4.972004906555775594e-02
-4.803949933228478936e-02
-5.050212344668630199e-02
-4.712690506691747522e-02
-4.712690506691747522e-02
-4.797228291026132962e-02
-4.635100811539642762e-02
-4.719466152917934504e-02
-4.207930402995696539e-02
-4.470209479437047689e-02
-4.301522643201425439e-02
-4.275171622576660196e-02
-3.734873508809100767e-02
-3.813526416131369362e-02
-3.813526416131369362e-02
-3.645545399782681301e-02
-3.729241971533166916e-02
-3.799426763595249723e-02
-3.882972384549566308e-02
-4.136739229713614491e-02
-4.136739229713614491e-02
-4.220079470491405055e-02
-4.532437610351514046e-02
-4.166451097922430763e-02
-4.561465607490723662e-02
-4.561465607490723662e-02
-4.352094172854618914e-02
-4.109657817313191325e-02
-4.109657817313191325e-02
-4.026654116312821524e-02
-4.109524328084361577e-02
-4.623649185362007502e-02
-4.293068674500960524e-02
-4.528742753369392748e-02
-4.203052834405373445e-02
-4.434725185818366028e-02
-4.682623763462024497e-02
-5.052323294691751787e-02
-5.305013880417132344e-02
-5.567481829247399733e-02
-5.819110212152521500e-02
-5.742904703747198775e-02
-5.981125712024601415e-02
-5.981125712024601415e-02
-5.981125712024601415e-02
-5.890825275304784059e-02
-5.890825275304784059e-02
-6.131364139668109281e-02
-5.775204158929037740e-02
-5.775204158929037740e-02
-5.775204158929037740e-02
-6.539823805553897362e-02
-6.377092458108367390e-02
-6.623010317151573068e-02
-6.623010317151573068e-02
-5.983444718111505245e-02
-6.345423489476040291e-02
-6.183364901345989734e-02
-6.862553455182239526e-02
-7.103676914016555932e-02
-7.103676914016555932e-02
-7.103676914016555932e-02
-7.103676914016555932e-02
-7.103676914016555932e-02
-7.330022356805571127e-02
-7.767914266732493800e-02
-7.855335596788091956e-02
-7.689926174798052128e-02
-8.250816035619144839e-02
-7.929586146100466026e-02
-7.929586146100466026e-02
-7.929586146100466026e-02
-7.929586146100466026e-02
-8.009393686900513620e-02
-7.929464297610507029e-02
-8.654624965978056916e-02
-9.141585335245133725e-02
-9.846519504494154196e-02
-1.013957878400323365e-01
-1.087964989292947021e-01
-1.095904363194999537e-01
-1.101729650475036792e-01
-1.101729650475036792e-01
-1.101729650475036792e-01
-1.061283351949201120e-01
-9.850226729595047692e-02
-1.037424326965939586e-01
-1.021607434517805141e-01
-1.021607434517805141e-01
-1.029484874553553975e-01
-1.053749044222526549e-01
-1.101110167809402490e-01
-1.110680971384589849e-01
-1.110680971384589849e-01
