1.000000000000000000e+00
1.000000000000000000e+00
1.000000000000000000e+00
1.000000000000000000e+00
1.000000000000000000e+00
1.000000000000000000e+00
1.000000000000000000e+00
1.000000000000000000e+00
1.000000000000000000e+00
1.000000000000000000e+00
1.000000000000000000e+00
1.000000000000000000e+00
1.000000000000000000e+00
1.000000000000000000e+00
1.000000000000000000e+00
1.000000000000000000e+00
1.000000000000000000e+00
1.000000000000000000e+00
1.000000000000000000e+00
1.000000000000000000e+00
1.000000000000000000e+00
1.000000000000000000e+00
1.000000000000000000e+00
1.000000000000000000e+00
1.000000000000000000e+00
1.000000000000000000e+00
1.000000000000000000e+00
1.000000000000000000e+00
1.000000000000000000e+00
1.000000000000000000e+00
1.000000000000000000e+00
1.000000000000000000e+00
1.000000000000000000e+00
1.000000000000000000e+00
1.000000000000000000e+00
1.000000000000000000e+00
1.000000000000000000e+00
1.000000000000000000e+00
1.000000000000000000e+00
1.000000000000000000e+00
1.000000000000000000e+00
1.000000000000000000e+00
1.000000000000000000e+00
1.000000000000000000e+00
1.000000000000000000e+00
1.000000000000000000e+00
1.000000000000000000e+00
1.000000000000000000e+00
1.000000000000000000e+00
1.000000000000000000e+00
1.000000000000000000e+00
1.000000000000000000e+00
1.000000000000000000e+00
1.000000000000000000e+00
1.000000000000000000e+00
1.000000000000000000e+00
1.000000000000000000e+00
1.000000000000000000e+00
1.000000000000000000e+00
1.000000000000000000e+00
1.000000000000000000e+00
1.000000000000000000e+00
1.000000000000000000e+00
1.000000000000000000e+00
1.000000000000000000e+00
1.000000000000000000e+00
1.000000000000000000e+00
1.000000000000000000e+00
1.000000000000000000e+00
1.000000000000000000e+00
1.000000000000000000e+00
1.000000000000000000e+00
1.000000000000000000e+00
1.000000000000000000e+00
1.000000000000000000e+00
9.920799063528003003e-01
9.920799063528003003e-01
9.920799063528003003e-01
9.920799063528003003e-01
9.920799063528003003e-01
9.920799063528003003e-01
9.849445263595510980e-01
9.849445263595510980e-01
9.849445263595510980e-01
9.780770988888706219e-01
9.780770988888706219e-01
9.780770988888706219e-01
9.780770988888706219e-01
9.780770988888706219e-01
9.780770988888706219e-01
9.780770988888706219e-01
9.716985649624968469e-01
9.716985649624968469e-01
9.654519952150781847e-01
9.654519952150781847e-01
9.654519952150781847e-01
9.654519952150781847e-01
9.654519952150781847e-01
9.535772571644246520e-01
9.535772571644246520e-01
9.478070749308920018e-01
9.420772663790347723e-01
9.420772663790347723e-01
9.365702203354582256e-01
9.365702203354582256e-01
9.310748643193457186e-01
9.255601796474857146e-01
9.201620365884344288e-01
9.147854975509276398e-01
9.147854975509276398e-01
9.147854975509276398e-01
9.095626629999467028e-01
9.095626629999467028e-01
8.992782903617986268e-01
8.992782903617986268e-01
8.992782903617986268e-01
8.943885247385872095e-01
8.793972345501327448e-01
8.793972345501327448e-01
8.793972345501327448e-01
8.793972345501327448e-01
8.697891736338402291e-01
8.697891736338402291e-01
8.651476246208679166e-01
8.605290452145779589e-01
8.605290452145779589e-01
8.467398253113727069e-01
8.467398253113727069e-01
8.422224285892462303e-01
8.376833600873105912e-01
8.287955552068101417e-01
8.156229192884156820e-01
8.068524383943462830e-01
7.937686473896161665e-01
7.894875955507739684e-01
7.851990926670364690e-01
7.809682912261531884e-01
7.809682912261531884e-01
7.683529438613997398e-01
7.683529438613997398e-01
7.602232432798579076e-01
7.560446446066674264e-01
7.560446446066674264e-01
7.480014335696740790e-01
7.480014335696740790e-01
7.440189729243250616e-01
7.322218497758680167e-01
7.243410656015448756e-01
7.166239321217666713e-01
7.127301212631695915e-01
7.127301212631695915e-01
7.127301212631695915e-01
7.127301212631695915e-01
7.014620573106223889e-01
6.976798036834774841e-01
6.902366332474406674e-01
6.865522172408655699e-01
6.792722012873894100e-01
6.682837723170110822e-01
6.573821428660879818e-01
6.537951857691902680e-01
6.501984311298532049e-01
6.430715489988890754e-01
6.430715489988890754e-01
6.395320858227143690e-01
6.325946517906692046e-01
6.256815090758701681e-01
6.188128862008471787e-01
6.153522073734780662e-01
6.017469135141123582e-01
6.017469135141123582e-01
6.017469135141123582e-01
5.983943881035067580e-01
5.917341823565470671e-01
5.917341823565470671e-01
5.819419768367480872e-01
5.786703179436527567e-01
5.786703179436527567e-01
5.754394165176941467e-01
5.689828386872881616e-01
5.658171690704885126e-01
5.658171690704885126e-01
5.595046066990018163e-01
5.563495707785884870e-01
5.532432486294769358e-01
5.532432486294769358e-01
5.501630820505547526e-01
5.470825294144250339e-01
5.440235318894145466e-01
5.409699115776628320e-01
5.379317043783794494e-01
5.318941958190729347e-01
5.318941958190729347e-01
5.289036490435090609e-01
5.229604368300783124e-01
5.170612801828936567e-01
5.141147702415895804e-01
5.111864133555434897e-01
5.053712524935043415e-01
4.966802267276002048e-01
4.880588443026608880e-01
4.851881594589277924e-01
4.851881594589277924e-01
4.851881594589277924e-01
4.795443633345868872e-01
4.711221927811585219e-01
4.683263986298006887e-01
4.683263986298006887e-01
4.655593821719634096e-01
4.655593821719634096e-01
4.628235184600987262e-01
4.600964272166011559e-01
4.600964272166011559e-01
4.573911215953581633e-01
4.520128672122140090e-01
4.493359099487199693e-01
4.493359099487199693e-01
4.493359099487199693e-01
4.493359099487199693e-01
4.414515008057772194e-01
4.388417634681271995e-01
4.388417634681271995e-01
4.336621552033607663e-01
4.336621552033607663e-01
4.336621552033607663e-01
4.285503681532716325e-01
4.260094910806956903e-01
4.234709327077185170e-01
4.159060941230144914e-01
4.159060941230144914e-01
4.108965908143402124e-01
4.034193413175948817e-01
4.034193413175948817e-01
4.009485452699108055e-01
3.960416942495712522e-01
3.886993490126785522e-01
3.886993490126785522e-01
3.886993490126785522e-01
3.838747976881904944e-01
3.838747976881904944e-01
3.814804175298194266e-01
3.790910334663837311e-01
3.743381371847334105e-01
3.743381371847334105e-01
3.743381371847334105e-01
3.743381371847334105e-01
3.696627509326114169e-01
3.673376711191121968e-01
3.673376711191121968e-01
3.673376711191121968e-01
3.673376711191121968e-01
3.673376711191121968e-01
3.673376711191121968e-01
3.650673840536584058e-01
3.650673840536584058e-01
3.583078953204574257e-01
3.538118629673447368e-01
3.538118629673447368e-01
3.493560451702409364e-01
3.426967880576005099e-01
3.426967880576005099e-01
3.426967880576005099e-01
3.383140789160781203e-01
3.361278537276479739e-01
3.339509039975860905e-01
3.317836159944580476e-01
3.231338462997959682e-01
3.231338462997959682e-01
3.231338462997959682e-01
3.231338462997959682e-01
3.188767143315522912e-01
3.146347361166960122e-01
3.146347361166960122e-01
3.125306444409414186e-01
3.125306444409414186e-01
3.125306444409414186e-01
3.125306444409414186e-01
3.063080524644807290e-01
3.063080524644807290e-01
3.063080524644807290e-01
3.021990948493933349e-01
3.001535612285408106e-01
3.001535612285408106e-01
3.001535612285408106e-01
2.981328286970492680e-01
2.981328286970492680e-01
2.921108223403179327e-01
2.901062442978433742e-01
2.901062442978433742e-01
2.901062442978433742e-01
2.901062442978433742e-01
2.901062442978433742e-01
2.861697643936605417e-01
2.861697643936605417e-01
2.842149179282920102e-01
2.803179909112518131e-01
2.803179909112518131e-01
2.803179909112518131e-01
2.803179909112518131e-01
2.803179909112518131e-01
2.803179909112518131e-01
2.803179909112518131e-01
2.803179909112518131e-01
2.765283043073932245e-01
2.746412425309114336e-01
2.708803621846459508e-01
2.690028034085573116e-01
2.671323158159741862e-01
2.652680798470045120e-01
2.615478362537350665e-01
2.615478362537350665e-01
2.578559683202085728e-01
2.578559683202085728e-01
2.578559683202085728e-01
2.578559683202085728e-01
2.578559683202085728e-01
2.542210707038174422e-01
2.505962881188939506e-01
2.505962881188939506e-01
2.451943215917144758e-01
2.489213034497554933e-01
2.525082605466530961e-01
2.525082605466530961e-01
2.507286828053833516e-01
2.542978156912801824e-01
2.525311189758460695e-01
2.507702294041060931e-01
2.507702294041060931e-01
2.507702294041060931e-01
2.507702294041060931e-01
2.472898380547001451e-01
2.472898380547001451e-01
2.472898380547001451e-01
2.455664247824921598e-01
2.455664247824921598e-01
2.455664247824921598e-01
2.421514597987258210e-01
2.370421001064197397e-01
2.370421001064197397e-01
2.370421001064197397e-01
2.353520014682429218e-01
2.353520014682429218e-01
2.303168651528526290e-01
2.286429441787583838e-01
2.286429441787583838e-01
2.286429441787583838e-01
2.269837164770247828e-01
2.269837164770247828e-01
2.253326795816637529e-01
2.220464025187124102e-01
2.220464025187124102e-01
2.220464025187124102e-01
2.204167092364241742e-01
2.187896503494827227e-01
2.171701010751869443e-01
2.139378055259976985e-01
2.139378055259976985e-01
2.139378055259976985e-01
2.123356423804848847e-01
2.123356423804848847e-01
2.123356423804848847e-01
2.107454212150793871e-01
2.107454212150793871e-01
2.091636024647300363e-01
2.091636024647300363e-01
2.091636024647300363e-01
2.091636024647300363e-01
2.091636024647300363e-01
2.076057479945175865e-01
2.060483108255113938e-01
2.060483108255113938e-01
2.045024106501137917e-01
2.045024106501137917e-01
2.045024106501137917e-01
2.045024106501137917e-01
2.045024106501137917e-01
2.045024106501137917e-01
2.029800099520903400e-01
2.029800099520903400e-01
2.060336302638421380e-01
2.045231212524841191e-01
2.045231212524841191e-01
2.045231212524841191e-01
2.060418104116043814e-01
2.060418104116043814e-01
2.060418104116043814e-01
2.030689892637844163e-01
2.030689892637844163e-01
2.015886090795666608e-01
2.015886090795666608e-01
2.001183467641133029e-01
1.986508699068551542e-01
1.986508699068551542e-01
2.001209416953044495e-01
2.001209416953044495e-01
1.986696180511350329e-01
1.986696180511350329e-01
1.986696180511350329e-01
1.972296234417794669e-01
1.957898482773136883e-01
1.957898482773136883e-01
1.943590755206491272e-01
1.929303045727689125e-01
1.915056285082122056e-01
1.900867394668026011e-01
1.886689034167179924e-01
1.872542961349350221e-01
1.872542961349350221e-01
1.872542961349350221e-01
1.886607078744536314e-01
1.872609886001870005e-01
1.858642162821963761e-01
1.858642162821963761e-01
1.858642162821963761e-01
1.858642162821963761e-01
1.844820874636910191e-01
1.844820874636910191e-01
1.844820874636910191e-01
1.831080056522405297e-01
1.803704867407693313e-01
1.790033030215249232e-01
1.790033030215249232e-01
1.790033030215249232e-01
1.762911492477004238e-01
1.762911492477004238e-01
1.749397982547497565e-01
1.749397982547497565e-01
1.735964454411051405e-01
1.735964454411051405e-01
1.722588724984666086e-01
1.709256196745959078e-01
1.695940458356463010e-01
1.682652685778104895e-01
1.682652685778104895e-01
1.656228553840939643e-01
1.643033427127837953e-01
1.643033427127837953e-01
1.643033427127837953e-01
1.603731978776518907e-01
1.603731978776518907e-01
1.603731978776518907e-01
1.590726427980869717e-01
1.590726427980869717e-01
1.577766975754948953e-01
1.577766975754948953e-01
1.564864642715054210e-01
1.539133960923680655e-01
1.539133960923680655e-01
1.539133960923680655e-01
1.526357870293145735e-01
1.500847583213508196e-01
1.500847583213508196e-01
1.500847583213508196e-01
1.500847583213508196e-01
1.475581938206686206e-01
1.462982477825338634e-01
1.450409700623427889e-01
1.437870493924698900e-01
1.425350193796810216e-01
1.425350193796810216e-01
1.412878355368431538e-01
1.400439492375099015e-01
1.400439492375099015e-01
1.400439492375099015e-01
1.400439492375099015e-01
1.400439492375099015e-01
1.400439492375099015e-01
1.400439492375099015e-01
1.400439492375099015e-01
1.388224683970643858e-01
1.376020065443273321e-01
1.376020065443273321e-01
1.363872167309778949e-01
1.363872167309778949e-01
1.363872167309778949e-01
1.351806759347420339e-01
1.339763047960551012e-01
1.339763047960551012e-01
1.339763047960551012e-01
1.339763047960551012e-01
1.327804750538052192e-01
1.327804750538052192e-01
1.327804750538052192e-01
1.291935179569076719e-01
1.280091759309696098e-01
1.280091759309696098e-01
1.280091759309696098e-01
1.268320977507687297e-01
1.256567372055114318e-01
1.256567372055114318e-01
1.244865500749415682e-01
1.244865500749415682e-01
1.233206478456506938e-01
1.233206478456506938e-01
1.256457276591498584e-01
1.244883441848330802e-01
1.244883441848330802e-01
1.244883441848330802e-01
1.244883441848330802e-01
1.244883441848330802e-01
1.244883441848330802e-01
1.244883441848330802e-01
1.244883441848330802e-01
1.244883441848330802e-01
1.244883441848330802e-01
1.244883441848330802e-01
1.233551900124492812e-01
1.222247413235776625e-01
1.222247413235776625e-01
1.222247413235776625e-01
1.222247413235776625e-01
1.222247413235776625e-01
1.211041764679483129e-01
1.211041764679483129e-01
1.211041764679483129e-01
1.211041764679483129e-01
1.199920672127550991e-01
1.188840267906209197e-01
1.188840267906209197e-01
1.188840267906209197e-01
1.188840267906209197e-01
1.188840267906209197e-01
1.188840267906209197e-01
1.188840267906209197e-01
1.166964709521830929e-01
1.156042176942189276e-01
1.156042176942189276e-01
1.156042176942189276e-01
1.156042176942189276e-01
1.156042176942189276e-01
1.156042176942189276e-01
1.156042176942189276e-01
1.166955657075974123e-01
1.166955657075974123e-01
1.166955657075974123e-01
1.166955657075974123e-01
1.166955657075974123e-01
1.166955657075974123e-01
1.166955657075974123e-01
1.166955657075974123e-01
1.156331611465237774e-01
1.156331611465237774e-01
1.145755978122115631e-01
1.145755978122115631e-01
1.145755978122115631e-01
1.145755978122115631e-01
1.145755978122115631e-01
1.145755978122115631e-01
1.145755978122115631e-01
1.145755978122115631e-01
1.135327217939036543e-01
1.156052842597067309e-01
1.156052842597067309e-01
1.156052842597067309e-01
1.145189102588829722e-01
1.165740920438434330e-01
1.165740920438434330e-01
1.165740920438434330e-01
1.165740920438434330e-01
1.165740920438434330e-01
1.165740920438434330e-01
1.165740920438434330e-01
1.155540719903071778e-01
1.155540719903071778e-01
1.145376237350632792e-01
1.145376237350632792e-01
1.145376237350632792e-01
1.145376237350632792e-01
1.114840034233114813e-01
1.114840034233114813e-01
1.114840034233114813e-01
1.114840034233114813e-01
1.114840034233114813e-01
1.104845695766040886e-01
1.104845695766040886e-01
1.104845695766040886e-01
1.104845695766040886e-01
1.104845695766040886e-01
1.104845695766040886e-01
1.104845695766040886e-01
1.085076460076283694e-01
1.075206324600010283e-01
1.075206324600010283e-01
1.065379866036643836e-01
1.065379866036643836e-01
1.065379866036643836e-01
1.065379866036643836e-01
1.065379866036643836e-01
1.036096297176183068e-01
1.026370041844204828e-01
1.026370041844204828e-01
1.016678870615566610e-01
1.007001333819059763e-01
1.007001333819059763e-01
9.876984058958258872e-02
9.876984058958258872e-02
9.876984058958258872e-02
9.876984058958258872e-02
9.876984058958258872e-02
9.876984058958258872e-02
9.781508556519924458e-02
9.781508556519924458e-02
9.781508556519924458e-02
9.781508556519924458e-02
9.781508556519924458e-02
9.781508556519924458e-02
9.781508556519924458e-02
9.781508556519924458e-02
9.781508556519924458e-02
9.781508556519924458e-02
9.781508556519924458e-02
9.594024574852995368e-02
9.594024574852995368e-02
9.594024574852995368e-02
9.594024574852995368e-02
9.594024574852995368e-02
9.594024574852995368e-02
9.501235425581917859e-02
9.408560658534644017e-02
9.408560658534644017e-02
9.408560658534644017e-02
9.408560658534644017e-02
9.408560658534644017e-02
9.408560658534644017e-02
9.408560658534644017e-02
9.408560658534644017e-02
9.317098433765751142e-02
9.317098433765751142e-02
9.317098433765751142e-02
9.317098433765751142e-02
9.317098433765751142e-02
9.317098433765751142e-02
9.317098433765751142e-02
9.317098433765751142e-02
9.317098433765751142e-02
9.317098433765751142e-02
9.317098433765751142e-02
9.317098433765751142e-02
9.227331161346985500e-02
9.227331161346985500e-02
9.227331161346985500e-02
9.227331161346985500e-02
9.227331161346985500e-02
9.227331161346985500e-02
9.138397713312637616e-02
9.138397713312637616e-02
9.138397713312637616e-02
9.138397713312637616e-02
9.138397713312637616e-02
9.226187255956612432e-02
9.138099684195476191e-02
9.138099684195476191e-02
8.962335718827661724e-02
8.962335718827661724e-02
8.962335718827661724e-02
8.962335718827661724e-02
8.874978222722681998e-02
8.874978222722681998e-02
8.874978222722681998e-02
8.874978222722681998e-02
8.788237766986294053e-02
8.788237766986294053e-02
8.788237766986294053e-02
8.788237766986294053e-02
8.788237766986294053e-02
8.788237766986294053e-02
8.788237766986294053e-02
8.788237766986294053e-02
8.788237766986294053e-02
8.702576293665310880e-02
8.617014066089757895e-02
8.617014066089757895e-02
8.617014066089757895e-02
8.786023929907439689e-02
8.786023929907439689e-02
8.786023929907439689e-02
8.786023929907439689e-02
8.786023929907439689e-02
8.786023929907439689e-02
8.786023929907439689e-02
8.786023929907439689e-02
8.701901355688114459e-02
8.701901355688114459e-02
8.701901355688114459e-02
8.701901355688114459e-02
8.701901355688114459e-02
8.701901355688114459e-02
8.701901355688114459e-02
8.618612107130903255e-02
8.618612107130903255e-02
8.618612107130903255e-02
8.618612107130903255e-02
8.535821570315592355e-02
8.535821570315592355e-02
8.535821570315592355e-02
8.535821570315592355e-02
8.535821570315592355e-02
8.535821570315592355e-02
8.535821570315592355e-02
8.535821570315592355e-02
8.535821570315592355e-02
8.535821570315592355e-02
8.454243870456362719e-02
8.454243870456362719e-02
8.372919366511244466e-02
8.372919366511244466e-02
8.372919366511244466e-02
8.372919366511244466e-02
8.372919366511244466e-02
8.372919366511244466e-02
8.372919366511244466e-02
8.372919366511244466e-02
8.212040295861817996e-02
8.212040295861817996e-02
8.212040295861817996e-02
8.212040295861817996e-02
8.132025751284659154e-02
8.132025751284659154e-02
8.132025751284659154e-02
8.132025751284659154e-02
8.132025751284659154e-02
8.132025751284659154e-02
8.132025751284659154e-02
8.052861008572380352e-02
8.052861008572380352e-02
8.052861008572380352e-02
7.974014003751647706e-02
7.974014003751647706e-02
7.974014003751647706e-02
7.974014003751647706e-02
7.974014003751647706e-02
7.974014003751647706e-02
7.974014003751647706e-02
7.974014003751647706e-02
7.974014003751647706e-02
7.974014003751647706e-02
7.974014003751647706e-02
7.974014003751647706e-02
7.974014003751647706e-02
7.974014003751647706e-02
7.896663572727888325e-02
7.896663572727888325e-02
7.896663572727888325e-02
7.896663572727888325e-02
7.896663572727888325e-02
7.896663572727888325e-02
7.896663572727888325e-02
7.820025103452406257e-02
7.820025103452406257e-02
7.820025103452406257e-02
7.820025103452406257e-02
7.743822650064896562e-02
7.743822650064896562e-02
7.743822650064896562e-02
7.743822650064896562e-02
7.743822650064896562e-02
7.743822650064896562e-02
7.743822650064896562e-02
7.743822650064896562e-02
8.049184681240076356e-02
8.049184681240076356e-02
8.049184681240076356e-02
8.049184681240076356e-02
8.049184681240076356e-02
8.049184681240076356e-02
8.049184681240076356e-02
8.049184681240076356e-02
7.899880085513315275e-02
7.899880085513315275e-02
8.048422949773337276e-02
8.048422949773337276e-02
8.048422949773337276e-02
8.048422949773337276e-02
8.048422949773337276e-02
8.048422949773337276e-02
8.048422949773337276e-02
8.048422949773337276e-02
8.048422949773337276e-02
8.048422949773337276e-02
8.048422949773337276e-02
8.048422949773337276e-02
8.048422949773337276e-02
8.048422949773337276e-02
8.048422949773337276e-02
8.048422949773337276e-02
8.048422949773337276e-02
8.048422949773337276e-02
8.048422949773337276e-02
7.975789629830912220e-02
7.975789629830912220e-02
7.903295341033295118e-02
7.903295341033295118e-02
7.903295341033295118e-02
7.903295341033295118e-02
7.903295341033295118e-02
7.903295341033295118e-02
7.903295341033295118e-02
7.903295341033295118e-02
7.903295341033295118e-02
7.759979214047880991e-02
7.759979214047880991e-02
7.759979214047880991e-02
7.759979214047880991e-02
7.759979214047880991e-02
7.759979214047880991e-02
7.759979214047880991e-02
7.759979214047880991e-02
7.759979214047880991e-02
7.759979214047880991e-02
7.618449876245425578e-02
7.618449876245425578e-02
7.618449876245425578e-02
7.618449876245425578e-02
7.618449876245425578e-02
7.618449876245425578e-02
7.618449876245425578e-02
7.618449876245425578e-02
7.548358901571859680e-02
7.548358901571859680e-02
7.548358901571859680e-02
7.478546890288466364e-02
7.478546890288466364e-02
7.271290643708161472e-02
7.271290643708161472e-02
7.271290643708161472e-02
7.065772465212113995e-02
7.065772465212113995e-02
7.065772465212113995e-02
7.065772465212113995e-02
7.065772465212113995e-02
7.065772465212113995e-02
7.065772465212113995e-02
7.065772465212113995e-02
7.065772465212113995e-02
7.065772465212113995e-02
7.065772465212113995e-02
7.065772465212113995e-02
7.065772465212113995e-02
7.065772465212113995e-02
7.065772465212113995e-02
7.065772465212113995e-02
7.065772465212113995e-02
7.065772465212113995e-02
7.065772465212113995e-02
6.997950887375622986e-02
6.997950887375622986e-02
6.997950887375622986e-02
6.997950887375622986e-02
6.997950887375622986e-02
6.930504731396673612e-02
6.930504731396673612e-02
6.930504731396673612e-02
6.930504731396673612e-02
6.930504731396673612e-02
6.930504731396673612e-02
6.930504731396673612e-02
6.930504731396673612e-02
6.796929016426793424e-02
6.796929016426793424e-02
6.730252357737026569e-02
6.663686365075395523e-02
6.663686365075395523e-02
6.663686365075395523e-02
6.663686365075395523e-02
6.597419523187808554e-02
6.597419523187808554e-02
6.597419523187808554e-02
6.597419523187808554e-02
6.597419523187808554e-02
6.597419523187808554e-02
6.597419523187808554e-02
6.597419523187808554e-02
6.597419523187808554e-02
6.531847249951978907e-02
6.531847249951978907e-02
6.531847249951978907e-02
6.662784168889147873e-02
6.662784168889147873e-02
6.662784168889147873e-02
6.662784168889147873e-02
6.662784168889147873e-02
6.662784168889147873e-02
6.662784168889147873e-02
6.662784168889147873e-02
6.662784168889147873e-02
6.662784168889147873e-02
6.662784168889147873e-02
6.662784168889147873e-02
6.662784168889147873e-02
6.662784168889147873e-02
6.662784168889147873e-02
6.662784168889147873e-02
6.662784168889147873e-02
6.662784168889147873e-02
6.662784168889147873e-02
6.662784168889147873e-02
6.598917201234417995e-02
6.535084212633961165e-02
6.535084212633961165e-02
6.535084212633961165e-02
6.535084212633961165e-02
6.535084212633961165e-02
6.535084212633961165e-02
6.535084212633961165e-02
6.535084212633961165e-02
6.535084212633961165e-02
6.535084212633961165e-02
6.535084212633961165e-02
6.535084212633961165e-02
6.535084212633961165e-02
6.535084212633961165e-02
6.535084212633961165e-02
6.535084212633961165e-02
6.535084212633961165e-02
6.472438263086935373e-02
6.472438263086935373e-02
6.472438263086935373e-02
6.472438263086935373e-02
6.472438263086935373e-02
6.472438263086935373e-02
6.410238956752434270e-02
6.410238956752434270e-02
6.410238956752434270e-02
6.410238956752434270e-02
6.410238956752434270e-02
6.410238956752434270e-02
6.410238956752434270e-02
6.410238956752434270e-02
6.410238956752434270e-02
6.348615201991367196e-02
6.348615201991367196e-02
6.348615201991367196e-02
6.348615201991367196e-02
6.348615201991367196e-02
6.287360138368137952e-02
6.287360138368137952e-02
6.287360138368137952e-02
6.287360138368137952e-02
6.287360138368137952e-02
6.287360138368137952e-02
6.287360138368137952e-02
6.287360138368137952e-02
6.226617976636799473e-02
6.226617976636799473e-02
6.344325794656885398e-02
6.344325794656885398e-02
6.344325794656885398e-02
6.344325794656885398e-02
6.344325794656885398e-02
6.038963763481707686e-02
6.038963763481707686e-02
6.038963763481707686e-02
6.038963763481707686e-02
6.038963763481707686e-02
6.038963763481707686e-02
6.038963763481707686e-02
6.038963763481707686e-02
6.038963763481707686e-02
6.038963763481707686e-02
6.038963763481707686e-02
6.038963763481707686e-02
6.038963763481707686e-02
6.038963763481707686e-02
6.038963763481707686e-02
6.038963763481707686e-02
6.038963763481707686e-02
6.038963763481707686e-02
6.038963763481707686e-02
6.038963763481707686e-02
6.038963763481707686e-02
6.038963763481707686e-02
6.038963763481707686e-02
6.038963763481707686e-02
6.038963763481707686e-02
6.038963763481707686e-02
6.038963763481707686e-02
6.038963763481707686e-02
6.038963763481707686e-02
6.038963763481707686e-02
6.038963763481707686e-02
6.038963763481707686e-02
6.038963763481707686e-02
6.038963763481707686e-02
6.038963763481707686e-02
6.038963763481707686e-02
6.038963763481707686e-02
5.922907482373507976e-02
5.864909202794446608e-02
5.864909202794446608e-02
5.807020544955438651e-02
5.922758892387117169e-02
5.922758892387117169e-02
5.922758892387117169e-02
5.922758892387117169e-02
5.922758892387117169e-02
5.922758892387117169e-02
5.922758892387117169e-02
5.922758892387117169e-02
5.753749028569435375e-02
5.753749028569435375e-02
5.753749028569435375e-02
5.753749028569435375e-02
5.753749028569435375e-02
5.753749028569435375e-02
5.696767274361402844e-02
5.696767274361402844e-02
5.696767274361402844e-02
5.696767274361402844e-02
5.696767274361402844e-02
5.696767274361402844e-02
5.696767274361402844e-02
5.696767274361402844e-02
5.696767274361402844e-02
5.696767274361402844e-02
5.696767274361402844e-02
5.696767274361402844e-02
5.696767274361402844e-02
5.696767274361402844e-02
5.696767274361402844e-02
5.696767274361402844e-02
5.696767274361402844e-02
5.696767274361402844e-02
5.696767274361402844e-02
5.696767274361402844e-02
5.696767274361402844e-02
5.696767274361402844e-02
5.696767274361402844e-02
5.696767274361402844e-02
5.696767274361402844e-02
5.696767274361402844e-02
5.696767274361402844e-02
5.696767274361402844e-02
5.696767274361402844e-02
5.696767274361402844e-02
5.696767274361402844e-02
5.696767274361402844e-02
5.696767274361402844e-02
5.696767274361402844e-02
5.696767274361402844e-02
5.696767274361402844e-02
5.696767274361402844e-02
5.696767274361402844e-02
5.696767274361402844e-02
5.696767274361402844e-02
5.696767274361402844e-02
5.696767274361402844e-02
5.696767274361402844e-02
5.696767274361402844e-02
5.696767274361402844e-02
5.696767274361402844e-02
5.642272610757475410e-02
5.642272610757475410e-02
5.642272610757475410e-02
5.642272610757475410e-02
5.642272610757475410e-02
5.642272610757475410e-02
5.588077138417085060e-02
5.588077138417085060e-02
5.588077138417085060e-02
5.588077138417085060e-02
5.534104479092960549e-02
5.534104479092960549e-02
5.534104479092960549e-02
5.534104479092960549e-02
5.534104479092960549e-02
5.534104479092960549e-02
5.534104479092960549e-02
5.534104479092960549e-02
5.534104479092960549e-02
5.534104479092960549e-02
5.534104479092960549e-02
5.534104479092960549e-02
5.534104479092960549e-02
5.534104479092960549e-02
5.534104479092960549e-02
5.534104479092960549e-02
5.534104479092960549e-02
5.480968696170187421e-02
5.480968696170187421e-02
5.480968696170187421e-02
5.480968696170187421e-02
5.480968696170187421e-02
5.428114400886700081e-02
5.428114400886700081e-02
5.428114400886700081e-02
5.428114400886700081e-02
5.428114400886700081e-02
5.428114400886700081e-02
5.428114400886700081e-02
5.428114400886700081e-02
5.375651185614072070e-02
5.375651185614072070e-02
5.375651185614072070e-02
5.375651185614072070e-02
5.375651185614072070e-02
5.323389710433047012e-02
5.323389710433047012e-02
5.323389710433047012e-02
5.323389710433047012e-02
5.271342887738779404e-02
5.271342887738779404e-02
5.271342887738779404e-02
5.271342887738779404e-02
5.271342887738779404e-02
5.271342887738779404e-02
5.271342887738779404e-02
5.271342887738779404e-02
5.271342887738779404e-02
5.271342887738779404e-02
5.271342887738779404e-02
5.271342887738779404e-02
5.271342887738779404e-02
5.271342887738779404e-02
5.271342887738779404e-02
5.271342887738779404e-02
5.271342887738779404e-02
5.271342887738779404e-02
5.271342887738779404e-02
5.271342887738779404e-02
5.271342887738779404e-02
5.271342887738779404e-02
5.271342887738779404e-02
5.271342887738779404e-02
5.271342887738779404e-02
5.271342887738779404e-02
5.271342887738779404e-02
5.271342887738779404e-02
5.271342887738779404e-02
5.271342887738779404e-02
5.271342887738779404e-02
5.170069985051250344e-02
5.170069985051250344e-02
5.170069985051250344e-02
5.278707385133626917e-02
5.584069416308808098e-02
5.584069416308808098e-02
5.584069416308808098e-02
5.584069416308808098e-02
5.584069416308808098e-02
5.584069416308808098e-02
5.584069416308808098e-02
5.584069416308808098e-02
5.584069416308808098e-02
5.584069416308808098e-02
5.584069416308808098e-02
5.584069416308808098e-02
5.584069416308808098e-02
5.435526552048786791e-02
5.435526552048786791e-02
5.435526552048786791e-02
5.435526552048786791e-02
5.435526552048786791e-02
5.435526552048786791e-02
5.435526552048786791e-02
5.435526552048786791e-02
5.435526552048786791e-02
5.435526552048786791e-02
5.435526552048786791e-02
5.435526552048786791e-02
5.435526552048786791e-02
5.435526552048786791e-02
5.435526552048786791e-02
5.435526552048786791e-02
5.435526552048786791e-02
5.435526552048786791e-02
5.435526552048786791e-02
5.435526552048786791e-02
5.435526552048786791e-02
5.435526552048786791e-02
5.435526552048786791e-02
5.386620158804594077e-02
5.386620158804594077e-02
5.386620158804594077e-02
5.386620158804594077e-02
5.386620158804594077e-02
5.386620158804594077e-02
5.386620158804594077e-02
5.386620158804594077e-02
5.386620158804594077e-02
5.386620158804594077e-02
5.386620158804594077e-02
5.386620158804594077e-02
5.386620158804594077e-02
5.386620158804594077e-02
5.386620158804594077e-02
5.386620158804594077e-02
5.386620158804594077e-02
5.386620158804594077e-02
5.386620158804594077e-02
5.386620158804594077e-02
5.386620158804594077e-02
5.386620158804594077e-02
5.386620158804594077e-02
5.386620158804594077e-02
5.386620158804594077e-02
5.386620158804594077e-02
5.386620158804594077e-02
5.386620158804594077e-02
5.386620158804594077e-02
5.386620158804594077e-02
5.386620158804594077e-02
5.386620158804594077e-02
5.386620158804594077e-02
5.386620158804594077e-02
5.386620158804594077e-02
5.386620158804594077e-02
5.386620158804594077e-02
5.386620158804594077e-02
5.339290272346628591e-02
5.433045335419400129e-02
5.433045335419400129e-02
5.433045335419400129e-02
5.433045335419400129e-02
5.433045335419400129e-02
5.433045335419400129e-02
5.433045335419400129e-02
5.433045335419400129e-02
5.433045335419400129e-02
5.433045335419400129e-02
5.433045335419400129e-02
5.433045335419400129e-02
5.433045335419400129e-02
5.433045335419400129e-02
5.433045335419400129e-02
5.433045335419400129e-02
5.433045335419400129e-02
5.433045335419400129e-02
5.433045335419400129e-02
5.433045335419400129e-02
5.433045335419400129e-02
5.433045335419400129e-02
5.433045335419400129e-02
5.433045335419400129e-02
5.433045335419400129e-02
5.433045335419400129e-02
5.433045335419400129e-02
5.433045335419400129e-02
5.433045335419400129e-02
5.433045335419400129e-02
5.433045335419400129e-02
5.433045335419400129e-02
5.433045335419400129e-02
5.386998132412428725e-02
5.386998132412428725e-02
5.386998132412428725e-02
5.386998132412428725e-02
5.386998132412428725e-02
5.386998132412428725e-02
5.386998132412428725e-02
5.386998132412428725e-02
