0.000000000000000000e+00
9.571619375082324188e-02
9.571619375082324188e-02
9.571619375082324188e-02
9.571619375082324188e-02
9.571619375082324188e-02
9.571619375082324188e-02
9.571619375082324188e-02
9.571619375082324188e-02
9.571619375082324188e-02
9.571619375082324188e-02
9.571619375082324188e-02
9.571619375082324188e-02
9.571619375082324188e-02
9.571619375082324188e-02
9.571619375082324188e-02
9.571619375082324188e-02
9.571619375082324188e-02
9.571619375082324188e-02
9.571619375082324188e-02
9.571619375082324188e-02
9.571619375082324188e-02
9.571619375082324188e-02
9.571619375082324188e-02
9.571619375082324188e-02
9.571619375082324188e-02
9.571619375082324188e-02
9.571619375082324188e-02
9.571619375082324188e-02
9.571619375082324188e-02
9.571619375082324188e-02
9.571619375082324188e-02
9.571619375082324188e-02
9.571619375082324188e-02
9.571619375082324188e-02
9.571619375082324188e-02
9.571619375082324188e-02
9.571619375082324188e-02
9.571619375082324188e-02
9.571619375082324188e-02
9.571619375082324188e-02
9.571619375082324188e-02
9.571619375082324188e-02
9.571619375082324188e-02
9.571619375082324188e-02
9.571619375082324188e-02
9.571619375082324188e-02
9.571619375082324188e-02
9.571619375082324188e-02
9.571619375082324188e-02
9.571619375082324188e-02
9.571619375082324188e-02
9.571619375082324188e-02
9.571619375082324188e-02
9.571619375082324188e-02
9.571619375082324188e-02
9.571619375082324188e-02
9.571619375082324188e-02
9.571619375082324188e-02
9.571619375082324188e-02
9.571619375082324188e-02
9.571619375082324188e-02
9.571619375082324188e-02
9.571619375082324188e-02
9.571619375082324188e-02
9.571619375082324188e-02
9.571619375082324188e-02
9.571619375082324188e-02
9.571619375082324188e-02
9.571619375082324188e-02
9.571619375082324188e-02
9.571619375082324188e-02
9.571619375082324188e-02
9.571619375082324188e-02
9.571619375082324188e-02
9.324363477736757888e-02
9.324363477736757888e-02
9.324363477736757888e-02
9.324363477736757888e-02
9.324363477736757888e-02
9.324363477736757888e-02
9.526855540692748259e-02
9.526855540692748259e-02
9.526855540692748259e-02
9.476655556695252891e-02
9.476655556695252891e-02
9.476655556695252891e-02
9.476655556695252891e-02
9.476655556695252891e-02
9.476655556695252891e-02
9.476655556695252891e-02
9.325333443063345273e-02
9.325333443063345273e-02
9.297529380012486966e-02
9.297529380012486966e-02
9.297529380012486966e-02
9.297529380012486966e-02
9.297529380012486966e-02
9.364992946073692759e-02
9.364992946073692759e-02
9.387725200879538934e-02
9.219247651937099997e-02
9.219247651937099997e-02
9.233022823469798357e-02
9.233022823469798357e-02
9.112721892486909392e-02
9.156542232594701292e-02
9.016781766132364595e-02
8.908117920261005018e-02
8.908117920261005018e-02
8.908117920261005018e-02
8.885921356119584613e-02
8.885921356119584613e-02
8.997129968329826977e-02
8.997129968329826977e-02
8.997129968329826977e-02
9.049611502693973020e-02
9.207206721157788765e-02
9.207206721157788765e-02
9.207206721157788765e-02
9.207206721157788765e-02
8.979999103496087709e-02
8.979999103496087709e-02
9.012766128769998664e-02
8.899189839447252393e-02
8.899189839447252393e-02
8.955745913662095659e-02
8.955745913662095659e-02
8.885947241001949937e-02
8.882970893307599869e-02
8.913449076363631762e-02
8.783043219630996823e-02
8.567167589261125149e-02
8.711730813921303440e-02
8.752439670690613516e-02
8.678738431613995663e-02
8.785839275439639995e-02
8.785839275439639995e-02
8.629332897152210136e-02
8.629332897152210136e-02
8.542108446616729356e-02
8.659291028449016270e-02
8.659291028449016270e-02
8.738305201047230630e-02
8.738305201047230630e-02
8.694824562741294838e-02
8.727212421749976079e-02
8.706061010441658310e-02
8.342147787566689399e-02
8.442266643810235338e-02
8.442266643810235338e-02
8.442266643810235338e-02
8.442266643810235338e-02
8.351022806928531939e-02
8.385894665265779258e-02
7.866823160976557650e-02
7.832925016257981377e-02
7.905002348483852748e-02
7.940052787171690551e-02
8.099659754749967411e-02
8.109295555142601031e-02
8.157444932976197494e-02
8.160262936478314411e-02
8.160262936478314411e-02
8.200752646100574472e-02
8.070416746690654841e-02
8.040805973321810129e-02
8.058754450288030391e-02
8.025471889332286279e-02
8.287996008133889647e-02
8.287996008133889647e-02
8.287996008133889647e-02
8.340422601878645648e-02
8.248743334075102351e-02
8.248743334075102351e-02
8.210558886946395241e-02
8.294178001635649222e-02
8.294178001635649222e-02
8.263577161679730443e-02
8.197125089114200291e-02
8.246817273644481416e-02
8.246817273644481416e-02
8.236374737087369391e-02
8.295188938492058239e-02
8.247987998959484257e-02
8.247987998959484257e-02
8.206560577241560350e-02
8.263821411518257332e-02
8.268864123877095462e-02
8.306865349003540733e-02
8.276216640998824980e-02
8.381735113575945750e-02
8.381735113575945750e-02
8.450153890641036447e-02
8.560757480247789541e-02
8.629708696348625807e-02
8.603783379646699758e-02
8.557006956882855231e-02
8.571450366305781443e-02
8.678084740022619370e-02
8.570675419882255175e-02
8.621819328379513869e-02
8.621819328379513869e-02
8.621819328379513869e-02
8.591099950817648878e-02
8.651178345220522647e-02
8.702424051090502932e-02
8.702424051090502932e-02
8.720973934151859952e-02
8.720973934151859952e-02
8.778469333766342197e-02
8.756454194945273439e-02
8.756454194945273439e-02
8.813615996663258512e-02
8.571537036434290213e-02
8.633633357296860433e-02
8.633633357296860433e-02
8.633633357296860433e-02
8.633633357296860433e-02
8.656964733501248954e-02
8.674951509297855468e-02
8.674951509297855468e-02
8.688714323219992597e-02
8.688714323219992597e-02
8.688714323219992597e-02
8.467175758051910528e-02
8.498146939229889174e-02
8.283997815309596113e-02
8.237562247490458345e-02
8.237562247490458345e-02
8.091720681847566765e-02
7.970962688820341924e-02
7.970962688820341924e-02
8.027127777494119654e-02
8.100159392880769416e-02
8.270449488357538292e-02
8.270449488357538292e-02
8.270449488357538292e-02
8.292090545810838764e-02
8.292090545810838764e-02
8.238375886808142756e-02
8.269633103653271922e-02
8.024463451612486031e-02
8.024463451612486031e-02
8.024463451612486031e-02
8.024463451612486031e-02
8.033824896124834580e-02
8.017982005045946881e-02
8.017982005045946881e-02
8.017982005045946881e-02
8.017982005045946881e-02
8.017982005045946881e-02
8.017982005045946881e-02
8.051566988096255095e-02
8.051566988096255095e-02
8.014852990743204231e-02
7.993062114240877258e-02
7.993062114240877258e-02
7.987376149928578084e-02
8.040856541263741164e-02
8.040856541263741164e-02
8.040856541263741164e-02
8.027100715449457524e-02
8.057424165414847628e-02
8.024238382042468698e-02
8.051046151006327478e-02
7.739103338690911382e-02
7.739103338690911382e-02
7.739103338690911382e-02
7.739103338690911382e-02
7.760755273567344903e-02
7.858649825518169985e-02
7.858649825518169985e-02
7.899709910880613195e-02
7.899709910880613195e-02
7.899709910880613195e-02
7.899709910880613195e-02
7.791442108128998623e-02
7.791442108128998623e-02
7.791442108128998623e-02
7.888476191038332197e-02
7.939285650346029899e-02
7.939285650346029899e-02
7.939285650346029899e-02
7.994326168511294017e-02
7.994326168511294017e-02
7.966020489185593467e-02
7.926575021436911561e-02
7.926575021436911561e-02
7.926575021436911561e-02
7.926575021436911561e-02
7.926575021436911561e-02
7.745357079844142345e-02
7.745357079844142345e-02
7.709771573892147678e-02
7.644889713555418076e-02
7.644889713555418076e-02
7.644889713555418076e-02
7.644889713555418076e-02
7.644889713555418076e-02
7.644889713555418076e-02
7.644889713555418076e-02
7.644889713555418076e-02
7.632856787266902032e-02
7.659674569123926802e-02
7.712104252289253559e-02
7.762468550435182302e-02
7.816826508629402814e-02
7.840999997275675815e-02
7.842113424842724057e-02
7.842113424842724057e-02
7.916764761927057303e-02
7.916764761927057303e-02
7.916764761927057303e-02
7.916764761927057303e-02
7.916764761927057303e-02
7.752885247470403529e-02
7.813642030499474977e-02
7.813642030499474977e-02
7.737424615731243460e-02
7.722509527470033941e-02
7.668626049545955448e-02
7.668626049545955448e-02
7.693306469345125020e-02
7.639165974005128479e-02
7.645365151383569369e-02
7.688774130099648718e-02
7.688774130099648718e-02
7.688774130099648718e-02
7.688774130099648718e-02
7.390289119995403777e-02
7.390289119995403777e-02
7.390289119995403777e-02
7.413468576326442960e-02
7.413468576326442960e-02
7.413468576326442960e-02
7.295571605849975050e-02
7.017773154774754885e-02
7.017773154774754885e-02
7.017773154774754885e-02
6.983548839299555389e-02
6.983548839299555389e-02
6.936090859792835850e-02
6.976345767996898484e-02
6.976345767996898484e-02
6.976345767996898484e-02
7.004230391572985326e-02
7.004230391572985326e-02
6.965973901549059322e-02
7.015939442501954726e-02
7.015939442501954726e-02
7.015939442501954726e-02
7.045779691172651682e-02
7.037309638758650066e-02
7.057893809434664933e-02
7.065690448262244849e-02
7.065690448262244849e-02
7.065690448262244849e-02
7.033942123825118187e-02
7.033942123825118187e-02
7.033942123825118187e-02
7.056636754406035716e-02
7.056636754406035716e-02
6.924340538674077228e-02
6.924340538674077228e-02
6.924340538674077228e-02
6.924340538674077228e-02
6.924340538674077228e-02
6.917382021777467027e-02
6.961667827606750347e-02
6.961667827606750347e-02
6.990339092872756288e-02
6.990339092872756288e-02
6.990339092872756288e-02
6.990339092872756288e-02
6.990339092872756288e-02
6.990339092872756288e-02
6.986254885204849774e-02
6.986254885204849774e-02
6.904237908502934562e-02
6.904180861527876856e-02
6.904180861527876856e-02
6.904180861527876856e-02
6.871187209758795877e-02
6.871187209758795877e-02
6.871187209758795877e-02
6.849136963112589793e-02
6.849136963112589793e-02
6.872395652788490517e-02
6.872395652788490517e-02
6.874873720547187983e-02
6.900660268412911469e-02
6.900660268412911469e-02
6.991220803792976002e-02
6.991220803792976002e-02
6.999692408621145667e-02
6.999692408621145667e-02
6.999692408621145667e-02
7.033804862188410001e-02
6.999608831711304213e-02
6.999608831711304213e-02
7.036124526650895661e-02
7.040186918880393663e-02
6.920412087016188096e-02
6.950410753347291415e-02
6.976436923825471426e-02
7.016462615724324003e-02
7.016462615724324003e-02
7.016462615724324003e-02
6.977636148330830512e-02
6.945468753954804619e-02
6.954108032907264925e-02
6.954108032907264925e-02
6.954108032907264925e-02
6.954108032907264925e-02
6.924730221565729427e-02
6.924730221565729427e-02
6.924730221565729427e-02
6.959925691760034117e-02
7.007740180043964262e-02
7.047401837843539352e-02
7.047401837843539352e-02
7.047401837843539352e-02
6.906059655391690033e-02
6.906059655391690033e-02
6.931167345847810690e-02
6.931167345847810690e-02
6.959091807324463419e-02
6.959091807324463419e-02
6.989362740514071248e-02
6.954240731168939704e-02
6.956238447356954957e-02
6.976099625976113494e-02
6.976099625976113494e-02
6.838302296561966920e-02
6.872539866900052863e-02
6.872539866900052863e-02
6.872539866900052863e-02
6.948790022727931170e-02
6.948790022727931170e-02
6.948790022727931170e-02
6.983674219639580960e-02
6.983674219639580960e-02
6.991684458360104826e-02
6.991684458360104826e-02
6.993716804508177953e-02
6.993903480008011042e-02
6.993903480008011042e-02
6.993903480008011042e-02
6.997769939412994133e-02
6.997338198556832256e-02
6.997338198556832256e-02
6.997338198556832256e-02
6.997338198556832256e-02
6.924831160509166417e-02
6.960715632429130550e-02
6.968620236833526771e-02
6.978761536223868078e-02
7.015921425346113849e-02
7.015921425346113849e-02
7.034420107585243054e-02
7.061311716822815665e-02
7.061311716822815665e-02
7.061311716822815665e-02
7.061311716822815665e-02
7.061311716822815665e-02
7.061311716822815665e-02
7.061311716822815665e-02
7.061311716822815665e-02
6.959455462929246827e-02
6.925904286457046366e-02
6.925904286457046366e-02
6.936807578271468600e-02
6.936807578271468600e-02
6.936807578271468600e-02
6.836068524143477931e-02
6.855422187225738984e-02
6.855422187225738984e-02
6.855422187225738984e-02
6.855422187225738984e-02
6.887909049189051836e-02
6.887909049189051836e-02
6.887909049189051836e-02
6.956722570342536993e-02
6.924687730210569991e-02
6.924687730210569991e-02
6.924687730210569991e-02
6.935778906068154614e-02
6.838174887106554523e-02
6.838174887106554523e-02
6.811890811134196921e-02
6.811890811134196921e-02
6.812482598525303190e-02
6.812482598525303190e-02
6.813289620956151926e-02
6.847482035236530928e-02
6.847482035236530928e-02
6.847482035236530928e-02
6.847482035236530928e-02
6.847482035236530928e-02
6.847482035236530928e-02
6.847482035236530928e-02
6.847482035236530928e-02
6.847482035236530928e-02
6.847482035236530928e-02
6.847482035236530928e-02
6.845895744646517123e-02
6.846190533316549864e-02
6.846190533316549864e-02
6.846190533316549864e-02
6.846190533316549864e-02
6.846190533316549864e-02
6.864767565917241632e-02
6.864767565917241632e-02
6.864767565917241632e-02
6.864767565917241632e-02
6.841165435873562684e-02
6.852411620155671179e-02
6.852411620155671179e-02
6.852411620155671179e-02
6.852411620155671179e-02
6.852411620155671179e-02
6.852411620155671179e-02
6.852411620155671179e-02
6.866563355526293655e-02
6.899061768244452164e-02
6.899061768244452164e-02
6.899061768244452164e-02
6.899061768244452164e-02
6.899061768244452164e-02
6.899061768244452164e-02
6.899061768244452164e-02
6.879698810388031049e-02
6.879698810388031049e-02
6.879698810388031049e-02
6.879698810388031049e-02
6.879698810388031049e-02
6.879698810388031049e-02
6.879698810388031049e-02
6.879698810388031049e-02
6.791072218274570027e-02
6.791072218274570027e-02
6.824567364220127108e-02
6.824567364220127108e-02
6.824567364220127108e-02
6.824567364220127108e-02
6.824567364220127108e-02
6.824567364220127108e-02
6.824567364220127108e-02
6.824567364220127108e-02
6.844332164424817011e-02
7.017036000546693353e-02
7.017036000546693353e-02
7.017036000546693353e-02
6.987629128024845648e-02
6.939548910600666642e-02
6.939548910600666642e-02
6.939548910600666642e-02
6.939548910600666642e-02
6.939548910600666642e-02
6.939548910600666642e-02
6.939548910600666642e-02
6.962691720294529596e-02
6.962691720294529596e-02
6.975637776535136003e-02
6.975637776535136003e-02
6.975637776535136003e-02
6.975637776535136003e-02
7.041504301027486090e-02
7.041504301027486090e-02
7.041504301027486090e-02
7.041504301027486090e-02
7.041504301027486090e-02
7.065808817867809399e-02
7.065808817867809399e-02
7.065808817867809399e-02
7.065808817867809399e-02
7.065808817867809399e-02
7.065808817867809399e-02
7.065808817867809399e-02
7.113611985959138184e-02
7.128288767468946019e-02
7.128288767468946019e-02
7.140867548044804725e-02
7.140867548044804725e-02
7.140867548044804725e-02
7.140867548044804725e-02
7.140867548044804725e-02
7.067544740002530690e-02
7.046537648835386747e-02
7.046537648835386747e-02
7.061719929613440028e-02
7.074855237103305772e-02
7.074855237103305772e-02
7.069801543588978554e-02
7.069801543588978554e-02
7.069801543588978554e-02
7.069801543588978554e-02
7.069801543588978554e-02
7.069801543588978554e-02
7.049940790805155066e-02
7.049940790805155066e-02
7.049940790805155066e-02
7.049940790805155066e-02
7.049940790805155066e-02
7.049940790805155066e-02
7.049940790805155066e-02
7.049940790805155066e-02
7.049940790805155066e-02
7.049940790805155066e-02
7.049940790805155066e-02
7.094659183647988865e-02
7.094659183647988865e-02
7.094659183647988865e-02
7.094659183647988865e-02
7.094659183647988865e-02
7.094659183647988865e-02
7.121516235232751291e-02
7.120903000277571671e-02
7.120903000277571671e-02
7.120903000277571671e-02
7.120903000277571671e-02
7.120903000277571671e-02
7.120903000277571671e-02
7.120903000277571671e-02
7.120903000277571671e-02
7.144634965900208134e-02
7.144634965900208134e-02
7.144634965900208134e-02
7.144634965900208134e-02
7.144634965900208134e-02
7.144634965900208134e-02
7.144634965900208134e-02
7.144634965900208134e-02
7.144634965900208134e-02
7.144634965900208134e-02
7.144634965900208134e-02
7.144634965900208134e-02
7.126708135223989993e-02
7.126708135223989993e-02
7.126708135223989993e-02
7.126708135223989993e-02
7.126708135223989993e-02
7.126708135223989993e-02
7.153107953106059569e-02
7.153107953106059569e-02
7.153107953106059569e-02
7.153107953106059569e-02
7.153107953106059569e-02
7.099699549541092780e-02
7.079805591104880447e-02
7.079805591104880447e-02
7.064375489455350376e-02
7.064375489455350376e-02
7.064375489455350376e-02
7.064375489455350376e-02
7.079665333257322002e-02
7.079665333257322002e-02
7.079665333257322002e-02
7.079665333257322002e-02
7.102822688237546422e-02
7.102822688237546422e-02
7.102822688237546422e-02
7.102822688237546422e-02
7.102822688237546422e-02
7.102822688237546422e-02
7.102822688237546422e-02
7.102822688237546422e-02
7.102822688237546422e-02
7.126659070601289170e-02
7.127437610261286305e-02
7.127437610261286305e-02
7.127437610261286305e-02
7.159002360439238599e-02
7.159002360439238599e-02
7.159002360439238599e-02
7.159002360439238599e-02
7.159002360439238599e-02
7.159002360439238599e-02
7.159002360439238599e-02
7.159002360439238599e-02
7.184442582251841791e-02
7.184442582251841791e-02
7.184442582251841791e-02
7.184442582251841791e-02
7.184442582251841791e-02
7.184442582251841791e-02
7.184442582251841791e-02
7.208337252556083763e-02
7.208337252556083763e-02
7.208337252556083763e-02
7.208337252556083763e-02
7.137339079879992387e-02
7.137339079879992387e-02
7.137339079879992387e-02
7.137339079879992387e-02
7.137339079879992387e-02
7.137339079879992387e-02
7.137339079879992387e-02
7.137339079879992387e-02
7.137339079879992387e-02
7.137339079879992387e-02
7.161740346143415092e-02
7.161740346143415092e-02
7.177134865059546509e-02
7.177134865059546509e-02
7.177134865059546509e-02
7.177134865059546509e-02
7.177134865059546509e-02
7.177134865059546509e-02
7.177134865059546509e-02
7.177134865059546509e-02
7.203148095241883320e-02
7.203148095241883320e-02
7.203148095241883320e-02
7.203148095241883320e-02
7.212586689641314885e-02
7.212586689641314885e-02
7.212586689641314885e-02
7.212586689641314885e-02
7.212586689641314885e-02
7.212586689641314885e-02
7.212586689641314885e-02
7.214620125225119918e-02
7.214620125225119918e-02
7.214620125225119918e-02
7.198674027578542967e-02
7.198674027578542967e-02
7.198674027578542967e-02
7.198674027578542967e-02
7.198674027578542967e-02
7.198674027578542967e-02
7.198674027578542967e-02
7.198674027578542967e-02
7.198674027578542967e-02
7.198674027578542967e-02
7.198674027578542967e-02
7.198674027578542967e-02
7.198674027578542967e-02
7.198674027578542967e-02
7.222880778014985348e-02
7.222880778014985348e-02
7.222880778014985348e-02
7.222880778014985348e-02
7.222880778014985348e-02
7.222880778014985348e-02
7.222880778014985348e-02
7.208142372008095877e-02
7.208142372008095877e-02
7.208142372008095877e-02
7.208142372008095877e-02
7.230893222470126391e-02
7.230893222470126391e-02
7.230893222470126391e-02
7.230893222470126391e-02
7.230893222470126391e-02
7.230893222470126391e-02
7.230893222470126391e-02
7.230893222470126391e-02
7.140556129035766086e-02
7.140556129035766086e-02
7.140556129035766086e-02
7.140556129035766086e-02
7.140556129035766086e-02
7.140556129035766086e-02
7.140556129035766086e-02
7.140556129035766086e-02
7.188512692821456829e-02
7.188512692821456829e-02
7.172146928468517424e-02
7.172146928468517424e-02
7.172146928468517424e-02
7.172146928468517424e-02
7.172146928468517424e-02
7.172146928468517424e-02
7.172146928468517424e-02
7.172146928468517424e-02
7.172146928468517424e-02
7.172146928468517424e-02
7.172146928468517424e-02
7.172146928468517424e-02
7.172146928468517424e-02
7.172146928468517424e-02
7.172146928468517424e-02
7.172146928468517424e-02
7.172146928468517424e-02
7.172146928468517424e-02
7.172146928468517424e-02
7.196699129837229314e-02
7.196699129837229314e-02
7.206330685011309856e-02
7.206330685011309856e-02
7.206330685011309856e-02
7.206330685011309856e-02
7.206330685011309856e-02
7.206330685011309856e-02
7.206330685011309856e-02
7.206330685011309856e-02
7.206330685011309856e-02
7.250726349080367783e-02
7.250726349080367783e-02
7.250726349080367783e-02
7.250726349080367783e-02
7.250726349080367783e-02
7.250726349080367783e-02
7.250726349080367783e-02
7.250726349080367783e-02
7.250726349080367783e-02
7.250726349080367783e-02
7.202124636441455119e-02
7.202124636441455119e-02
7.202124636441455119e-02
7.202124636441455119e-02
7.202124636441455119e-02
7.202124636441455119e-02
7.202124636441455119e-02
7.202124636441455119e-02
7.215278412338586855e-02
7.215278412338586855e-02
7.215278412338586855e-02
7.202272376270996146e-02
7.202272376270996146e-02
7.026327230845759442e-02
7.026327230845759442e-02
7.026327230845759442e-02
7.068953909416463011e-02
7.068953909416463011e-02
7.068953909416463011e-02
7.068953909416463011e-02
7.068953909416463011e-02
7.068953909416463011e-02
7.068953909416463011e-02
7.068953909416463011e-02
7.068953909416463011e-02
7.068953909416463011e-02
7.068953909416463011e-02
7.068953909416463011e-02
7.068953909416463011e-02
7.068953909416463011e-02
7.068953909416463011e-02
7.068953909416463011e-02
7.068953909416463011e-02
7.068953909416463011e-02
7.068953909416463011e-02
7.075147837965885256e-02
7.075147837965885256e-02
7.075147837965885256e-02
7.075147837965885256e-02
7.075147837965885256e-02
7.062503108326378953e-02
7.062503108326378953e-02
7.062503108326378953e-02
7.062503108326378953e-02
7.062503108326378953e-02
7.062503108326378953e-02
7.062503108326378953e-02
7.062503108326378953e-02
7.084062358290545147e-02
7.084062358290545147e-02
7.027813338443285318e-02
7.038841974134682489e-02
7.038841974134682489e-02
7.038841974134682489e-02
7.038841974134682489e-02
7.054167484988414782e-02
7.054167484988414782e-02
7.054167484988414782e-02
7.054167484988414782e-02
7.054167484988414782e-02
7.054167484988414782e-02
7.054167484988414782e-02
7.054167484988414782e-02
7.054167484988414782e-02
6.999107309439588087e-02
6.999107309439588087e-02
6.999107309439588087e-02
6.978143875754870551e-02
6.978143875754870551e-02
6.978143875754870551e-02
6.978143875754870551e-02
6.978143875754870551e-02
6.978143875754870551e-02
6.978143875754870551e-02
6.978143875754870551e-02
6.978143875754870551e-02
6.978143875754870551e-02
6.978143875754870551e-02
6.978143875754870551e-02
6.978143875754870551e-02
6.978143875754870551e-02
6.978143875754870551e-02
6.978143875754870551e-02
6.978143875754870551e-02
6.978143875754870551e-02
6.978143875754870551e-02
6.978143875754870551e-02
6.979141855358229896e-02
6.996768371934360131e-02
6.996768371934360131e-02
6.996768371934360131e-02
6.996768371934360131e-02
6.996768371934360131e-02
6.996768371934360131e-02
6.996768371934360131e-02
6.996768371934360131e-02
6.996768371934360131e-02
6.996768371934360131e-02
6.996768371934360131e-02
6.996768371934360131e-02
6.996768371934360131e-02
6.996768371934360131e-02
6.996768371934360131e-02
6.996768371934360131e-02
6.996768371934360131e-02
6.980608610716286522e-02
6.980608610716286522e-02
6.980608610716286522e-02
6.980608610716286522e-02
6.980608610716286522e-02
6.980608610716286522e-02
6.990083613060449341e-02
6.990083613060449341e-02
6.990083613060449341e-02
6.990083613060449341e-02
6.990083613060449341e-02
6.990083613060449341e-02
6.990083613060449341e-02
6.990083613060449341e-02
6.990083613060449341e-02
6.974665567463832205e-02
6.974665567463832205e-02
6.974665567463832205e-02
6.974665567463832205e-02
6.974665567463832205e-02
6.984491046419857851e-02
6.984491046419857851e-02
6.984491046419857851e-02
6.984491046419857851e-02
6.984491046419857851e-02
6.984491046419857851e-02
6.984491046419857851e-02
6.984491046419857851e-02
7.005291099984468917e-02
7.005291099984468917e-02
6.994985954271683293e-02
6.994985954271683293e-02
6.994985954271683293e-02
6.994985954271683293e-02
6.994985954271683293e-02
7.085840569181099668e-02
7.085840569181099668e-02
7.085840569181099668e-02
7.085840569181099668e-02
7.085840569181099668e-02
7.085840569181099668e-02
7.085840569181099668e-02
7.085840569181099668e-02
7.085840569181099668e-02
7.085840569181099668e-02
7.085840569181099668e-02
7.085840569181099668e-02
7.085840569181099668e-02
7.085840569181099668e-02
7.085840569181099668e-02
7.085840569181099668e-02
7.085840569181099668e-02
7.085840569181099668e-02
7.085840569181099668e-02
7.085840569181099668e-02
7.085840569181099668e-02
7.085840569181099668e-02
7.085840569181099668e-02
7.085840569181099668e-02
7.085840569181099668e-02
7.085840569181099668e-02
7.085840569181099668e-02
7.085840569181099668e-02
7.085840569181099668e-02
7.085840569181099668e-02
7.085840569181099668e-02
7.085840569181099668e-02
7.085840569181099668e-02
7.085840569181099668e-02
7.085840569181099668e-02
7.085840569181099668e-02
7.085840569181099668e-02
7.119020516141535970e-02
7.125627585317291512e-02
7.125627585317291512e-02
7.129946078430497713e-02
7.091086102425681048e-02
7.091086102425681048e-02
7.091086102425681048e-02
7.091086102425681048e-02
7.091086102425681048e-02
7.091086102425681048e-02
7.091086102425681048e-02
7.091086102425681048e-02
7.059702388385019622e-02
7.059702388385019622e-02
7.059702388385019622e-02
7.059702388385019622e-02
7.059702388385019622e-02
7.059702388385019622e-02
7.060345753600359708e-02
7.060345753600359708e-02
7.060345753600359708e-02
7.060345753600359708e-02
7.060345753600359708e-02
7.060345753600359708e-02
7.060345753600359708e-02
7.060345753600359708e-02
7.060345753600359708e-02
7.060345753600359708e-02
7.060345753600359708e-02
7.060345753600359708e-02
7.060345753600359708e-02
7.060345753600359708e-02
7.060345753600359708e-02
7.060345753600359708e-02
7.060345753600359708e-02
7.060345753600359708e-02
7.060345753600359708e-02
7.060345753600359708e-02
7.060345753600359708e-02
7.060345753600359708e-02
7.060345753600359708e-02
7.060345753600359708e-02
7.060345753600359708e-02
7.060345753600359708e-02
7.060345753600359708e-02
7.060345753600359708e-02
7.060345753600359708e-02
7.060345753600359708e-02
7.060345753600359708e-02
7.060345753600359708e-02
7.060345753600359708e-02
7.060345753600359708e-02
7.060345753600359708e-02
7.060345753600359708e-02
7.060345753600359708e-02
7.060345753600359708e-02
7.060345753600359708e-02
7.060345753600359708e-02
7.060345753600359708e-02
7.060345753600359708e-02
7.060345753600359708e-02
7.060345753600359708e-02
7.060345753600359708e-02
7.060345753600359708e-02
7.046763086950962041e-02
7.046763086950962041e-02
7.046763086950962041e-02
7.046763086950962041e-02
7.046763086950962041e-02
7.046763086950962041e-02
7.033649646434574076e-02
7.033649646434574076e-02
7.033649646434574076e-02
7.033649646434574076e-02
7.024285677439338904e-02
7.024285677439338904e-02
7.024285677439338904e-02
7.024285677439338904e-02
7.024285677439338904e-02
7.024285677439338904e-02
7.024285677439338904e-02
7.024285677439338904e-02
7.024285677439338904e-02
7.024285677439338904e-02
7.024285677439338904e-02
7.024285677439338904e-02
7.024285677439338904e-02
7.024285677439338904e-02
7.024285677439338904e-02
7.024285677439338904e-02
7.024285677439338904e-02
6.979155349358491522e-02
6.979155349358491522e-02
6.979155349358491522e-02
6.979155349358491522e-02
6.979155349358491522e-02
6.995911500191286103e-02
6.995911500191286103e-02
6.995911500191286103e-02
6.995911500191286103e-02
6.995911500191286103e-02
6.995911500191286103e-02
6.995911500191286103e-02
6.995911500191286103e-02
7.008118486265731140e-02
7.008118486265731140e-02
7.008118486265731140e-02
7.008118486265731140e-02
7.008118486265731140e-02
7.024969828028429508e-02
7.024969828028429508e-02
7.024969828028429508e-02
7.024969828028429508e-02
7.041927173943936247e-02
7.041927173943936247e-02
7.041927173943936247e-02
7.041927173943936247e-02
7.041927173943936247e-02
7.041927173943936247e-02
7.041927173943936247e-02
7.041927173943936247e-02
7.041927173943936247e-02
7.041927173943936247e-02
7.041927173943936247e-02
7.041927173943936247e-02
7.041927173943936247e-02
7.041927173943936247e-02
7.041927173943936247e-02
7.041927173943936247e-02
7.041927173943936247e-02
7.041927173943936247e-02
7.041927173943936247e-02
7.041927173943936247e-02
7.041927173943936247e-02
7.041927173943936247e-02
7.041927173943936247e-02
7.041927173943936247e-02
7.041927173943936247e-02
7.041927173943936247e-02
7.041927173943936247e-02
7.041927173943936247e-02
7.041927173943936247e-02
7.041927173943936247e-02
7.041927173943936247e-02
7.006925661168859898e-02
7.006925661168859898e-02
7.006925661168859898e-02
7.034397562110378255e-02
6.941294839370291958e-02
6.941294839370291958e-02
6.941294839370291958e-02
6.941294839370291958e-02
6.941294839370291958e-02
6.941294839370291958e-02
6.941294839370291958e-02
6.941294839370291958e-02
6.941294839370291958e-02
6.941294839370291958e-02
6.941294839370291958e-02
6.941294839370291958e-02
6.941294839370291958e-02
6.954372190929536401e-02
6.954372190929536401e-02
6.954372190929536401e-02
6.954372190929536401e-02
6.954372190929536401e-02
6.954372190929536401e-02
6.954372190929536401e-02
6.954372190929536401e-02
6.954372190929536401e-02
6.954372190929536401e-02
6.954372190929536401e-02
6.954372190929536401e-02
6.954372190929536401e-02
6.954372190929536401e-02
6.954372190929536401e-02
6.954372190929536401e-02
6.954372190929536401e-02
6.954372190929536401e-02
6.954372190929536401e-02
6.954372190929536401e-02
6.954372190929536401e-02
6.954372190929536401e-02
6.954372190929536401e-02
6.959369404917153945e-02
6.959369404917153945e-02
6.959369404917153945e-02
6.959369404917153945e-02
6.959369404917153945e-02
6.959369404917153945e-02
6.959369404917153945e-02
6.959369404917153945e-02
6.959369404917153945e-02
6.959369404917153945e-02
6.959369404917153945e-02
6.959369404917153945e-02
6.959369404917153945e-02
6.959369404917153945e-02
6.959369404917153945e-02
6.959369404917153945e-02
6.959369404917153945e-02
6.959369404917153945e-02
6.959369404917153945e-02
6.959369404917153945e-02
6.959369404917153945e-02
6.959369404917153945e-02
6.959369404917153945e-02
6.959369404917153945e-02
6.959369404917153945e-02
6.959369404917153945e-02
6.959369404917153945e-02
6.959369404917153945e-02
6.959369404917153945e-02
6.959369404917153945e-02
6.959369404917153945e-02
6.959369404917153945e-02
6.959369404917153945e-02
6.959369404917153945e-02
6.959369404917153945e-02
6.959369404917153945e-02
6.959369404917153945e-02
6.959369404917153945e-02
6.964530627718308609e-02
6.942896313091044547e-02
6.942896313091044547e-02
6.942896313091044547e-02
6.942896313091044547e-02
6.942896313091044547e-02
6.942896313091044547e-02
6.942896313091044547e-02
6.942896313091044547e-02
6.942896313091044547e-02
6.942896313091044547e-02
6.942896313091044547e-02
6.942896313091044547e-02
6.942896313091044547e-02
6.942896313091044547e-02
6.942896313091044547e-02
6.942896313091044547e-02
6.942896313091044547e-02
6.942896313091044547e-02
6.942896313091044547e-02
6.942896313091044547e-02
6.942896313091044547e-02
6.942896313091044547e-02
6.942896313091044547e-02
6.942896313091044547e-02
6.942896313091044547e-02
6.942896313091044547e-02
6.942896313091044547e-02
6.942896313091044547e-02
6.942896313091044547e-02
6.942896313091044547e-02
6.942896313091044547e-02
6.942896313091044547e-02
6.942896313091044547e-02
6.958518054425237576e-02
6.958518054425237576e-02
6.958518054425237576e-02
6.958518054425237576e-02
6.958518054425237576e-02
6.958518054425237576e-02
6.958518054425237576e-02
6.958518054425237576e-02
