1.000000000000000000e+00
9.998571208563733492e-01
9.993769095191411544e-01
9.986470949219347082e-01
9.975162883850727802e-01
9.960791415395453541e-01
9.940914486152522267e-01
9.922582236949594181e-01
9.900730690744932172e-01
9.868181679462755262e-01
9.837502200343204439e-01
9.795929800404157284e-01
9.757406586137565840e-01
9.717304272639882834e-01
9.674594252760058133e-01
9.622700137318483948e-01
9.567929112499919952e-01
9.523713725949123354e-01
9.463754417223461113e-01
9.416247117566860503e-01
9.358038517610272056e-01
9.285749966797555155e-01
9.215978018551371775e-01
9.153677699123965450e-01
9.072074376841615662e-01
8.992346453068708056e-01
8.927983248185389353e-01
8.855175577709715196e-01
8.782272636893704298e-01
8.712554612762983819e-01
8.626144160105859715e-01
8.525395508543380796e-01
8.439581328898758672e-01
8.351085873414300087e-01
8.272444932172668963e-01
8.188358936410092825e-01
8.100698577468035122e-01
7.992856101219001363e-01
7.890631793312591347e-01
7.791947863252672857e-01
7.682960326570855702e-01
7.581263664109264555e-01
7.475345473125207807e-01
7.357631956187077327e-01
7.268852618390140297e-01
7.157518267105827947e-01
7.029616258294619779e-01
6.934412377503508251e-01
6.828845797589339073e-01
6.729102005484332016e-01
6.594779028697483891e-01
6.499570859509176124e-01
6.366648826555816321e-01
6.272735652550237573e-01
6.166951532101271338e-01
6.050106057761632794e-01
5.951891075330897340e-01
5.824435267075372957e-01
5.737066041919736126e-01
5.615716616163171082e-01
5.520588650406583753e-01
5.409084197632576529e-01
5.285766686305681805e-01
5.171957940387019725e-01
5.044416590553645330e-01
4.879459795989968818e-01
4.743914559448810797e-01
4.616142983926476706e-01
4.496967600731586745e-01
4.408797490333257185e-01
4.274845933847118418e-01
4.143273681491854155e-01
4.020289278160353863e-01
3.902476100744877163e-01
3.781607051505978534e-01
3.650691098075360408e-01
3.486086970286167430e-01
3.362064432179445728e-01
3.229239410803419474e-01
3.123399493906474089e-01
3.013281942637224819e-01
2.941637725572665008e-01
2.838761079981328983e-01
2.755182278018988851e-01
2.643755127042522468e-01
2.507357245954771052e-01
2.360496467768329054e-01
2.241774025649206636e-01
2.138538864550326435e-01
2.027110954597662329e-01
1.937609661539081152e-01
1.812681264401683479e-01
1.736914646726150091e-01
1.620450850760854766e-01
1.498973506372163755e-01
1.354036137643569726e-01
1.241459687737544448e-01
1.122202370718844433e-01
9.873306706628640073e-02
9.454458004522299508e-02
8.828142039213107695e-02
8.029389392472066622e-02
7.482874870891326191e-02
6.986935525574321237e-02
6.305814700104411807e-02
5.675702411213151555e-02
5.002570814878784522e-02
4.557470603502491308e-02
3.547983818169999498e-02
2.954440721629728733e-02
2.578285152490430998e-02
2.040948469657680175e-02
1.591410844337255021e-02
1.081020912495245061e-02
5.876482040606051220e-03
3.104231783216692287e-03
-7.422254465077583957e-04
-4.455040958930575959e-03
-9.132501487522579064e-03
-1.192704061161371093e-02
-1.357905312687016086e-02
-1.571583771854781139e-02
-1.515254618662924616e-02
-1.764884606644467543e-02
-2.097318280346897532e-02
-2.172115961828018083e-02
-2.371212517106915940e-02
-2.346797161689433836e-02
-2.371816879565976852e-02
-2.292366552850912467e-02
-2.188454688131447404e-02
-2.024958206143244108e-02
-1.742074539749292883e-02
-1.401886647645448659e-02
-9.120801272636019225e-03
-7.659899080837260892e-03
-5.838523519626856277e-03
-4.002079009146832997e-03
-2.738354024458268879e-03
-2.706502437845471638e-03
1.451544231491102470e-03
6.262556357491946488e-03
4.375129723682082312e-03
7.559656112697706737e-03
1.188738598935008307e-02
1.608818113753335624e-02
2.182915300865909472e-02
2.531031154754644075e-02
3.056711526194980100e-02
3.530712199404463514e-02
4.049500331820058557e-02
4.700608188831345569e-02
4.916344659877588258e-02
5.326997115686242512e-02
5.826463471762986096e-02
6.473426157270165127e-02
7.035270035948841538e-02
7.674226818302158637e-02
8.064793126070418650e-02
8.672940124331127154e-02
9.179836752436813796e-02
9.334604563883096284e-02
9.808328924115200520e-02
1.030695506360697067e-01
1.113371914005951702e-01
1.150952210262130848e-01
1.206222769169084663e-01
1.272698510513350367e-01
1.318270441969747464e-01
1.357039391211463386e-01
1.426013613309256300e-01
1.492515500661479866e-01
1.551012194295930957e-01
1.633110889673914656e-01
1.680323799959969056e-01
1.725368453778808042e-01
1.778780672571105836e-01
1.823033546016156470e-01
1.860935738845816978e-01
1.913896722757039148e-01
1.961753978161656364e-01
2.023716326419937872e-01
2.059203598420639436e-01
2.105225380328671625e-01
2.145167032907984717e-01
2.178524205312496465e-01
2.182598066154117777e-01
2.223004248434023722e-01
2.243651556436987160e-01
2.300975498111480222e-01
2.345123827838021258e-01
2.354217846652999768e-01
2.374423110900853173e-01
2.406560033854521496e-01
2.438441499112738164e-01
2.449087995068986168e-01
2.465727031963158289e-01
2.481625842819276950e-01
2.497957150808323146e-01
2.531368031492843840e-01
2.557521169318597298e-01
2.550507291150036493e-01
2.541847646886127299e-01
2.528722551837514487e-01
2.558706651726890269e-01
2.547096002711984886e-01
2.545320847939063769e-01
2.555651664470149353e-01
2.565508445883881161e-01
2.579360698147496467e-01
2.565529322126834932e-01
2.576154319476017807e-01
2.559196306283359479e-01
2.550797104093857626e-01
2.529668570186591192e-01
2.506448314817589229e-01
2.479656756233883652e-01
2.449586159687625886e-01
2.422331000175448890e-01
2.408176740783304348e-01
2.362511532474681208e-01
2.335344912559045027e-01
2.304494117089453398e-01
2.299143167412166233e-01
2.251771821956309039e-01
2.228726415284555673e-01
2.201887432576107306e-01
2.181900555497366945e-01
2.160052608900638049e-01
2.134627723066152005e-01
2.101023968513548446e-01
2.047627697204709718e-01
2.042561726791054799e-01
2.021112211375779011e-01
1.984913782833379603e-01
1.926297956117020982e-01
1.869750625769630858e-01
1.822184721814250341e-01
1.781362510123149501e-01
1.750819507195446878e-01
1.719847810532586230e-01
1.698909933647264892e-01
1.649658176971290635e-01
1.635255230311140062e-01
1.615922389637588774e-01
1.567923758668035850e-01
1.527133225768775582e-01
1.496543803372213099e-01
1.460357732086235982e-01
1.444600613440736592e-01
1.419468683598792969e-01
1.380891029966306027e-01
1.347917101033543064e-01
1.332639822778799443e-01
1.291422146766212919e-01
1.254700576378414700e-01
1.241637945944472493e-01
1.227563082502242525e-01
1.217134496637476554e-01
1.180356069958489185e-01
1.158426300365888728e-01
1.130876248624674840e-01
1.130483864543578160e-01
1.120815299284369654e-01
1.087986990226152972e-01
1.071287774349537480e-01
1.050467499107030911e-01
1.008858267731423675e-01
9.752494352259902244e-02
9.392365371641912819e-02
9.237482016270548435e-02
9.140410559835722426e-02
8.637530171545357294e-02
8.345080739277548065e-02
8.013064510089361325e-02
7.955479108977998870e-02
7.779367789451833992e-02
7.642677318888572990e-02
7.386096016722787372e-02
7.495408275197668058e-02
7.418126023773274902e-02
7.446365291723186508e-02
7.248669176806361858e-02
7.180172973000097103e-02
6.999065406189876326e-02
6.967527981298093920e-02
6.937991486591275903e-02
7.152344396480923849e-02
6.963777585148377136e-02
6.768532386389855549e-02
6.850733317269333544e-02
6.749765502714293042e-02
6.658117735344171173e-02
6.623675015474245198e-02
6.613677649504787204e-02
6.625210653065093103e-02
6.680911737830770580e-02
6.693168972021330820e-02
6.636628561283788863e-02
6.610251551725207508e-02
6.760889486255403091e-02
6.977904277394163246e-02
6.942221008158294682e-02
7.064512456711422028e-02
7.092656228509608418e-02
7.124326652944919236e-02
7.099123493130517215e-02
7.250558963875973484e-02
7.302406030207309051e-02
7.331687972183430213e-02
7.298203140790060495e-02
7.601677927108839439e-02
7.791323135790624577e-02
7.831976572508617118e-02
7.630871785188897416e-02
7.756350433646071185e-02
8.168104737422160477e-02
8.208451283858783643e-02
8.478193236015195422e-02
8.446357302620137453e-02
8.446082922462856690e-02
8.874585630334790032e-02
8.870520755705649241e-02
8.986863838241063163e-02
9.266872136550100003e-02
9.255840837791977360e-02
9.357222889233747509e-02
9.560369445505888242e-02
9.725128121927989477e-02
9.844197929723236262e-02
9.914498904682163272e-02
9.977283954290841472e-02
1.010926899571869125e-01
1.035902406748812482e-01
1.046855624734503443e-01
1.052693067080842093e-01
1.076757711453322358e-01
1.126506941919295235e-01
1.146918148160159800e-01
1.149450825508529506e-01
1.169059707181400731e-01
1.174021513858731630e-01
1.189842882696548892e-01
1.212815070014657687e-01
1.225443500366748678e-01
1.223623679392470964e-01
1.243028683991394268e-01
1.261392896688001419e-01
1.273609249356426054e-01
1.295259905882627793e-01
1.327509728648503806e-01
1.331592318361976279e-01
1.336081384943674510e-01
1.367781288819596985e-01
1.393328236651306118e-01
1.419563822212781823e-01
1.431354275914993590e-01
1.447476740460876266e-01
1.449284740099000546e-01
1.466246578950455848e-01
1.493046714161725963e-01
1.513444877353626872e-01
1.541151391531283277e-01
1.553806040550718137e-01
1.551991031177960279e-01
1.569101982285353858e-01
1.590477604974428472e-01
1.592986553644333281e-01
1.608113833155873362e-01
1.643064965139245104e-01
1.634255609421317867e-01
1.638094767856999590e-01
1.640245328811439918e-01
1.643162913421486737e-01
1.638416676312970943e-01
1.652832604459046895e-01
1.634595510360204174e-01
1.608462828762136365e-01
1.615732414595764388e-01
1.603094069021130663e-01
1.611463623745624241e-01
1.618824457295916508e-01
1.589877907498453702e-01
1.572756146802981037e-01
1.548242692284887700e-01
1.559083206123251519e-01
1.556760444520700892e-01
1.534841071772770627e-01
1.539350776611466964e-01
1.520690786341589162e-01
1.524519237956278861e-01
1.503795542794212348e-01
1.500128801707959758e-01
1.505702546336092351e-01
1.487303349956522192e-01
1.479362416617245879e-01
1.457182948842925818e-01
1.449811527674728928e-01
1.456963859115167903e-01
1.454209962986856008e-01
1.453693297337896040e-01
1.444988911765156536e-01
1.415329832604296234e-01
1.407267995350018341e-01
1.392654700808989843e-01
1.358017468360790680e-01
1.331793664762017104e-01
1.333610317550990298e-01
1.309883677381230849e-01
1.298562052133052369e-01
1.302048586854209766e-01
1.283130598480483608e-01
1.260127359728302754e-01
1.246493926016630921e-01
1.264025152305241761e-01
1.270329957943189259e-01
1.260281709595348631e-01
1.244342420368836355e-01
1.231254625118052282e-01
1.227097132742451802e-01
1.208074943231546017e-01
1.175683724004289582e-01
1.162913967831727263e-01
1.148803182827228542e-01
1.137852178719460094e-01
1.119848439782519384e-01
1.075676550356849115e-01
1.042942954359109275e-01
1.041361165288333668e-01
1.018446865570354215e-01
9.997089955384651228e-02
9.772185515915191023e-02
9.461528843588701276e-02
9.191787858389169341e-02
9.148180322498668249e-02
8.720879776185470889e-02
8.458181988559929088e-02
8.394565819554682118e-02
8.213226483652262544e-02
8.196631143842397771e-02
8.067530182589652266e-02
7.822862774352826176e-02
7.746743783643592063e-02
7.575646889960535590e-02
7.476197163242843946e-02
7.127466419873160208e-02
7.246416329273215606e-02
7.060617493030629799e-02
6.969266373604536546e-02
6.879529089267921727e-02
6.681703979949479844e-02
6.975890389057493035e-02
7.009541389652253207e-02
6.811506161986272123e-02
6.784503322870101549e-02
6.741921222649017997e-02
6.933614626811090975e-02
6.776154216229446359e-02
6.423949148247060092e-02
6.520015915211477275e-02
6.609813029365028958e-02
6.983523166109381619e-02
6.987664540283505810e-02
7.006681399307829183e-02
6.991022530859843098e-02
7.168859291954532420e-02
7.290169061528201100e-02
7.256739675277515400e-02
7.060536356622153231e-02
7.308385587337740130e-02
7.404652334721258111e-02
7.624264765928799592e-02
7.588764956055861488e-02
7.746296421603973692e-02
7.916118350728930386e-02
8.216796023595172860e-02
8.335688964201908024e-02
8.493704316131409082e-02
8.478818650908326315e-02
8.599095048463534230e-02
8.899961882733974095e-02
9.036345762825805095e-02
9.159149726091900257e-02
9.201817215351905388e-02
9.236469639909457297e-02
9.394940659420535078e-02
9.477385758335500621e-02
9.659495007756706275e-02
9.908490011646535478e-02
1.003541069933659713e-01
1.021348499376416863e-01
1.027312931932606033e-01
1.015207334555536245e-01
1.037544602157143003e-01
1.053628589241036584e-01
1.048377760286134247e-01
1.072330548982130954e-01
1.079153953991918435e-01
1.105952665680299540e-01
1.113795718455408146e-01
1.099873074482234092e-01
1.119193666144468746e-01
1.137622162451984165e-01
1.176976647870649345e-01
1.204145053923030562e-01
1.208528030713581364e-01
1.221216283903943794e-01
1.233932929424969571e-01
1.253863664880631446e-01
1.247754458786478338e-01
1.238732999566193038e-01
1.220864825724575220e-01
1.226410936896558529e-01
1.241630991907136106e-01
1.246137341614750732e-01
1.249012367766296344e-01
1.250526096859545799e-01
1.270730089274309249e-01
1.271540328982818380e-01
1.293993099204166219e-01
1.281965899487517158e-01
1.277395532451762739e-01
1.286010723487703289e-01
1.283431708057707343e-01
1.266531021738373508e-01
1.258124532138470697e-01
1.273113647084969380e-01
1.280826415884513403e-01
1.252082330291428847e-01
1.250910437728581515e-01
1.258266740765431047e-01
1.267382652611094285e-01
1.250515349310412916e-01
1.249155163075411495e-01
1.233558394088128396e-01
1.234618092567799641e-01
1.236451901734821890e-01
1.223276215128632216e-01
1.205667233198017690e-01
1.194327253380556286e-01
1.190629332448326916e-01
1.178335260472368196e-01
1.163461647435663909e-01
1.160439618749806862e-01
1.147887540306877646e-01
1.130136857228874192e-01
1.126859753626992255e-01
1.121396689477462821e-01
1.118429338932326322e-01
1.119537862339967105e-01
1.103927776014557161e-01
1.109728656460582802e-01
1.121555148416176068e-01
1.094014886807827963e-01
1.088676061661758288e-01
1.094142797775228410e-01
1.099154951907450328e-01
1.102802031527151116e-01
1.069524462307401003e-01
1.064202098187102541e-01
1.062335962917596577e-01
1.060876477081328512e-01
1.035598165205944970e-01
1.023127087903257376e-01
1.005734465965948954e-01
9.946998239745379056e-02
9.745632257489089678e-02
9.591913694523405975e-02
9.407265842264905809e-02
9.145323137890888632e-02
9.164150613465106565e-02
8.970470146602817219e-02
8.997924161705957158e-02
9.021725350573124580e-02
9.014962383971204807e-02
9.273311239840616171e-02
9.239413224864048702e-02
9.094999803601756805e-02
9.244034457797606352e-02
9.292930279738656485e-02
9.067968098412755584e-02
8.970221921004360721e-02
8.895135248327931676e-02
9.010470435505800457e-02
9.034593242409696967e-02
9.052409329495317292e-02
8.826907121893325103e-02
9.019695315762417398e-02
9.072957691966107574e-02
9.043474589979597078e-02
8.911711847246892026e-02
8.677594055137609341e-02
8.447640691074412289e-02
8.511126236661144262e-02
8.579504028247783576e-02
8.505034054131745125e-02
8.525352465681733383e-02
8.539402497994637298e-02
8.453365533551093769e-02
8.342714623438099442e-02
8.451880051249927028e-02
8.488674605461883627e-02
8.333711542969302055e-02
8.351279250691044653e-02
8.405819280560987428e-02
8.378426317444744031e-02
8.348952171316990911e-02
8.326895529063180201e-02
8.381462241495657439e-02
8.506798883752542118e-02
8.792376941027210679e-02
8.875137541294575438e-02
8.751480435645714318e-02
8.552333962174066273e-02
8.416828562483133491e-02
8.487633179113607262e-02
8.546822713611881839e-02
8.414886874339751188e-02
8.486757386519452884e-02
8.721628209790276143e-02
8.846942887847089598e-02
8.986304653523011221e-02
9.094847809190753640e-02
9.139336696381016034e-02
9.077402201287489147e-02
9.045996417151090652e-02
9.161456308302053098e-02
9.084135370198105630e-02
9.287923122602936843e-02
9.380409406496628688e-02
9.402181808626733361e-02
9.694591024083756836e-02
9.578337655382412885e-02
9.926926803518609788e-02
9.916072844449977386e-02
9.976204862008677954e-02
9.966927381637268046e-02
1.008376403345019878e-01
1.018798886906161355e-01
1.026962013880801800e-01
1.033448812399962169e-01
1.043123377430288656e-01
1.049776484585304703e-01
1.057683098650025605e-01
1.061553391251889022e-01
1.055043273779522200e-01
1.046959502012964199e-01
1.041963947680648178e-01
1.047201695992357739e-01
1.045907491884329188e-01
1.057298392209185811e-01
1.090172294828164468e-01
1.106350256913735813e-01
1.120487017293402693e-01
1.131557203335537415e-01
1.144584762287206847e-01
1.137695470888994975e-01
1.150416159897238999e-01
1.160428875380795088e-01
1.175540129429490377e-01
1.181305533929402907e-01
1.196490229281313711e-01
1.213854494469937123e-01
1.194953274214103495e-01
1.193856554387563995e-01
1.196022879415308826e-01
1.197779723428270132e-01
1.205937152060182760e-01
1.208782895372971233e-01
1.191964820101003436e-01
1.168535466858508787e-01
1.174095006365952487e-01
1.161147859568516377e-01
1.136936817234005526e-01
1.121170875412931672e-01
1.108769502093879811e-01
1.114740208133571525e-01
1.118318753831275825e-01
1.126086308979389883e-01
1.113415644486761974e-01
1.103335790967714392e-01
1.107407422063657471e-01
1.092511454536958249e-01
1.082046832066451691e-01
1.076945313725754111e-01
1.071249866026262043e-01
1.073883688525865687e-01
1.080927305456528542e-01
1.079418437461035774e-01
1.077450800353881438e-01
1.071563390689472400e-01
1.058243016988521246e-01
1.069813167286267491e-01
1.069980912674748791e-01
1.058842701961918570e-01
1.039968152553733538e-01
1.032184525984062989e-01
1.012655222638405572e-01
1.016177868477680241e-01
1.001161152098669627e-01
9.813084000297724041e-02
9.702303073653721632e-02
9.697559771962639685e-02
9.580563238099325252e-02
9.326115194885749304e-02
9.259664152523476577e-02
9.222804769151898840e-02
8.913227173031967876e-02
8.909108233365532759e-02
8.786152480898265504e-02
8.748087728379277950e-02
8.895085430688615125e-02
8.955623889660416226e-02
8.813619483991798342e-02
8.692338845594192731e-02
8.622659954212996691e-02
8.651870962022693845e-02
8.672897733315386437e-02
8.551506928225478810e-02
8.443789826634295892e-02
8.365211855684726028e-02
8.294948774815759374e-02
8.340486739473013111e-02
8.212982355061862472e-02
7.997095536713631769e-02
7.938049902293635440e-02
8.018228452363464209e-02
7.956497985851425370e-02
7.871403020475893630e-02
7.907273752880410178e-02
8.051304104507608916e-02
8.057080369478138160e-02
8.158347870050160211e-02
8.169816423087947199e-02
8.249275576918113639e-02
8.292789946105598442e-02
8.475087932494308751e-02
8.450568898572492771e-02
8.489272869609010286e-02
8.427522205705682834e-02
8.349509163637357234e-02
8.267564841788739571e-02
8.326715344068129354e-02
8.386355241059380294e-02
8.282638128580105397e-02
8.420155020792623179e-02
8.634609676810511836e-02
8.688012930116223442e-02
8.703989027432304515e-02
8.620681479420462534e-02
8.676885338854357921e-02
8.901397119406201375e-02
8.961329673039584998e-02
9.029244387197341015e-02
8.966621831360217787e-02
9.133195830109334945e-02
9.168243370757021837e-02
9.261895182340441901e-02
9.326084897337098834e-02
9.431271656966593031e-02
9.451208036126017287e-02
9.501592502973689458e-02
9.432649149666307020e-02
9.594212657300661695e-02
9.699352479806787330e-02
9.685164818472626058e-02
9.689443039847606132e-02
9.708234323457327897e-02
9.891958258988470254e-02
1.000107881156636902e-01
1.002164724064468632e-01
1.023295418903508586e-01
1.035803617995123271e-01
1.050942452826539725e-01
1.040849608510457519e-01
1.056288256486893895e-01
1.056820060804922329e-01
1.062676761301887957e-01
1.066856193586204343e-01
1.053965265711252347e-01
1.073678208079221208e-01
1.078203314791927048e-01
1.078524546921586780e-01
1.076287706798430277e-01
1.062210541957805537e-01
1.061143323378387626e-01
1.073197917723391626e-01
1.078036796954027210e-01
1.081334435442970893e-01
1.069824623977956302e-01
1.050216950235198371e-01
1.056761351298571017e-01
1.059515597021074423e-01
1.050888328869893085e-01
1.055406017121761908e-01
1.047320158297366521e-01
1.035413624078420913e-01
1.033973572990107004e-01
1.020028287960379060e-01
1.023058560089585428e-01
9.984552035585921026e-02
9.976600640667093733e-02
9.775235685604778679e-02
9.841629396160135601e-02
9.796228321822711416e-02
9.676799126951164676e-02
9.500361379871576084e-02
9.218641737578620043e-02
9.140861753482115715e-02
9.050521798425183173e-02
8.917924852398691205e-02
8.720601322015225643e-02
8.551683117449997151e-02
8.406701080194189935e-02
8.245351892617146239e-02
8.351316524461792346e-02
8.342675569350251064e-02
8.231105922774277495e-02
7.963050630709890554e-02
7.800712474646638583e-02
7.752650679984418591e-02
7.786349883651773329e-02
7.604358339775518782e-02
7.596330379253403431e-02
7.533793424665714833e-02
7.404358596610081944e-02
7.183470138373243552e-02
7.268922401275486334e-02
7.312497154228790597e-02
7.274060741124403762e-02
7.208444900048495418e-02
6.929846388215314679e-02
6.919653244958323679e-02
6.808040109173633947e-02
6.855055521518575723e-02
6.862453377115777797e-02
6.745438857406645117e-02
6.427932857598085692e-02
6.334069161881204779e-02
6.281423889439413655e-02
6.140493131467358173e-02
6.279740123110059968e-02
6.143546646939172795e-02
6.193632617602339713e-02
6.243770754649816818e-02
6.253924144098295390e-02
6.199996311943168498e-02
6.227910785024675516e-02
6.174721144957573404e-02
6.102334753346255747e-02
6.084134934394899719e-02
6.117039028795386718e-02
6.122183092135407428e-02
6.173670106732699614e-02
6.139150263876679697e-02
6.036645583000720128e-02
6.063456985385604764e-02
6.013035556074447507e-02
6.131415523543216201e-02
6.183774113352170920e-02
6.186069199597847568e-02
6.221922541170896159e-02
6.274382991874855042e-02
6.422070123185757984e-02
6.543849901945908432e-02
6.653051243177057761e-02
6.746090770502201350e-02
6.880386428751604500e-02
7.067057427309893225e-02
7.018812900812410049e-02
6.863048782442182638e-02
6.888349163582985213e-02
6.976442158010608130e-02
7.055438386795623296e-02
7.181681600108200114e-02
7.373802595860046161e-02
7.453224880020725696e-02
7.668434202154748858e-02
7.853316339218704978e-02
7.929648395154460794e-02
8.001571321710400364e-02
8.267613219191354001e-02
8.399435228710103174e-02
8.483360489118978165e-02
8.498600447191280438e-02
8.744675873169106828e-02
8.753377240353638067e-02
8.808907846257456320e-02
8.793244180796283560e-02
8.851860099752018041e-02
9.027630603181432956e-02
9.231236115159280331e-02
9.268696844188289985e-02
9.488169730851844785e-02
9.448594740966760608e-02
9.773820309199574008e-02
9.892750306560867124e-02
9.780826113704242653e-02
9.969141510094749192e-02
9.917431973260970590e-02
9.922329611181709974e-02
1.019274955277635480e-01
1.022812307228171402e-01
1.030273312946878433e-01
1.058743646804107819e-01
1.077251382025632975e-01
1.072676841411668580e-01
1.077750350743131719e-01
1.087032678136718028e-01
1.112181430619011563e-01
1.123658324879969472e-01
1.136715232515491669e-01
1.127164880437553918e-01
1.151641678623106790e-01
1.144946201708901407e-01
1.137854402774218232e-01
1.138199767939309937e-01
1.145031145114309423e-01
1.144435505841323170e-01
1.149341522739362881e-01
1.134751558033194191e-01
1.152793251836902455e-01
1.151950646324022692e-01
1.142898681335463712e-01
1.118484119956687922e-01
1.104736811085454407e-01
1.097051900799250745e-01
1.103677697077466158e-01
1.092349737942091142e-01
1.088813889090456816e-01
1.090321504897085042e-01
1.091063169576826919e-01
1.094024127459995860e-01
1.082324390018560983e-01
1.084143517265096501e-01
1.088395728537382978e-01
1.082864374572817256e-01
1.082938049568133443e-01
1.080361745746715313e-01
1.068084171282718542e-01
1.074704703794184674e-01
1.064770479333644743e-01
1.057912727499751987e-01
1.032517300529437049e-01
1.022720495161804494e-01
1.028282409477436488e-01
1.032705160213233109e-01
1.000880741097289750e-01
1.008594035785027598e-01
9.937437077775093663e-02
9.710516930769060029e-02
9.687620504836153001e-02
9.595874914343409390e-02
9.460153955248996882e-02
9.328840972208493620e-02
9.152252674853876557e-02
9.177186656314294255e-02
9.117874941189886562e-02
8.947732477206078727e-02
8.885151706643008851e-02
8.760786580068721796e-02
8.518101734476785092e-02
8.399672500652528850e-02
8.213705938665905038e-02
8.093118314397600155e-02
7.925430152481340029e-02
7.919688160236010299e-02
7.561249524493672547e-02
7.582313338520436929e-02
7.401798909640479318e-02
7.391639838002601881e-02
7.200448532654596390e-02
7.140175526812074513e-02
7.063460360988108033e-02
7.026703886675406130e-02
6.839439051402705638e-02
6.415416141279682571e-02
6.281097833683604859e-02
6.229774091624547261e-02
6.188043702963974546e-02
6.036422755416091107e-02
5.838722851786279366e-02
5.680315072264868759e-02
5.655537148951883530e-02
5.681734183593904058e-02
5.851723769066920211e-02
5.653101290655099254e-02
5.574082971315950930e-02
5.648948426869817435e-02
5.509358612640283953e-02
5.522635531435811374e-02
5.650515558179486364e-02
5.573120996826230050e-02
5.550649386382807554e-02
5.595001939265151214e-02
5.695381852212674095e-02
5.794623356808670245e-02
5.778162704410472195e-02
5.660976869224680630e-02
5.622278088991451012e-02
5.751972247247036374e-02
5.693826868260973284e-02
5.948780616849227293e-02
6.076601744732534199e-02
6.127918623742448917e-02
6.198552611765673764e-02
6.205737180868065722e-02
6.223981010700217753e-02
6.222808926782764927e-02
6.172696135674387435e-02
6.117129497041171732e-02
5.986252184360275896e-02
5.984528707054270757e-02
5.900608916630516176e-02
6.011481925223804285e-02
6.189658907294501994e-02
6.329840468766706474e-02
6.550913335369000501e-02
6.767511653348055878e-02
6.902330681774311583e-02
6.927942284572868870e-02
7.049866347803473987e-02
7.235893652966059186e-02
7.607517361169065240e-02
8.061852677087232022e-02
8.271928765992972443e-02
8.351102080290802310e-02
8.524927355933677176e-02
8.699640908300751430e-02
8.905548636261285955e-02
9.133143925148119735e-02
9.179613133529940239e-02
9.274086599828473831e-02
9.517347335139704489e-02
9.715034733457993121e-02
9.935692905806549347e-02
1.000163666521291655e-01
1.014549310131740850e-01
1.028838532158885405e-01
1.043524682543952448e-01
1.050196583776000780e-01
1.063750374492397760e-01
1.079520311345082972e-01
1.103604072188128782e-01
1.130465647279461083e-01
1.143389098347903088e-01
1.169247573977720972e-01
1.198419398079460241e-01
1.216545995628765531e-01
1.232227838426953326e-01
1.239610396823878496e-01
1.249624794257546689e-01
1.256526936348887347e-01
1.267742888143503777e-01
1.270720741518428509e-01
1.295257417295272995e-01
1.317064568532626267e-01
1.323855961284118310e-01
1.327331912880498344e-01
1.329552515477220309e-01
1.319620874046608661e-01
1.330663780277343833e-01
1.338538067990295011e-01
1.347368311696475474e-01
1.356653141556714848e-01
1.333440892729833294e-01
1.336917704904159454e-01
1.335935044827054330e-01
1.361575592678259117e-01
1.355053475166892452e-01
1.337560641004564566e-01
1.334772417408278122e-01
1.336420266333755436e-01
1.328992107719645654e-01
1.334743218373742046e-01
1.327192376952666952e-01
1.331636513489324602e-01
1.325911733900040634e-01
1.326258945273678380e-01
1.328441039776312727e-01
1.324777210880144773e-01
1.310725015691385498e-01
1.308807920006409553e-01
1.305023270547086556e-01
1.303032189395088580e-01
1.287244393972411804e-01
1.269743310728905228e-01
1.242781650916141151e-01
1.219550550173686548e-01
1.200978114327522078e-01
1.174463775254122183e-01
1.148341375893964927e-01
1.132488145897112136e-01
1.116940936590039291e-01
1.100989452720011474e-01
1.081244808823683401e-01
1.064506575931256777e-01
1.048489791025080109e-01
1.037674451737887471e-01
9.996521036491874679e-02
9.807829350405732061e-02
9.649639124017458935e-02
9.308584834945531072e-02
9.016989654225400497e-02
8.901525615381500334e-02
8.704650846202242886e-02
8.503346182706439382e-02
8.249155203793163971e-02
8.125938672296029175e-02
7.974889544357988136e-02
7.684089610322197839e-02
7.546557997626093806e-02
7.183855435249492105e-02
6.959587156321042634e-02
6.924286761449333083e-02
6.657077322903753869e-02
6.525405379438221909e-02
6.334007260108978632e-02
6.194597147780033647e-02
6.038699673974765036e-02
5.921808948506161741e-02
5.793015327511494977e-02
5.734022490623634505e-02
5.608389128342292085e-02
5.431737810436498837e-02
5.288130464277625981e-02
5.074837215574858756e-02
4.687576389456912795e-02
4.521008800083526485e-02
4.434053499647946928e-02
4.300281051648640468e-02
4.040514087822473510e-02
4.007013722901855285e-02
3.937925456058044560e-02
3.904708904244390266e-02
3.567456260502858967e-02
3.496980010730903893e-02
3.520156777804840653e-02
3.426702395266599532e-02
3.343361436776873946e-02
3.370260671137132596e-02
3.394924960442505246e-02
3.381275086803808144e-02
3.221154036979439333e-02
3.505668549863173722e-02
3.733158795368731603e-02
3.515689549369582778e-02
3.282812697955315995e-02
3.310406851703377035e-02
3.287164141682415858e-02
3.284699131520320975e-02
3.257926237339242581e-02
3.227379466032361671e-02
3.221625516222112462e-02
3.361966532991381151e-02
3.442597368632712568e-02
3.411394138501541023e-02
3.495101634713584926e-02
3.656836486202619946e-02
3.824613786079757854e-02
4.030582825472495134e-02
4.261599611261304016e-02
4.236199803382100643e-02
4.373385925634639543e-02
4.408110526224183479e-02
4.557919289567766152e-02
4.822166282520284203e-02
4.968966304565813202e-02
5.152006131654822407e-02
5.191704449537407062e-02
5.562948582324796915e-02
5.786418892882121134e-02
5.843956090794808628e-02
5.971132737704617360e-02
6.099051287866207038e-02
6.025288052918385817e-02
6.179955714868323041e-02
6.328853071941580033e-02
6.426335835007741804e-02
6.617038752661900947e-02
6.755735480278771132e-02
6.874664506505132056e-02
7.037314370393275842e-02
7.161361395266148400e-02
7.280521256743562042e-02
7.738349339258057680e-02
7.926002696106537737e-02
7.956211165251693418e-02
8.027482535891747317e-02
8.276491654859162439e-02
8.630495380725394794e-02
8.649558242255631080e-02
8.730131663028647959e-02
8.996648417723937530e-02
9.135224639067285324e-02
9.309480785810551884e-02
9.417031267110295700e-02
9.426382514660140710e-02
9.518820887056542168e-02
9.644248276064026903e-02
9.846088211605794061e-02
9.989745219762663497e-02
1.013017139948621942e-01
1.033007316443650958e-01
1.040429337442668883e-01
1.050744601700341341e-01
1.056767449287462218e-01
1.069797139774953249e-01
1.091241976694513061e-01
1.108697765395203483e-01
1.122527355108103170e-01
1.134248232874487394e-01
1.150028877054323079e-01
1.171726542479499533e-01
1.162066444847074387e-01
1.171070022874300676e-01
1.189567358075031972e-01
1.188351744896170847e-01
1.176638171977023029e-01
1.183917207548805528e-01
1.201539951199763617e-01
1.202094362130012167e-01
1.219202220217599497e-01
1.218585659113865516e-01
1.203924699946729016e-01
1.189983893089137518e-01
1.183884441808135679e-01
1.181123905927271428e-01
1.176552361762542437e-01
1.167055177525806592e-01
1.165938455157764092e-01
1.161139541976954070e-01
1.146052412645525848e-01
1.148633037925922279e-01
1.145935797364002057e-01
1.148029222156340678e-01
1.139181483299119141e-01
1.141492215791763687e-01
1.137209885364993817e-01
1.114852722406499685e-01
1.109569689037701867e-01
1.105744094459909788e-01
1.109700183908644694e-01
1.110452374659532671e-01
1.109145925818484230e-01
1.100127780790883941e-01
1.082565094645134701e-01
1.075561091718106599e-01
1.051948018249466016e-01
1.050445728297494108e-01
