0.000000000000000000e+00
2.831260129257648361e-02
2.828573798264265651e-02
2.827925894490986372e-02
2.825286655098798935e-02
2.817663609689382773e-02
2.812501625533017982e-02
2.828027819893702555e-02
2.813422509739062563e-02
2.809978194617580860e-02
2.810657319897665388e-02
2.813301929249789612e-02
2.809632260416810787e-02
2.811597641804294487e-02
2.804895277752418939e-02
2.781337247871103202e-02
2.768249416359438997e-02
2.762072581977202679e-02
2.746668244151148630e-02
2.732578282843517101e-02
2.699593307396465358e-02
2.700118896539766000e-02
2.678083526377947332e-02
2.690453865354397803e-02
2.701776613075206404e-02
2.630416849572051949e-02
2.632158313700514243e-02
2.615902662347311877e-02
2.673845238242142722e-02
2.665888177886400687e-02
2.637242483439496479e-02
2.657869856589201163e-02
2.666325539362396704e-02
2.680624415007244396e-02
2.686537119365640588e-02
2.710734873094762520e-02
2.726706854037554487e-02
2.704758639230295594e-02
2.674999515053491997e-02
2.715217837181439428e-02
2.694012186270256307e-02
2.667455039031876862e-02
2.629438736216383257e-02
2.627931092140606620e-02
2.607103038056839128e-02
2.607364620833665936e-02
2.561627303392322030e-02
2.554230032043734375e-02
2.576103512304260892e-02
2.621655496161219220e-02
2.723949033991392502e-02
2.643922555007751848e-02
2.521516614447246937e-02
2.482325776617450366e-02
2.539557361458072773e-02
2.495122923036414628e-02
2.497223835635824229e-02
2.436808267021339444e-02
2.397587836735033326e-02
2.437253137645841242e-02
2.364658559327084339e-02
2.379111868067873906e-02
2.415409200042389903e-02
2.327821099132056093e-02
2.459002677309132454e-02
2.519524218013547909e-02
2.398893669926197014e-02
2.398653381548160324e-02
2.363703197153453617e-02
2.367407513000062760e-02
2.309005514789551697e-02
2.337025862957419972e-02
2.343840160512004889e-02
2.288586809574813183e-02
2.294925507864693792e-02
2.222113785471602557e-02
2.115218419119665669e-02
2.194907587917016220e-02
2.128435777833247167e-02
2.192374434844672135e-02
2.191099415308191481e-02
2.134130977591677802e-02
2.157986760729141071e-02
2.152736589904202802e-02
2.181488903542011179e-02
2.267192735460231423e-02
2.184952262294338754e-02
2.292406167905031156e-02
2.281754129232821740e-02
2.264913167129296509e-02
2.280350381621467845e-02
2.315169895121764118e-02
2.328761192237238653e-02
2.240356908643517317e-02
2.266110953881750323e-02
2.370856309538220061e-02
2.345258245506720921e-02
2.304913999843127489e-02
2.198330371089962654e-02
2.202901203148405207e-02
2.206343137162321624e-02
2.183009785769074798e-02
2.198246581730646174e-02
2.119715796935296367e-02
2.110778995510969799e-02
2.060126068979923133e-02
1.998571268365210638e-02
1.981718182848817358e-02
1.984397814231292703e-02
1.921858042518517426e-02
1.912263212763545828e-02
1.850703185071777765e-02
1.860607657912959761e-02
1.826070862656106741e-02
1.738690533722882584e-02
1.744720918691546399e-02
-1.794865583937573297e-02
-1.734030602056233633e-02
-1.684416133229736656e-02
-1.680970734024615082e-02
-1.733108211856702191e-02
-1.773514659021409312e-02
-1.821843230021230609e-02
-1.729508844360681460e-02
-1.562953723949626547e-02
-1.600214904125025345e-02
-1.571350814361972478e-02
-1.573093532828354416e-02
-1.643120740248951023e-02
-1.679498132891002818e-02
-1.684738630999435549e-02
-1.703516989321596925e-02
-1.807439048422753922e-02
-1.837006575012453680e-02
-1.844345459982039623e-02
-1.799466951654065186e-02
-1.786982064347207924e-02
-1.720502632695622772e-02
-1.718250823975289374e-02
-1.738995146898160427e-02
1.758903642153506960e-02
1.734217153615410720e-02
1.740193010977275287e-02
1.747532985943585707e-02
1.766015043419124839e-02
1.749914625658139170e-02
1.775685178357409508e-02
1.809716523444637390e-02
1.870714683818370042e-02
1.871528862045860817e-02
1.920053056926454213e-02
1.937830233699894614e-02
1.870185584719210106e-02
1.794865904279309768e-02
1.763190009002121514e-02
1.856527633911218486e-02
1.852239359750179615e-02
1.951151612934710206e-02
1.956316330059085576e-02
1.905580091409945012e-02
1.813703190625602299e-02
1.832504879351033386e-02
1.931503105603418757e-02
1.995924912084331634e-02
2.054769112834655201e-02
2.071857563483547188e-02
1.977686267564735326e-02
2.093040565739918979e-02
2.032849331350894059e-02
2.189078724033429249e-02
2.167405369627170911e-02
2.099422922299826189e-02
2.102214828972237548e-02
2.184214929481101408e-02
2.156384104217180450e-02
2.074563912004303082e-02
2.094337701970131263e-02
2.122834365879383914e-02
2.103166070255258965e-02
2.163720204607441633e-02
2.137614572410080280e-02
2.066646799445944968e-02
2.104946038234868297e-02
2.082745631158195929e-02
2.106999046996608019e-02
2.130870216385476190e-02
2.154040194902616390e-02
2.171238302619402441e-02
2.170474214507136720e-02
2.192260602161116498e-02
2.173980121505266275e-02
2.162210647263982169e-02
2.169409192370826134e-02
2.151083351734048299e-02
2.073012945273263949e-02
2.133206620287295130e-02
2.170736892124527917e-02
2.128645026186773773e-02
2.141801796480909126e-02
2.175059725123950835e-02
2.220156107290070790e-02
2.275977533959293655e-02
2.293569915925405822e-02
2.213670740217794572e-02
2.153532955748807542e-02
2.107444610210016181e-02
2.119972084415709668e-02
2.093712265930600461e-02
2.059038938449065520e-02
2.168944314010419830e-02
2.169700306370872522e-02
2.136718985386375225e-02
2.070757907619874896e-02
2.145231699872722844e-02
2.277383142968992039e-02
2.240303639217232357e-02
2.214160465016721049e-02
2.202370947229735296e-02
2.171959671443987952e-02
2.153198402713283124e-02
2.077734485991413610e-02
2.014742031550628004e-02
2.057797444348278063e-02
2.067821732136766386e-02
2.105966667890367058e-02
2.122702388461637779e-02
2.112875532262048842e-02
2.220618611656254363e-02
2.241995107090587538e-02
2.275912618301272408e-02
2.303850756036840419e-02
2.348969926278389117e-02
2.376157455499431151e-02
2.406166307763525636e-02
2.358308206158522477e-02
2.372933688018108792e-02
2.375068535740460299e-02
2.374926051405843244e-02
2.372046812677056082e-02
2.372391104461150577e-02
2.439212679157305372e-02
2.469471369807146530e-02
2.498530261880459527e-02
2.443716952933378331e-02
2.395174328680493847e-02
2.409203841032012128e-02
2.380686294918132537e-02
2.398167547967531774e-02
2.400255763240217652e-02
2.373148882638465018e-02
2.386261679060606641e-02
2.413063004422698332e-02
2.380388288113463591e-02
2.367923857330813883e-02
2.331235358596600235e-02
2.257043767119002939e-02
2.224501391272815445e-02
2.293400281860390535e-02
2.278291444582059011e-02
2.218975299490012765e-02
2.254934209653329524e-02
2.229695280865769125e-02
2.222405554365920397e-02
2.190610123963006306e-02
2.226529268498858224e-02
2.243052760748461341e-02
2.244757116924308085e-02
2.220264861033868775e-02
2.179894702941128845e-02
2.254072732322783337e-02
2.202699229380174206e-02
2.281402892234461743e-02
2.374291608874738724e-02
2.360055134076275221e-02
2.375182204513750714e-02
2.382836880823502659e-02
2.437706144652482254e-02
2.352624680207957009e-02
2.311739884618660423e-02
2.293498247621402267e-02
2.245663892856843147e-02
2.138131989367583405e-02
2.170517588334880399e-02
2.214478355136442755e-02
2.203046840868050360e-02
2.229979235939621995e-02
2.184813745273367358e-02
2.122758951423952753e-02
2.128066862216688657e-02
2.151014069198363757e-02
2.092699610252726772e-02
2.051342163984803610e-02
2.148609844442000982e-02
2.157003855306570753e-02
2.153791521666213390e-02
2.102531136102371925e-02
2.097104752325102892e-02
2.080247655851860319e-02
2.132774825512357211e-02
2.165585169983564109e-02
2.146557214960155904e-02
2.211684351763570922e-02
2.121712202058919847e-02
2.107392413146009016e-02
2.040678926492915310e-02
2.072860654572226957e-02
2.139842785127102701e-02
2.070313156992978007e-02
2.039395219935930328e-02
2.005918410027414736e-02
2.006685369667984137e-02
2.033411025593267682e-02
2.103589251479488775e-02
1.999526639368478728e-02
2.025316591215437639e-02
2.011500554895274614e-02
1.928371173682283390e-02
1.906499448077714556e-02
1.904604844068514061e-02
1.914841606868184637e-02
1.850407055202049275e-02
1.864718993882663253e-02
1.842329514292938633e-02
1.762991057639241507e-02
1.758750119382879173e-02
1.773916472824811283e-02
1.784305877379031499e-02
1.842195551649021198e-02
1.857164801286290481e-02
1.862628228302824415e-02
1.870412876928253046e-02
1.912076713787402849e-02
1.990208619727101488e-02
1.951388648504051235e-02
2.008658224749271942e-02
2.046848902581170984e-02
1.945858251876946346e-02
1.927516543625541756e-02
1.891516771960121204e-02
1.847714030976641691e-02
1.882775450540513998e-02
1.784233448285808474e-02
1.820932930113670217e-02
1.809343351335410827e-02
1.836166341964965212e-02
1.847117244485446327e-02
1.917009056482725168e-02
1.928461735729456589e-02
1.983296417186630398e-02
2.016931489769684116e-02
2.005075089852394535e-02
1.955100650697095058e-02
1.928924653341783368e-02
1.999827228646780183e-02
1.992817502318578946e-02
1.925160380957327208e-02
1.949308663027897112e-02
1.905817691722734575e-02
1.894205147969984029e-02
1.930473784330032777e-02
1.917608427224533688e-02
2.013838881259745819e-02
1.969062926486779899e-02
2.012071617428809120e-02
2.043458414506038948e-02
2.031247304430764539e-02
2.106564906745687568e-02
2.098036096116551175e-02
2.048633902395041381e-02
2.100394008789184183e-02
2.171706723148623605e-02
2.213290055845229184e-02
2.239868320006778435e-02
2.272530420540074328e-02
2.206379824101480092e-02
2.231411720187176026e-02
2.235595384825969992e-02
2.187915092231905098e-02
2.182525377931296418e-02
2.157024110998894198e-02
2.223581299569335826e-02
2.210720257811482972e-02
2.243296567843860653e-02
2.125190223132784884e-02
2.066534602441718466e-02
2.101277485504441170e-02
2.119562768184154664e-02
2.160187573358290924e-02
2.168589047541071013e-02
2.130242668183237806e-02
2.044613180475069597e-02
2.063511327809156026e-02
2.071146356492096011e-02
2.132782421489527389e-02
2.178759007081254584e-02
2.085899651748108694e-02
2.087910610921565879e-02
2.110588177162242562e-02
2.074414726223652514e-02
2.091778902390136960e-02
2.077776217501352968e-02
2.101323614634354256e-02
2.048319370402856485e-02
2.048304118609083416e-02
1.995889258152896278e-02
2.013886750637882209e-02
1.981369029829543535e-02
1.983010427515134386e-02
1.938782768784140867e-02
1.899144761430281506e-02
1.909034604814235231e-02
1.914415970182193824e-02
1.882216967554814838e-02
1.877131277199789103e-02
1.901233366854398685e-02
1.907539956245896465e-02
1.912240960677102919e-02
1.985900441658727464e-02
1.938408812063157835e-02
1.922388612432647179e-02
1.918882580415743472e-02
1.890971390172196953e-02
1.790481239694555540e-02
1.784096584037452721e-02
1.757430760611714340e-02
1.705609800850827265e-02
1.687243397819191554e-02
1.735750035662370419e-02
1.747038891607587477e-02
1.743597090004395458e-02
1.774801046246240674e-02
1.769788225933509318e-02
1.740171666379527679e-02
1.773716759655965744e-02
1.764847610993960578e-02
1.727408599217780324e-02
1.795810901279805763e-02
1.836231578581863644e-02
1.854030247586323232e-02
1.839621683227035676e-02
1.775758385957270508e-02
1.896370319199483512e-02
1.899667298017190809e-02
1.832076679230781879e-02
1.894924189387438632e-02
1.867454461288840448e-02
1.806002827705486050e-02
1.814935390394157785e-02
1.842043987145822528e-02
1.904493653602929923e-02
1.887096996047080144e-02
1.890868638881400277e-02
1.899652956169954957e-02
1.924608923560005083e-02
1.899410587281121984e-02
1.909040573787451969e-02
1.956082657098268465e-02
1.995667505725366372e-02
2.001317208052603644e-02
2.069989305504496904e-02
2.058921577447310122e-02
2.098136071841193162e-02
2.085808538976858043e-02
2.040698870522052524e-02
2.037380113251976294e-02
2.008277768789511891e-02
2.028068388517645718e-02
1.997008056734689632e-02
1.942493034894916468e-02
2.024023708780161787e-02
2.082254173336404654e-02
2.126737978965572914e-02
2.123976707234135133e-02
2.123203794326877433e-02
2.151269782245894546e-02
2.169275803487131712e-02
2.222161426549680921e-02
2.219037268484954847e-02
2.223069134628924068e-02
2.233749542298229737e-02
2.226496475915231213e-02
2.223756618003140326e-02
2.248688222699652198e-02
2.306458879589424679e-02
2.231832065710476556e-02
2.270938712903966539e-02
2.242429272833150813e-02
2.246397375309973354e-02
2.228208388431350551e-02
2.272109789991088105e-02
2.245802109257653834e-02
2.236502338379195085e-02
2.236052819137323081e-02
2.263794999231924163e-02
2.243312689627710924e-02
2.237398284557231068e-02
2.208833700831968824e-02
2.228522888693390894e-02
2.230549592706771236e-02
2.253336358574076562e-02
2.210843350586318146e-02
2.232508351653300985e-02
2.181159850368656616e-02
2.169373684598754556e-02
2.191538550969057350e-02
2.181630731167781556e-02
2.179910500411436428e-02
2.176709583701912434e-02
2.160450509042202705e-02
2.207591201734529843e-02
2.230657015128120757e-02
2.206529771888843597e-02
2.204641575764767700e-02
2.181054013834839156e-02
2.139555948343225752e-02
2.141972972304108033e-02
2.067699885090424836e-02
2.038732872064321841e-02
1.984349493557153316e-02
2.007590605226269170e-02
2.036323538995056179e-02
2.031619137412720572e-02
2.047710385236290939e-02
1.998485809749666123e-02
1.994497660790281110e-02
1.992642596267968011e-02
1.988288227158779495e-02
2.071524203689164428e-02
2.028598276873840381e-02
1.988074266085478395e-02
1.931101022200659018e-02
1.854397867978543890e-02
1.887033388138329576e-02
1.955365831423799480e-02
1.922128827909540955e-02
2.011686604589085076e-02
1.989317368373369130e-02
2.060822136770759302e-02
2.028516671701905555e-02
2.042987006147702414e-02
2.038987182756541242e-02
2.053883848424416236e-02
2.069975975989020792e-02
2.041824950536418395e-02
2.098516070294722050e-02
2.102795578542098268e-02
2.190843293028202354e-02
2.193570693788133089e-02
2.217158518715645413e-02
2.210572970643206667e-02
2.244428706611580060e-02
2.241209217874580092e-02
2.256711723732741579e-02
2.204972212902898965e-02
2.166363940755737516e-02
2.115460227697142301e-02
2.116465961561072098e-02
2.136894211113020067e-02
2.086254315999927500e-02
2.102006130835618394e-02
2.131584481166171399e-02
2.153507430891497820e-02
2.132210408551266437e-02
2.043859294063150173e-02
2.045987149663960197e-02
2.070148408010255223e-02
2.122100769138706919e-02
2.170977297196538883e-02
2.142881930974768409e-02
2.215041257076181061e-02
2.216174096158912352e-02
2.270796109535896945e-02
2.282490397289277731e-02
2.333714632106528852e-02
2.274435589040385217e-02
2.329823563514829901e-02
2.336077243837140702e-02
2.370758703465524267e-02
2.406652669690273125e-02
2.373276231715515036e-02
2.383010308058285120e-02
2.437646235185960894e-02
2.421548262286158867e-02
2.372653163352094266e-02
2.364496601424007430e-02
2.337039168868823222e-02
2.341175849440449083e-02
2.363312385335622837e-02
2.378254500046598011e-02
2.388218623010283578e-02
2.412741600612514428e-02
2.415251410236747207e-02
2.401404518700283111e-02
2.359765547079246961e-02
2.341032222961104969e-02
2.386736256326344244e-02
2.361401793975785590e-02
2.283734579276221199e-02
2.280680261239265150e-02
2.263817946037770604e-02
2.227350669275426562e-02
2.214011965850329680e-02
2.243812860937678330e-02
2.302475483821228575e-02
2.325781535134600550e-02
2.337773478247388501e-02
2.306998858175903291e-02
2.278200043854338233e-02
2.326475772641225723e-02
2.287874827426845600e-02
2.331156884370902405e-02
2.374349665194458447e-02
2.342844301550391084e-02
2.343671461277373538e-02
2.341358621236758544e-02
2.357382646258119815e-02
2.242284868807456477e-02
2.282723584415554188e-02
2.322622092385878689e-02
2.364017123829127709e-02
2.355209867719975161e-02
2.378439954283483038e-02
2.295213461505287225e-02
2.305075913306306110e-02
2.328080002343618782e-02
2.328657924127378390e-02
2.318542046598497108e-02
2.301303015792141582e-02
2.214601245811937888e-02
2.274516990333048938e-02
2.256993129593588832e-02
2.302565059292560959e-02
2.291564281582995910e-02
2.271661829415594011e-02
2.307307532643756987e-02
2.287783526970743955e-02
2.203473950113994662e-02
2.247930348386813215e-02
2.265957222605520169e-02
2.264477582746416903e-02
2.242648421214788954e-02
2.253693046883239667e-02
2.231108027819169934e-02
2.276085700723791752e-02
2.302426104005689256e-02
2.252680918420278330e-02
2.295069626859466694e-02
2.347725707501313597e-02
2.422284434220522628e-02
2.380966002821015629e-02
2.345332745750834322e-02
2.387663007205506963e-02
2.407954076551812803e-02
2.383351051088855241e-02
2.361064578246149445e-02
2.381883884801441753e-02
2.416494293598371590e-02
2.508369795722142567e-02
2.489811167869639477e-02
2.454907006788158152e-02
2.463819539594414368e-02
2.406204175600262785e-02
2.428918735852020686e-02
2.386834399539346230e-02
2.411588442902071541e-02
2.408677022155431002e-02
2.424001981937063885e-02
2.390054482016320050e-02
2.307604380584943327e-02
2.284452847281233032e-02
2.270148296981350233e-02
2.202540783779903533e-02
2.157179550624910638e-02
2.135373243471714796e-02
2.146928447147125954e-02
2.135022380561072200e-02
2.096140744776027465e-02
2.120883085554244041e-02
2.135188439543509245e-02
2.121190837296718645e-02
2.146213710476366568e-02
2.132629753106307299e-02
2.133016565279591617e-02
2.100811443321147845e-02
2.121249679315259998e-02
2.114781194986591409e-02
2.146925083990858588e-02
2.140100462731331019e-02
2.177191347936353882e-02
2.157638448052280958e-02
2.126568723582152390e-02
2.079806995350511403e-02
2.095622574759757953e-02
2.062950110742216986e-02
2.071891468987880139e-02
2.055870111819518148e-02
2.066864125375924080e-02
2.061814009232122019e-02
2.030210944475960635e-02
2.013549796918419690e-02
2.022487545899342640e-02
2.036812945053456322e-02
2.029397052857782879e-02
1.965627457595073638e-02
1.939860487031740480e-02
1.984062170798612731e-02
2.016608693248794423e-02
2.075738761168846591e-02
2.081031539559373769e-02
2.031111051105149307e-02
2.006864736238399977e-02
2.044556527620671957e-02
2.002243096985317078e-02
2.011582041511295049e-02
1.969621734481421735e-02
1.957021664807857483e-02
1.961074230321116496e-02
1.958102203653231191e-02
1.962473501415753011e-02
1.948034480278211175e-02
1.904178562644485637e-02
1.865705134255409015e-02
1.893790080343743173e-02
1.895838391129811909e-02
1.920727000024920889e-02
1.884017230835476411e-02
1.924124059247385790e-02
1.868177117126412420e-02
1.914107982557628276e-02
1.844005126015036897e-02
1.826602918097558828e-02
1.823551256058394271e-02
1.801229565187097842e-02
1.823588691683617966e-02
1.846679669504767973e-02
1.846183067093791139e-02
1.928826953997593921e-02
1.891052861553011930e-02
2.005697072647839516e-02
2.018695622905049628e-02
2.033997114428597389e-02
2.046910959746570113e-02
2.055051707925103013e-02
2.096398802611223675e-02
2.156875094600536544e-02
2.100886437714430746e-02
2.146368436253391632e-02
2.123670534893698156e-02
2.128430002144136857e-02
2.107671919930567336e-02
2.051184496492189022e-02
2.073153081784791588e-02
2.080847266699547768e-02
2.052664826846474846e-02
1.982908527145592695e-02
1.978517971261590722e-02
1.905065618099521102e-02
1.936481612049255688e-02
1.976704887425620102e-02
1.965360937357380280e-02
1.928704964526060939e-02
1.938868641599573658e-02
1.960943296929050159e-02
2.017890662132437382e-02
1.998460604598957177e-02
2.051694462549437728e-02
2.049706595288760397e-02
2.036284740107631441e-02
2.030487247058332043e-02
2.092991841071858636e-02
2.131882728870660923e-02
2.090178841397470622e-02
2.056335580974919322e-02
2.083438307315930993e-02
2.104002256840654950e-02
2.082803806297464297e-02
2.109605917840862502e-02
2.083080976648857274e-02
2.143171698282364188e-02
2.130641089110540606e-02
2.082584613531227036e-02
2.025985650035337995e-02
2.011436919030288109e-02
2.000106003937591678e-02
1.995184831934703612e-02
2.058240568471596602e-02
2.053443554173000826e-02
2.077463216124230544e-02
2.074557897763617403e-02
2.078245081609075839e-02
2.056127833727620577e-02
2.061323758112389160e-02
2.073852023194828684e-02
2.079801493224724476e-02
2.029515639760981482e-02
1.956477675805015984e-02
1.987928674135422055e-02
2.027531702006494727e-02
2.055758580450482709e-02
2.041551687911150742e-02
2.007041031148925833e-02
2.015816092813162499e-02
1.999366119079489662e-02
1.955613380468465903e-02
1.959920746006494838e-02
1.949271736133579777e-02
1.967078761038969226e-02
1.990663226039560488e-02
1.976987409277448579e-02
1.940463728864566528e-02
1.942792673322590521e-02
1.936347698849705604e-02
1.901981555831304058e-02
1.923251526205515052e-02
1.927477342500291332e-02
1.874990399085693996e-02
1.862782204401462402e-02
1.846064573074144774e-02
1.899548710448580729e-02
1.913387364104290195e-02
1.931665984796162097e-02
1.965395962959801471e-02
2.004788820030203866e-02
1.988494055890854470e-02
2.016820962162716238e-02
2.000617902389988101e-02
1.965135611944407099e-02
1.997872103990585776e-02
1.954880955854415223e-02
1.943096958633238822e-02
1.922821636084407967e-02
1.950878506759889594e-02
1.909171464217774075e-02
1.863193720274105084e-02
1.886147059424324313e-02
1.843670006141245876e-02
1.780382768702293630e-02
1.720269890559830359e-02
1.667531382421101951e-02
1.653296651397399494e-02
1.650511253059176384e-02
1.661675403620398866e-02
1.636584654794914426e-02
1.654492322449422487e-02
1.579963521304579913e-02
1.608557113230995109e-02
1.639790261670145965e-02
1.619775622557348763e-02
1.684682173509182909e-02
1.675256258904417317e-02
1.722090605217423478e-02
1.675967745116805838e-02
1.763353987345562743e-02
1.816536930255381946e-02
1.816137402604718273e-02
1.773006181553005503e-02
1.780350297025949657e-02
1.791156281382575571e-02
1.769103355584008413e-02
1.761104737291455113e-02
1.701241123000824321e-02
1.642571514066202762e-02
1.630582148120124017e-02
1.633420941599772469e-02
1.560393468528194043e-02
1.578881341156609941e-02
1.545859858246667086e-02
1.600009874719022715e-02
1.636820938551873661e-02
1.629907802512413004e-02
1.627830376548798988e-02
1.595056189262085769e-02
1.604457051682185373e-02
1.644194884231284237e-02
1.630699215856269008e-02
1.651201137197098531e-02
1.627179368937519896e-02
1.667998457994706446e-02
1.683763828437422755e-02
1.666304632787444714e-02
1.646278921620243987e-02
1.594049202087241199e-02
1.595191083106689209e-02
1.524235250840146917e-02
1.532140140553549940e-02
1.552170795032385177e-02
1.557118702382058462e-02
1.525282579844391452e-02
1.624287894464957957e-02
1.620806138803946791e-02
1.599516016117516135e-02
1.615342748691925984e-02
1.540248935368757933e-02
1.564144319208824255e-02
1.632375207955638965e-02
1.655475974468777894e-02
1.625081936252293149e-02
1.643702810213984455e-02
1.724654778331117036e-02
1.702753725338700813e-02
1.749606106853904622e-02
1.776499716856333802e-02
1.784002152000438088e-02
1.763207528421242495e-02
1.769519962750946626e-02
1.849505597870009649e-02
1.876691511839371704e-02
1.957070316754742217e-02
2.056720901239645141e-02
2.061862641629610277e-02
2.042115804650249458e-02
2.050587073106331301e-02
2.032485994025723386e-02
2.029781209725622232e-02
1.982402884805239962e-02
1.969399069883581363e-02
2.050312444581748120e-02
1.981360362005402109e-02
1.967553908458062259e-02
1.951248953520591176e-02
1.939922522370888733e-02
1.869276123803010822e-02
1.866563641789979397e-02
1.852150565056951206e-02
1.823352296873559722e-02
1.892497918586316316e-02
1.878949306013081438e-02
1.991747007961233371e-02
2.013838594320699685e-02
2.030325300848042497e-02
2.064351561928591886e-02
2.034790947180627543e-02
2.019595035903956962e-02
1.995363788866517593e-02
2.029327831796375395e-02
1.998726696623867941e-02
1.948813899993733986e-02
1.936862901676551438e-02
1.923409925272984503e-02
1.905818466344604348e-02
1.890363800619992637e-02
1.850707979462464306e-02
1.804109932169636540e-02
1.768411261613165794e-02
1.793456885715081703e-02
1.783156954741437275e-02
1.876681020011874285e-02
1.886707218490952728e-02
1.907127449110884373e-02
1.901575996029065269e-02
1.937443827741789845e-02
1.958894809914964175e-02
1.963475866569188918e-02
1.940645324373328415e-02
1.991330965767239627e-02
2.008348560712099398e-02
1.932150316178770852e-02
1.921362575163938421e-02
1.852916919257166159e-02
1.853280439702418084e-02
1.913516080768337332e-02
1.965745700619476663e-02
2.013532981715400114e-02
2.024041886906123924e-02
2.036259546853467009e-02
2.050683402704125274e-02
2.052181022435445659e-02
2.121143769756389172e-02
2.111467342939573125e-02
2.100584454710950275e-02
2.078662395622346212e-02
2.068789129802317897e-02
2.059628597649288198e-02
2.042943314805405197e-02
2.090367929348953616e-02
2.081489731291142481e-02
2.055384900708787446e-02
2.046935419465458969e-02
2.098304254236627378e-02
2.027537787713825854e-02
2.022693841934902065e-02
1.991873370842466365e-02
2.005071982685359758e-02
2.018390157431321219e-02
2.001544630414647460e-02
1.970132490060662669e-02
1.966384316298059112e-02
1.942653256485589799e-02
1.906742640380795772e-02
1.902057490175274729e-02
1.897183503997791967e-02
1.876882076145018965e-02
1.918598743624417430e-02
1.888325152243162594e-02
1.917526029686402594e-02
1.926289284283566258e-02
1.891618804099154394e-02
1.841018877394478767e-02
1.832044491922932283e-02
1.844323288655050005e-02
1.821829183414758538e-02
1.779121708581703210e-02
1.766683154482234092e-02
1.711643382138684777e-02
1.675731620989357601e-02
1.667544742434477409e-02
1.617207564546899526e-02
1.669822095555495781e-02
1.652399509206524744e-02
1.686740704938885851e-02
1.696872890904358583e-02
1.647596807424652268e-02
1.617573064556187407e-02
1.602059583840362289e-02
1.624811846760211911e-02
1.612993811740724356e-02
1.610230182419045489e-02
1.629087387221743802e-02
1.622299696630324570e-02
1.688267142781884125e-02
1.688148721858478626e-02
1.696166572744207263e-02
1.698420022926610054e-02
1.695290596732143204e-02
1.679745774618999349e-02
1.686950552462087791e-02
1.636513377731731167e-02
1.655198866097222152e-02
1.647852414014836994e-02
1.667054750194856688e-02
1.675534264148450386e-02
1.745991853942448560e-02
1.764340369745459255e-02
1.829800596717874941e-02
1.845864079839032099e-02
1.861248823753468631e-02
1.889969368574577133e-02
1.919016157098751493e-02
1.902051833110443221e-02
1.943227469865944912e-02
1.951967045120231795e-02
1.958398731149196825e-02
2.031036950735343530e-02
2.029131360100874457e-02
2.038216508753378994e-02
2.057067945840393777e-02
2.044752533640445055e-02
1.999729126293068107e-02
2.028322329408692795e-02
2.050190206552506694e-02
2.018311553634749220e-02
2.015787008811398967e-02
2.033633724272263660e-02
2.032951757825431083e-02
2.006088057159500018e-02
1.985077786761392168e-02
1.979045272010373710e-02
1.958840741817787640e-02
1.937416472404326559e-02
1.970745624848537630e-02
1.995501475658602655e-02
1.969302233597713600e-02
1.984697396580044348e-02
1.979191543550624238e-02
2.007076908512905530e-02
1.989604947335734883e-02
2.016991532985925109e-02
2.023053104379179956e-02
1.957387341317801815e-02
1.966294014309250340e-02
1.896154573041077332e-02
1.893672136675991421e-02
1.835169773867859067e-02
1.807746756517558673e-02
1.765877175400444241e-02
1.804398090498477228e-02
1.810760086103076899e-02
1.821659509481182368e-02
1.832488706044586163e-02
1.799331795365436554e-02
1.844293871281132285e-02
1.787813745201486879e-02
1.783865630944468303e-02
1.747635687473770780e-02
1.728232169398032439e-02
1.735062518516723370e-02
1.673555345917013618e-02
1.731358456777527116e-02
1.729531898670204002e-02
1.712271529386753116e-02
1.717640569673471382e-02
1.691233370184705778e-02
1.673916147774537344e-02
1.677316583226842392e-02
1.709366892788523676e-02
1.716690388663174444e-02
1.747597486773779310e-02
1.812936812350365162e-02
1.838446748321333202e-02
1.837318360970005907e-02
1.801929645565515659e-02
1.821185853904511154e-02
1.878954203858192867e-02
1.854166828021864069e-02
1.801931229340676330e-02
1.827677588111036380e-02
1.792667909967181686e-02
1.775418834806931703e-02
1.792613328331557968e-02
1.817394775751132383e-02
1.803764587479513709e-02
1.843354351258093965e-02
1.885411164432605063e-02
1.871991851906786367e-02
1.863481828246431674e-02
1.795189340360554484e-02
1.799479049007878320e-02
1.837114344881365588e-02
1.819781387535558334e-02
1.812232752670496841e-02
1.836036058911475963e-02
1.798861009196023666e-02
1.792309735509288807e-02
1.761092558546346887e-02
1.784342742915365557e-02
1.781821770416707959e-02
1.765386234559155124e-02
1.788147220699404932e-02
1.808001263161862840e-02
1.824744573342457557e-02
1.799485355675792264e-02
1.822505129306225755e-02
1.820639528957257447e-02
1.847424080705394392e-02
1.878710409492299199e-02
1.884318636163332880e-02
1.950315600420146622e-02
1.909291014027983749e-02
1.870527468644637634e-02
1.876992080288970507e-02
1.844748293108445722e-02
1.883688353359002851e-02
1.964664240152512106e-02
1.996016136025821966e-02
1.955250909768822126e-02
1.932086186861724231e-02
1.952886922868410716e-02
1.969330156496787790e-02
1.949110475533223294e-02
1.938837791444305431e-02
1.969423981234736179e-02
2.010236169309875462e-02
2.002960946137536183e-02
1.952507387666346794e-02
1.996663270880498151e-02
2.011370068148113366e-02
2.041105144314355607e-02
2.038581109154939328e-02
2.040327571719766087e-02
2.040844335540596341e-02
2.046180512117473302e-02
2.004695910931373129e-02
1.999510678958509036e-02
1.999002269140618543e-02
2.062855577123707748e-02
2.097452970037045131e-02
2.102420417585051937e-02
2.144992593853226048e-02
2.152427545434480380e-02
2.151513077328850998e-02
2.184264455496257376e-02
2.130801652107160507e-02
2.070905149427451283e-02
2.055485347804139259e-02
2.052715702416574653e-02
2.031196561240902754e-02
2.020470892449787934e-02
2.052681738910045253e-02
2.039821572532084584e-02
2.038872269628352885e-02
1.993857420771009623e-02
1.984653446248845279e-02
1.970641060510619838e-02
1.956793380399552210e-02
1.905312008501883550e-02
1.950378523885241619e-02
1.961316235629484081e-02
1.944709735901626116e-02
2.010734460349458338e-02
1.978647000406275058e-02
1.995820415301005277e-02
1.991591406252448196e-02
2.007670617489338075e-02
1.990226457397930096e-02
1.968844469805005118e-02
1.986870934714224032e-02
2.032713955479940535e-02
2.035398006142788777e-02
2.028489296359371752e-02
2.024324232612305027e-02
2.063269502612535486e-02
2.079467051860342183e-02
2.078683867431712490e-02
2.100529333026983705e-02
2.130837652706750809e-02
2.137708761931974774e-02
2.171491332263521257e-02
2.157223638052352052e-02
2.170825965665454729e-02
2.132821941368141447e-02
2.174150327140287817e-02
2.161141589176290498e-02
2.168730416163713870e-02
2.121801538689737851e-02
2.159104448850160743e-02
2.190076704320937859e-02
2.142064354213664770e-02
2.140934780440451393e-02
2.117793116206036219e-02
2.132076339465783024e-02
2.118553258950415727e-02
2.112156286254899748e-02
2.098350807146293420e-02
2.112884563926837114e-02
2.148472504894639520e-02
2.150808289564415041e-02
2.149102363979858710e-02
2.121958802873208025e-02
2.130506315995170721e-02
2.145420721092564445e-02
2.143352477425018374e-02
2.109911263283688332e-02
2.100705254398314500e-02
2.139533786327231513e-02
2.162061958703059492e-02
2.178885939982669676e-02
2.183430786352513406e-02
2.162941671302578972e-02
2.146760292126469530e-02
2.143715356768043437e-02
2.154494229101507063e-02
2.103763975232929295e-02
2.078314682375187114e-02
2.038874334563151383e-02
2.062939737976978230e-02
2.059178629561185525e-02
2.052435164766448425e-02
2.032010222509392228e-02
2.026857302410975045e-02
2.051925546551044630e-02
