0.000000000000000000e+00
7.122337756049326729e-02
7.121095247485235979e-02
7.121095247485235979e-02
7.122842712464581838e-02
7.127442217519340539e-02
7.127442217519340539e-02
7.119309266698244099e-02
7.122702545740351721e-02
7.127215764539934773e-02
7.129166042338903886e-02
7.121663355587039279e-02
7.097944843113863922e-02
7.112893858685201409e-02
7.108639191108272193e-02
7.116920129811304951e-02
7.135029617092585041e-02
7.142562802669784328e-02
7.143890576242682700e-02
7.145624184387569522e-02
7.167570789199549652e-02
7.167570789199549652e-02
7.171847978596042339e-02
7.156300524556578890e-02
7.134394671667725063e-02
7.132848583286617583e-02
7.120375177546416079e-02
7.112082923555367031e-02
7.112082923555367031e-02
7.086990367510923039e-02
7.102051986523939819e-02
7.147664273968497295e-02
7.153105868929642008e-02
7.166447324676347708e-02
7.153645415973777788e-02
7.177773537824817807e-02
7.191106237820953095e-02
7.226609261496884373e-02
7.218939110387252722e-02
7.153909856688446534e-02
7.153909856688446534e-02
7.094869527315238178e-02
7.047830228546862752e-02
7.125272144232221161e-02
7.125272144232221161e-02
7.125272144232221161e-02
7.034118543147276081e-02
6.992629219101599569e-02
6.965927581965346282e-02
6.944088347629284730e-02
6.892166009040424923e-02
6.746220800396786343e-02
6.779798839330004878e-02
6.792086093486494891e-02
6.755063611664681444e-02
6.667217571295148970e-02
6.661265422803337721e-02
6.537314466446325634e-02
6.532611914872218928e-02
6.548916927908469965e-02
6.511870759135338083e-02
6.486839723160472970e-02
6.467313863461605916e-02
6.466581005985584663e-02
6.481996956715499469e-02
6.481996956715499469e-02
6.505800063642520892e-02
6.544188143919592304e-02
6.543923354747889498e-02
6.537193347370075236e-02
6.519719186534946032e-02
6.519719186534946032e-02
6.519719186534946032e-02
6.448502810855751000e-02
6.392806598490360925e-02
6.295054928834704910e-02
6.264093213708873953e-02
6.159942655839090175e-02
6.286089239209916024e-02
6.330386482589844821e-02
6.303850885110047486e-02
6.239499501626400574e-02
6.170394661467395320e-02
6.140443788917121504e-02
6.167713397557349903e-02
6.190688477600359702e-02
6.212788815542242410e-02
6.212788815542242410e-02
6.321354952625311829e-02
6.321354952625311829e-02
6.321354952625311829e-02
6.321354952625311829e-02
6.321354952625311829e-02
6.267326701542512424e-02
6.271678416884464424e-02
6.289964309801375497e-02
6.289964309801375497e-02
6.294934424968023912e-02
6.180679749247910276e-02
6.120945898463364676e-02
6.120945898463364676e-02
6.007640578238074291e-02
6.051786427715121625e-02
5.905394873179032472e-02
5.905394873179032472e-02
5.905394873179032472e-02
5.905394873179032472e-02
5.918083709999838460e-02
5.931508452558886813e-02
5.931508452558886813e-02
5.931508452558886813e-02
5.847303093526601964e-02
5.847303093526601964e-02
5.723397439881556387e-02
5.723397439881556387e-02
5.723397439881556387e-02
5.623725456424551877e-02
5.623725456424551877e-02
5.623725456424551877e-02
5.623725456424551877e-02
5.546379372892822762e-02
5.546379372892822762e-02
5.544082574294684207e-02
5.502443753750192040e-02
5.474765444007578807e-02
5.455399608518907845e-02
5.373642864726730500e-02
5.373642864726730500e-02
5.302413812290346362e-02
5.302413812290346362e-02
5.302413812290346362e-02
5.302413812290346362e-02
5.302413812290346362e-02
5.294735888146717695e-02
5.323159965596740290e-02
5.301449810371868659e-02
5.301449810371868659e-02
5.323030766675509312e-02
5.323334514339673335e-02
5.300483260145080061e-02
5.300483260145080061e-02
5.309463467239045054e-02
5.310929010105713832e-02
5.310929010105713832e-02
5.310929010105713832e-02
5.360156812618958183e-02
5.456171632568599522e-02
5.481843612224895912e-02
5.439629217593069943e-02
5.271451666540818287e-02
5.271451666540818287e-02
5.270651120453204858e-02
5.290304340433806679e-02
5.290304340433806679e-02
5.290304340433806679e-02
5.353166433371631810e-02
5.444447933428644276e-02
5.444447933428644276e-02
5.444447933428644276e-02
5.444447933428644276e-02
5.286109436820651819e-02
5.286109436820651819e-02
5.288045664011045699e-02
5.288045664011045699e-02
5.368094554326701545e-02
5.368094554326701545e-02
5.373473114157848590e-02
5.373473114157848590e-02
5.373473114157848590e-02
5.409528558735906406e-02
5.408712525957917044e-02
5.274328403924815473e-02
5.274328403924815473e-02
5.274328403924815473e-02
5.274328403924815473e-02
5.274328403924815473e-02
5.274328403924815473e-02
5.274328403924815473e-02
5.158507067330273671e-02
5.158507067330273671e-02
5.188273745146270571e-02
5.196679393655861956e-02
5.381319064026517801e-02
5.381319064026517801e-02
5.381319064026517801e-02
5.381319064026517801e-02
5.381319064026517801e-02
5.381319064026517801e-02
5.373457745581750739e-02
5.584313054098350576e-02
5.584313054098350576e-02
5.584313054098350576e-02
5.584313054098350576e-02
5.584313054098350576e-02
5.577209739993092136e-02
5.577209739993092136e-02
5.577209739993092136e-02
5.577209739993092136e-02
5.673317435351372257e-02
5.736277854521362046e-02
5.857848086645139202e-02
5.857848086645139202e-02
5.857848086645139202e-02
5.857848086645139202e-02
5.857848086645139202e-02
5.857848086645139202e-02
5.906268416071643740e-02
5.906268416071643740e-02
5.906268416071643740e-02
5.906268416071643740e-02
5.811050140590692109e-02
5.578973817161919646e-02
5.578973817161919646e-02
5.578973817161919646e-02
5.578973817161919646e-02
5.578973817161919646e-02
5.578973817161919646e-02
5.578401991290102974e-02
5.530532578579073349e-02
5.530532578579073349e-02
5.530532578579073349e-02
5.530532578579073349e-02
5.530532578579073349e-02
5.530532578579073349e-02
5.530532578579073349e-02
5.530532578579073349e-02
5.530532578579073349e-02
5.527230663581359643e-02
5.527230663581359643e-02
5.534792715344788450e-02
5.534792715344788450e-02
5.534792715344788450e-02
5.534792715344788450e-02
5.534792715344788450e-02
5.534792715344788450e-02
5.534792715344788450e-02
5.539619149515143115e-02
5.600723808786650659e-02
5.600723808786650659e-02
5.600723808786650659e-02
5.600723808786650659e-02
5.595417167397334635e-02
5.595417167397334635e-02
5.595417167397334635e-02
5.595417167397334635e-02
5.595417167397334635e-02
5.595417167397334635e-02
5.595417167397334635e-02
5.595417167397334635e-02
5.595417167397334635e-02
5.595417167397334635e-02
5.595417167397334635e-02
5.595417167397334635e-02
5.595417167397334635e-02
5.595417167397334635e-02
5.595417167397334635e-02
5.595417167397334635e-02
5.595417167397334635e-02
5.595417167397334635e-02
5.595417167397334635e-02
5.595417167397334635e-02
5.595417167397334635e-02
5.595417167397334635e-02
5.595417167397334635e-02
5.595417167397334635e-02
5.595417167397334635e-02
5.595417167397334635e-02
5.595417167397334635e-02
5.595417167397334635e-02
5.595417167397334635e-02
5.595417167397334635e-02
5.592754667534439311e-02
5.592754667534439311e-02
5.592754667534439311e-02
5.592754667534439311e-02
5.592754667534439311e-02
5.592754667534439311e-02
5.592754667534439311e-02
5.624006876067413202e-02
5.624006876067413202e-02
5.624006876067413202e-02
5.624006876067413202e-02
5.624006876067413202e-02
5.624006876067413202e-02
5.624006876067413202e-02
5.623817383490892219e-02
5.623817383490892219e-02
5.623817383490892219e-02
5.611620507749855852e-02
5.611620507749855852e-02
5.611620507749855852e-02
5.619524879903130959e-02
5.619524879903130959e-02
5.619524879903130959e-02
5.619524879903130959e-02
5.619524879903130959e-02
5.619524879903130959e-02
5.619524879903130959e-02
5.619524879903130959e-02
5.619524879903130959e-02
5.619524879903130959e-02
5.619524879903130959e-02
5.662866141433527817e-02
5.662866141433527817e-02
5.662866141433527817e-02
5.662866141433527817e-02
5.662866141433527817e-02
5.662866141433527817e-02
5.662866141433527817e-02
5.662866141433527817e-02
5.662866141433527817e-02
5.662866141433527817e-02
5.662866141433527817e-02
5.662866141433527817e-02
5.662866141433527817e-02
5.638188975532657660e-02
5.638188975532657660e-02
5.638188975532657660e-02
5.638188975532657660e-02
5.638188975532657660e-02
5.638188975532657660e-02
5.638188975532657660e-02
5.602576551287669071e-02
5.602576551287669071e-02
5.602576551287669071e-02
5.602576551287669071e-02
5.602576551287669071e-02
5.602576551287669071e-02
5.602576551287669071e-02
5.551917213776421528e-02
5.551917213776421528e-02
5.551917213776421528e-02
5.551917213776421528e-02
5.551917213776421528e-02
5.551917213776421528e-02
5.551917213776421528e-02
5.551917213776421528e-02
5.551917213776421528e-02
5.551917213776421528e-02
5.551917213776421528e-02
5.551917213776421528e-02
5.551917213776421528e-02
5.551917213776421528e-02
5.551917213776421528e-02
5.551917213776421528e-02
5.551917213776421528e-02
5.551917213776421528e-02
5.551917213776421528e-02
5.551917213776421528e-02
5.595156096307393745e-02
5.595156096307393745e-02
5.595156096307393745e-02
5.595156096307393745e-02
5.595156096307393745e-02
5.595156096307393745e-02
5.595156096307393745e-02
5.595156096307393745e-02
5.595156096307393745e-02
5.595156096307393745e-02
5.595156096307393745e-02
5.595156096307393745e-02
5.595156096307393745e-02
5.595156096307393745e-02
5.595156096307393745e-02
5.595156096307393745e-02
5.595156096307393745e-02
5.595156096307393745e-02
5.595156096307393745e-02
5.595156096307393745e-02
5.595156096307393745e-02
5.595156096307393745e-02
5.595156096307393745e-02
5.595156096307393745e-02
5.595156096307393745e-02
5.595156096307393745e-02
5.595156096307393745e-02
5.595156096307393745e-02
5.595156096307393745e-02
5.595156096307393745e-02
5.495907018664930588e-02
5.495907018664930588e-02
5.495907018664930588e-02
5.495907018664930588e-02
5.495907018664930588e-02
5.495907018664930588e-02
5.495907018664930588e-02
5.495907018664930588e-02
5.495907018664930588e-02
5.495907018664930588e-02
5.495907018664930588e-02
5.495907018664930588e-02
5.495907018664930588e-02
5.495907018664930588e-02
5.495907018664930588e-02
5.495907018664930588e-02
5.495907018664930588e-02
5.495907018664930588e-02
5.495907018664930588e-02
5.495907018664930588e-02
5.495907018664930588e-02
5.495907018664930588e-02
5.495907018664930588e-02
5.495907018664930588e-02
5.484425545432285859e-02
5.484425545432285859e-02
5.484425545432285859e-02
5.484425545432285859e-02
5.484425545432285859e-02
5.484425545432285859e-02
5.484425545432285859e-02
5.484425545432285859e-02
5.484425545432285859e-02
5.484425545432285859e-02
5.484425545432285859e-02
5.484425545432285859e-02
5.484425545432285859e-02
5.484425545432285859e-02
5.484425545432285859e-02
5.484425545432285859e-02
5.484425545432285859e-02
5.484425545432285859e-02
5.484425545432285859e-02
5.484425545432285859e-02
5.484425545432285859e-02
5.448412448127842173e-02
5.448412448127842173e-02
5.448412448127842173e-02
5.448412448127842173e-02
5.448412448127842173e-02
5.448412448127842173e-02
5.448412448127842173e-02
5.448412448127842173e-02
5.448412448127842173e-02
5.448412448127842173e-02
5.448412448127842173e-02
5.448412448127842173e-02
5.448412448127842173e-02
5.448412448127842173e-02
5.448412448127842173e-02
5.448412448127842173e-02
5.448412448127842173e-02
5.448412448127842173e-02
5.448412448127842173e-02
5.448412448127842173e-02
5.448412448127842173e-02
5.448412448127842173e-02
5.448412448127842173e-02
5.448412448127842173e-02
5.448412448127842173e-02
5.448412448127842173e-02
5.448412448127842173e-02
5.448412448127842173e-02
5.448412448127842173e-02
5.448412448127842173e-02
5.448412448127842173e-02
5.448412448127842173e-02
5.448412448127842173e-02
5.448412448127842173e-02
5.448412448127842173e-02
5.448412448127842173e-02
5.448412448127842173e-02
5.448412448127842173e-02
5.448412448127842173e-02
5.448412448127842173e-02
5.448412448127842173e-02
5.448412448127842173e-02
5.448412448127842173e-02
5.448412448127842173e-02
5.448412448127842173e-02
5.448412448127842173e-02
5.448412448127842173e-02
5.448412448127842173e-02
5.448412448127842173e-02
5.448412448127842173e-02
5.448412448127842173e-02
5.448412448127842173e-02
5.448412448127842173e-02
5.448412448127842173e-02
5.448412448127842173e-02
5.448412448127842173e-02
5.448412448127842173e-02
5.448412448127842173e-02
5.448412448127842173e-02
5.448412448127842173e-02
5.448412448127842173e-02
5.448412448127842173e-02
5.448412448127842173e-02
5.448412448127842173e-02
5.448412448127842173e-02
5.448412448127842173e-02
5.448412448127842173e-02
5.448412448127842173e-02
5.448412448127842173e-02
5.448412448127842173e-02
5.448412448127842173e-02
5.448412448127842173e-02
5.448412448127842173e-02
5.448412448127842173e-02
5.448412448127842173e-02
5.448412448127842173e-02
5.448412448127842173e-02
5.448412448127842173e-02
5.448412448127842173e-02
5.448412448127842173e-02
5.448412448127842173e-02
5.448412448127842173e-02
5.448412448127842173e-02
5.448412448127842173e-02
5.448412448127842173e-02
5.448412448127842173e-02
5.448412448127842173e-02
5.448412448127842173e-02
5.448412448127842173e-02
5.448412448127842173e-02
5.448412448127842173e-02
5.448412448127842173e-02
5.448412448127842173e-02
5.448412448127842173e-02
5.448412448127842173e-02
5.448412448127842173e-02
5.448412448127842173e-02
5.448412448127842173e-02
5.448412448127842173e-02
5.448412448127842173e-02
5.448412448127842173e-02
5.448412448127842173e-02
5.448412448127842173e-02
5.448412448127842173e-02
5.448412448127842173e-02
5.448412448127842173e-02
5.448412448127842173e-02
5.448412448127842173e-02
5.448412448127842173e-02
5.448412448127842173e-02
5.448412448127842173e-02
5.448412448127842173e-02
5.448412448127842173e-02
5.448412448127842173e-02
5.448412448127842173e-02
5.448412448127842173e-02
5.448412448127842173e-02
5.448412448127842173e-02
5.448412448127842173e-02
5.481176049768896746e-02
5.481176049768896746e-02
5.481176049768896746e-02
5.481176049768896746e-02
5.481176049768896746e-02
5.481176049768896746e-02
5.481176049768896746e-02
5.481176049768896746e-02
5.481176049768896746e-02
5.481176049768896746e-02
5.474979952451202586e-02
5.474979952451202586e-02
5.474979952451202586e-02
5.474979952451202586e-02
5.474979952451202586e-02
5.474979952451202586e-02
5.474979952451202586e-02
5.474979952451202586e-02
5.474979952451202586e-02
5.474979952451202586e-02
5.474979952451202586e-02
5.474979952451202586e-02
5.474979952451202586e-02
5.474979952451202586e-02
5.474979952451202586e-02
5.474979952451202586e-02
5.474979952451202586e-02
5.474979952451202586e-02
5.474979952451202586e-02
5.474979952451202586e-02
5.474979952451202586e-02
5.474979952451202586e-02
5.474979952451202586e-02
5.474979952451202586e-02
5.474979952451202586e-02
5.474979952451202586e-02
5.474979952451202586e-02
5.474979952451202586e-02
5.474979952451202586e-02
5.474979952451202586e-02
5.474979952451202586e-02
5.474979952451202586e-02
5.474979952451202586e-02
5.474979952451202586e-02
5.474979952451202586e-02
5.474979952451202586e-02
5.474979952451202586e-02
5.474979952451202586e-02
5.474979952451202586e-02
5.474979952451202586e-02
5.474979952451202586e-02
5.474979952451202586e-02
5.474979952451202586e-02
5.474979952451202586e-02
5.474979952451202586e-02
5.474979952451202586e-02
5.474979952451202586e-02
5.466401995928976687e-02
5.466401995928976687e-02
5.466401995928976687e-02
5.466401995928976687e-02
5.466401995928976687e-02
5.466401995928976687e-02
5.466401995928976687e-02
5.466401995928976687e-02
5.466401995928976687e-02
5.466401995928976687e-02
5.466401995928976687e-02
5.466401995928976687e-02
5.466401995928976687e-02
5.466401995928976687e-02
5.466401995928976687e-02
5.466401995928976687e-02
5.466401995928976687e-02
5.466401995928976687e-02
5.466401995928976687e-02
5.466401995928976687e-02
5.466401995928976687e-02
5.466401995928976687e-02
5.466401995928976687e-02
5.466401995928976687e-02
5.466401995928976687e-02
5.466401995928976687e-02
5.466401995928976687e-02
5.466401995928976687e-02
5.466401995928976687e-02
5.466401995928976687e-02
5.466401995928976687e-02
5.466401995928976687e-02
5.466401995928976687e-02
5.466401995928976687e-02
5.466401995928976687e-02
5.466401995928976687e-02
5.466401995928976687e-02
5.466401995928976687e-02
5.466401995928976687e-02
5.466401995928976687e-02
5.466401995928976687e-02
5.466401995928976687e-02
5.466401995928976687e-02
5.466401995928976687e-02
5.466401995928976687e-02
5.466401995928976687e-02
5.466401995928976687e-02
5.466401995928976687e-02
5.466401995928976687e-02
5.466401995928976687e-02
5.466401995928976687e-02
5.466401995928976687e-02
5.466401995928976687e-02
5.466401995928976687e-02
5.466401995928976687e-02
5.466401995928976687e-02
5.466401995928976687e-02
5.466401995928976687e-02
5.466401995928976687e-02
5.466401995928976687e-02
5.466401995928976687e-02
5.466401995928976687e-02
5.466401995928976687e-02
5.466401995928976687e-02
5.466401995928976687e-02
5.466401995928976687e-02
5.466401995928976687e-02
5.466401995928976687e-02
5.466401995928976687e-02
5.466401995928976687e-02
5.466401995928976687e-02
5.466401995928976687e-02
5.466401995928976687e-02
5.466401995928976687e-02
5.466401995928976687e-02
5.466401995928976687e-02
5.466401995928976687e-02
5.466401995928976687e-02
5.466401995928976687e-02
5.466401995928976687e-02
5.466401995928976687e-02
5.466401995928976687e-02
5.466401995928976687e-02
5.466401995928976687e-02
5.466401995928976687e-02
5.466401995928976687e-02
5.466401995928976687e-02
5.466401995928976687e-02
5.466401995928976687e-02
5.466401995928976687e-02
5.466401995928976687e-02
5.466401995928976687e-02
5.466401995928976687e-02
5.466401995928976687e-02
5.466401995928976687e-02
5.466401995928976687e-02
5.466401995928976687e-02
5.466401995928976687e-02
5.466401995928976687e-02
5.466401995928976687e-02
5.466401995928976687e-02
5.466401995928976687e-02
5.466401995928976687e-02
5.466401995928976687e-02
5.466401995928976687e-02
5.466401995928976687e-02
5.466401995928976687e-02
5.466401995928976687e-02
5.466401995928976687e-02
5.466401995928976687e-02
5.466401995928976687e-02
5.466401995928976687e-02
5.466401995928976687e-02
5.466401995928976687e-02
5.466401995928976687e-02
5.466401995928976687e-02
5.466401995928976687e-02
5.466401995928976687e-02
5.466401995928976687e-02
5.466401995928976687e-02
5.466401995928976687e-02
5.466401995928976687e-02
5.466401995928976687e-02
5.466401995928976687e-02
5.466401995928976687e-02
5.466401995928976687e-02
5.466401995928976687e-02
5.466401995928976687e-02
5.466401995928976687e-02
5.466401995928976687e-02
5.466401995928976687e-02
5.466401995928976687e-02
5.466401995928976687e-02
5.466401995928976687e-02
5.466401995928976687e-02
5.466401995928976687e-02
5.466401995928976687e-02
5.466401995928976687e-02
5.466401995928976687e-02
5.466401995928976687e-02
5.466401995928976687e-02
5.466401995928976687e-02
5.466401995928976687e-02
5.466401995928976687e-02
5.466401995928976687e-02
5.466401995928976687e-02
5.466401995928976687e-02
5.466401995928976687e-02
5.466401995928976687e-02
5.466401995928976687e-02
5.466401995928976687e-02
5.466401995928976687e-02
5.466401995928976687e-02
5.466401995928976687e-02
5.466401995928976687e-02
5.466401995928976687e-02
5.466401995928976687e-02
5.466401995928976687e-02
5.466401995928976687e-02
5.466401995928976687e-02
5.466401995928976687e-02
5.466401995928976687e-02
5.466401995928976687e-02
5.466401995928976687e-02
5.466401995928976687e-02
5.466401995928976687e-02
5.466401995928976687e-02
5.466401995928976687e-02
5.466401995928976687e-02
5.466401995928976687e-02
5.466401995928976687e-02
5.466401995928976687e-02
5.466401995928976687e-02
5.466401995928976687e-02
5.466401995928976687e-02
5.466401995928976687e-02
5.466401995928976687e-02
5.466401995928976687e-02
5.466401995928976687e-02
5.466401995928976687e-02
5.466401995928976687e-02
5.466401995928976687e-02
5.466401995928976687e-02
5.466401995928976687e-02
5.466401995928976687e-02
5.466401995928976687e-02
5.466401995928976687e-02
5.466401995928976687e-02
5.466401995928976687e-02
5.466401995928976687e-02
5.466401995928976687e-02
5.466401995928976687e-02
5.466401995928976687e-02
5.466401995928976687e-02
5.466401995928976687e-02
5.466401995928976687e-02
5.466401995928976687e-02
5.466401995928976687e-02
5.466401995928976687e-02
5.466401995928976687e-02
5.466401995928976687e-02
5.466401995928976687e-02
5.466401995928976687e-02
5.466401995928976687e-02
5.466401995928976687e-02
5.466401995928976687e-02
5.466401995928976687e-02
5.461636358873431241e-02
5.461636358873431241e-02
5.461636358873431241e-02
5.461636358873431241e-02
5.461636358873431241e-02
5.461636358873431241e-02
5.461636358873431241e-02
5.461636358873431241e-02
5.461636358873431241e-02
5.461636358873431241e-02
5.461636358873431241e-02
5.461636358873431241e-02
5.461636358873431241e-02
5.461636358873431241e-02
5.461636358873431241e-02
5.461636358873431241e-02
5.461636358873431241e-02
5.461636358873431241e-02
5.461636358873431241e-02
5.461636358873431241e-02
5.461636358873431241e-02
5.461636358873431241e-02
5.461636358873431241e-02
5.461636358873431241e-02
5.461636358873431241e-02
5.461636358873431241e-02
5.461636358873431241e-02
5.461636358873431241e-02
5.461636358873431241e-02
5.461636358873431241e-02
5.461636358873431241e-02
5.461636358873431241e-02
5.461636358873431241e-02
5.461636358873431241e-02
5.461636358873431241e-02
5.461636358873431241e-02
5.461636358873431241e-02
5.461636358873431241e-02
5.461636358873431241e-02
5.461636358873431241e-02
5.461636358873431241e-02
5.461636358873431241e-02
5.461636358873431241e-02
5.461636358873431241e-02
5.461636358873431241e-02
5.461636358873431241e-02
5.461636358873431241e-02
5.461636358873431241e-02
5.461636358873431241e-02
5.461636358873431241e-02
5.461636358873431241e-02
5.461636358873431241e-02
5.461636358873431241e-02
5.461636358873431241e-02
5.461636358873431241e-02
5.461636358873431241e-02
5.461636358873431241e-02
5.461636358873431241e-02
5.461636358873431241e-02
5.461636358873431241e-02
5.461636358873431241e-02
5.461636358873431241e-02
5.461636358873431241e-02
5.461636358873431241e-02
5.461636358873431241e-02
5.461636358873431241e-02
5.461636358873431241e-02
5.461636358873431241e-02
5.461636358873431241e-02
5.461636358873431241e-02
5.461636358873431241e-02
5.461636358873431241e-02
5.461636358873431241e-02
5.461636358873431241e-02
5.461636358873431241e-02
5.461636358873431241e-02
5.461636358873431241e-02
5.461636358873431241e-02
5.461636358873431241e-02
5.461636358873431241e-02
5.461636358873431241e-02
5.461636358873431241e-02
5.461636358873431241e-02
5.461636358873431241e-02
5.461636358873431241e-02
5.461636358873431241e-02
5.461636358873431241e-02
5.461636358873431241e-02
5.461636358873431241e-02
5.461636358873431241e-02
5.461636358873431241e-02
5.461636358873431241e-02
5.461636358873431241e-02
5.461636358873431241e-02
5.461636358873431241e-02
5.461636358873431241e-02
5.461636358873431241e-02
5.461636358873431241e-02
5.461636358873431241e-02
5.461636358873431241e-02
5.461636358873431241e-02
5.461636358873431241e-02
5.461636358873431241e-02
5.461636358873431241e-02
5.461636358873431241e-02
5.461636358873431241e-02
5.461636358873431241e-02
5.461636358873431241e-02
5.461636358873431241e-02
5.461636358873431241e-02
5.461636358873431241e-02
5.461636358873431241e-02
5.461636358873431241e-02
5.461636358873431241e-02
5.461636358873431241e-02
5.461636358873431241e-02
5.461636358873431241e-02
5.461636358873431241e-02
5.461636358873431241e-02
5.461636358873431241e-02
5.461636358873431241e-02
5.461636358873431241e-02
5.461636358873431241e-02
5.461636358873431241e-02
5.461636358873431241e-02
5.461636358873431241e-02
5.461636358873431241e-02
5.461636358873431241e-02
5.461636358873431241e-02
5.461636358873431241e-02
5.461636358873431241e-02
5.461636358873431241e-02
5.461636358873431241e-02
5.461636358873431241e-02
5.461636358873431241e-02
5.461636358873431241e-02
5.461636358873431241e-02
5.461636358873431241e-02
5.461636358873431241e-02
5.461636358873431241e-02
5.461636358873431241e-02
5.461636358873431241e-02
5.461636358873431241e-02
5.461636358873431241e-02
5.461636358873431241e-02
5.461636358873431241e-02
5.461636358873431241e-02
5.461636358873431241e-02
5.461636358873431241e-02
5.461636358873431241e-02
5.461636358873431241e-02
5.461636358873431241e-02
5.461636358873431241e-02
5.461636358873431241e-02
5.461636358873431241e-02
5.461636358873431241e-02
5.461636358873431241e-02
5.461636358873431241e-02
5.461636358873431241e-02
5.461636358873431241e-02
5.461636358873431241e-02
5.461636358873431241e-02
5.461636358873431241e-02
5.461636358873431241e-02
5.461636358873431241e-02
5.461636358873431241e-02
5.461636358873431241e-02
5.461636358873431241e-02
5.461636358873431241e-02
5.461636358873431241e-02
5.461636358873431241e-02
5.461636358873431241e-02
5.461636358873431241e-02
5.461636358873431241e-02
5.461636358873431241e-02
5.461636358873431241e-02
5.461636358873431241e-02
5.461636358873431241e-02
5.461636358873431241e-02
5.461636358873431241e-02
5.461636358873431241e-02
5.461636358873431241e-02
5.461636358873431241e-02
5.461636358873431241e-02
5.461636358873431241e-02
5.461636358873431241e-02
5.461636358873431241e-02
5.461636358873431241e-02
5.461636358873431241e-02
5.461636358873431241e-02
5.461636358873431241e-02
5.461636358873431241e-02
5.461636358873431241e-02
5.461636358873431241e-02
5.461636358873431241e-02
5.461636358873431241e-02
5.461636358873431241e-02
5.461636358873431241e-02
5.461636358873431241e-02
5.461636358873431241e-02
5.461636358873431241e-02
5.461636358873431241e-02
5.461636358873431241e-02
5.461636358873431241e-02
5.461636358873431241e-02
5.461636358873431241e-02
5.461636358873431241e-02
5.461636358873431241e-02
5.461636358873431241e-02
5.461636358873431241e-02
5.461636358873431241e-02
5.461636358873431241e-02
5.461636358873431241e-02
5.461636358873431241e-02
5.461636358873431241e-02
5.461636358873431241e-02
5.461636358873431241e-02
5.461636358873431241e-02
5.461636358873431241e-02
5.461636358873431241e-02
5.461636358873431241e-02
5.461636358873431241e-02
5.461636358873431241e-02
5.461636358873431241e-02
5.461636358873431241e-02
5.461636358873431241e-02
5.461636358873431241e-02
5.461636358873431241e-02
5.461636358873431241e-02
5.461636358873431241e-02
5.461636358873431241e-02
5.461636358873431241e-02
5.461636358873431241e-02
5.461636358873431241e-02
5.461636358873431241e-02
5.461636358873431241e-02
5.461636358873431241e-02
5.461636358873431241e-02
5.461636358873431241e-02
5.461636358873431241e-02
5.461636358873431241e-02
5.461636358873431241e-02
5.461636358873431241e-02
5.461636358873431241e-02
5.461636358873431241e-02
5.461636358873431241e-02
5.461636358873431241e-02
5.461636358873431241e-02
5.461636358873431241e-02
5.461636358873431241e-02
5.461636358873431241e-02
5.461636358873431241e-02
5.461636358873431241e-02
5.461636358873431241e-02
5.461636358873431241e-02
5.461636358873431241e-02
5.461636358873431241e-02
5.461636358873431241e-02
5.461636358873431241e-02
5.461636358873431241e-02
5.461636358873431241e-02
5.461636358873431241e-02
5.461636358873431241e-02
5.461636358873431241e-02
5.461636358873431241e-02
5.461636358873431241e-02
5.461636358873431241e-02
5.461636358873431241e-02
5.461636358873431241e-02
5.461636358873431241e-02
5.461636358873431241e-02
5.461636358873431241e-02
5.461636358873431241e-02
5.461636358873431241e-02
5.461636358873431241e-02
5.461636358873431241e-02
5.461636358873431241e-02
5.461636358873431241e-02
5.461636358873431241e-02
5.461636358873431241e-02
5.461636358873431241e-02
5.461636358873431241e-02
5.461636358873431241e-02
5.461636358873431241e-02
5.461636358873431241e-02
5.461636358873431241e-02
5.461636358873431241e-02
5.461636358873431241e-02
5.461636358873431241e-02
5.461636358873431241e-02
5.461636358873431241e-02
5.461636358873431241e-02
5.461636358873431241e-02
5.461636358873431241e-02
5.461636358873431241e-02
5.461636358873431241e-02
5.461636358873431241e-02
5.461636358873431241e-02
5.461636358873431241e-02
5.461636358873431241e-02
5.461636358873431241e-02
5.461636358873431241e-02
5.461636358873431241e-02
5.461636358873431241e-02
5.461636358873431241e-02
5.461636358873431241e-02
5.461636358873431241e-02
5.461636358873431241e-02
5.461636358873431241e-02
5.461636358873431241e-02
5.461636358873431241e-02
5.461636358873431241e-02
5.461636358873431241e-02
5.461636358873431241e-02
5.461636358873431241e-02
5.461636358873431241e-02
5.461636358873431241e-02
5.461636358873431241e-02
5.461636358873431241e-02
5.461636358873431241e-02
5.461636358873431241e-02
5.461636358873431241e-02
5.461636358873431241e-02
5.461636358873431241e-02
5.461636358873431241e-02
5.461636358873431241e-02
5.461636358873431241e-02
5.461636358873431241e-02
5.461636358873431241e-02
5.461636358873431241e-02
5.461636358873431241e-02
5.461636358873431241e-02
5.461636358873431241e-02
5.461636358873431241e-02
5.461636358873431241e-02
5.461636358873431241e-02
5.461636358873431241e-02
5.461636358873431241e-02
5.461636358873431241e-02
5.461636358873431241e-02
5.461636358873431241e-02
5.461636358873431241e-02
5.461636358873431241e-02
5.461636358873431241e-02
5.461636358873431241e-02
5.461636358873431241e-02
5.461636358873431241e-02
5.461636358873431241e-02
5.461636358873431241e-02
5.461636358873431241e-02
5.461636358873431241e-02
5.461636358873431241e-02
5.461636358873431241e-02
5.461636358873431241e-02
5.461636358873431241e-02
5.461636358873431241e-02
5.461636358873431241e-02
5.461636358873431241e-02
5.461636358873431241e-02
5.461636358873431241e-02
5.461636358873431241e-02
5.461636358873431241e-02
5.461636358873431241e-02
5.461636358873431241e-02
5.461636358873431241e-02
5.461636358873431241e-02
5.461636358873431241e-02
5.461636358873431241e-02
5.461636358873431241e-02
5.461636358873431241e-02
5.461636358873431241e-02
5.461636358873431241e-02
5.461636358873431241e-02
5.461636358873431241e-02
5.461636358873431241e-02
5.461636358873431241e-02
5.461636358873431241e-02
5.461636358873431241e-02
5.461636358873431241e-02
5.461636358873431241e-02
5.461636358873431241e-02
5.461636358873431241e-02
5.461636358873431241e-02
5.461636358873431241e-02
5.461636358873431241e-02
5.461636358873431241e-02
5.461636358873431241e-02
5.461636358873431241e-02
5.461636358873431241e-02
5.461636358873431241e-02
5.461636358873431241e-02
5.461636358873431241e-02
5.461636358873431241e-02
5.461636358873431241e-02
5.461636358873431241e-02
5.461636358873431241e-02
5.461636358873431241e-02
5.461636358873431241e-02
5.461636358873431241e-02
5.461636358873431241e-02
5.461636358873431241e-02
5.461636358873431241e-02
5.461636358873431241e-02
5.461636358873431241e-02
5.461636358873431241e-02
5.461636358873431241e-02
5.461636358873431241e-02
5.461636358873431241e-02
5.461636358873431241e-02
5.461636358873431241e-02
5.461636358873431241e-02
5.461636358873431241e-02
5.461636358873431241e-02
5.461636358873431241e-02
5.461636358873431241e-02
5.461636358873431241e-02
5.461636358873431241e-02
5.461636358873431241e-02
5.461636358873431241e-02
5.461636358873431241e-02
5.461636358873431241e-02
5.461636358873431241e-02
5.461636358873431241e-02
5.461636358873431241e-02
5.461636358873431241e-02
5.461636358873431241e-02
5.461636358873431241e-02
5.461636358873431241e-02
5.461636358873431241e-02
5.461636358873431241e-02
5.461636358873431241e-02
5.461636358873431241e-02
5.461636358873431241e-02
5.461636358873431241e-02
5.461636358873431241e-02
5.461636358873431241e-02
5.461636358873431241e-02
5.461636358873431241e-02
5.461636358873431241e-02
5.461636358873431241e-02
5.461636358873431241e-02
5.461636358873431241e-02
5.461636358873431241e-02
