0.000000000000000000e+00
7.260980789409667013e-02
7.260980789409667013e-02
7.260980789409667013e-02
7.260980789409667013e-02
7.260980789409667013e-02
7.260980789409667013e-02
7.260980789409667013e-02
7.260980789409667013e-02
7.260980789409667013e-02
7.260980789409667013e-02
7.260980789409667013e-02
7.260980789409667013e-02
7.260980789409667013e-02
7.260980789409667013e-02
7.260980789409667013e-02
7.260980789409667013e-02
7.260980789409667013e-02
7.260980789409667013e-02
7.260980789409667013e-02
7.260980789409667013e-02
7.260980789409667013e-02
7.260980789409667013e-02
7.260980789409667013e-02
7.260980789409667013e-02
7.260980789409667013e-02
7.260980789409667013e-02
7.260980789409667013e-02
7.260980789409667013e-02
7.260980789409667013e-02
7.260980789409667013e-02
7.260980789409667013e-02
7.260980789409667013e-02
7.260980789409667013e-02
7.260980789409667013e-02
7.260980789409667013e-02
7.260980789409667013e-02
7.260980789409667013e-02
7.260980789409667013e-02
7.260980789409667013e-02
7.260980789409667013e-02
7.260980789409667013e-02
7.260980789409667013e-02
7.260980789409667013e-02
7.260980789409667013e-02
7.260980789409667013e-02
7.260980789409667013e-02
7.260980789409667013e-02
7.260980789409667013e-02
7.260980789409667013e-02
7.260980789409667013e-02
7.159810480754874584e-02
7.159810480754874584e-02
7.159810480754874584e-02
7.159810480754874584e-02
7.376051614705055048e-02
7.376051614705055048e-02
7.209214230644278576e-02
7.209214230644278576e-02
7.286782787485811264e-02
7.286782787485811264e-02
7.286782787485811264e-02
7.286782787485811264e-02
7.248792816023807983e-02
7.170149779612820795e-02
7.396864715864122364e-02
7.396864715864122364e-02
7.075208653232979705e-02
7.320999543971321022e-02
7.320999543971321022e-02
7.320999543971321022e-02
7.282544533737227155e-02
7.319186227917988397e-02
7.315991070858814116e-02
7.315991070858814116e-02
7.313071486798093657e-02
7.313071486798093657e-02
7.313071486798093657e-02
7.263281997770752729e-02
7.093016911887425890e-02
7.093016911887425890e-02
7.093016911887425890e-02
6.891335873782335197e-02
7.024857291360149525e-02
7.200517593003653849e-02
7.026502024877240293e-02
7.150971881468722036e-02
6.989728973492233266e-02
6.949851054937677963e-02
7.269726424006466015e-02
7.466815515670648107e-02
7.698697533618735489e-02
7.672829054659620340e-02
7.672829054659620340e-02
7.945723257300184306e-02
8.089182536855211991e-02
7.963558780946350391e-02
8.013101128121981331e-02
7.911777179609713606e-02
7.911777179609713606e-02
8.224771156106037984e-02
7.793272043795633486e-02
7.793272043795633486e-02
7.890874846607975890e-02
7.850478406034031020e-02
7.850478406034031020e-02
7.774122006965217269e-02
7.700904089068578984e-02
7.700904089068578984e-02
7.700904089068578984e-02
7.659477996433729230e-02
7.685391874541050439e-02
7.685391874541050439e-02
7.685391874541050439e-02
7.685391874541050439e-02
7.756975825158371474e-02
7.869585837205815559e-02
7.869585837205815559e-02
7.817674160028718899e-02
8.030105601481159205e-02
8.048626841924454156e-02
8.199796382286639318e-02
8.199796382286639318e-02
7.976091683238384356e-02
7.841419190640114278e-02
7.622313463385541055e-02
7.682086752483653636e-02
7.786842846820650477e-02
7.645082434600529442e-02
7.552529105781978502e-02
7.535743583878935781e-02
7.330895799805330071e-02
7.304149500282676455e-02
7.047753011325484651e-02
7.419543995974496597e-02
7.494994832738506585e-02
7.667857069773810486e-02
7.587980378262250414e-02
7.739289735611852572e-02
7.739289735611852572e-02
7.675860473933467099e-02
7.524109750616199410e-02
7.673104973238127624e-02
7.482949778254237294e-02
7.631232349470909448e-02
7.357672994592127924e-02
7.357672994592127924e-02
7.357672994592127924e-02
7.237336630585063102e-02
7.366967225067759528e-02
7.353792019231493449e-02
7.308600222097190457e-02
7.308600222097190457e-02
7.294021560819136107e-02
7.331177222221640921e-02
7.331177222221640921e-02
7.392647350989633992e-02
7.271907291281536068e-02
7.021590953234167765e-02
6.982333279109566304e-02
6.969438400132894895e-02
7.020426196337731239e-02
6.977195310601762290e-02
7.118517341937115328e-02
7.167764177588344110e-02
7.154635764353035887e-02
7.151314380314587049e-02
7.151314380314587049e-02
7.151314380314587049e-02
7.116151594707013917e-02
7.116151594707013917e-02
7.074109444695256266e-02
7.193854117401864146e-02
7.297487959473951402e-02
7.450781040850699977e-02
7.058970064853305193e-02
6.938012374332512555e-02
6.938012374332512555e-02
6.830556561705114493e-02
6.830556561705114493e-02
6.861508878907780773e-02
6.884829599099986930e-02
6.872633884162247797e-02
7.030416632797541199e-02
7.030416632797541199e-02
6.969547363660179295e-02
6.969547363660179295e-02
6.969547363660179295e-02
7.095499755768469585e-02
7.095499755768469585e-02
7.051773348270867769e-02
7.051773348270867769e-02
7.045544518861288075e-02
7.045544518861288075e-02
6.949876707165025813e-02
7.007590467414255564e-02
7.039310047094958500e-02
7.046341985202080049e-02
7.087944393385649244e-02
6.778857391819238798e-02
6.668755671050075051e-02
6.695734133386813114e-02
6.695734133386813114e-02
6.769456393323401711e-02
6.764418334559993418e-02
6.764418334559993418e-02
6.735005721340427132e-02
6.845267126683533820e-02
6.944071409666933981e-02
6.890370265354309187e-02
7.391763043062477001e-02
7.391763043062477001e-02
7.391763043062477001e-02
7.372954945322256204e-02
7.372954945322256204e-02
7.524136742412421142e-02
7.898230771350747692e-02
8.002905453181355377e-02
8.057438564681210225e-02
8.057438564681210225e-02
8.031416516908086722e-02
7.985562542050676782e-02
7.936275395339452421e-02
8.166263299414060206e-02
8.294466495353984559e-02
8.257903855031775708e-02
8.257903855031775708e-02
8.308742236386511271e-02
8.273621096476514725e-02
8.274232522108845855e-02
8.274232522108845855e-02
8.274232522108845855e-02
8.367780230177175593e-02
8.272533378802791881e-02
8.362834276503695874e-02
8.362834276503695874e-02
8.249086802575360255e-02
8.249086802575360255e-02
8.271772571475859148e-02
8.271772571475859148e-02
8.164197919238903867e-02
8.143131446246199001e-02
7.929396388387056904e-02
7.909112868202720914e-02
7.909112868202720914e-02
7.851180993419176746e-02
7.797430454121816179e-02
7.762507378678699943e-02
7.762507378678699943e-02
7.740971560065215695e-02
7.831091897337701113e-02
7.831091897337701113e-02
7.831091897337701113e-02
7.922948493241337153e-02
7.744099219520210464e-02
7.692650807603811092e-02
7.610857300537020309e-02
7.738700253059498102e-02
7.738700253059498102e-02
7.738700253059498102e-02
7.738700253059498102e-02
8.081971540905473483e-02
8.081971540905473483e-02
8.081971540905473483e-02
8.007618275029418364e-02
8.007618275029418364e-02
7.997594307786573542e-02
7.997594307786573542e-02
7.683513088550923686e-02
7.683513088550923686e-02
7.683513088550923686e-02
7.622807810090627412e-02
7.566446036837541633e-02
7.473669979360360316e-02
7.413933604164124613e-02
7.413933604164124613e-02
7.636896003206145034e-02
7.636896003206145034e-02
7.636896003206145034e-02
7.633476447028018919e-02
7.660929374239719425e-02
7.664488605029730339e-02
7.664488605029730339e-02
7.648338293014940448e-02
7.595037712003421815e-02
7.540849802565315063e-02
7.390647749585627091e-02
7.390647749585627091e-02
7.390647749585627091e-02
7.346175609169940113e-02
7.276970546049356392e-02
7.276970546049356392e-02
7.210216594949615809e-02
7.210216594949615809e-02
7.100499571896999595e-02
7.102744792237217220e-02
7.143085855101970194e-02
7.143085855101970194e-02
7.211440366600087304e-02
7.171935888346012145e-02
7.171935888346012145e-02
7.120129276245361349e-02
7.013811201475271540e-02
6.849395821648303351e-02
6.849395821648303351e-02
6.849395821648303351e-02
6.849395821648303351e-02
6.849395821648303351e-02
6.849395821648303351e-02
6.849395821648303351e-02
6.849395821648303351e-02
6.849395821648303351e-02
6.821295904828421353e-02
6.821295904828421353e-02
6.821295904828421353e-02
6.821295904828421353e-02
6.960508450387978274e-02
6.960508450387978274e-02
6.960508450387978274e-02
6.917890926419265063e-02
6.917890926419265063e-02
6.917890926419265063e-02
6.962932020360713958e-02
6.932273351769040193e-02
6.970172146095242327e-02
7.010276014163056846e-02
7.177400857742462226e-02
7.177400857742462226e-02
7.406603756936039340e-02
-7.355150122024135817e-02
7.175581211385910485e-02
7.237368926291710969e-02
7.237368926291710969e-02
7.237368926291710969e-02
7.237368926291710969e-02
-7.198578348886182365e-02
7.280892784573723964e-02
7.280892784573723964e-02
7.247689749805771853e-02
7.151496034531323875e-02
7.178295138639424755e-02
7.218180267137323802e-02
7.218180267137323802e-02
7.218180267137323802e-02
7.393722446619424571e-02
7.588033902011796783e-02
7.588033902011796783e-02
7.588033902011796783e-02
7.588033902011796783e-02
7.588033902011796783e-02
7.588033902011796783e-02
7.548123570821196893e-02
7.548123570821196893e-02
7.510894437047201111e-02
7.571122356233488115e-02
7.718238916239694714e-02
7.718238916239694714e-02
7.718238916239694714e-02
7.729509117014776720e-02
7.729509117014776720e-02
7.789592124516965532e-02
7.789592124516965532e-02
7.826830306604314058e-02
7.826830306604314058e-02
7.826830306604314058e-02
7.888604134277109325e-02
7.899795590923046340e-02
7.939147452099473701e-02
7.939147452099473701e-02
7.958818270163574293e-02
7.958818270163574293e-02
7.958818270163574293e-02
7.901177659785850460e-02
7.910319299599070930e-02
7.788002255750522962e-02
7.758761230831083544e-02
7.784486309349546163e-02
7.844665748931362037e-02
7.844665748931362037e-02
7.843111843744467182e-02
7.815557203844160361e-02
7.815557203844160361e-02
7.815557203844160361e-02
7.928418046844361300e-02
8.148133499558085635e-02
8.126903187846455656e-02
8.126903187846455656e-02
8.188205373375240237e-02
8.188205373375240237e-02
8.298472346390019239e-02
8.314041776934071037e-02
8.344331569749997846e-02
8.344331569749997846e-02
8.344331569749997846e-02
8.344331569749997846e-02
8.344331569749997846e-02
8.344331569749997846e-02
8.393475508167362598e-02
8.380884264101921832e-02
8.380884264101921832e-02
8.380884264101921832e-02
8.380884264101921832e-02
8.380884264101921832e-02
8.380884264101921832e-02
8.360765607886767870e-02
8.469354415656031587e-02
8.469354415656031587e-02
8.469354415656031587e-02
8.516027144138872684e-02
8.575157277839523529e-02
8.575157277839523529e-02
8.703680733708911432e-02
8.732765644768798741e-02
8.720222534076858822e-02
8.720222534076858822e-02
8.720222534076858822e-02
8.720222534076858822e-02
8.610300087426898952e-02
8.599896816778090924e-02
8.599896816778090924e-02
8.578602604207515026e-02
8.578602604207515026e-02
8.578602604207515026e-02
8.578602604207515026e-02
8.578602604207515026e-02
8.558749685097193083e-02
8.541954398659308556e-02
8.541954398659308556e-02
8.592293265105617472e-02
8.661974131387817355e-02
8.617245177464867567e-02
8.765832003297617525e-02
8.591560219105148777e-02
8.603917481347377050e-02
8.603917481347377050e-02
8.545901799746326299e-02
-8.515284185153026986e-02
8.406901805756707147e-02
8.270978190209012093e-02
8.394272957663599655e-02
8.394272957663599655e-02
8.394272957663599655e-02
8.443068297116608500e-02
8.443068297116608500e-02
8.443068297116608500e-02
8.390090764985769223e-02
8.414289756363098338e-02
8.371908795970682549e-02
8.371908795970682549e-02
8.353352220850769616e-02
8.353352220850769616e-02
8.353352220850769616e-02
8.353352220850769616e-02
8.353352220850769616e-02
8.330375592403517493e-02
8.330375592403517493e-02
8.330375592403517493e-02
8.330375592403517493e-02
8.377250411359997428e-02
8.377250411359997428e-02
8.391210297306385402e-02
8.391210297306385402e-02
8.391210297306385402e-02
8.391210297306385402e-02
8.391210297306385402e-02
8.383275598643112614e-02
8.383275598643112614e-02
8.366571446815679325e-02
8.366571446815679325e-02
8.366571446815679325e-02
8.366571446815679325e-02
8.366571446815679325e-02
8.366571446815679325e-02
8.366571446815679325e-02
-8.405854153228355108e-02
-8.405854153228355108e-02
-8.405854153228355108e-02
-8.405854153228355108e-02
-8.405854153228355108e-02
-8.405854153228355108e-02
-8.405854153228355108e-02
-8.405854153228355108e-02
-8.405854153228355108e-02
-8.367392270606018034e-02
-8.312901862958425869e-02
-8.260801628295484644e-02
-8.260801628295484644e-02
-8.247404285333465035e-02
-8.292774439405294074e-02
-8.292774439405294074e-02
-8.292774439405294074e-02
-8.292774439405294074e-02
-8.292774439405294074e-02
-8.292774439405294074e-02
-8.292774439405294074e-02
-8.378736346591898754e-02
-8.378736346591898754e-02
-8.378736346591898754e-02
-8.378736346591898754e-02
-8.378736346591898754e-02
-8.378736346591898754e-02
-8.479245161834308986e-02
-8.384153911641885337e-02
-8.384153911641885337e-02
-8.384153911641885337e-02
-8.384153911641885337e-02
-8.351397864272912253e-02
-8.360848678634517916e-02
-8.382030655297217914e-02
-8.382030655297217914e-02
-8.342678847066987979e-02
-8.342678847066987979e-02
-8.347953556482685944e-02
-8.347953556482685944e-02
-8.347953556482685944e-02
-8.376234639452252717e-02
-8.376234639452252717e-02
-8.385910085049798346e-02
-8.451376379608538381e-02
-8.451376379608538381e-02
-8.451376379608538381e-02
-8.451376379608538381e-02
-8.451376379608538381e-02
-8.418503380112256351e-02
-8.289734198277837196e-02
-8.289734198277837196e-02
-8.289734198277837196e-02
-8.289734198277837196e-02
-8.289734198277837196e-02
-8.289734198277837196e-02
-8.330076992313849293e-02
-8.233454614944954453e-02
-8.242393232711629769e-02
-8.242393232711629769e-02
-8.261526894819225253e-02
-8.375659443678183658e-02
-8.284065720302492830e-02
-8.284065720302492830e-02
-8.326481851687343727e-02
-8.326481851687343727e-02
-8.326481851687343727e-02
-8.446479232911253965e-02
-8.413591670761455532e-02
-8.413591670761455532e-02
-8.413591670761455532e-02
-8.422799379414962206e-02
-8.462037761855407958e-02
-8.377759173647714164e-02
-8.377759173647714164e-02
-8.377759173647714164e-02
-8.377759173647714164e-02
-8.366155003434756765e-02
-8.366155003434756765e-02
-8.366155003434756765e-02
-8.406905627862049091e-02
-8.396084709752638098e-02
-8.396084709752638098e-02
-8.396084709752638098e-02
-8.396084709752638098e-02
-8.390966354385298587e-02
-8.390966354385298587e-02
-8.390966354385298587e-02
-8.390966354385298587e-02
-8.390966354385298587e-02
-8.417688987476007467e-02
-8.482278878082204210e-02
-8.452756239437453356e-02
-8.452756239437453356e-02
-8.452756239437453356e-02
-8.452756239437453356e-02
-8.421414901943026499e-02
-8.430824356982580259e-02
-8.430824356982580259e-02
-8.430824356982580259e-02
-8.430824356982580259e-02
-8.430824356982580259e-02
-8.430824356982580259e-02
-8.371657517026892537e-02
-8.371657517026892537e-02
-8.371657517026892537e-02
-8.361830494490295196e-02
-8.361830494490295196e-02
-8.237623070482992527e-02
-8.237623070482992527e-02
-8.274110322684948005e-02
-8.274110322684948005e-02
-8.274110322684948005e-02
-8.274110322684948005e-02
-8.274110322684948005e-02
-8.274110322684948005e-02
-8.250513594614437840e-02
-8.221985189709117570e-02
-8.282989223566537829e-02
-8.282989223566537829e-02
-8.264940665450432045e-02
-8.235478501983631294e-02
-8.256181625408413882e-02
-8.256181625408413882e-02
-8.256181625408413882e-02
-8.263962467003653500e-02
-8.300583377436770993e-02
-8.000855109312285385e-02
-8.009354256492297319e-02
-8.009354256492297319e-02
-8.009354256492297319e-02
-7.793873577506782446e-02
-7.824949967797154016e-02
-7.824949967797154016e-02
-7.809710775034577057e-02
-7.809710775034577057e-02
-7.809710775034577057e-02
-7.763173640304726897e-02
-7.763173640304726897e-02
-7.763173640304726897e-02
-7.763173640304726897e-02
-7.762359983013410181e-02
-7.762359983013410181e-02
-7.762359983013410181e-02
-7.762359983013410181e-02
-7.884342728258379729e-02
-7.850336460442909614e-02
-7.836920041863899844e-02
-7.836920041863899844e-02
-7.836920041863899844e-02
-7.874377370096739825e-02
-7.874377370096739825e-02
-7.874377370096739825e-02
-7.860996617394622188e-02
-7.839639464102322874e-02
-7.839639464102322874e-02
-7.839639464102322874e-02
-7.839639464102322874e-02
-7.850989600811622560e-02
-7.850989600811622560e-02
-7.850989600811622560e-02
-7.850989600811622560e-02
-7.850989600811622560e-02
-7.850989600811622560e-02
-7.850989600811622560e-02
-7.850989600811622560e-02
-7.825355403431395740e-02
-7.825355403431395740e-02
-7.825355403431395740e-02
-7.825355403431395740e-02
-7.825355403431395740e-02
-7.825355403431395740e-02
-7.805054491790401616e-02
-7.816773648474188707e-02
-7.869406060802318359e-02
-7.840023205766323555e-02
-7.840023205766323555e-02
-7.842338574151905273e-02
-7.842338574151905273e-02
-7.842338574151905273e-02
-7.842338574151905273e-02
-7.842338574151905273e-02
-7.801669243984306334e-02
-7.876420768283513840e-02
-7.876420768283513840e-02
-7.876420768283513840e-02
-7.876420768283513840e-02
-7.876420768283513840e-02
-7.887929171196422784e-02
-7.887929171196422784e-02
-7.874955998788515932e-02
-7.814124296612079412e-02
-7.814124296612079412e-02
-7.814124296612079412e-02
-7.814124296612079412e-02
-7.814124296612079412e-02
-7.810283061826996109e-02
-7.810283061826996109e-02
-7.810283061826996109e-02
-7.810283061826996109e-02
-7.810283061826996109e-02
-7.810283061826996109e-02
-7.810283061826996109e-02
-7.810283061826996109e-02
-7.810283061826996109e-02
-7.810944069987130201e-02
-7.810944069987130201e-02
-7.810944069987130201e-02
-7.810944069987130201e-02
-7.847800862790152432e-02
-7.847800862790152432e-02
-7.836511094857971649e-02
-7.836511094857971649e-02
-7.836511094857971649e-02
-7.839437779328829736e-02
-7.683718729321822871e-02
-7.683718729321822871e-02
-7.683718729321822871e-02
-7.451275174828612957e-02
-7.451275174828612957e-02
-7.451275174828612957e-02
-7.451275174828612957e-02
-7.451275174828612957e-02
-7.451275174828612957e-02
-7.451275174828612957e-02
-7.451275174828612957e-02
-7.451275174828612957e-02
-7.592612316133633132e-02
-7.592612316133633132e-02
-7.592612316133633132e-02
-7.592612316133633132e-02
-7.592612316133633132e-02
-7.592612316133633132e-02
-7.592612316133633132e-02
-7.592612316133633132e-02
-7.596657542004486841e-02
-7.596657542004486841e-02
-7.599949061819473439e-02
-7.599949061819473439e-02
-7.599949061819473439e-02
-7.599949061819473439e-02
-7.599949061819473439e-02
-7.599949061819473439e-02
-7.662317116349760815e-02
-7.662317116349760815e-02
-7.662317116349760815e-02
-7.662317116349760815e-02
-7.666139346878583782e-02
-7.666139346878583782e-02
-7.666139346878583782e-02
-7.598836824294036285e-02
-7.598836824294036285e-02
-7.598836824294036285e-02
-7.598836824294036285e-02
-7.598836824294036285e-02
-7.598836824294036285e-02
-7.598836824294036285e-02
-7.630513799393882912e-02
-7.622208575808248066e-02
-7.622208575808248066e-02
-7.622208575808248066e-02
-7.622208575808248066e-02
-7.622208575808248066e-02
-7.622208575808248066e-02
-7.622208575808248066e-02
-7.622208575808248066e-02
-7.622208575808248066e-02
-7.622208575808248066e-02
-7.614454910173851232e-02
-7.614454910173851232e-02
-7.614454910173851232e-02
-7.614454910173851232e-02
-7.588413787035273861e-02
-7.588413787035273861e-02
-7.588413787035273861e-02
-7.588413787035273861e-02
-7.581114237210700990e-02
-7.558510026347751987e-02
-7.558510026347751987e-02
-7.558510026347751987e-02
-7.558510026347751987e-02
-7.558510026347751987e-02
-7.558510026347751987e-02
-7.558510026347751987e-02
-7.558510026347751987e-02
-7.558510026347751987e-02
-7.589470296555432538e-02
-7.589470296555432538e-02
-7.589470296555432538e-02
-7.589470296555432538e-02
-7.589470296555432538e-02
-7.589470296555432538e-02
-7.589470296555432538e-02
-7.584363502460514384e-02
-7.584363502460514384e-02
-7.584363502460514384e-02
-7.584363502460514384e-02
-7.584363502460514384e-02
-7.584363502460514384e-02
-7.584363502460514384e-02
-7.584363502460514384e-02
-7.584363502460514384e-02
-7.584363502460514384e-02
-7.584363502460514384e-02
-7.614996558218885270e-02
-7.614996558218885270e-02
-7.645836491907685717e-02
-7.645836491907685717e-02
-7.645836491907685717e-02
-7.645836491907685717e-02
-7.645836491907685717e-02
-7.645836491907685717e-02
-7.645836491907685717e-02
-7.645836491907685717e-02
-7.645836491907685717e-02
-7.645836491907685717e-02
-7.645836491907685717e-02
-7.645836491907685717e-02
-7.621560171837786501e-02
-7.621560171837786501e-02
-7.606691478936496165e-02
-7.643962736094568611e-02
-7.643962736094568611e-02
-7.643962736094568611e-02
-7.643962736094568611e-02
-7.643962736094568611e-02
-7.643962736094568611e-02
-7.620016114995556422e-02
-7.620016114995556422e-02
-7.620016114995556422e-02
-7.620016114995556422e-02
-7.593640738707280180e-02
-7.603244193522336325e-02
-7.603244193522336325e-02
-7.603244193522336325e-02
-7.603244193522336325e-02
-7.603244193522336325e-02
-7.579403454981724353e-02
-7.579403454981724353e-02
-7.579403454981724353e-02
-7.579403454981724353e-02
-7.579403454981724353e-02
-7.579403454981724353e-02
-7.579403454981724353e-02
-7.579403454981724353e-02
-7.579403454981724353e-02
-7.579403454981724353e-02
-7.579403454981724353e-02
-7.579403454981724353e-02
-7.579403454981724353e-02
-7.579403454981724353e-02
-7.579403454981724353e-02
-7.579403454981724353e-02
-7.579403454981724353e-02
-7.579403454981724353e-02
-7.579403454981724353e-02
-7.579403454981724353e-02
-7.579403454981724353e-02
-7.579403454981724353e-02
-7.579403454981724353e-02
-7.623338227594851635e-02
-7.623338227594851635e-02
-7.623338227594851635e-02
-7.623338227594851635e-02
-7.623338227594851635e-02
-7.623338227594851635e-02
-7.877076379566984310e-02
-7.877076379566984310e-02
-7.877076379566984310e-02
-7.877076379566984310e-02
-7.877076379566984310e-02
-7.877076379566984310e-02
-7.878817240025996760e-02
-7.878817240025996760e-02
-7.887543878897879113e-02
-7.887543878897879113e-02
-7.887543878897879113e-02
-7.887543878897879113e-02
-7.887543878897879113e-02
-7.887543878897879113e-02
-7.842567425207898346e-02
-7.842567425207898346e-02
-7.775827145548228070e-02
-7.780797736692400546e-02
-7.780797736692400546e-02
-7.780797736692400546e-02
-7.780797736692400546e-02
-7.782389364181066527e-02
-7.782389364181066527e-02
-7.782389364181066527e-02
-7.782389364181066527e-02
-7.671284131801192618e-02
-7.671284131801192618e-02
-7.671284131801192618e-02
-7.671284131801192618e-02
-7.671284131801192618e-02
-7.671284131801192618e-02
-7.659079414816788445e-02
-7.659079414816788445e-02
-7.590024221185960596e-02
-7.590024221185960596e-02
-7.590024221185960596e-02
-7.590024221185960596e-02
-7.590024221185960596e-02
-7.590024221185960596e-02
-7.590024221185960596e-02
-7.590024221185960596e-02
-7.590024221185960596e-02
-7.590024221185960596e-02
-7.590024221185960596e-02
-7.590024221185960596e-02
-7.590024221185960596e-02
-7.611497351324865435e-02
-7.567331760360160309e-02
-7.567331760360160309e-02
-7.567331760360160309e-02
-7.567331760360160309e-02
-7.567331760360160309e-02
-7.567331760360160309e-02
-7.567331760360160309e-02
-7.559279054681224130e-02
-7.559279054681224130e-02
-7.559279054681224130e-02
-7.559279054681224130e-02
-7.559279054681224130e-02
-7.559279054681224130e-02
-7.559279054681224130e-02
-7.589901823970778005e-02
-7.589901823970778005e-02
-7.589901823970778005e-02
-7.589901823970778005e-02
-7.589901823970778005e-02
-7.589901823970778005e-02
-7.589901823970778005e-02
-7.589901823970778005e-02
-7.589901823970778005e-02
-7.589901823970778005e-02
-7.589901823970778005e-02
-7.589901823970778005e-02
-7.589901823970778005e-02
-7.589901823970778005e-02
-7.589901823970778005e-02
-7.589901823970778005e-02
-7.589901823970778005e-02
-7.589901823970778005e-02
-7.589901823970778005e-02
-7.589901823970778005e-02
-7.585139744419200358e-02
-7.585139744419200358e-02
-7.595863694364174412e-02
-7.595863694364174412e-02
-7.595863694364174412e-02
-7.595863694364174412e-02
-7.595863694364174412e-02
-7.595863694364174412e-02
-7.595863694364174412e-02
-7.595863694364174412e-02
-7.595863694364174412e-02
-7.661050359222444650e-02
-7.661050359222444650e-02
-7.661050359222444650e-02
-7.662330478695593416e-02
-7.662330478695593416e-02
-7.662330478695593416e-02
-7.662330478695593416e-02
-7.662330478695593416e-02
-7.662330478695593416e-02
-7.662330478695593416e-02
-7.707475210587046155e-02
-7.707475210587046155e-02
-7.681037604691555443e-02
-7.681037604691555443e-02
-7.681037604691555443e-02
-7.681037604691555443e-02
-7.681037604691555443e-02
-7.681037604691555443e-02
-7.638788271528218488e-02
-7.638788271528218488e-02
-7.647890509675191184e-02
-7.647890509675191184e-02
-7.647890509675191184e-02
-7.647890509675191184e-02
-7.647890509675191184e-02
-7.647890509675191184e-02
-7.647890509675191184e-02
-7.647890509675191184e-02
-7.647890509675191184e-02
-7.620243782396073084e-02
-7.620243782396073084e-02
-7.620243782396073084e-02
-7.620243782396073084e-02
-7.620243782396073084e-02
-7.620243782396073084e-02
-7.620243782396073084e-02
-7.620243782396073084e-02
-7.620243782396073084e-02
-7.620243782396073084e-02
-7.620243782396073084e-02
-7.620243782396073084e-02
-7.620243782396073084e-02
-7.620243782396073084e-02
-7.620243782396073084e-02
-7.620243782396073084e-02
-7.620243782396073084e-02
-7.620243782396073084e-02
-7.620243782396073084e-02
-7.620243782396073084e-02
-7.620243782396073084e-02
-7.620243782396073084e-02
-7.620243782396073084e-02
-7.620243782396073084e-02
-7.607783823710638493e-02
-7.607783823710638493e-02
-7.607783823710638493e-02
-7.620210933040569290e-02
-7.620210933040569290e-02
-7.620210933040569290e-02
-7.620210933040569290e-02
-7.620210933040569290e-02
-7.620210933040569290e-02
-7.620210933040569290e-02
-7.620210933040569290e-02
-7.634808234134926597e-02
-7.634808234134926597e-02
-7.634808234134926597e-02
-7.634808234134926597e-02
-7.634808234134926597e-02
-7.634808234134926597e-02
-7.634808234134926597e-02
-7.634808234134926597e-02
-7.634808234134926597e-02
-7.634808234134926597e-02
-7.634808234134926597e-02
-7.634808234134926597e-02
-7.634808234134926597e-02
-7.634808234134926597e-02
-7.641148454746098106e-02
-7.641148454746098106e-02
-7.641148454746098106e-02
-7.641148454746098106e-02
-7.606954157020956453e-02
-7.606954157020956453e-02
-7.606954157020956453e-02
-7.606954157020956453e-02
-7.606954157020956453e-02
-7.606954157020956453e-02
-7.606954157020956453e-02
-7.606954157020956453e-02
-7.606954157020956453e-02
-7.781635965209840466e-02
-7.800978642051158152e-02
-7.882074154646018238e-02
-7.882074154646018238e-02
-7.882074154646018238e-02
-7.882074154646018238e-02
-7.882074154646018238e-02
-7.882074154646018238e-02
-7.882074154646018238e-02
-7.882074154646018238e-02
-7.882074154646018238e-02
-7.882074154646018238e-02
-7.882074154646018238e-02
-7.882074154646018238e-02
-7.882074154646018238e-02
-7.882074154646018238e-02
-7.882074154646018238e-02
-7.882074154646018238e-02
-7.882074154646018238e-02
-7.882074154646018238e-02
-7.882074154646018238e-02
-7.882074154646018238e-02
-7.882074154646018238e-02
-7.882074154646018238e-02
-7.882074154646018238e-02
-7.882074154646018238e-02
-7.882074154646018238e-02
-7.882074154646018238e-02
-7.882074154646018238e-02
-7.882074154646018238e-02
-7.882074154646018238e-02
-7.882074154646018238e-02
-7.882074154646018238e-02
-7.882074154646018238e-02
-7.882074154646018238e-02
-7.882074154646018238e-02
-7.882074154646018238e-02
-7.882074154646018238e-02
-7.830037109942954154e-02
-7.830037109942954154e-02
-7.830037109942954154e-02
-7.830037109942954154e-02
-7.830037109942954154e-02
-7.830037109942954154e-02
-7.830037109942954154e-02
-7.830037109942954154e-02
-7.830037109942954154e-02
-7.830037109942954154e-02
-7.830037109942954154e-02
-7.830037109942954154e-02
-7.836905168947524980e-02
-7.838801834522071688e-02
-7.838801834522071688e-02
-7.838801834522071688e-02
-7.838801834522071688e-02
-7.838801834522071688e-02
-7.838801834522071688e-02
-7.857047573912480376e-02
-7.857047573912480376e-02
-7.857047573912480376e-02
-7.857047573912480376e-02
-7.857047573912480376e-02
-7.857047573912480376e-02
-7.857047573912480376e-02
-7.857047573912480376e-02
-7.857047573912480376e-02
-7.846053451140257151e-02
-7.846053451140257151e-02
-7.846053451140257151e-02
-7.846053451140257151e-02
-7.846053451140257151e-02
-7.846053451140257151e-02
-7.832542241326377608e-02
-7.832542241326377608e-02
-7.832542241326377608e-02
-7.832542241326377608e-02
-7.819853822844850810e-02
-7.819853822844850810e-02
-7.819853822844850810e-02
-7.819853822844850810e-02
-7.819853822844850810e-02
-7.819853822844850810e-02
-7.819853822844850810e-02
-7.819853822844850810e-02
-7.819853822844850810e-02
-7.819853822844850810e-02
-7.819853822844850810e-02
-7.819853822844850810e-02
-7.803265889634643238e-02
-7.803265889634643238e-02
-7.803265889634643238e-02
-7.803265889634643238e-02
-7.803265889634643238e-02
-7.803265889634643238e-02
-7.803265889634643238e-02
-7.785289715934783084e-02
-7.785289715934783084e-02
-7.785289715934783084e-02
-7.785289715934783084e-02
-7.785289715934783084e-02
-7.785289715934783084e-02
-7.785289715934783084e-02
-7.785289715934783084e-02
-7.744018787071541010e-02
-7.721622734190480841e-02
-7.721622734190480841e-02
-7.721622734190480841e-02
-7.721622734190480841e-02
-7.721622734190480841e-02
-7.721622734190480841e-02
-7.721622734190480841e-02
-7.743098421031101297e-02
-7.743098421031101297e-02
-7.743098421031101297e-02
-7.743098421031101297e-02
-7.743098421031101297e-02
-7.743098421031101297e-02
-7.743098421031101297e-02
-7.743098421031101297e-02
-7.743098421031101297e-02
-7.743098421031101297e-02
-7.743098421031101297e-02
-7.743098421031101297e-02
-7.743098421031101297e-02
-7.743098421031101297e-02
-7.743098421031101297e-02
-7.743098421031101297e-02
-7.743098421031101297e-02
-7.743098421031101297e-02
-7.743098421031101297e-02
-7.727307046384139511e-02
-7.727307046384139511e-02
-7.727307046384139511e-02
-7.727307046384139511e-02
-7.727307046384139511e-02
-7.727307046384139511e-02
-7.727307046384139511e-02
-7.727307046384139511e-02
-7.727307046384139511e-02
-7.727307046384139511e-02
-7.727307046384139511e-02
-7.727307046384139511e-02
-7.727307046384139511e-02
-7.727307046384139511e-02
-7.727307046384139511e-02
-7.727307046384139511e-02
-7.727307046384139511e-02
-7.727307046384139511e-02
-7.727307046384139511e-02
-7.727307046384139511e-02
-7.727307046384139511e-02
-7.727307046384139511e-02
-7.727307046384139511e-02
-7.727307046384139511e-02
-7.727307046384139511e-02
-7.727307046384139511e-02
-7.727307046384139511e-02
-7.727307046384139511e-02
-7.749175335327561365e-02
-7.749175335327561365e-02
-7.749175335327561365e-02
-7.749175335327561365e-02
-7.749175335327561365e-02
-7.749175335327561365e-02
-7.665965618662416714e-02
-7.665965618662416714e-02
-7.665965618662416714e-02
-7.665965618662416714e-02
-7.665965618662416714e-02
-7.665965618662416714e-02
-7.665965618662416714e-02
-7.665965618662416714e-02
-7.665965618662416714e-02
-7.665965618662416714e-02
-7.665965618662416714e-02
-7.665965618662416714e-02
-7.665965618662416714e-02
-7.667706590977479975e-02
-7.667706590977479975e-02
-7.667706590977479975e-02
-7.667706590977479975e-02
-7.667706590977479975e-02
-7.667706590977479975e-02
-7.681070809887884099e-02
-7.681070809887884099e-02
-7.681070809887884099e-02
-7.681070809887884099e-02
-7.681070809887884099e-02
-7.681070809887884099e-02
-7.681070809887884099e-02
-7.681070809887884099e-02
-7.681070809887884099e-02
-7.681070809887884099e-02
-7.681070809887884099e-02
-7.681070809887884099e-02
-7.681070809887884099e-02
-7.681070809887884099e-02
-7.681070809887884099e-02
-7.713109838803579310e-02
-7.713109838803579310e-02
-7.713109838803579310e-02
-7.713109838803579310e-02
-7.713109838803579310e-02
-7.713109838803579310e-02
-7.713109838803579310e-02
-7.713109838803579310e-02
-7.713109838803579310e-02
-7.713109838803579310e-02
-7.713109838803579310e-02
-7.713109838803579310e-02
-7.713109838803579310e-02
-7.713109838803579310e-02
-7.713109838803579310e-02
-7.713109838803579310e-02
-7.713109838803579310e-02
-7.713109838803579310e-02
-7.713109838803579310e-02
-7.713109838803579310e-02
-7.713109838803579310e-02
-7.713109838803579310e-02
-7.542999994857681190e-02
-7.542999994857681190e-02
-7.542999994857681190e-02
-7.561913439614402488e-02
-7.561913439614402488e-02
-7.561913439614402488e-02
-7.516899303790193498e-02
