1.000000000000000000e+00
1.000000000000000000e+00
1.000000000000000000e+00
1.000000000000000000e+00
1.000000000000000000e+00
1.000000000000000000e+00
1.000000000000000000e+00
1.000000000000000000e+00
1.000000000000000000e+00
1.000000000000000000e+00
1.000000000000000000e+00
1.000000000000000000e+00
1.000000000000000000e+00
1.000000000000000000e+00
1.000000000000000000e+00
1.000000000000000000e+00
1.000000000000000000e+00
1.000000000000000000e+00
1.000000000000000000e+00
1.000000000000000000e+00
1.000000000000000000e+00
1.000000000000000000e+00
1.000000000000000000e+00
1.000000000000000000e+00
1.000000000000000000e+00
1.000000000000000000e+00
1.000000000000000000e+00
1.000000000000000000e+00
1.000000000000000000e+00
1.000000000000000000e+00
1.000000000000000000e+00
1.000000000000000000e+00
1.000000000000000000e+00
1.000000000000000000e+00
1.000000000000000000e+00
1.000000000000000000e+00
1.000000000000000000e+00
1.000000000000000000e+00
1.000000000000000000e+00
1.000000000000000000e+00
1.000000000000000000e+00
1.000000000000000000e+00
1.000000000000000000e+00
1.000000000000000000e+00
1.000000000000000000e+00
1.000000000000000000e+00
1.000000000000000000e+00
1.000000000000000000e+00
1.000000000000000000e+00
1.000000000000000000e+00
1.000000000000000000e+00
9.913243190522477155e-01
9.913243190522477155e-01
9.913243190522477155e-01
9.913243190522477155e-01
9.832794533669413362e-01
9.832794533669413362e-01
9.677065199926987438e-01
9.677065199926987438e-01
9.526857656551234177e-01
9.526857656551234177e-01
9.526857656551234177e-01
9.526857656551234177e-01
9.386866003168961026e-01
9.317692999722557712e-01
9.181476935344580204e-01
9.181476935344580204e-01
9.116443387880730498e-01
9.050210493985941795e-01
9.050210493985941795e-01
9.050210493985941795e-01
8.987908415523011563e-01
8.802887995050222569e-01
8.743048187815841699e-01
8.743048187815841699e-01
8.568033009806844680e-01
8.568033009806844680e-01
8.568033009806844680e-01
8.455264934216371042e-01
8.342894446669278929e-01
8.342894446669278929e-01
8.342894446669278929e-01
8.182743052791232596e-01
8.078350730884101827e-01
8.025767231240925614e-01
7.921929669906043747e-01
7.870119093002290178e-01
7.718629252120989825e-01
7.667840936119558748e-01
7.519605418483358283e-01
7.470170702966661969e-01
7.371861908615461312e-01
7.276065678382149793e-01
7.276065678382149793e-01
7.182143388957281660e-01
7.135764771504536919e-01
7.090345120776040400e-01
6.954279437985594337e-01
6.864433541387549020e-01
6.864433541387549020e-01
6.776157143335856947e-01
6.645159964991577128e-01
6.645159964991577128e-01
6.559318358640644497e-01
6.517859427298009489e-01
6.517859427298009489e-01
6.476223162700810443e-01
6.435151284899766067e-01
6.435151284899766067e-01
6.435151284899766067e-01
6.316013341455541941e-01
6.197932114542282767e-01
6.197932114542282767e-01
6.197932114542282767e-01
6.197932114542282767e-01
6.007516422225418484e-01
5.931849528430203078e-01
5.931849528430203078e-01
5.894777413447779280e-01
5.784600071652801212e-01
5.675305132574245404e-01
5.566429870772642285e-01
5.566429870772642285e-01
5.494891755038355807e-01
5.459626128211100271e-01
5.354423562711854157e-01
5.319540788456611491e-01
5.250869657183749872e-01
5.182439348613673280e-01
5.148416926741364863e-01
5.080983829485049563e-01
5.013918215812867007e-01
4.947580907424836139e-01
4.848940072788567313e-01
4.718084913197238550e-01
4.685538983925635614e-01
4.621086845633450846e-01
4.525292022501538058e-01
4.429955298050829993e-01
4.429955298050829993e-01
4.398645077256626568e-01
4.367678587601663276e-01
4.336950187229108300e-01
4.275693389513123277e-01
4.245269300005288793e-01
4.184962372626412352e-01
4.184962372626412352e-01
4.184962372626412352e-01
4.155383919957150174e-01
4.096640179443327701e-01
4.009097330559822092e-01
3.893099533426991887e-01
3.893099533426991887e-01
3.807408840873188205e-01
3.750507670624058654e-01
3.750507670624058654e-01
3.694488941316564912e-01
3.666578562836530497e-01
3.558636490406476005e-01
3.503534671355573726e-01
3.390001671228172198e-01
3.263146082813948579e-01
3.236119875640171561e-01
3.209294919753262199e-01
3.182661431661317208e-01
3.156173283344745895e-01
3.129896908772195618e-01
3.129896908772195618e-01
3.129896908772195618e-01
3.104025247724115366e-01
3.104025247724115366e-01
3.052916355683445437e-01
2.976667862025308975e-01
2.926084036867083737e-01
2.875888117968314339e-01
2.756196621152191550e-01
2.656850238368521078e-01
2.656850238368521078e-01
2.607793285092290803e-01
2.607793285092290803e-01
2.559245486619613486e-01
2.535044184006842727e-01
2.486936358381746648e-01
2.415120875594616023e-01
2.415120875594616023e-01
2.391545103172361408e-01
2.391545103172361408e-01
2.391545103172361408e-01
2.345010048759223753e-01
2.345010048759223753e-01
2.239284483340595322e-01
2.239284483340595322e-01
2.171066065835600134e-01
2.171066065835600134e-01
2.126020608651029986e-01
2.081134123295310112e-01
2.058808399285666502e-01
1.992272906026424095e-01
1.970248581807828303e-01
1.793158688860100602e-01
1.771265011120581323e-01
1.749525392856306483e-01
1.749525392856306483e-01
1.706510368934556765e-01
1.663670652573101261e-01
1.663670652573101261e-01
1.642472399198788846e-01
1.621379828197399287e-01
1.600349186653230171e-01
1.558531098215788502e-01
1.688913309209382485e-01
1.688913309209382485e-01
1.688913309209382485e-01
1.668406102521685641e-01
1.668406102521685641e-01
1.636918677660746946e-01
1.650890742657496191e-01
1.630771296576005447e-01
1.590698349248124144e-01
1.590698349248124144e-01
1.520830979835606778e-01
1.501098031495040619e-01
1.481417177745059932e-01
1.422655839035090741e-01
1.383632924143957943e-01
1.442536340938743722e-01
1.442536340938743722e-01
1.404133370314969154e-01
1.365778820242917191e-01
1.327679254338776649e-01
1.327679254338776649e-01
1.327679254338776649e-01
1.308880821956601992e-01
1.290108163091652771e-01
1.215341335861020444e-01
1.215341335861020444e-01
1.178375890499663153e-01
1.178375890499663153e-01
1.141671036690260488e-01
1.141671036690260488e-01
1.105312361243487862e-01
1.069097458299836934e-01
1.008832718548366009e-01
9.729636265038400789e-02
9.729636265038400789e-02
9.083076397871148178e-02
8.905539929680839073e-02
8.728995481048609784e-02
8.728995481048609784e-02
8.378611598366764168e-02
8.203876392534135975e-02
8.203876392534135975e-02
8.203876392534135975e-02
8.031183626294668976e-02
7.687419498169105470e-02
7.345167025294713214e-02
7.174379144797420060e-02
6.426017298171138314e-02
6.426017298171138314e-02
6.426017298171138314e-02
6.426017298171138314e-02
6.027140118046862144e-02
6.027140118046862144e-02
6.027140118046862144e-02
5.861929576484796456e-02
5.861929576484796456e-02
5.659223918649692459e-02
5.659223918649692459e-02
4.882470481447450522e-02
4.882470481447450522e-02
4.882470481447450522e-02
4.560603149357664310e-02
4.400336438220445873e-02
4.080887558167511225e-02
3.921390837105952903e-02
3.921390837105952903e-02
4.460856167079670087e-02
4.460856167079670087e-02
4.460856167079670087e-02
4.304219494333775403e-02
4.148655668543472369e-02
3.682487043539652005e-02
3.682487043539652005e-02
3.374416690129746627e-02
3.067127020580785388e-02
2.894150071486483247e-02
3.209024320095872629e-02
3.209024320095872629e-02
3.209024320095872629e-02
3.058318369720983490e-02
2.757804108867690715e-02
2.757804108867690715e-02
2.608495918993393795e-02
2.608495918993393795e-02
2.311768863602519861e-02
2.163705570734129197e-02
2.016192316419066280e-02
2.016192316419066280e-02
1.869638081243023622e-02
1.577814606653224136e-02
1.577814606653224136e-02
1.456422691547488123e-02
1.023053457165526946e-02
1.336481400782699343e-02
1.336481400782699343e-02
1.336481400782699343e-02
1.336481400782699343e-02
1.336481400782699343e-02
1.336481400782699343e-02
1.336481400782699343e-02
1.336481400782699343e-02
1.336481400782699343e-02
1.056775594993750872e-02
1.056775594993750872e-02
1.056775594993750872e-02
1.056775594993750872e-02
1.358130167387863567e-02
1.358130167387863567e-02
1.358130167387863567e-02
1.221374255705758201e-02
1.221374255705758201e-02
1.221374255705758201e-02
9.129482332417551346e-03
7.778779821222913012e-03
6.431320426228672067e-03
5.089943508174543663e-03
7.742006897114212839e-03
7.742006897114212839e-03
2.596149248269398815e-03
-1.376713201516740473e-03
2.288690336305062266e-03
1.016182557260721098e-03
1.016182557260721098e-03
1.016182557260721098e-03
1.016182557260721098e-03
-2.860318057863906957e-04
3.088583147231499775e-03
3.088583147231499775e-03
1.799082587511013388e-03
5.090331883854577223e-03
2.525080321316180119e-03
4.669897564996723996e-03
4.669897564996723996e-03
4.669897564996723996e-03
1.083332713371417191e-02
1.757315783567807085e-02
1.757315783567807085e-02
1.757315783567807085e-02
1.757315783567807085e-02
1.757315783567807085e-02
1.757315783567807085e-02
1.633290566667361041e-02
1.633290566667361041e-02
1.509704731849426280e-02
1.763599027245769946e-02
1.474353218795233962e-02
1.474353218795233962e-02
1.474353218795233962e-02
1.338382284542164076e-02
1.338382284542164076e-02
1.459774199647900089e-02
1.459774199647900089e-02
1.219018943572518394e-02
1.219018943572518394e-02
1.219018943572518394e-02
1.099621078475248974e-02
9.805784282702052421e-03
1.064386435279585097e-02
1.064386435279585097e-02
9.462184264629537253e-03
9.462184264629537253e-03
9.462184264629537253e-03
8.289671288895015741e-03
7.121577337283566123e-03
8.542161076306129322e-03
7.380406740400170806e-03
5.062294669058728727e-03
8.264726270080759857e-03
8.264726270080759857e-03
6.184444156573223883e-03
2.746423353186776706e-03
2.746423353186776706e-03
2.746423353186776706e-03
6.377966226402243845e-03
1.240444020154929383e-02
1.127338042552175276e-02
1.127338042552175276e-02
1.014730764924263486e-02
1.014730764924263486e-02
1.175702178341807812e-02
8.402848879155115983e-03
7.288369861614111059e-03
7.288369861614111059e-03
7.288369861614111059e-03
7.288369861614111059e-03
7.288369861614111059e-03
7.288369861614111059e-03
9.018139352557139402e-03
1.599987560408409545e-02
1.599987560408409545e-02
1.599987560408409545e-02
1.599987560408409545e-02
1.599987560408409545e-02
1.599987560408409545e-02
1.492249798940859136e-02
1.735137376100327061e-02
1.735137376100327061e-02
1.735137376100327061e-02
1.628257375757663147e-02
1.521689171812269301e-02
1.521689171812269301e-02
9.430679416250578248e-03
8.372338707857421986e-03
6.262395542302937393e-03
6.262395542302937393e-03
6.262395542302937393e-03
6.262395542302937393e-03
1.057235900473900946e-02
9.012085475351396674e-03
9.012085475351396674e-03
7.974334699873179833e-03
7.974334699873179833e-03
7.974334699873179833e-03
7.974334699873179833e-03
7.974334699873179833e-03
6.948969654979846554e-03
7.199144423259037397e-03
7.199144423259037397e-03
6.180959382991021468e-03
8.483676324837532631e-03
7.469773434327476626e-03
8.651867792390367448e-03
4.662810370528150568e-03
3.657041667863220220e-03
3.657041667863220220e-03
2.824267148453372847e-04
-4.425483408699590142e-04
1.750535818967944137e-03
3.149701830147015776e-03
4.651477947443610761e-03
4.651477947443610761e-03
4.651477947443610761e-03
3.665384572014884941e-03
3.665384572014884941e-03
3.665384572014884941e-03
4.011021369244247188e-03
3.034215371486204474e-03
2.059125747874631773e-03
2.059125747874631773e-03
1.089269300262149043e-03
1.089269300262149043e-03
1.089269300262149043e-03
1.089269300262149043e-03
1.089269300262149043e-03
2.018426294438801713e-03
2.018426294438801713e-03
2.018426294438801713e-03
2.018426294438801713e-03
1.068457039603290352e-03
1.068457039603290352e-03
1.217412071224737661e-04
1.217412071224737661e-04
1.217412071224737661e-04
1.217412071224737661e-04
1.217412071224737661e-04
1.403184343219985881e-03
1.403184343219985881e-03
4.713575351605841352e-04
4.713575351605841352e-04
4.713575351605841352e-04
4.713575351605841352e-04
4.713575351605841352e-04
4.713575351605841352e-04
4.713575351605841352e-04
-2.898997552396074357e-04
-2.898997552396074357e-04
-2.898997552396074357e-04
-2.898997552396074357e-04
-2.898997552396074357e-04
-2.898997552396074357e-04
-2.898997552396074357e-04
-2.898997552396074357e-04
-2.898997552396074357e-04
-1.191079252270571672e-03
-4.519058217140050140e-03
-7.721489818162077801e-03
-7.721489818162077801e-03
-8.615826857646800840e-03
-9.507238212202969926e-03
-9.507238212202969926e-03
-9.507238212202969926e-03
-9.507238212202969926e-03
-9.507238212202969926e-03
-9.507238212202969926e-03
-9.507238212202969926e-03
-7.149660969977488477e-03
-7.149660969977488477e-03
-7.149660969977488477e-03
-7.149660969977488477e-03
-7.149660969977488477e-03
-7.149660969977488477e-03
-1.294155056401329051e-02
-1.377527384848016394e-02
-1.377527384848016394e-02
-1.377527384848016394e-02
-1.377527384848016394e-02
-1.463549988002778822e-02
-1.549362153956588585e-02
-1.635035398322658151e-02
-1.635035398322658151e-02
-1.924706590156579147e-02
-1.924706590156579147e-02
-2.009733727749571028e-02
-2.009733727749571028e-02
-2.009733727749571028e-02
-1.937236222178042103e-02
-1.937236222178042103e-02
-2.021404806438576937e-02
-2.651364890022708462e-02
-2.651364890022708462e-02
-2.651364890022708462e-02
-2.651364890022708462e-02
-2.651364890022708462e-02
-2.734529090771514043e-02
-3.040985603361116146e-02
-3.040985603361116146e-02
-3.040985603361116146e-02
-3.040985603361116146e-02
-3.040985603361116146e-02
-3.040985603361116146e-02
-3.123151124825815014e-02
-3.372464809372761191e-02
-3.454274695150008623e-02
-3.454274695150008623e-02
-3.648028131539378383e-02
-4.096085219735555449e-02
-4.326356913920206826e-02
-4.326356913920206826e-02
-4.070964781302870844e-02
-4.070964781302870844e-02
-4.070964781302870844e-02
-4.310342409832162297e-02
-4.390606958268989529e-02
-4.390606958268989529e-02
-4.390606958268989529e-02
-4.470510907190631406e-02
-4.550223929609350376e-02
-4.377531163369883377e-02
-4.377531163369883377e-02
-4.377531163369883377e-02
-4.377531163369883377e-02
-4.456508714473121635e-02
-4.456508714473121635e-02
-4.456508714473121635e-02
-4.535116630559700435e-02
-4.613507404598464479e-02
-4.613507404598464479e-02
-4.613507404598464479e-02
-4.613507404598464479e-02
-4.765649975908313463e-02
-4.765649975908313463e-02
-4.765649975908313463e-02
-4.765649975908313463e-02
-4.765649975908313463e-02
-4.919989576740727705e-02
-5.150308582638856575e-02
-5.227257828267599382e-02
-5.227257828267599382e-02
-5.227257828267599382e-02
-5.227257828267599382e-02
-5.303541573288864802e-02
-5.379743047486656299e-02
-5.379743047486656299e-02
-5.379743047486656299e-02
-5.379743047486656299e-02
-5.379743047486656299e-02
-5.379743047486656299e-02
-5.530470974667891365e-02
-5.530470974667891365e-02
-5.530470974667891365e-02
-5.605453546852488811e-02
-5.605453546852488811e-02
-5.356823237923439424e-02
-5.356823237923439424e-02
-5.431396793878407597e-02
-5.431396793878407597e-02
-5.431396793878407597e-02
-5.431396793878407597e-02
-5.431396793878407597e-02
-5.431396793878407597e-02
-5.230934745539912029e-02
-5.304590493852506805e-02
-5.579141185765470329e-02
-5.579141185765470329e-02
-5.433218904405318073e-02
-5.506392689094839754e-02
-5.453073854548058652e-02
-5.453073854548058652e-02
-5.453073854548058652e-02
-5.525744130961247197e-02
-5.598226401567345245e-02
-5.667290919868910731e-02
-5.739539129631778674e-02
-5.739539129631778674e-02
-5.739539129631778674e-02
-6.427758513530613949e-02
-6.649531059883620476e-02
-6.649531059883620476e-02
-6.721094102987541785e-02
-6.721094102987541785e-02
-6.721094102987541785e-02
-6.091134019403409566e-02
-6.091134019403409566e-02
-6.091134019403409566e-02
-6.091134019403409566e-02
-6.232626901457143792e-02
-6.232626901457143792e-02
-6.232626901457143792e-02
-6.232626901457143792e-02
-5.926170388867541688e-02
-5.850044659827523946e-02
-5.951771711822873706e-02
-5.951771711822873706e-02
-5.951771711822873706e-02
-6.021541007722512606e-02
-6.021541007722512606e-02
-6.021541007722512606e-02
-6.090885199092933855e-02
-6.160112097785183649e-02
-6.160112097785183649e-02
-6.160112097785183649e-02
-6.160112097785183649e-02
-6.228973952361765987e-02
-6.228973952361765987e-02
-6.228973952361765987e-02
-6.228973952361765987e-02
-6.228973952361765987e-02
-6.228973952361765987e-02
-6.228973952361765987e-02
-6.228973952361765987e-02
-6.169975278151269837e-02
-6.169975278151269837e-02
-6.169975278151269837e-02
-6.169975278151269837e-02
-6.169975278151269837e-02
-6.169975278151269837e-02
-6.237359874373678975e-02
-6.304644715805703126e-02
-6.221425830447684102e-02
-6.288413992067479197e-02
-6.288413992067479197e-02
-6.355279263142116219e-02
-6.355279263142116219e-02
-6.355279263142116219e-02
-6.355279263142116219e-02
-6.355279263142116219e-02
-6.487882961648987201e-02
-6.726833417966936179e-02
-6.726833417966936179e-02
-6.726833417966936179e-02
-6.726833417966936179e-02
-6.726833417966936179e-02
-6.792504285196264424e-02
-6.792504285196264424e-02
-6.718250521946889098e-02
-6.862313447142627532e-02
-6.862313447142627532e-02
-6.862313447142627532e-02
-6.862313447142627532e-02
-6.862313447142627532e-02
-6.661225091044779834e-02
-6.661225091044779834e-02
-6.661225091044779834e-02
-6.661225091044779834e-02
-6.661225091044779834e-02
-6.661225091044779834e-02
-6.661225091044779834e-02
-6.661225091044779834e-02
-6.661225091044779834e-02
-6.725318498681959190e-02
-6.725318498681959190e-02
-6.725318498681959190e-02
-6.725318498681959190e-02
-6.925780547020453370e-02
-6.925780547020453370e-02
-6.989296820900398055e-02
-6.989296820900398055e-02
-6.989296820900398055e-02
-7.135219102260549617e-02
-6.845973293810014848e-02
-6.845973293810014848e-02
-6.845973293810014848e-02
-6.261521938315257885e-02
-6.261521938315257885e-02
-6.261521938315257885e-02
-6.261521938315257885e-02
-6.261521938315257885e-02
-6.261521938315257885e-02
-6.261521938315257885e-02
-6.261521938315257885e-02
-6.261521938315257885e-02
-6.628062292097437747e-02
-6.628062292097437747e-02
-6.628062292097437747e-02
-6.628062292097437747e-02
-6.628062292097437747e-02
-6.628062292097437747e-02
-6.628062292097437747e-02
-6.628062292097437747e-02
-6.720657349556688476e-02
-6.720657349556688476e-02
-6.781825384647700850e-02
-6.781825384647700850e-02
-6.781825384647700850e-02
-6.781825384647700850e-02
-6.781825384647700850e-02
-6.781825384647700850e-02
-6.637762459451962416e-02
-6.637762459451962416e-02
-6.637762459451962416e-02
-6.637762459451962416e-02
-6.698111252919441982e-02
-6.698111252919441982e-02
-6.698111252919441982e-02
-6.933868977141989520e-02
-6.933868977141989520e-02
-6.933868977141989520e-02
-6.933868977141989520e-02
-6.933868977141989520e-02
-6.933868977141989520e-02
-6.933868977141989520e-02
-6.993370672375970321e-02
-7.052749317542378327e-02
-7.052749317542378327e-02
-7.052749317542378327e-02
-7.052749317542378327e-02
-7.052749317542378327e-02
-7.052749317542378327e-02
-7.052749317542378327e-02
-7.052749317542378327e-02
-7.052749317542378327e-02
-7.052749317542378327e-02
-7.111377761193256319e-02
-7.111377761193256319e-02
-7.111377761193256319e-02
-7.111377761193256319e-02
-7.169631194534277496e-02
-7.169631194534277496e-02
-7.169631194534277496e-02
-7.169631194534277496e-02
-7.227580649726152162e-02
-7.109412640909520964e-02
-7.109412640909520964e-02
-7.109412640909520964e-02
-7.109412640909520964e-02
-7.109412640909520964e-02
-7.109412640909520964e-02
-7.109412640909520964e-02
-7.109412640909520964e-02
-7.109412640909520964e-02
-7.166609524615108473e-02
-7.166609524615108473e-02
-7.166609524615108473e-02
-7.166609524615108473e-02
-7.166609524615108473e-02
-7.166609524615108473e-02
-7.166609524615108473e-02
-7.074014467155859132e-02
-7.074014467155859132e-02
-7.074014467155859132e-02
-7.074014467155859132e-02
-7.074014467155859132e-02
-7.074014467155859132e-02
-7.074014467155859132e-02
-7.074014467155859132e-02
-7.074014467155859132e-02
-7.074014467155859132e-02
-7.074014467155859132e-02
-7.129889356076675455e-02
-7.129889356076675455e-02
-7.185620703187339808e-02
-7.185620703187339808e-02
-7.185620703187339808e-02
-7.185620703187339808e-02
-7.185620703187339808e-02
-7.185620703187339808e-02
-7.185620703187339808e-02
-7.185620703187339808e-02
-7.185620703187339808e-02
-7.185620703187339808e-02
-7.185620703187339808e-02
-7.185620703187339808e-02
-7.240501060383192078e-02
-7.240501060383192078e-02
-7.295286089897458359e-02
-7.388212108636423026e-02
-7.388212108636423026e-02
-7.388212108636423026e-02
-7.388212108636423026e-02
-7.388212108636423026e-02
-7.388212108636423026e-02
-7.442518386166718791e-02
-7.442518386166718791e-02
-7.442518386166718791e-02
-7.442518386166718791e-02
-7.684760999425549466e-02
-7.738678068942521360e-02
-7.738678068942521360e-02
-7.738678068942521360e-02
-7.738678068942521360e-02
-7.738678068942521360e-02
-7.792280019913735978e-02
-7.792280019913735978e-02
-7.792280019913735978e-02
-7.792280019913735978e-02
-7.792280019913735978e-02
-7.792280019913735978e-02
-7.792280019913735978e-02
-7.792280019913735978e-02
-7.792280019913735978e-02
-7.792280019913735978e-02
-7.792280019913735978e-02
-7.792280019913735978e-02
-7.792280019913735978e-02
-7.792280019913735978e-02
-7.792280019913735978e-02
-7.792280019913735978e-02
-7.792280019913735978e-02
-7.792280019913735978e-02
-7.792280019913735978e-02
-7.792280019913735978e-02
-7.792280019913735978e-02
-7.792280019913735978e-02
-7.792280019913735978e-02
-7.694771057552579618e-02
-7.694771057552579618e-02
-7.694771057552579618e-02
-7.694771057552579618e-02
-7.694771057552579618e-02
-7.694771057552579618e-02
-8.279222413047336582e-02
-8.279222413047336582e-02
-8.279222413047336582e-02
-8.279222413047336582e-02
-8.279222413047336582e-02
-8.279222413047336582e-02
-8.330582225503907479e-02
-8.330582225503907479e-02
-8.381847265459070606e-02
-8.381847265459070606e-02
-8.381847265459070606e-02
-8.381847265459070606e-02
-8.381847265459070606e-02
-8.381847265459070606e-02
-8.637239398076405894e-02
-8.637239398076405894e-02
-8.890538514824088134e-02
-9.000258502036165287e-02
-9.000258502036165287e-02
-9.000258502036165287e-02
-9.000258502036165287e-02
-9.050722760456759997e-02
-9.050722760456759997e-02
-9.050722760456759997e-02
-9.050722760456759997e-02
-8.602665672260582930e-02
-8.602665672260582930e-02
-8.602665672260582930e-02
-8.602665672260582930e-02
-8.602665672260582930e-02
-8.602665672260582930e-02
-8.652576579445203642e-02
-8.652576579445203642e-02
-8.802907200521671582e-02
-8.802907200521671582e-02
-8.802907200521671582e-02
-8.802907200521671582e-02
-8.802907200521671582e-02
-8.802907200521671582e-02
-8.802907200521671582e-02
-8.802907200521671582e-02
-8.802907200521671582e-02
-8.802907200521671582e-02
-8.802907200521671582e-02
-8.802907200521671582e-02
-8.802907200521671582e-02
-8.921075209338302781e-02
-8.828149190599335339e-02
-8.828149190599335339e-02
-8.828149190599335339e-02
-8.828149190599335339e-02
-8.828149190599335339e-02
-8.828149190599335339e-02
-8.828149190599335339e-02
-8.876740641547489763e-02
-8.876740641547489763e-02
-8.876740641547489763e-02
-8.876740641547489763e-02
-8.876740641547489763e-02
-8.876740641547489763e-02
-8.876740641547489763e-02
-8.634498028288659088e-02
-8.634498028288659088e-02
-8.634498028288659088e-02
-8.634498028288659088e-02
-8.634498028288659088e-02
-8.634498028288659088e-02
-8.634498028288659088e-02
-8.634498028288659088e-02
-8.634498028288659088e-02
-8.634498028288659088e-02
-8.634498028288659088e-02
-8.634498028288659088e-02
-8.634498028288659088e-02
-8.634498028288659088e-02
-8.634498028288659088e-02
-8.634498028288659088e-02
-8.634498028288659088e-02
-8.634498028288659088e-02
-8.634498028288659088e-02
-8.634498028288659088e-02
-8.484314388511837723e-02
-8.484314388511837723e-02
-8.531424538854588679e-02
-8.531424538854588679e-02
-8.531424538854588679e-02
-8.531424538854588679e-02
-8.531424538854588679e-02
-8.531424538854588679e-02
-8.531424538854588679e-02
-8.531424538854588679e-02
-8.531424538854588679e-02
-8.278125422106906439e-02
-8.278125422106906439e-02
-8.278125422106906439e-02
-8.324614760852412643e-02
-8.324614760852412643e-02
-8.324614760852412643e-02
-8.324614760852412643e-02
-8.324614760852412643e-02
-8.324614760852412643e-02
-8.324614760852412643e-02
-8.165118039790852933e-02
-8.165118039790852933e-02
-8.257205339830113455e-02
-8.257205339830113455e-02
-8.257205339830113455e-02
-8.257205339830113455e-02
-8.257205339830113455e-02
-8.257205339830113455e-02
-8.354714302191269815e-02
-8.354714302191269815e-02
-8.400342817048102317e-02
-8.400342817048102317e-02
-8.400342817048102317e-02
-8.400342817048102317e-02
-8.400342817048102317e-02
-8.400342817048102317e-02
-8.400342817048102317e-02
-8.400342817048102317e-02
-8.400342817048102317e-02
-8.341344142837606168e-02
-8.341344142837606168e-02
-8.341344142837606168e-02
-8.341344142837606168e-02
-8.341344142837606168e-02
-8.341344142837606168e-02
-8.341344142837606168e-02
-8.341344142837606168e-02
-8.341344142837606168e-02
-8.341344142837606168e-02
-8.341344142837606168e-02
-8.341344142837606168e-02
-8.341344142837606168e-02
-8.341344142837606168e-02
-8.341344142837606168e-02
-8.341344142837606168e-02
-8.341344142837606168e-02
-8.341344142837606168e-02
-8.341344142837606168e-02
-8.341344142837606168e-02
-8.341344142837606168e-02
-8.341344142837606168e-02
-8.341344142837606168e-02
-8.341344142837606168e-02
-8.385473866118112185e-02
-8.385473866118112185e-02
-8.385473866118112185e-02
-8.307585058057638527e-02
-8.307585058057638527e-02
-8.307585058057638527e-02
-8.307585058057638527e-02
-8.307585058057638527e-02
-8.307585058057638527e-02
-8.307585058057638527e-02
-8.307585058057638527e-02
-8.205858006062290155e-02
-8.205858006062290155e-02
-8.205858006062290155e-02
-8.205858006062290155e-02
-8.205858006062290155e-02
-8.205858006062290155e-02
-8.205858006062290155e-02
-8.205858006062290155e-02
-8.205858006062290155e-02
-8.205858006062290155e-02
-8.205858006062290155e-02
-8.205858006062290155e-02
-8.205858006062290155e-02
-8.205858006062290155e-02
-8.356041645839110132e-02
-8.356041645839110132e-02
-8.356041645839110132e-02
-8.356041645839110132e-02
-8.177857798436255488e-02
-8.177857798436255488e-02
-8.177857798436255488e-02
-8.177857798436255488e-02
-8.177857798436255488e-02
-8.177857798436255488e-02
-8.177857798436255488e-02
-8.177857798436255488e-02
-8.177857798436255488e-02
-8.490468307274810777e-02
-8.532886544714392285e-02
-8.349389536733563266e-02
-8.349389536733563266e-02
-8.349389536733563266e-02
-8.349389536733563266e-02
-8.349389536733563266e-02
-8.349389536733563266e-02
-8.349389536733563266e-02
-8.349389536733563266e-02
-8.349389536733563266e-02
-8.349389536733563266e-02
-8.349389536733563266e-02
-8.349389536733563266e-02
-8.349389536733563266e-02
-8.349389536733563266e-02
-8.349389536733563266e-02
-8.349389536733563266e-02
-8.349389536733563266e-02
-8.349389536733563266e-02
-8.349389536733563266e-02
-8.349389536733563266e-02
-8.349389536733563266e-02
-8.349389536733563266e-02
-8.349389536733563266e-02
-8.349389536733563266e-02
-8.349389536733563266e-02
-8.349389536733563266e-02
-8.349389536733563266e-02
-8.349389536733563266e-02
-8.349389536733563266e-02
-8.349389536733563266e-02
-8.349389536733563266e-02
-8.349389536733563266e-02
-8.349389536733563266e-02
-8.349389536733563266e-02
-8.349389536733563266e-02
-8.349389536733563266e-02
-8.782461151408869904e-02
-8.782461151408869904e-02
-8.782461151408869904e-02
-8.782461151408869904e-02
-8.782461151408869904e-02
-8.782461151408869904e-02
-8.782461151408869904e-02
-8.782461151408869904e-02
-8.782461151408869904e-02
-8.782461151408869904e-02
-8.782461151408869904e-02
-8.782461151408869904e-02
-8.822959071126799946e-02
-8.863423952947319107e-02
-8.863423952947319107e-02
-8.863423952947319107e-02
-8.863423952947319107e-02
-8.863423952947319107e-02
-8.863423952947319107e-02
-8.903664146868074669e-02
-8.903664146868074669e-02
-8.903664146868074669e-02
-8.903664146868074669e-02
-8.903664146868074669e-02
-8.903664146868074669e-02
-8.903664146868074669e-02
-8.903664146868074669e-02
-8.903664146868074669e-02
-8.943555610082890017e-02
-8.943555610082890017e-02
-8.943555610082890017e-02
-8.943555610082890017e-02
-8.943555610082890017e-02
-8.943555610082890017e-02
-8.861745724305643279e-02
-8.861745724305643279e-02
-8.861745724305643279e-02
-8.861745724305643279e-02
-8.939634532366116937e-02
-8.939634532366116937e-02
-8.939634532366116937e-02
-8.939634532366116937e-02
-8.939634532366116937e-02
-8.939634532366116937e-02
-8.939634532366116937e-02
-8.939634532366116937e-02
-8.939634532366116937e-02
-8.939634532366116937e-02
-8.939634532366116937e-02
-8.939634532366116937e-02
-8.978735756448009975e-02
-8.978735756448009975e-02
-8.978735756448009975e-02
-8.978735756448009975e-02
-8.978735756448009975e-02
-8.978735756448009975e-02
-8.978735756448009975e-02
-9.017587548738208170e-02
-9.017587548738208170e-02
-9.017587548738208170e-02
-9.017587548738208170e-02
-9.017587548738208170e-02
-9.017587548738208170e-02
-9.017587548738208170e-02
-9.017587548738208170e-02
-8.944125212923091650e-02
-9.021223437922004651e-02
-9.021223437922004651e-02
-9.021223437922004651e-02
-9.021223437922004651e-02
-9.021223437922004651e-02
-9.021223437922004651e-02
-9.021223437922004651e-02
-9.059519409778436783e-02
-9.059519409778436783e-02
-9.059519409778436783e-02
-9.059519409778436783e-02
-9.059519409778436783e-02
-9.059519409778436783e-02
-9.059519409778436783e-02
-9.059519409778436783e-02
-9.059519409778436783e-02
-9.059519409778436783e-02
-9.059519409778436783e-02
-9.059519409778436783e-02
-9.059519409778436783e-02
-9.059519409778436783e-02
-9.059519409778436783e-02
-9.059519409778436783e-02
-9.059519409778436783e-02
-9.059519409778436783e-02
-9.059519409778436783e-02
-9.097204331067430816e-02
-9.097204331067430816e-02
-9.097204331067430816e-02
-9.097204331067430816e-02
-9.097204331067430816e-02
-9.097204331067430816e-02
-9.097204331067430816e-02
-9.097204331067430816e-02
-9.097204331067430816e-02
-9.097204331067430816e-02
-9.097204331067430816e-02
-9.097204331067430816e-02
-9.097204331067430816e-02
-9.097204331067430816e-02
-9.097204331067430816e-02
-9.097204331067430816e-02
-9.097204331067430816e-02
-9.097204331067430816e-02
-9.097204331067430816e-02
-9.097204331067430816e-02
-9.097204331067430816e-02
-9.097204331067430816e-02
-9.097204331067430816e-02
-9.097204331067430816e-02
-9.097204331067430816e-02
-9.097204331067430816e-02
-9.097204331067430816e-02
-9.097204331067430816e-02
-9.020255085438685927e-02
-9.020255085438685927e-02
-9.020255085438685927e-02
-9.020255085438685927e-02
-9.020255085438685927e-02
-9.020255085438685927e-02
-9.203752093419514946e-02
-9.203752093419514946e-02
-9.203752093419514946e-02
-9.203752093419514946e-02
-9.203752093419514946e-02
-9.203752093419514946e-02
-9.203752093419514946e-02
-9.203752093419514946e-02
-9.203752093419514946e-02
-9.203752093419514946e-02
-9.203752093419514946e-02
-9.203752093419514946e-02
-9.203752093419514946e-02
-9.239936281590203915e-02
-9.239936281590203915e-02
-9.239936281590203915e-02
-9.239936281590203915e-02
-9.239936281590203915e-02
-9.239936281590203915e-02
-9.321746167367449265e-02
-9.321746167367449265e-02
-9.321746167367449265e-02
-9.321746167367449265e-02
-9.321746167367449265e-02
-9.321746167367449265e-02
-9.321746167367449265e-02
-9.321746167367449265e-02
-9.321746167367449265e-02
-9.321746167367449265e-02
-9.321746167367449265e-02
-9.321746167367449265e-02
-9.321746167367449265e-02
-9.321746167367449265e-02
-9.321746167367449265e-02
-9.499930014770306685e-02
-9.499930014770306685e-02
-9.499930014770306685e-02
-9.499930014770306685e-02
-9.499930014770306685e-02
-9.499930014770306685e-02
-9.499930014770306685e-02
-9.499930014770306685e-02
-9.499930014770306685e-02
-9.499930014770306685e-02
-9.499930014770306685e-02
-9.499930014770306685e-02
-9.499930014770306685e-02
-9.499930014770306685e-02
-9.499930014770306685e-02
-9.499930014770306685e-02
-9.499930014770306685e-02
-9.499930014770306685e-02
-9.499930014770306685e-02
-9.499930014770306685e-02
-9.499930014770306685e-02
-9.499930014770306685e-02
-9.187319505931747232e-02
-9.187319505931747232e-02
-9.187319505931747232e-02
-9.457710608387259743e-02
-9.457710608387259743e-02
-9.457710608387259743e-02
-9.206704363370080135e-02
