0.000000000000000000e+00
4.233458300840272498e-02
4.001645937263451774e-02
4.458058906021502427e-02
4.129061776197116840e-02
4.751994745721518920e-02
3.957255534583999784e-02
4.343777491773739841e-02
4.545708988384978416e-02
4.919231061664539051e-02
4.919231061664539051e-02
4.919231061664539051e-02
4.919231061664539051e-02
4.919231061664539051e-02
4.919231061664539051e-02
4.919231061664539051e-02
4.919231061664539051e-02
4.919231061664539051e-02
4.919231061664539051e-02
4.919231061664539051e-02
4.919231061664539051e-02
4.919231061664539051e-02
4.919231061664539051e-02
4.919231061664539051e-02
4.919231061664539051e-02
4.919231061664539051e-02
4.919231061664539051e-02
4.919231061664539051e-02
4.919231061664539051e-02
4.919231061664539051e-02
4.919231061664539051e-02
4.919231061664539051e-02
4.919231061664539051e-02
4.919231061664539051e-02
4.919231061664539051e-02
4.919231061664539051e-02
4.919231061664539051e-02
4.919231061664539051e-02
4.919231061664539051e-02
4.919231061664539051e-02
4.919231061664539051e-02
4.919231061664539051e-02
4.919231061664539051e-02
4.919231061664539051e-02
4.919231061664539051e-02
4.919231061664539051e-02
4.919231061664539051e-02
4.919231061664539051e-02
4.919231061664539051e-02
4.919231061664539051e-02
4.919231061664539051e-02
4.919231061664539051e-02
4.919231061664539051e-02
4.919231061664539051e-02
4.919231061664539051e-02
4.919231061664539051e-02
4.919231061664539051e-02
4.919231061664539051e-02
4.919231061664539051e-02
4.919231061664539051e-02
4.919231061664539051e-02
4.919231061664539051e-02
4.919231061664539051e-02
4.919231061664539051e-02
4.919231061664539051e-02
4.919231061664539051e-02
4.919231061664539051e-02
4.919231061664539051e-02
4.919231061664539051e-02
4.919231061664539051e-02
4.919231061664539051e-02
4.919231061664539051e-02
4.919231061664539051e-02
4.919231061664539051e-02
4.919231061664539051e-02
4.919231061664539051e-02
4.919231061664539051e-02
4.919231061664539051e-02
4.919231061664539051e-02
4.919231061664539051e-02
4.919231061664539051e-02
4.919231061664539051e-02
4.919231061664539051e-02
4.919231061664539051e-02
4.919231061664539051e-02
4.919231061664539051e-02
4.919231061664539051e-02
4.919231061664539051e-02
4.919231061664539051e-02
4.919231061664539051e-02
4.919231061664539051e-02
4.919231061664539051e-02
4.919231061664539051e-02
4.919231061664539051e-02
4.919231061664539051e-02
4.919231061664539051e-02
4.919231061664539051e-02
4.919231061664539051e-02
4.919231061664539051e-02
4.919231061664539051e-02
4.919231061664539051e-02
4.919231061664539051e-02
4.919231061664539051e-02
4.919231061664539051e-02
4.919231061664539051e-02
4.919231061664539051e-02
4.919231061664539051e-02
4.919231061664539051e-02
4.919231061664539051e-02
4.919231061664539051e-02
4.919231061664539051e-02
4.919231061664539051e-02
4.919231061664539051e-02
4.919231061664539051e-02
4.919231061664539051e-02
4.919231061664539051e-02
4.919231061664539051e-02
4.919231061664539051e-02
4.919231061664539051e-02
4.919231061664539051e-02
4.919231061664539051e-02
4.919231061664539051e-02
4.919231061664539051e-02
4.919231061664539051e-02
4.919231061664539051e-02
4.919231061664539051e-02
4.919231061664539051e-02
4.919231061664539051e-02
4.919231061664539051e-02
4.919231061664539051e-02
4.919231061664539051e-02
4.919231061664539051e-02
4.919231061664539051e-02
4.919231061664539051e-02
4.919231061664539051e-02
4.919231061664539051e-02
4.919231061664539051e-02
4.919231061664539051e-02
4.919231061664539051e-02
4.919231061664539051e-02
4.919231061664539051e-02
4.919231061664539051e-02
4.919231061664539051e-02
4.919231061664539051e-02
4.919231061664539051e-02
4.919231061664539051e-02
4.919231061664539051e-02
4.919231061664539051e-02
4.919231061664539051e-02
4.919231061664539051e-02
4.919231061664539051e-02
4.919231061664539051e-02
4.919231061664539051e-02
4.919231061664539051e-02
4.919231061664539051e-02
4.919231061664539051e-02
4.919231061664539051e-02
4.919231061664539051e-02
4.919231061664539051e-02
4.919231061664539051e-02
4.919231061664539051e-02
4.919231061664539051e-02
4.919231061664539051e-02
4.919231061664539051e-02
4.919231061664539051e-02
4.919231061664539051e-02
4.919231061664539051e-02
4.919231061664539051e-02
4.919231061664539051e-02
4.919231061664539051e-02
4.919231061664539051e-02
4.919231061664539051e-02
4.919231061664539051e-02
4.919231061664539051e-02
4.919231061664539051e-02
4.919231061664539051e-02
4.919231061664539051e-02
4.919231061664539051e-02
4.919231061664539051e-02
4.919231061664539051e-02
4.919231061664539051e-02
4.919231061664539051e-02
4.919231061664539051e-02
4.919231061664539051e-02
4.919231061664539051e-02
4.919231061664539051e-02
4.919231061664539051e-02
4.919231061664539051e-02
4.919231061664539051e-02
4.919231061664539051e-02
4.919231061664539051e-02
4.919231061664539051e-02
4.919231061664539051e-02
4.919231061664539051e-02
4.919231061664539051e-02
4.919231061664539051e-02
4.919231061664539051e-02
4.919231061664539051e-02
4.919231061664539051e-02
4.919231061664539051e-02
4.919231061664539051e-02
4.919231061664539051e-02
4.919231061664539051e-02
4.919231061664539051e-02
4.919231061664539051e-02
4.919231061664539051e-02
4.919231061664539051e-02
4.919231061664539051e-02
4.919231061664539051e-02
4.919231061664539051e-02
4.919231061664539051e-02
4.919231061664539051e-02
4.919231061664539051e-02
4.919231061664539051e-02
4.919231061664539051e-02
4.919231061664539051e-02
4.919231061664539051e-02
4.919231061664539051e-02
4.919231061664539051e-02
4.919231061664539051e-02
4.919231061664539051e-02
4.919231061664539051e-02
4.919231061664539051e-02
4.919231061664539051e-02
4.919231061664539051e-02
4.919231061664539051e-02
4.919231061664539051e-02
4.919231061664539051e-02
4.919231061664539051e-02
4.919231061664539051e-02
4.919231061664539051e-02
4.919231061664539051e-02
4.919231061664539051e-02
4.919231061664539051e-02
4.919231061664539051e-02
4.919231061664539051e-02
4.919231061664539051e-02
4.919231061664539051e-02
4.919231061664539051e-02
4.919231061664539051e-02
4.919231061664539051e-02
4.919231061664539051e-02
4.919231061664539051e-02
4.919231061664539051e-02
4.919231061664539051e-02
4.919231061664539051e-02
4.919231061664539051e-02
4.919231061664539051e-02
4.919231061664539051e-02
4.919231061664539051e-02
