1.000000000000000000e+00
8.970108840929393867e-01
7.626539915615447862e-01
5.974666438689992809e-01
4.142439063009518696e-01
2.964515364218662241e-01
1.991166430078294136e-01
1.691773522550434616e-01
1.645064938396465226e-01
1.625517033629179653e-01
1.625517033629179653e-01
1.625517033629179653e-01
1.625517033629179653e-01
1.625517033629179653e-01
1.625517033629179653e-01
1.625517033629179653e-01
1.625517033629179653e-01
1.625517033629179653e-01
1.625517033629179653e-01
1.625517033629179653e-01
1.625517033629179653e-01
1.625517033629179653e-01
1.625517033629179653e-01
1.625517033629179653e-01
1.625517033629179653e-01
1.625517033629179653e-01
1.625517033629179653e-01
1.625517033629179653e-01
1.625517033629179653e-01
1.625517033629179653e-01
1.625517033629179653e-01
1.625517033629179653e-01
1.625517033629179653e-01
1.625517033629179653e-01
1.625517033629179653e-01
1.625517033629179653e-01
1.625517033629179653e-01
1.625517033629179653e-01
1.625517033629179653e-01
1.625517033629179653e-01
1.625517033629179653e-01
1.625517033629179653e-01
1.625517033629179653e-01
1.625517033629179653e-01
1.625517033629179653e-01
1.625517033629179653e-01
1.625517033629179653e-01
1.625517033629179653e-01
1.625517033629179653e-01
1.625517033629179653e-01
1.625517033629179653e-01
1.625517033629179653e-01
1.625517033629179653e-01
1.625517033629179653e-01
1.625517033629179653e-01
1.625517033629179653e-01
1.625517033629179653e-01
1.625517033629179653e-01
1.625517033629179653e-01
1.625517033629179653e-01
1.625517033629179653e-01
1.625517033629179653e-01
1.625517033629179653e-01
1.625517033629179653e-01
1.625517033629179653e-01
1.625517033629179653e-01
1.625517033629179653e-01
1.625517033629179653e-01
1.625517033629179653e-01
1.625517033629179653e-01
1.625517033629179653e-01
1.625517033629179653e-01
1.625517033629179653e-01
1.625517033629179653e-01
1.625517033629179653e-01
1.625517033629179653e-01
1.625517033629179653e-01
1.625517033629179653e-01
1.625517033629179653e-01
1.625517033629179653e-01
1.625517033629179653e-01
1.625517033629179653e-01
1.625517033629179653e-01
1.625517033629179653e-01
1.625517033629179653e-01
1.625517033629179653e-01
1.625517033629179653e-01
1.625517033629179653e-01
1.625517033629179653e-01
1.625517033629179653e-01
1.625517033629179653e-01
1.625517033629179653e-01
1.625517033629179653e-01
1.625517033629179653e-01
1.625517033629179653e-01
1.625517033629179653e-01
1.625517033629179653e-01
1.625517033629179653e-01
1.625517033629179653e-01
1.625517033629179653e-01
1.625517033629179653e-01
1.625517033629179653e-01
1.625517033629179653e-01
1.625517033629179653e-01
1.625517033629179653e-01
1.625517033629179653e-01
1.625517033629179653e-01
1.625517033629179653e-01
1.625517033629179653e-01
1.625517033629179653e-01
1.625517033629179653e-01
1.625517033629179653e-01
1.625517033629179653e-01
1.625517033629179653e-01
1.625517033629179653e-01
1.625517033629179653e-01
1.625517033629179653e-01
1.625517033629179653e-01
1.625517033629179653e-01
1.625517033629179653e-01
1.625517033629179653e-01
1.625517033629179653e-01
1.625517033629179653e-01
1.625517033629179653e-01
1.625517033629179653e-01
1.625517033629179653e-01
1.625517033629179653e-01
1.625517033629179653e-01
1.625517033629179653e-01
1.625517033629179653e-01
1.625517033629179653e-01
1.625517033629179653e-01
1.625517033629179653e-01
1.625517033629179653e-01
1.625517033629179653e-01
1.625517033629179653e-01
1.625517033629179653e-01
1.625517033629179653e-01
1.625517033629179653e-01
1.625517033629179653e-01
1.625517033629179653e-01
1.625517033629179653e-01
1.625517033629179653e-01
1.625517033629179653e-01
1.625517033629179653e-01
1.625517033629179653e-01
1.625517033629179653e-01
1.625517033629179653e-01
1.625517033629179653e-01
1.625517033629179653e-01
1.625517033629179653e-01
1.625517033629179653e-01
1.625517033629179653e-01
1.625517033629179653e-01
1.625517033629179653e-01
1.625517033629179653e-01
1.625517033629179653e-01
1.625517033629179653e-01
1.625517033629179653e-01
1.625517033629179653e-01
1.625517033629179653e-01
1.625517033629179653e-01
1.625517033629179653e-01
1.625517033629179653e-01
1.625517033629179653e-01
1.625517033629179653e-01
1.625517033629179653e-01
1.625517033629179653e-01
1.625517033629179653e-01
1.625517033629179653e-01
1.625517033629179653e-01
1.625517033629179653e-01
1.625517033629179653e-01
1.625517033629179653e-01
1.625517033629179653e-01
1.625517033629179653e-01
1.625517033629179653e-01
1.625517033629179653e-01
1.625517033629179653e-01
1.625517033629179653e-01
1.625517033629179653e-01
1.625517033629179653e-01
1.625517033629179653e-01
1.625517033629179653e-01
1.625517033629179653e-01
1.625517033629179653e-01
1.625517033629179653e-01
1.625517033629179653e-01
1.625517033629179653e-01
1.625517033629179653e-01
1.625517033629179653e-01
1.625517033629179653e-01
1.625517033629179653e-01
1.625517033629179653e-01
1.625517033629179653e-01
1.625517033629179653e-01
1.625517033629179653e-01
1.625517033629179653e-01
1.625517033629179653e-01
1.625517033629179653e-01
1.625517033629179653e-01
1.625517033629179653e-01
1.625517033629179653e-01
1.625517033629179653e-01
1.625517033629179653e-01
1.625517033629179653e-01
1.625517033629179653e-01
1.625517033629179653e-01
1.625517033629179653e-01
1.625517033629179653e-01
1.625517033629179653e-01
1.625517033629179653e-01
1.625517033629179653e-01
1.625517033629179653e-01
1.625517033629179653e-01
1.625517033629179653e-01
1.625517033629179653e-01
1.625517033629179653e-01
1.625517033629179653e-01
1.625517033629179653e-01
1.625517033629179653e-01
1.625517033629179653e-01
1.625517033629179653e-01
1.625517033629179653e-01
1.625517033629179653e-01
1.625517033629179653e-01
1.625517033629179653e-01
1.625517033629179653e-01
1.625517033629179653e-01
1.625517033629179653e-01
1.625517033629179653e-01
1.625517033629179653e-01
1.625517033629179653e-01
1.625517033629179653e-01
1.625517033629179653e-01
1.625517033629179653e-01
1.625517033629179653e-01
1.625517033629179653e-01
1.625517033629179653e-01
1.625517033629179653e-01
1.625517033629179653e-01
1.625517033629179653e-01
1.625517033629179653e-01
1.625517033629179653e-01
1.625517033629179653e-01
1.625517033629179653e-01
1.625517033629179653e-01
1.625517033629179653e-01
1.625517033629179653e-01
1.625517033629179653e-01
