0.000000000000000000e+00
5.156500835845099356e-02
5.159772969768903345e-02
5.013250028987572410e-02
5.016695472733410238e-02
5.037166453128130023e-02
4.982273958602517760e-02
5.047003201395890842e-02
5.005058335131725572e-02
4.976691100971763343e-02
4.909930399710383392e-02
4.987150187663275114e-02
5.022227323447121111e-02
4.940014290487438481e-02
4.972012476605088688e-02
4.829849681564023917e-02
4.734339530714901795e-02
4.820370831132523431e-02
5.036095209402011164e-02
4.768816657789209934e-02
4.749846300939673110e-02
5.388726111788125911e-02
4.813269808990502246e-02
3.611299504688274958e-02
3.663583146798257001e-02
4.138227224760341466e-02
-4.002848784631564405e-02
-3.934675980273791979e-02
-4.854317407394072997e-02
-4.602085501153621583e-02
-4.775668859343271816e-02
-4.438399469952523241e-02
-4.587649738234766961e-02
-4.494942667218686932e-02
-4.058065938019860680e-02
-3.887055077222476701e-02
-3.881180026492933588e-02
-3.757255195116879914e-02
-4.272127863981776269e-02
-4.194145969008463565e-02
-4.230013486201039674e-02
-3.902715773342612521e-02
-3.757131290794484685e-02
-4.631411423947151551e-02
-4.545794036538330918e-02
-5.345700182526785110e-02
-5.489460968054554746e-02
6.058045989213890065e-02
6.230104677309694639e-02
6.334302993461142506e-02
6.331445103857001599e-02
6.297576519583913957e-02
6.442998444006692305e-02
6.440540131216276887e-02
6.216587878097857428e-02
5.806905980905002068e-02
5.560284477026202626e-02
5.847622842088407574e-02
5.834626170498738440e-02
5.883283540177136617e-02
5.844143951551827171e-02
5.257038961406886729e-02
5.453741382610576699e-02
5.906739142496977846e-02
6.775467768586367068e-02
6.465130243135212840e-02
6.095515114172012777e-02
5.229203298840493647e-02
5.946619482835657083e-02
5.802328662491166439e-02
5.173844232812727789e-02
-4.910455204953420583e-02
-4.699042258498991459e-02
-5.071569289644523720e-02
-6.117488438880706175e-02
-6.569648299674499259e-02
-6.542850459731976154e-02
-6.493004329065167612e-02
-6.151974858273501906e-02
-6.301696158189551422e-02
-6.574626942437415689e-02
-6.616165452364369814e-02
-6.773784629337638308e-02
-6.236393634738999353e-02
-6.424024494772294369e-02
-6.142683441894095792e-02
-5.850048913830462743e-02
-5.639647651351147734e-02
-5.711835962808733264e-02
-5.528713050917846011e-02
4.800420263986913266e-02
4.477504097445299952e-02
4.506718690865887250e-02
4.970153882489406622e-02
4.772803366393024715e-02
4.716848938363704669e-02
4.364178342435478392e-02
4.179097081781771306e-02
4.081543674193866683e-02
3.737267859459653813e-02
3.407133896173837606e-02
3.558114850042826821e-02
3.763261479789820063e-02
4.498072343766757603e-02
4.721401854530841297e-02
5.039940943567942228e-02
5.232841400620571320e-02
4.017138396072135464e-02
3.504565451279652299e-02
3.759629740671604353e-02
3.440116204741709705e-02
3.321229116333102721e-02
3.592929503953124631e-02
3.584913886236167080e-02
3.207474707333356906e-02
-4.024964302410662803e-02
-3.340850244714368283e-02
-3.316714852417151221e-02
-3.376954383150878453e-02
-3.456435933774991420e-02
-5.245258926247556991e-02
-5.137420776465889682e-02
-5.930623426282349842e-02
-6.276346850833817992e-02
-5.677046955735306349e-02
-5.625638438362206423e-02
5.532382335619056429e-02
5.633376976458337460e-02
6.223534156830607539e-02
5.511787486033389860e-02
5.549191624101432879e-02
5.795192440299010844e-02
5.810187521700899138e-02
6.102192395387304180e-02
6.239597300907850225e-02
6.853120486449715276e-02
6.419361244306508174e-02
6.253232464246723243e-02
6.167320044143247831e-02
5.976059794139016584e-02
6.091089679607720325e-02
5.941831318499782300e-02
5.633534655475743586e-02
5.139930224614866483e-02
5.304749744366538816e-02
5.350315150846621237e-02
6.052061460992064212e-02
5.579166339814051190e-02
5.762498040438321367e-02
6.380829156663669899e-02
6.472959514699609673e-02
6.281958004794267747e-02
5.383892760237699721e-02
5.436193824291436077e-02
5.445457164030147873e-02
5.213368836236060427e-02
4.157603795147554043e-02
4.117462896807338318e-02
3.662327637432261779e-02
4.136533844690078177e-02
4.404276323738637311e-02
3.888174108950319396e-02
4.510333887399454317e-02
3.977967298844189287e-02
4.304692665080325775e-02
4.445242335174370840e-02
4.275008186438858382e-02
4.658934229229477753e-02
4.871930858391326086e-02
4.982639696829926912e-02
4.716237628878771487e-02
4.690611476336917218e-02
4.025867503551946308e-02
-4.258824817680811198e-02
-4.518309349611138170e-02
-4.328343507746438418e-02
-4.563817677558965058e-02
-4.900746253422354898e-02
-5.113888180324321908e-02
-4.186108777524196606e-02
-4.109427585946411055e-02
-3.461003871497143197e-02
-4.312594627602792802e-02
-4.732451752262430839e-02
-4.756038604958239685e-02
-4.891205546502417484e-02
-4.772518826014027216e-02
-5.398375652214473103e-02
-4.983501928147590632e-02
-5.903237772313046222e-02
5.791346705625702307e-02
4.964813064394304337e-02
5.199878352207340515e-02
4.927538620129198743e-02
4.206430719076478114e-02
4.596753881993925761e-02
3.953586414525602638e-02
4.257989346333092978e-02
4.846431166661966522e-02
5.184402662848821425e-02
5.351239082023886984e-02
5.440554029218162141e-02
5.235398117699537751e-02
5.199513638326599962e-02
4.466641576399079522e-02
4.894897594836398330e-02
4.612790168346372205e-02
5.113641218668223826e-02
4.597450175815864098e-02
4.999503304743758286e-02
5.831410956498935677e-02
5.479283777531792493e-02
5.411419985699417873e-02
5.683951147765862327e-02
5.947509025233452956e-02
-4.462979935222340794e-02
-4.580789408277544106e-02
-4.899076465081673298e-02
-5.141712145432522640e-02
-5.422230844206275130e-02
-5.992668373311730440e-02
-6.015594383903841852e-02
-5.161387973243336535e-02
-5.174879580093210557e-02
-5.128463962329757320e-02
-5.543047636430849939e-02
-3.735859806333761274e-02
-3.678122376707453761e-02
-3.547429285577191616e-02
-3.512289181207763761e-02
-2.675944559247697349e-02
-2.462777862298984322e-02
-3.012832804376143481e-02
-3.275176030283270812e-02
-3.409093327383905941e-02
2.932479944863987040e-02
2.528084612947404872e-02
1.820032883956210559e-02
2.449668513815557100e-02
2.501915973235683752e-02
3.005764636892306954e-02
3.051325317420088348e-02
3.243700616898204797e-02
3.497315437582286524e-02
3.617385384452755787e-02
3.132322704010422759e-02
3.250367286859714294e-02
3.111233767517826085e-02
3.096748647486486858e-02
3.114007435754009845e-02
