0.000000000000000000e+00
7.776359092129626893e-02
7.756151464977877052e-02
7.733399724074674353e-02
7.577995323139390116e-02
7.578885184113511031e-02
7.593568230146553744e-02
7.498497041988126666e-02
7.481063102363619266e-02
7.296773933337806495e-02
7.271377940906280368e-02
7.343485889035443470e-02
7.343485889035443470e-02
7.339585863528336196e-02
7.327986542515978197e-02
7.310783618151692198e-02
7.287208275988561745e-02
7.295677614054095483e-02
7.334361506562406263e-02
7.335213405744052395e-02
7.322698486719057820e-02
7.314765731882663657e-02
7.314765731882663657e-02
7.314765731882663657e-02
7.308510288596925530e-02
7.303161405962432795e-02
7.303161405962432795e-02
7.303161405962432795e-02
7.291104209349720533e-02
7.291104209349720533e-02
7.291104209349720533e-02
7.293311603621319139e-02
7.293311603621319139e-02
7.293311603621319139e-02
7.309986615391157738e-02
7.352702689519985402e-02
7.352702689519985402e-02
7.352702689519985402e-02
7.352702689519985402e-02
7.352702689519985402e-02
7.352702689519985402e-02
7.352702689519985402e-02
7.352702689519985402e-02
7.352702689519985402e-02
7.352702689519985402e-02
7.352702689519985402e-02
7.352702689519985402e-02
7.352702689519985402e-02
7.352702689519985402e-02
7.352702689519985402e-02
7.352702689519985402e-02
7.352702689519985402e-02
7.352702689519985402e-02
7.352702689519985402e-02
7.352702689519985402e-02
7.352702689519985402e-02
7.352702689519985402e-02
7.352702689519985402e-02
7.352702689519985402e-02
7.352702689519985402e-02
7.352702689519985402e-02
7.352702689519985402e-02
7.352702689519985402e-02
7.352702689519985402e-02
7.352702689519985402e-02
7.352702689519985402e-02
7.352702689519985402e-02
7.352702689519985402e-02
7.352702689519985402e-02
7.352702689519985402e-02
7.352702689519985402e-02
7.352702689519985402e-02
7.352702689519985402e-02
7.352702689519985402e-02
7.352702689519985402e-02
7.352702689519985402e-02
7.352702689519985402e-02
7.352702689519985402e-02
7.352702689519985402e-02
7.352702689519985402e-02
7.352702689519985402e-02
7.352702689519985402e-02
7.352702689519985402e-02
7.352702689519985402e-02
7.352702689519985402e-02
7.352702689519985402e-02
7.352702689519985402e-02
7.352702689519985402e-02
7.352702689519985402e-02
7.352702689519985402e-02
7.352702689519985402e-02
7.352702689519985402e-02
7.352702689519985402e-02
7.352702689519985402e-02
7.352702689519985402e-02
7.352702689519985402e-02
7.352702689519985402e-02
7.352702689519985402e-02
7.352702689519985402e-02
7.352702689519985402e-02
7.352702689519985402e-02
7.352702689519985402e-02
7.352702689519985402e-02
7.352702689519985402e-02
7.352702689519985402e-02
7.352702689519985402e-02
7.352702689519985402e-02
7.352702689519985402e-02
7.352702689519985402e-02
7.352702689519985402e-02
7.352702689519985402e-02
7.352702689519985402e-02
7.352702689519985402e-02
7.352702689519985402e-02
7.352702689519985402e-02
7.352702689519985402e-02
7.352702689519985402e-02
7.352702689519985402e-02
7.352702689519985402e-02
7.352702689519985402e-02
7.352702689519985402e-02
7.352702689519985402e-02
7.352702689519985402e-02
7.352702689519985402e-02
7.352702689519985402e-02
7.352702689519985402e-02
7.352702689519985402e-02
7.352702689519985402e-02
7.352702689519985402e-02
7.352702689519985402e-02
7.352702689519985402e-02
7.352702689519985402e-02
7.352702689519985402e-02
7.352702689519985402e-02
7.352702689519985402e-02
7.352702689519985402e-02
7.352702689519985402e-02
7.352702689519985402e-02
7.352702689519985402e-02
7.352702689519985402e-02
7.352702689519985402e-02
7.352702689519985402e-02
7.352702689519985402e-02
7.352702689519985402e-02
7.352702689519985402e-02
7.352702689519985402e-02
7.352702689519985402e-02
7.352702689519985402e-02
7.352702689519985402e-02
7.352702689519985402e-02
7.352702689519985402e-02
7.352702689519985402e-02
7.352702689519985402e-02
7.352702689519985402e-02
7.352702689519985402e-02
7.352702689519985402e-02
7.352702689519985402e-02
7.352702689519985402e-02
7.352702689519985402e-02
7.352702689519985402e-02
7.352702689519985402e-02
7.352702689519985402e-02
7.352702689519985402e-02
7.352702689519985402e-02
7.352702689519985402e-02
7.352702689519985402e-02
7.352702689519985402e-02
7.352702689519985402e-02
7.352702689519985402e-02
7.352702689519985402e-02
7.352702689519985402e-02
7.352702689519985402e-02
7.352702689519985402e-02
7.352702689519985402e-02
7.352702689519985402e-02
7.352702689519985402e-02
7.352702689519985402e-02
7.352702689519985402e-02
7.352702689519985402e-02
7.352702689519985402e-02
7.352702689519985402e-02
7.352702689519985402e-02
7.352702689519985402e-02
7.352702689519985402e-02
7.352702689519985402e-02
7.352702689519985402e-02
7.352702689519985402e-02
7.352702689519985402e-02
7.352702689519985402e-02
7.352702689519985402e-02
7.352702689519985402e-02
7.352702689519985402e-02
7.352702689519985402e-02
7.352702689519985402e-02
7.352702689519985402e-02
7.352702689519985402e-02
7.352702689519985402e-02
7.352702689519985402e-02
7.352702689519985402e-02
7.352702689519985402e-02
7.352702689519985402e-02
7.352702689519985402e-02
7.352702689519985402e-02
7.352702689519985402e-02
7.352702689519985402e-02
7.352702689519985402e-02
7.352702689519985402e-02
7.352702689519985402e-02
7.352702689519985402e-02
7.352702689519985402e-02
7.352702689519985402e-02
7.352702689519985402e-02
7.352702689519985402e-02
7.352702689519985402e-02
7.352702689519985402e-02
7.352702689519985402e-02
7.352702689519985402e-02
7.352702689519985402e-02
7.352702689519985402e-02
7.352702689519985402e-02
7.352702689519985402e-02
7.352702689519985402e-02
7.352702689519985402e-02
7.352702689519985402e-02
7.352702689519985402e-02
7.352702689519985402e-02
7.352702689519985402e-02
7.352702689519985402e-02
7.352702689519985402e-02
7.352702689519985402e-02
7.352702689519985402e-02
7.352702689519985402e-02
7.352702689519985402e-02
7.352702689519985402e-02
7.352702689519985402e-02
7.352702689519985402e-02
7.352702689519985402e-02
7.352702689519985402e-02
7.352702689519985402e-02
7.352702689519985402e-02
7.352702689519985402e-02
7.352702689519985402e-02
7.352702689519985402e-02
7.352702689519985402e-02
7.352702689519985402e-02
7.352702689519985402e-02
7.352702689519985402e-02
7.352702689519985402e-02
7.352702689519985402e-02
7.352702689519985402e-02
