0.000000000000000000e+00
6.247122984230913528e-02
7.505754525807134536e-02
8.753900525044215619e-02
8.899102120899975155e-02
8.319996287976060001e-02
8.587649349519982378e-02
8.308300917633336391e-02
8.385610702457003962e-02
8.361363132047637536e-02
8.114479472532022675e-02
7.881458661015174061e-02
8.066586250097208810e-02
8.154408170812579848e-02
8.252855519353903546e-02
8.249481835948833941e-02
8.193517355133890512e-02
8.256620241086690126e-02
8.182601476397084739e-02
8.032339657426613988e-02
7.985363044212656636e-02
7.985363044212656636e-02
-7.911171348925889746e-02
-7.929900686014239308e-02
-7.937026698740484720e-02
-7.986093655436841965e-02
-8.103652641344934182e-02
-8.103652641344934182e-02
-8.097887116763098636e-02
-8.084417995575997329e-02
-8.085384917070996547e-02
-8.098828172468010289e-02
-8.053881261104196831e-02
-8.038581465214171551e-02
-8.026921857932997617e-02
-8.047490284699465590e-02
-8.059050506110095047e-02
-8.059050506110095047e-02
-8.048773834878446276e-02
-8.048773834878446276e-02
-8.042707785606971471e-02
-8.042707785606971471e-02
-8.034188964743955996e-02
-8.034188964743955996e-02
-8.026092056020586729e-02
-8.026092056020586729e-02
-8.046427456847922433e-02
-8.059878840947724832e-02
-8.059878840947724832e-02
-8.059878840947724832e-02
-8.049655506706485109e-02
-8.056472987351352699e-02
-8.056472987351352699e-02
-8.056472987351352699e-02
-8.056472987351352699e-02
-8.061990012728560695e-02
-8.062455314298108688e-02
-8.062455314298108688e-02
-8.062455314298108688e-02
-8.062455314298108688e-02
-8.069328552456242476e-02
-8.069180228904956897e-02
-8.069180228904956897e-02
-8.069180228904956897e-02
-8.069180228904956897e-02
-8.069180228904956897e-02
-8.069180228904956897e-02
-8.069180228904956897e-02
-8.075302070576302615e-02
-8.070173246890195717e-02
-8.070173246890195717e-02
-8.070173246890195717e-02
-8.066799777658616166e-02
-8.066799777658616166e-02
-8.066799777658616166e-02
-8.066799777658616166e-02
-8.066799777658616166e-02
-8.066799777658616166e-02
-8.058843875844697024e-02
-8.058843875844697024e-02
-8.058843875844697024e-02
-8.058843875844697024e-02
-8.066511211991918284e-02
-8.066511211991918284e-02
-8.066511211991918284e-02
-8.059283537847226897e-02
-8.059283537847226897e-02
-8.059283537847226897e-02
-8.059716707745460951e-02
-8.059716707745460951e-02
-8.059716707745460951e-02
-8.059716707745460951e-02
-8.055860763265397517e-02
-8.055860763265397517e-02
-8.055860763265397517e-02
-8.055860763265397517e-02
-8.055860763265397517e-02
-8.055860763265397517e-02
-8.055860763265397517e-02
-8.050770966314518828e-02
-8.050770966314518828e-02
-8.050770966314518828e-02
-8.050770966314518828e-02
-8.050770966314518828e-02
-8.054746965329617758e-02
-8.051405968738466201e-02
-8.051405968738466201e-02
-8.051405968738466201e-02
-8.051405968738466201e-02
-8.051405968738466201e-02
-8.051405968738466201e-02
-8.051405968738466201e-02
-8.051405968738466201e-02
-8.051405968738466201e-02
-8.051405968738466201e-02
-8.051405968738466201e-02
-8.051405968738466201e-02
-8.051405968738466201e-02
-8.051405968738466201e-02
-8.051405968738466201e-02
-8.051405968738466201e-02
-8.051405968738466201e-02
-8.051405968738466201e-02
-8.051405968738466201e-02
-8.051405968738466201e-02
-8.051405968738466201e-02
-8.051405968738466201e-02
-8.051405968738466201e-02
-8.051405968738466201e-02
-8.051405968738466201e-02
-8.051405968738466201e-02
-8.051405968738466201e-02
-8.051405968738466201e-02
-8.051405968738466201e-02
-8.051405968738466201e-02
-8.048820989055725794e-02
-8.047041114737892020e-02
-8.047041114737892020e-02
-8.047041114737892020e-02
-8.047041114737892020e-02
-8.047041114737892020e-02
-8.047041114737892020e-02
-8.042725913192171061e-02
-8.042725913192171061e-02
-8.042725913192171061e-02
-8.042725913192171061e-02
-8.042725913192171061e-02
-8.042725913192171061e-02
-8.044757899207052865e-02
-8.044757899207052865e-02
-8.046770588687540693e-02
-8.046770588687540693e-02
-8.046770588687540693e-02
-8.046770588687540693e-02
-8.046770588687540693e-02
-8.046770588687540693e-02
-8.046770588687540693e-02
-8.046770588687540693e-02
-8.046770588687540693e-02
-8.046770588687540693e-02
-8.046770588687540693e-02
-8.046770588687540693e-02
-8.046770588687540693e-02
-8.046770588687540693e-02
-8.046770588687540693e-02
-8.046770588687540693e-02
-8.046770588687540693e-02
-8.046770588687540693e-02
-8.046770588687540693e-02
-8.043780158621209597e-02
-8.043780158621209597e-02
-8.043780158621209597e-02
-8.043780158621209597e-02
-8.043780158621209597e-02
-8.043780158621209597e-02
-8.043780158621209597e-02
-8.046131934152800369e-02
-8.046131934152800369e-02
-8.046131934152800369e-02
-8.046131934152800369e-02
-8.046131934152800369e-02
-8.046131934152800369e-02
-8.046131934152800369e-02
-8.046131934152800369e-02
-8.046131934152800369e-02
-8.046131934152800369e-02
-8.046131934152800369e-02
-8.046131934152800369e-02
-8.046131934152800369e-02
-8.046131934152800369e-02
-8.046131934152800369e-02
-8.046131934152800369e-02
-8.046131934152800369e-02
-8.046131934152800369e-02
-8.046131934152800369e-02
-8.048262250151484720e-02
-8.048262250151484720e-02
-8.048262250151484720e-02
-8.048262250151484720e-02
-8.048262250151484720e-02
-8.048262250151484720e-02
-8.048262250151484720e-02
-8.048262250151484720e-02
-8.048262250151484720e-02
-8.048262250151484720e-02
-8.048262250151484720e-02
-8.048262250151484720e-02
-8.048262250151484720e-02
-8.048262250151484720e-02
-8.048262250151484720e-02
-8.048262250151484720e-02
-8.048262250151484720e-02
-8.048262250151484720e-02
-8.048262250151484720e-02
-8.048262250151484720e-02
-8.048262250151484720e-02
-8.048262250151484720e-02
-8.048262250151484720e-02
-8.048262250151484720e-02
-8.048262250151484720e-02
-8.048262250151484720e-02
-8.048262250151484720e-02
-8.048262250151484720e-02
-8.048262250151484720e-02
-8.048262250151484720e-02
-8.048262250151484720e-02
-8.048262250151484720e-02
-8.048262250151484720e-02
-8.048262250151484720e-02
-8.048262250151484720e-02
-8.048262250151484720e-02
-8.048424765944903192e-02
-8.048424765944903192e-02
-8.048424765944903192e-02
-8.048424765944903192e-02
-8.048424765944903192e-02
-8.048424765944903192e-02
-8.048424765944903192e-02
-8.048585492024863675e-02
-8.048585492024863675e-02
-8.049845209746141206e-02
-8.049845209746141206e-02
-8.049845209746141206e-02
-8.049845209746141206e-02
-8.049845209746141206e-02
-8.049845209746141206e-02
-8.049845209746141206e-02
-8.049845209746141206e-02
-8.049845209746141206e-02
-8.049845209746141206e-02
