0.000000000000000000e+00
7.444923436674964756e-02
7.449034416922049873e-02
7.360776298115698224e-02
7.175363422207380049e-02
7.232729948206310933e-02
7.260617618956757835e-02
6.877719997861291013e-02
6.974874110509204916e-02
6.956326722902218818e-02
6.652183232635677790e-02
6.820529490983168186e-02
6.940196331053258283e-02
6.916238982332975627e-02
7.253761673336668603e-02
7.245722386134853532e-02
6.689714389100293035e-02
6.543890962001508438e-02
6.905881013653185352e-02
6.511958700807822520e-02
5.306601463270887303e-02
5.126965124031184623e-02
5.222551599583553222e-02
5.414448734473010366e-02
5.902739101182098019e-02
5.457630643437368784e-02
5.038165761674407578e-02
4.894222902453923552e-02
5.200532479069801955e-02
5.382012504703156952e-02
4.866027805332778788e-02
5.068753579240960899e-02
5.111534768607411267e-02
-5.418906387047520146e-02
-5.682846746211988459e-02
-6.110681728520881567e-02
-6.398668425574591256e-02
-6.297809660105051222e-02
-6.116485276120606912e-02
-5.984158463771094977e-02
-5.816475584096852253e-02
-5.956992646888147752e-02
-5.844998012915234020e-02
-6.000987112796108552e-02
-5.952308819474857321e-02
-5.952308819474857321e-02
6.233147745680634594e-02
6.167328643503584146e-02
6.197465135482831816e-02
6.140140504885811118e-02
6.021034961090404591e-02
5.875649339183872805e-02
5.573962981714167958e-02
5.586217115446198006e-02
5.598926543910295872e-02
5.654554253062323704e-02
5.461843354368992737e-02
5.499921185373743415e-02
5.499921185373743415e-02
5.212701502822796734e-02
5.212701502822796734e-02
5.170828798317517877e-02
5.186383709560619254e-02
5.136885473316218226e-02
5.136885473316218226e-02
5.136885473316218226e-02
4.994818331443975218e-02
4.991643684685930643e-02
4.991643684685930643e-02
5.112077884666293981e-02
5.112077884666293981e-02
5.218371548846767460e-02
5.330245663619481711e-02
5.330245663619481711e-02
5.330245663619481711e-02
5.271974491855570960e-02
5.277276575472678033e-02
5.309124008719635218e-02
5.339589219070055987e-02
5.339589219070055987e-02
5.339589219070055987e-02
5.423859390694155125e-02
5.423859390694155125e-02
5.423859390694155125e-02
5.423859390694155125e-02
5.389425280168150950e-02
5.389425280168150950e-02
5.304047997583537927e-02
5.304047997583537927e-02
5.443038431496136087e-02
5.277416216033653518e-02
5.277416216033653518e-02
5.310190030178909421e-02
5.558570516100030251e-02
5.734591161674434251e-02
5.716017374481993651e-02
5.716017374481993651e-02
5.716017374481993651e-02
5.626730762619691628e-02
5.606869883446557318e-02
5.606869883446557318e-02
5.606869883446557318e-02
5.606869883446557318e-02
5.588327932500555817e-02
5.664197711123030582e-02
5.673209219219733229e-02
5.691698145662791447e-02
5.691698145662791447e-02
5.691698145662791447e-02
5.738566559399480710e-02
5.735497945121453139e-02
5.702995285852971441e-02
5.702995285852971441e-02
5.682535926597692688e-02
5.493573435423665385e-02
5.573290011510958347e-02
5.573290011510958347e-02
5.573290011510958347e-02
5.573290011510958347e-02
5.573290011510958347e-02
5.493573435423665385e-02
5.516492985765786283e-02
5.516492985765786283e-02
5.519997106815283106e-02
5.519997106815283106e-02
5.519997106815283106e-02
5.598681786995143156e-02
5.598681786995143156e-02
5.462021420351561435e-02
5.474855616124139207e-02
5.323410896976089185e-02
5.240446595476604824e-02
5.240446595476604824e-02
5.240446595476604824e-02
5.240446595476604824e-02
5.142045406831840387e-02
5.142045406831840387e-02
5.265354420554041459e-02
5.077403562131816567e-02
5.077403562131816567e-02
5.077403562131816567e-02
5.044552502753698459e-02
4.957001413094092729e-02
4.924297947922922497e-02
4.924297947922922497e-02
4.924297947922922497e-02
4.924297947922922497e-02
5.051066512028376532e-02
5.138516314899043563e-02
5.138516314899043563e-02
5.138516314899043563e-02
5.170901812507027601e-02
5.170901812507027601e-02
5.084593452113253531e-02
5.084593452113253531e-02
5.084593452113253531e-02
5.084593452113253531e-02
5.084593452113253531e-02
5.046572015724842819e-02
5.134234788208053707e-02
5.134234788208053707e-02
5.134234788208053707e-02
5.134234788208053707e-02
5.134234788208053707e-02
5.134234788208053707e-02
5.046572015724842819e-02
5.056638997341053599e-02
5.056638997341053599e-02
4.938036913353765350e-02
4.938036913353765350e-02
5.026176100650935757e-02
5.026176100650935757e-02
5.026176100650935757e-02
5.026176100650935757e-02
5.132954258895567473e-02
5.285383571725204427e-02
5.203056980517250379e-02
5.203056980517250379e-02
5.199792845129633245e-02
5.199792845129633245e-02
5.199792845129633245e-02
5.199792845129633245e-02
5.282302900346996788e-02
5.302705128925839367e-02
5.337591145178762625e-02
5.337591145178762625e-02
5.337591145178762625e-02
5.290894962342187341e-02
5.212339071174992150e-02
5.212339071174992150e-02
5.336476510633918896e-02
5.314739791629313759e-02
5.314739791629313759e-02
5.314739791629313759e-02
5.395999996414046346e-02
5.395999996414046346e-02
5.409038176161990591e-02
5.405917376994687218e-02
5.405917376994687218e-02
5.405917376994687218e-02
5.325051781138773199e-02
5.353041257027366107e-02
5.353041257027366107e-02
5.353041257027366107e-02
5.202092867313060087e-02
5.202092867313060087e-02
5.288603182626339799e-02
5.288603182626339799e-02
5.288603182626339799e-02
5.288603182626339799e-02
5.288603182626339799e-02
5.288603182626339799e-02
5.205640173889417716e-02
5.205640173889417716e-02
5.202092867313060087e-02
5.202092867313060087e-02
5.077085069444908089e-02
5.077085069444908089e-02
5.161195478565085842e-02
5.161195478565085842e-02
5.161195478565085842e-02
5.161195478565085842e-02
5.161195478565085842e-02
5.153890479659520296e-02
5.153890479659520296e-02
5.070569263567648033e-02
5.070569263567648033e-02
5.091620172047767179e-02
5.091620172047767179e-02
5.091620172047767179e-02
5.070592153476571884e-02
5.067068294593283367e-02
5.022328070625878965e-02
5.022328070625878965e-02
5.022328070625878965e-02
5.022328070625878965e-02
5.022328070625878965e-02
5.054409675319377487e-02
4.965842122234625372e-02
4.970201001595406926e-02
4.970201001595406926e-02
4.970201001595406926e-02
4.970201001595406926e-02
4.970201001595406926e-02
4.970201001595406926e-02
4.970201001595406926e-02
5.058553789203279472e-02
5.054409675319377487e-02
5.054409675319377487e-02
5.054409675319377487e-02
5.054409675319377487e-02
5.054409675319377487e-02
5.172832736851998292e-02
5.085257177542937268e-02
5.085257177542937268e-02
5.089956684347224369e-02
5.089956684347224369e-02
5.089956684347224369e-02
5.089956684347224369e-02
5.089956684347224369e-02
5.089956684347224369e-02
5.177317478118102084e-02
5.177317478118102084e-02
5.172832736851998292e-02
5.172832736851998292e-02
5.172832736851998292e-02
5.172832736851998292e-02
5.172832736851998292e-02
5.172832736851998292e-02
5.085257177542937268e-02
5.085257177542937268e-02
5.089956684347224369e-02
5.089956684347224369e-02
5.089956684347224369e-02
5.052608369702175223e-02
5.052608369702175223e-02
5.052608369702175223e-02
5.075730226801542649e-02
5.161798416124752792e-02
5.157935653719778607e-02
5.157935653719778607e-02
5.157935653719778607e-02
5.285244076144732933e-02
5.285244076144732933e-02
5.285244076144732933e-02
5.285244076144732933e-02
5.205640173889417716e-02
5.205640173889417716e-02
5.205640173889417716e-02
5.205640173889417716e-02
5.205640173889417716e-02
5.205640173889417716e-02
5.205640173889417716e-02
5.075730226801542649e-02
5.075730226801542649e-02
5.071663821022934920e-02
5.048359661477106602e-02
5.135411668070830743e-02
5.135411668070830743e-02
5.135411668070830743e-02
5.135411668070830743e-02
5.135411668070830743e-02
5.139452142545321983e-02
5.139452142545321983e-02
5.139452142545321983e-02
5.139452142545321983e-02
5.089956684347224369e-02
5.089956684347224369e-02
5.089956684347224369e-02
5.089956684347224369e-02
5.085257177542937268e-02
5.085257177542937268e-02
5.085257177542937268e-02
5.085257177542937268e-02
5.085257177542937268e-02
5.085257177542937268e-02
5.085257177542937268e-02
5.085257177542937268e-02
5.089956684347224369e-02
5.177317478118102084e-02
5.177317478118102084e-02
5.177317478118102084e-02
5.058553789203279472e-02
5.058553789203279472e-02
5.058553789203279472e-02
5.058553789203279472e-02
5.054409675319377487e-02
5.054409675319377487e-02
5.054409675319377487e-02
4.965842122234625372e-02
4.965842122234625372e-02
4.965842122234625372e-02
4.965842122234625372e-02
4.965842122234625372e-02
4.928080853860711957e-02
4.928080853860711957e-02
4.928080853860711957e-02
4.928080853860711957e-02
4.928080853860711957e-02
4.928080853860711957e-02
4.928080853860711957e-02
4.928080853860711957e-02
4.928080853860711957e-02
4.924182501665836514e-02
4.924182501665836514e-02
4.924182501665836514e-02
5.034103941921092007e-02
5.034103941921092007e-02
5.034103941921092007e-02
5.034103941921092007e-02
5.034103941921092007e-02
5.037614187825526640e-02
5.037614187825526640e-02
5.037614187825526640e-02
5.037614187825526640e-02
5.037614187825526640e-02
5.037614187825526640e-02
5.037614187825526640e-02
5.037614187825526640e-02
4.993816832180916765e-02
4.989644194151972995e-02
4.989644194151972995e-02
4.989644194151972995e-02
4.989644194151972995e-02
4.989644194151972995e-02
4.965842122234625372e-02
4.965842122234625372e-02
4.965842122234625372e-02
4.965842122234625372e-02
4.970201001595406926e-02
4.970201001595406926e-02
4.970201001595406926e-02
4.970201001595406926e-02
4.970201001595406926e-02
4.970201001595406926e-02
5.089956684347224369e-02
5.089956684347224369e-02
5.089956684347224369e-02
5.089956684347224369e-02
5.085257177542937268e-02
5.085257177542937268e-02
5.172832736851998292e-02
5.172832736851998292e-02
5.172832736851998292e-02
5.135411668070830743e-02
5.135411668070830743e-02
5.135411668070830743e-02
5.135411668070830743e-02
5.139452142545321983e-02
5.139452142545321983e-02
5.139452142545321983e-02
5.139452142545321983e-02
5.139452142545321983e-02
5.139452142545321983e-02
5.139452142545321983e-02
5.139452142545321983e-02
5.139452142545321983e-02
5.139452142545321983e-02
5.135411668070830743e-02
5.135411668070830743e-02
5.135411668070830743e-02
5.012305084484333650e-02
5.012305084484333650e-02
5.012305084484333650e-02
5.012305084484333650e-02
5.012305084484333650e-02
5.034103941921092007e-02
5.034103941921092007e-02
5.037614187825526640e-02
5.037614187825526640e-02
5.081366308473366650e-02
5.081366308473366650e-02
5.081366308473366650e-02
5.081366308473366650e-02
5.081366308473366650e-02
5.081366308473366650e-02
5.081366308473366650e-02
5.081366308473366650e-02
5.081366308473366650e-02
5.081366308473366650e-02
5.077403562131816567e-02
5.077403562131816567e-02
5.077403562131816567e-02
5.077403562131816567e-02
5.196538776866013037e-02
5.196538776866013037e-02
5.196538776866013037e-02
5.196538776866013037e-02
5.196538776866013037e-02
5.196538776866013037e-02
5.196538776866013037e-02
5.196538776866013037e-02
5.200844196963628346e-02
5.200844196963628346e-02
5.200844196963628346e-02
5.161798416124752792e-02
5.161798416124752792e-02
5.161798416124752792e-02
5.139452142545321983e-02
5.139452142545321983e-02
5.139452142545321983e-02
5.139452142545321983e-02
5.139452142545321983e-02
5.139452142545321983e-02
5.015995326096749779e-02
5.012305084484333650e-02
5.012305084484333650e-02
5.012305084484333650e-02
5.012305084484333650e-02
5.012305084484333650e-02
5.012305084484333650e-02
5.012305084484333650e-02
5.012305084484333650e-02
5.012305084484333650e-02
5.012305084484333650e-02
5.012305084484333650e-02
5.012305084484333650e-02
5.012305084484333650e-02
5.012305084484333650e-02
5.015995326096749779e-02
5.139452142545321983e-02
5.139452142545321983e-02
5.139452142545321983e-02
5.139452142545321983e-02
5.139452142545321983e-02
5.139452142545321983e-02
5.139452142545321983e-02
5.139452142545321983e-02
5.139452142545321983e-02
5.139452142545321983e-02
5.177317478118102084e-02
5.177317478118102084e-02
5.177317478118102084e-02
5.200844196963628346e-02
5.200844196963628346e-02
5.196538776866013037e-02
5.196538776866013037e-02
5.077403562131816567e-02
5.077403562131816567e-02
5.077403562131816567e-02
5.077403562131816567e-02
5.077403562131816567e-02
5.077403562131816567e-02
5.077403562131816567e-02
5.077403562131816567e-02
5.077403562131816567e-02
5.077403562131816567e-02
5.077403562131816567e-02
5.077403562131816567e-02
5.077403562131816567e-02
5.077403562131816567e-02
5.077403562131816567e-02
5.196538776866013037e-02
5.196538776866013037e-02
5.200844196963628346e-02
5.200844196963628346e-02
5.200844196963628346e-02
5.200844196963628346e-02
5.200844196963628346e-02
5.200844196963628346e-02
5.200844196963628346e-02
5.200844196963628346e-02
5.200844196963628346e-02
5.200844196963628346e-02
5.200844196963628346e-02
5.200844196963628346e-02
5.200844196963628346e-02
5.081366308473366650e-02
5.015995326096749779e-02
5.015995326096749779e-02
5.015995326096749779e-02
5.015995326096749779e-02
5.015995326096749779e-02
5.015995326096749779e-02
5.015995326096749779e-02
5.015995326096749779e-02
5.012305084484333650e-02
5.012305084484333650e-02
5.012305084484333650e-02
5.012305084484333650e-02
5.012305084484333650e-02
5.135411668070830743e-02
5.135411668070830743e-02
5.135411668070830743e-02
5.135411668070830743e-02
5.135411668070830743e-02
5.135411668070830743e-02
5.135411668070830743e-02
5.135411668070830743e-02
5.048359661477106602e-02
5.048359661477106602e-02
5.048359661477106602e-02
5.048359661477106602e-02
5.048359661477106602e-02
5.048359661477106602e-02
4.924182501665836514e-02
4.924182501665836514e-02
4.924182501665836514e-02
4.924182501665836514e-02
4.924182501665836514e-02
4.924182501665836514e-02
4.924182501665836514e-02
4.924182501665836514e-02
4.924182501665836514e-02
4.946773188889708184e-02
4.946773188889708184e-02
4.946773188889708184e-02
4.946773188889708184e-02
4.946773188889708184e-02
5.071663821022934920e-02
5.071663821022934920e-02
5.075730226801542649e-02
5.075730226801542649e-02
5.075730226801542649e-02
5.075730226801542649e-02
5.075730226801542649e-02
5.161798416124752792e-02
5.161798416124752792e-02
5.161798416124752792e-02
5.161798416124752792e-02
5.161798416124752792e-02
5.200844196963628346e-02
5.200844196963628346e-02
5.081366308473366650e-02
5.081366308473366650e-02
5.081366308473366650e-02
5.081366308473366650e-02
5.081366308473366650e-02
5.081366308473366650e-02
5.081366308473366650e-02
5.081366308473366650e-02
5.081366308473366650e-02
5.081366308473366650e-02
5.081366308473366650e-02
5.081366308473366650e-02
5.081366308473366650e-02
5.081366308473366650e-02
5.200844196963628346e-02
5.200844196963628346e-02
5.114275566967636105e-02
5.114275566967636105e-02
5.114275566967636105e-02
5.114275566967636105e-02
5.114275566967636105e-02
5.114275566967636105e-02
5.114275566967636105e-02
5.114275566967636105e-02
5.114275566967636105e-02
5.114275566967636105e-02
5.114275566967636105e-02
5.114275566967636105e-02
5.114275566967636105e-02
4.993816832180916765e-02
4.993816832180916765e-02
4.993816832180916765e-02
4.993816832180916765e-02
4.993816832180916765e-02
4.993816832180916765e-02
5.081366308473366650e-02
5.081366308473366650e-02
5.081366308473366650e-02
5.081366308473366650e-02
5.081366308473366650e-02
5.081366308473366650e-02
5.081366308473366650e-02
5.081366308473366650e-02
5.081366308473366650e-02
5.081366308473366650e-02
5.161798416124752792e-02
5.161798416124752792e-02
5.161798416124752792e-02
5.161798416124752792e-02
5.161798416124752792e-02
5.161798416124752792e-02
5.161798416124752792e-02
5.075730226801542649e-02
5.075730226801542649e-02
5.075730226801542649e-02
5.075730226801542649e-02
5.075730226801542649e-02
5.075730226801542649e-02
5.075730226801542649e-02
5.075730226801542649e-02
5.075730226801542649e-02
5.075730226801542649e-02
4.950486837739620505e-02
4.950486837739620505e-02
4.950486837739620505e-02
4.950486837739620505e-02
4.950486837739620505e-02
5.037614187825526640e-02
5.037614187825526640e-02
5.037614187825526640e-02
5.037614187825526640e-02
5.037614187825526640e-02
5.037614187825526640e-02
5.037614187825526640e-02
5.037614187825526640e-02
5.037614187825526640e-02
5.037614187825526640e-02
5.037614187825526640e-02
5.037614187825526640e-02
5.037614187825526640e-02
5.081366308473366650e-02
5.200844196963628346e-02
5.200844196963628346e-02
5.114275566967636105e-02
5.114275566967636105e-02
5.114275566967636105e-02
5.114275566967636105e-02
5.114275566967636105e-02
5.114275566967636105e-02
5.114275566967636105e-02
5.114275566967636105e-02
5.114275566967636105e-02
5.114275566967636105e-02
5.114275566967636105e-02
5.109760144298794438e-02
5.109760144298794438e-02
5.109760144298794438e-02
5.196538776866013037e-02
5.196538776866013037e-02
5.196538776866013037e-02
5.077403562131816567e-02
5.077403562131816567e-02
5.077403562131816567e-02
5.077403562131816567e-02
5.077403562131816567e-02
5.077403562131816567e-02
5.077403562131816567e-02
5.077403562131816567e-02
5.077403562131816567e-02
5.034103941921092007e-02
5.034103941921092007e-02
4.946773188889708184e-02
4.946773188889708184e-02
4.946773188889708184e-02
4.946773188889708184e-02
4.946773188889708184e-02
4.946773188889708184e-02
4.946773188889708184e-02
4.946773188889708184e-02
4.946773188889708184e-02
4.946773188889708184e-02
4.946773188889708184e-02
4.946773188889708184e-02
4.946773188889708184e-02
4.946773188889708184e-02
5.034103941921092007e-02
5.034103941921092007e-02
5.037614187825526640e-02
5.037614187825526640e-02
5.037614187825526640e-02
5.037614187825526640e-02
5.037614187825526640e-02
5.037614187825526640e-02
5.037614187825526640e-02
5.037614187825526640e-02
5.037614187825526640e-02
5.037614187825526640e-02
5.037614187825526640e-02
5.037614187825526640e-02
5.037614187825526640e-02
4.950486837739620505e-02
4.946773188889708184e-02
4.946773188889708184e-02
4.946773188889708184e-02
4.946773188889708184e-02
4.946773188889708184e-02
4.946773188889708184e-02
4.946773188889708184e-02
4.946773188889708184e-02
4.946773188889708184e-02
4.946773188889708184e-02
4.946773188889708184e-02
4.946773188889708184e-02
4.946773188889708184e-02
5.034103941921092007e-02
5.034103941921092007e-02
5.034103941921092007e-02
5.034103941921092007e-02
5.034103941921092007e-02
5.034103941921092007e-02
5.034103941921092007e-02
5.034103941921092007e-02
5.034103941921092007e-02
5.034103941921092007e-02
5.034103941921092007e-02
5.034103941921092007e-02
5.034103941921092007e-02
5.034103941921092007e-02
5.034103941921092007e-02
5.034103941921092007e-02
4.946773188889708184e-02
4.946773188889708184e-02
4.946773188889708184e-02
4.946773188889708184e-02
4.946773188889708184e-02
4.946773188889708184e-02
4.946773188889708184e-02
4.946773188889708184e-02
4.946773188889708184e-02
4.946773188889708184e-02
4.946773188889708184e-02
4.946773188889708184e-02
4.946773188889708184e-02
4.946773188889708184e-02
4.946773188889708184e-02
4.946773188889708184e-02
4.946773188889708184e-02
5.034103941921092007e-02
5.034103941921092007e-02
5.034103941921092007e-02
5.034103941921092007e-02
5.034103941921092007e-02
5.034103941921092007e-02
5.034103941921092007e-02
5.034103941921092007e-02
5.034103941921092007e-02
5.034103941921092007e-02
5.034103941921092007e-02
5.034103941921092007e-02
5.034103941921092007e-02
5.034103941921092007e-02
5.034103941921092007e-02
5.034103941921092007e-02
5.034103941921092007e-02
5.034103941921092007e-02
4.946773188889708184e-02
4.946773188889708184e-02
4.946773188889708184e-02
4.946773188889708184e-02
4.946773188889708184e-02
4.946773188889708184e-02
4.946773188889708184e-02
4.946773188889708184e-02
4.946773188889708184e-02
4.946773188889708184e-02
4.946773188889708184e-02
4.946773188889708184e-02
4.946773188889708184e-02
4.946773188889708184e-02
4.946773188889708184e-02
4.946773188889708184e-02
4.946773188889708184e-02
4.946773188889708184e-02
4.946773188889708184e-02
4.946773188889708184e-02
4.946773188889708184e-02
4.946773188889708184e-02
5.034103941921092007e-02
5.034103941921092007e-02
5.034103941921092007e-02
5.034103941921092007e-02
5.034103941921092007e-02
5.034103941921092007e-02
5.034103941921092007e-02
5.034103941921092007e-02
5.034103941921092007e-02
5.034103941921092007e-02
5.034103941921092007e-02
5.034103941921092007e-02
5.034103941921092007e-02
5.034103941921092007e-02
5.034103941921092007e-02
5.034103941921092007e-02
5.034103941921092007e-02
5.034103941921092007e-02
5.034103941921092007e-02
5.034103941921092007e-02
5.034103941921092007e-02
5.034103941921092007e-02
5.034103941921092007e-02
5.034103941921092007e-02
5.034103941921092007e-02
5.034103941921092007e-02
4.946773188889708184e-02
4.946773188889708184e-02
4.946773188889708184e-02
4.946773188889708184e-02
4.946773188889708184e-02
4.946773188889708184e-02
4.946773188889708184e-02
4.946773188889708184e-02
4.946773188889708184e-02
4.946773188889708184e-02
4.946773188889708184e-02
4.946773188889708184e-02
4.946773188889708184e-02
4.946773188889708184e-02
4.946773188889708184e-02
4.946773188889708184e-02
4.946773188889708184e-02
4.946773188889708184e-02
4.946773188889708184e-02
4.946773188889708184e-02
4.946773188889708184e-02
4.946773188889708184e-02
4.946773188889708184e-02
4.946773188889708184e-02
4.946773188889708184e-02
4.946773188889708184e-02
4.946773188889708184e-02
4.946773188889708184e-02
4.946773188889708184e-02
4.946773188889708184e-02
4.946773188889708184e-02
4.946773188889708184e-02
4.946773188889708184e-02
4.946773188889708184e-02
4.946773188889708184e-02
4.946773188889708184e-02
4.946773188889708184e-02
4.946773188889708184e-02
4.946773188889708184e-02
4.946773188889708184e-02
4.946773188889708184e-02
4.946773188889708184e-02
4.946773188889708184e-02
4.946773188889708184e-02
4.946773188889708184e-02
4.946773188889708184e-02
5.034103941921092007e-02
5.034103941921092007e-02
5.034103941921092007e-02
5.034103941921092007e-02
5.034103941921092007e-02
5.034103941921092007e-02
5.034103941921092007e-02
5.034103941921092007e-02
5.034103941921092007e-02
5.034103941921092007e-02
5.034103941921092007e-02
5.034103941921092007e-02
5.034103941921092007e-02
5.034103941921092007e-02
5.034103941921092007e-02
5.034103941921092007e-02
5.034103941921092007e-02
5.034103941921092007e-02
5.034103941921092007e-02
5.034103941921092007e-02
5.034103941921092007e-02
5.034103941921092007e-02
5.034103941921092007e-02
5.034103941921092007e-02
5.034103941921092007e-02
5.034103941921092007e-02
5.034103941921092007e-02
5.034103941921092007e-02
5.034103941921092007e-02
5.034103941921092007e-02
5.034103941921092007e-02
5.034103941921092007e-02
5.034103941921092007e-02
5.034103941921092007e-02
5.034103941921092007e-02
5.034103941921092007e-02
5.034103941921092007e-02
5.034103941921092007e-02
5.034103941921092007e-02
5.034103941921092007e-02
5.034103941921092007e-02
5.034103941921092007e-02
5.034103941921092007e-02
5.034103941921092007e-02
5.034103941921092007e-02
5.034103941921092007e-02
5.034103941921092007e-02
5.034103941921092007e-02
5.034103941921092007e-02
5.034103941921092007e-02
5.034103941921092007e-02
5.034103941921092007e-02
5.034103941921092007e-02
5.034103941921092007e-02
5.034103941921092007e-02
5.034103941921092007e-02
5.034103941921092007e-02
5.034103941921092007e-02
5.034103941921092007e-02
5.034103941921092007e-02
5.034103941921092007e-02
5.034103941921092007e-02
5.034103941921092007e-02
5.034103941921092007e-02
5.034103941921092007e-02
5.034103941921092007e-02
5.034103941921092007e-02
5.034103941921092007e-02
5.034103941921092007e-02
5.034103941921092007e-02
5.034103941921092007e-02
5.034103941921092007e-02
5.034103941921092007e-02
5.034103941921092007e-02
5.034103941921092007e-02
5.034103941921092007e-02
4.946773188889708184e-02
4.946773188889708184e-02
4.946773188889708184e-02
4.946773188889708184e-02
4.946773188889708184e-02
4.946773188889708184e-02
4.946773188889708184e-02
4.946773188889708184e-02
4.946773188889708184e-02
4.946773188889708184e-02
4.946773188889708184e-02
4.946773188889708184e-02
4.946773188889708184e-02
4.946773188889708184e-02
4.946773188889708184e-02
4.946773188889708184e-02
4.946773188889708184e-02
4.946773188889708184e-02
4.946773188889708184e-02
4.946773188889708184e-02
4.946773188889708184e-02
4.946773188889708184e-02
4.946773188889708184e-02
4.946773188889708184e-02
4.946773188889708184e-02
4.946773188889708184e-02
4.946773188889708184e-02
4.946773188889708184e-02
4.946773188889708184e-02
4.946773188889708184e-02
4.946773188889708184e-02
4.946773188889708184e-02
4.946773188889708184e-02
4.946773188889708184e-02
5.034103941921092007e-02
5.034103941921092007e-02
5.034103941921092007e-02
5.034103941921092007e-02
5.034103941921092007e-02
5.034103941921092007e-02
5.034103941921092007e-02
5.034103941921092007e-02
5.034103941921092007e-02
5.034103941921092007e-02
5.034103941921092007e-02
5.034103941921092007e-02
5.034103941921092007e-02
5.034103941921092007e-02
5.034103941921092007e-02
5.034103941921092007e-02
5.034103941921092007e-02
5.034103941921092007e-02
5.034103941921092007e-02
5.034103941921092007e-02
5.034103941921092007e-02
5.034103941921092007e-02
5.034103941921092007e-02
5.034103941921092007e-02
5.034103941921092007e-02
4.946773188889708184e-02
4.946773188889708184e-02
4.946773188889708184e-02
4.946773188889708184e-02
4.946773188889708184e-02
4.946773188889708184e-02
4.946773188889708184e-02
4.946773188889708184e-02
4.946773188889708184e-02
4.946773188889708184e-02
4.946773188889708184e-02
4.946773188889708184e-02
4.946773188889708184e-02
4.946773188889708184e-02
4.946773188889708184e-02
4.946773188889708184e-02
4.946773188889708184e-02
4.946773188889708184e-02
4.946773188889708184e-02
5.034103941921092007e-02
5.034103941921092007e-02
5.034103941921092007e-02
5.034103941921092007e-02
5.034103941921092007e-02
5.034103941921092007e-02
5.034103941921092007e-02
5.034103941921092007e-02
5.034103941921092007e-02
5.034103941921092007e-02
5.034103941921092007e-02
5.034103941921092007e-02
5.034103941921092007e-02
5.034103941921092007e-02
5.034103941921092007e-02
5.034103941921092007e-02
5.034103941921092007e-02
5.034103941921092007e-02
5.034103941921092007e-02
5.034103941921092007e-02
4.946773188889708184e-02
4.946773188889708184e-02
4.946773188889708184e-02
4.946773188889708184e-02
4.946773188889708184e-02
4.946773188889708184e-02
4.946773188889708184e-02
4.946773188889708184e-02
4.946773188889708184e-02
4.946773188889708184e-02
4.946773188889708184e-02
4.946773188889708184e-02
4.946773188889708184e-02
4.946773188889708184e-02
4.946773188889708184e-02
4.946773188889708184e-02
5.034103941921092007e-02
5.034103941921092007e-02
5.034103941921092007e-02
5.034103941921092007e-02
5.034103941921092007e-02
5.034103941921092007e-02
5.034103941921092007e-02
5.034103941921092007e-02
5.034103941921092007e-02
5.034103941921092007e-02
5.034103941921092007e-02
5.034103941921092007e-02
5.034103941921092007e-02
5.034103941921092007e-02
5.034103941921092007e-02
5.034103941921092007e-02
4.946773188889708184e-02
4.946773188889708184e-02
4.946773188889708184e-02
4.946773188889708184e-02
4.946773188889708184e-02
4.946773188889708184e-02
4.946773188889708184e-02
4.946773188889708184e-02
4.946773188889708184e-02
4.946773188889708184e-02
4.946773188889708184e-02
4.946773188889708184e-02
4.946773188889708184e-02
4.946773188889708184e-02
4.946773188889708184e-02
5.034103941921092007e-02
5.034103941921092007e-02
5.034103941921092007e-02
5.034103941921092007e-02
5.034103941921092007e-02
5.034103941921092007e-02
5.034103941921092007e-02
5.034103941921092007e-02
5.034103941921092007e-02
5.034103941921092007e-02
5.034103941921092007e-02
5.034103941921092007e-02
5.034103941921092007e-02
5.034103941921092007e-02
4.946773188889708184e-02
4.946773188889708184e-02
4.946773188889708184e-02
4.946773188889708184e-02
4.946773188889708184e-02
4.946773188889708184e-02
4.946773188889708184e-02
4.946773188889708184e-02
4.946773188889708184e-02
4.946773188889708184e-02
4.946773188889708184e-02
4.946773188889708184e-02
4.946773188889708184e-02
4.946773188889708184e-02
4.946773188889708184e-02
5.034103941921092007e-02
5.034103941921092007e-02
5.034103941921092007e-02
5.034103941921092007e-02
5.034103941921092007e-02
5.034103941921092007e-02
5.034103941921092007e-02
5.034103941921092007e-02
5.034103941921092007e-02
5.034103941921092007e-02
5.034103941921092007e-02
5.034103941921092007e-02
5.034103941921092007e-02
5.034103941921092007e-02
5.034103941921092007e-02
4.946773188889708184e-02
4.946773188889708184e-02
4.946773188889708184e-02
4.946773188889708184e-02
4.946773188889708184e-02
4.946773188889708184e-02
4.946773188889708184e-02
4.946773188889708184e-02
4.946773188889708184e-02
4.946773188889708184e-02
4.946773188889708184e-02
4.946773188889708184e-02
4.946773188889708184e-02
4.946773188889708184e-02
4.946773188889708184e-02
5.034103941921092007e-02
5.034103941921092007e-02
5.034103941921092007e-02
5.034103941921092007e-02
5.034103941921092007e-02
5.034103941921092007e-02
5.034103941921092007e-02
5.034103941921092007e-02
5.034103941921092007e-02
5.034103941921092007e-02
5.034103941921092007e-02
5.034103941921092007e-02
5.034103941921092007e-02
5.034103941921092007e-02
5.034103941921092007e-02
4.946773188889708184e-02
4.946773188889708184e-02
4.946773188889708184e-02
4.946773188889708184e-02
4.946773188889708184e-02
4.946773188889708184e-02
4.946773188889708184e-02
4.946773188889708184e-02
4.946773188889708184e-02
4.946773188889708184e-02
4.946773188889708184e-02
4.946773188889708184e-02
4.946773188889708184e-02
4.946773188889708184e-02
4.946773188889708184e-02
4.946773188889708184e-02
4.946773188889708184e-02
5.034103941921092007e-02
5.034103941921092007e-02
5.034103941921092007e-02
5.034103941921092007e-02
5.034103941921092007e-02
5.034103941921092007e-02
5.034103941921092007e-02
5.034103941921092007e-02
5.034103941921092007e-02
5.034103941921092007e-02
5.034103941921092007e-02
5.034103941921092007e-02
5.034103941921092007e-02
5.034103941921092007e-02
5.034103941921092007e-02
5.034103941921092007e-02
5.034103941921092007e-02
5.034103941921092007e-02
4.946773188889708184e-02
4.946773188889708184e-02
4.946773188889708184e-02
4.946773188889708184e-02
4.946773188889708184e-02
4.946773188889708184e-02
4.946773188889708184e-02
4.946773188889708184e-02
4.946773188889708184e-02
4.946773188889708184e-02
4.946773188889708184e-02
4.946773188889708184e-02
4.946773188889708184e-02
4.946773188889708184e-02
4.946773188889708184e-02
4.946773188889708184e-02
4.946773188889708184e-02
4.946773188889708184e-02
4.946773188889708184e-02
4.946773188889708184e-02
4.946773188889708184e-02
5.034103941921092007e-02
5.034103941921092007e-02
5.034103941921092007e-02
5.034103941921092007e-02
5.034103941921092007e-02
5.034103941921092007e-02
5.034103941921092007e-02
5.034103941921092007e-02
5.034103941921092007e-02
5.034103941921092007e-02
5.034103941921092007e-02
5.034103941921092007e-02
5.034103941921092007e-02
5.034103941921092007e-02
5.034103941921092007e-02
5.034103941921092007e-02
5.034103941921092007e-02
5.034103941921092007e-02
5.034103941921092007e-02
5.034103941921092007e-02
5.034103941921092007e-02
5.034103941921092007e-02
5.034103941921092007e-02
5.034103941921092007e-02
4.946773188889708184e-02
4.946773188889708184e-02
4.946773188889708184e-02
4.946773188889708184e-02
4.946773188889708184e-02
4.946773188889708184e-02
4.946773188889708184e-02
4.946773188889708184e-02
4.946773188889708184e-02
4.946773188889708184e-02
4.946773188889708184e-02
4.946773188889708184e-02
4.946773188889708184e-02
