-1.899999999999999911e+00 0.000000000000000000e+00
-1.896386430678465906e+00 0.000000000000000000e+00
-1.892772861356932124e+00 0.000000000000000000e+00
-1.889159292035398119e+00 0.000000000000000000e+00
-1.885545722713864114e+00 0.000000000000000000e+00
-1.881932153392330331e+00 0.000000000000000000e+00
-1.878318584070796327e+00 0.000000000000000000e+00
-1.874705014749262544e+00 0.000000000000000000e+00
-1.871091445427728539e+00 0.000000000000000000e+00
-1.867477876106194534e+00 0.000000000000000000e+00
-1.863864306784660752e+00 0.000000000000000000e+00
-1.860250737463126747e+00 0.000000000000000000e+00
-1.856637168141592742e+00 0.000000000000000000e+00
-1.853023598820058959e+00 0.000000000000000000e+00
-1.849410029498524954e+00 0.000000000000000000e+00
-1.845796460176990950e+00 0.000000000000000000e+00
-1.842182890855457167e+00 0.000000000000000000e+00
-1.838569321533923162e+00 0.000000000000000000e+00
-1.834955752212389379e+00 0.000000000000000000e+00
-1.831342182890855375e+00 0.000000000000000000e+00
-1.827728613569321370e+00 0.000000000000000000e+00
-1.824115044247787587e+00 0.000000000000000000e+00
-1.820501474926253582e+00 0.000000000000000000e+00
-1.816887905604719577e+00 0.000000000000000000e+00
-1.813274336283185795e+00 0.000000000000000000e+00
-1.809660766961651790e+00 0.000000000000000000e+00
-1.806047197640118007e+00 0.000000000000000000e+00
-1.802433628318584002e+00 0.000000000000000000e+00
-1.798820058997049998e+00 0.000000000000000000e+00
-1.795206489675516215e+00 0.000000000000000000e+00
-1.791592920353982210e+00 0.000000000000000000e+00
-1.787979351032448205e+00 0.000000000000000000e+00
-1.784365781710914423e+00 0.000000000000000000e+00
-1.780752212389380418e+00 0.000000000000000000e+00
-1.777138643067846413e+00 0.000000000000000000e+00
-1.773525073746312630e+00 0.000000000000000000e+00
-1.769911504424778625e+00 0.000000000000000000e+00
-1.766297935103244843e+00 0.000000000000000000e+00
-1.762684365781710838e+00 0.000000000000000000e+00
-1.759070796460176833e+00 0.000000000000000000e+00
-1.755457227138643050e+00 0.000000000000000000e+00
-1.751843657817109046e+00 0.000000000000000000e+00
-1.748230088495575041e+00 0.000000000000000000e+00
-1.744616519174041258e+00 0.000000000000000000e+00
-1.741002949852507253e+00 0.000000000000000000e+00
-1.737389380530973249e+00 0.000000000000000000e+00
-1.733775811209439466e+00 0.000000000000000000e+00
-1.730162241887905461e+00 0.000000000000000000e+00
-1.726548672566371678e+00 0.000000000000000000e+00
-1.722935103244837673e+00 0.000000000000000000e+00
-1.719321533923303669e+00 0.000000000000000000e+00
-1.715707964601769886e+00 0.000000000000000000e+00
-1.712094395280235881e+00 0.000000000000000000e+00
-1.708480825958701876e+00 0.000000000000000000e+00
-1.704867256637168094e+00 0.000000000000000000e+00
-1.701253687315634089e+00 0.000000000000000000e+00
-1.697640117994100084e+00 0.000000000000000000e+00
-1.694026548672566301e+00 0.000000000000000000e+00
-1.690412979351032297e+00 0.000000000000000000e+00
-1.686799410029498514e+00 0.000000000000000000e+00
-1.683185840707964509e+00 0.000000000000000000e+00
-1.679572271386430504e+00 0.000000000000000000e+00
-1.675958702064896721e+00 0.000000000000000000e+00
-1.672345132743362717e+00 0.000000000000000000e+00
-1.668731563421828712e+00 0.000000000000000000e+00
-1.665117994100294929e+00 0.000000000000000000e+00
-1.661504424778760924e+00 0.000000000000000000e+00
-1.657890855457226920e+00 0.000000000000000000e+00
-1.654277286135693137e+00 0.000000000000000000e+00
-1.650663716814159132e+00 0.000000000000000000e+00
-1.647050147492625349e+00 0.000000000000000000e+00
-1.643436578171091345e+00 0.000000000000000000e+00
-1.639823008849557340e+00 0.000000000000000000e+00
-1.636209439528023557e+00 0.000000000000000000e+00
-1.632595870206489552e+00 0.000000000000000000e+00
-1.628982300884955770e+00 0.000000000000000000e+00
-1.625368731563421765e+00 0.000000000000000000e+00
-1.621755162241887760e+00 0.000000000000000000e+00
-1.618141592920353755e+00 0.000000000000000000e+00
-1.614528023598819972e+00 0.000000000000000000e+00
-1.610914454277285968e+00 0.000000000000000000e+00
-1.607300884955752185e+00 0.000000000000000000e+00
-1.603687315634218180e+00 0.000000000000000000e+00
-1.600073746312684175e+00 0.000000000000000000e+00
-1.596460176991150393e+00 0.000000000000000000e+00
-1.592846607669616388e+00 0.000000000000000000e+00
-1.589233038348082605e+00 0.000000000000000000e+00
-1.585619469026548600e+00 0.000000000000000000e+00
-1.582005899705014595e+00 0.000000000000000000e+00
-1.578392330383480591e+00 0.000000000000000000e+00
-1.574778761061946808e+00 0.000000000000000000e+00
-1.571165191740412803e+00 0.000000000000000000e+00
-1.567551622418879020e+00 0.000000000000000000e+00
-1.563938053097345016e+00 0.000000000000000000e+00
-1.560324483775811011e+00 0.000000000000000000e+00
-1.556710914454277228e+00 0.000000000000000000e+00
-1.553097345132743223e+00 0.000000000000000000e+00
-1.549483775811209441e+00 0.000000000000000000e+00
-1.545870206489675436e+00 0.000000000000000000e+00
-1.542256637168141431e+00 0.000000000000000000e+00
-1.538643067846607426e+00 0.000000000000000000e+00
-1.535029498525073643e+00 0.000000000000000000e+00
-1.531415929203539639e+00 0.000000000000000000e+00
-1.527802359882005856e+00 0.000000000000000000e+00
-1.524188790560471851e+00 0.000000000000000000e+00
-1.520575221238937846e+00 0.000000000000000000e+00
-1.516961651917404064e+00 0.000000000000000000e+00
-1.513348082595870059e+00 0.000000000000000000e+00
-1.509734513274336276e+00 0.000000000000000000e+00
-1.506120943952802271e+00 0.000000000000000000e+00
-1.502507374631268267e+00 0.000000000000000000e+00
-1.498893805309734262e+00 0.000000000000000000e+00
-1.495280235988200479e+00 0.000000000000000000e+00
-1.491666666666666474e+00 0.000000000000000000e+00
-1.488053097345132691e+00 0.000000000000000000e+00
-1.484439528023598687e+00 0.000000000000000000e+00
-1.480825958702064682e+00 0.000000000000000000e+00
-1.477212389380530899e+00 0.000000000000000000e+00
-1.473598820058996894e+00 0.000000000000000000e+00
-1.469985250737463112e+00 0.000000000000000000e+00
-1.466371681415929107e+00 0.000000000000000000e+00
-1.462758112094395102e+00 0.000000000000000000e+00
-1.459144542772861097e+00 0.000000000000000000e+00
-1.455530973451327315e+00 0.000000000000000000e+00
-1.451917404129793310e+00 0.000000000000000000e+00
-1.448303834808259527e+00 0.000000000000000000e+00
-1.444690265486725522e+00 0.000000000000000000e+00
-1.441076696165191517e+00 0.000000000000000000e+00
-1.437463126843657735e+00 0.000000000000000000e+00
-1.433849557522123730e+00 0.000000000000000000e+00
-1.430235988200589947e+00 0.000000000000000000e+00
-1.426622418879055942e+00 0.000000000000000000e+00
-1.423008849557521938e+00 0.000000000000000000e+00
-1.419395280235987933e+00 0.000000000000000000e+00
-1.415781710914454150e+00 0.000000000000000000e+00
-1.412168141592920145e+00 0.000000000000000000e+00
-1.408554572271386363e+00 0.000000000000000000e+00
-1.404941002949852358e+00 0.000000000000000000e+00
-1.401327433628318353e+00 0.000000000000000000e+00
-1.397713864306784570e+00 0.000000000000000000e+00
-1.394100294985250565e+00 0.000000000000000000e+00
-1.390486725663716783e+00 0.000000000000000000e+00
-1.386873156342182778e+00 0.000000000000000000e+00
-1.383259587020648773e+00 0.000000000000000000e+00
-1.379646017699114768e+00 0.000000000000000000e+00
-1.376032448377580986e+00 0.000000000000000000e+00
-1.372418879056047203e+00 0.000000000000000000e+00
-1.368805309734513198e+00 0.000000000000000000e+00
-1.365191740412979193e+00 0.000000000000000000e+00
-1.361578171091445189e+00 0.000000000000000000e+00
-1.357964601769911406e+00 0.000000000000000000e+00
-1.354351032448377401e+00 0.000000000000000000e+00
-1.350737463126843618e+00 0.000000000000000000e+00
-1.347123893805309613e+00 0.000000000000000000e+00
-1.343510324483775609e+00 0.000000000000000000e+00
-1.339896755162241604e+00 0.000000000000000000e+00
-1.336283185840707821e+00 0.000000000000000000e+00
-1.332669616519174038e+00 0.000000000000000000e+00
-1.329056047197640034e+00 0.000000000000000000e+00
-1.325442477876106029e+00 0.000000000000000000e+00
-1.321828908554572024e+00 0.000000000000000000e+00
-1.318215339233038241e+00 0.000000000000000000e+00
-1.314601769911504237e+00 0.000000000000000000e+00
-1.310988200589970454e+00 0.000000000000000000e+00
-1.307374631268436449e+00 0.000000000000000000e+00
-1.303761061946902444e+00 0.000000000000000000e+00
-1.300147492625368439e+00 0.000000000000000000e+00
-1.296533923303834657e+00 0.000000000000000000e+00
-1.292920353982300874e+00 0.000000000000000000e+00
-1.289306784660766869e+00 0.000000000000000000e+00
-1.285693215339232864e+00 0.000000000000000000e+00
-1.282079646017698860e+00 0.000000000000000000e+00
-1.278466076696165077e+00 0.000000000000000000e+00
-1.274852507374631072e+00 0.000000000000000000e+00
-1.271238938053097289e+00 0.000000000000000000e+00
-1.267625368731563285e+00 0.000000000000000000e+00
-1.264011799410029280e+00 0.000000000000000000e+00
-1.260398230088495275e+00 0.000000000000000000e+00
-1.256784660766961492e+00 0.000000000000000000e+00
-1.253171091445427709e+00 0.000000000000000000e+00
-1.249557522123893705e+00 0.000000000000000000e+00
-1.245943952802359700e+00 0.000000000000000000e+00
-1.242330383480825695e+00 0.000000000000000000e+00
-1.238716814159291912e+00 0.000000000000000000e+00
-1.235103244837757908e+00 0.000000000000000000e+00
-1.231489675516224125e+00 0.000000000000000000e+00
-1.227876106194690120e+00 0.000000000000000000e+00
-1.224262536873156115e+00 0.000000000000000000e+00
-1.220648967551622111e+00 0.000000000000000000e+00
-1.217035398230088328e+00 0.000000000000000000e+00
-1.213421828908554545e+00 0.000000000000000000e+00
-1.209808259587020540e+00 0.000000000000000000e+00
-1.206194690265486535e+00 0.000000000000000000e+00
-1.202581120943952531e+00 0.000000000000000000e+00
-1.198967551622418748e+00 0.000000000000000000e+00
-1.195353982300884743e+00 0.000000000000000000e+00
-1.191740412979350960e+00 0.000000000000000000e+00
-1.188126843657816956e+00 0.000000000000000000e+00
-1.184513274336282951e+00 0.000000000000000000e+00
-1.180899705014748946e+00 0.000000000000000000e+00
-1.177286135693215163e+00 0.000000000000000000e+00
-1.173672566371681381e+00 0.000000000000000000e+00
-1.170058997050147376e+00 0.000000000000000000e+00
-1.166445427728613371e+00 0.000000000000000000e+00
-1.162831858407079366e+00 0.000000000000000000e+00
-1.159218289085545583e+00 0.000000000000000000e+00
-1.155604719764011579e+00 0.000000000000000000e+00
-1.151991150442477796e+00 0.000000000000000000e+00
-1.148377581120943791e+00 0.000000000000000000e+00
-1.144764011799409786e+00 0.000000000000000000e+00
-1.141150442477875782e+00 0.000000000000000000e+00
-1.137536873156341999e+00 0.000000000000000000e+00
-1.133923303834808216e+00 0.000000000000000000e+00
-1.130309734513274211e+00 0.000000000000000000e+00
-1.126696165191740207e+00 0.000000000000000000e+00
-1.123082595870206202e+00 0.000000000000000000e+00
-1.119469026548672419e+00 0.000000000000000000e+00
-1.115855457227138636e+00 0.000000000000000000e+00
-1.112241887905604631e+00 0.000000000000000000e+00
-1.108628318584070627e+00 0.000000000000000000e+00
-1.105014749262536622e+00 0.000000000000000000e+00
-1.101401179941002617e+00 0.000000000000000000e+00
-1.097787610619468834e+00 0.000000000000000000e+00
-1.094174041297935052e+00 0.000000000000000000e+00
-1.090560471976401047e+00 0.000000000000000000e+00
-1.086946902654867042e+00 0.000000000000000000e+00
-1.083333333333333037e+00 0.000000000000000000e+00
-1.079719764011799255e+00 0.000000000000000000e+00
-1.076106194690265472e+00 0.000000000000000000e+00
-1.072492625368731467e+00 0.000000000000000000e+00
-1.068879056047197462e+00 0.000000000000000000e+00
-1.065265486725663457e+00 0.000000000000000000e+00
-1.061651917404129453e+00 0.000000000000000000e+00
-1.058038348082595670e+00 0.000000000000000000e+00
-1.054424778761061887e+00 0.000000000000000000e+00
-1.050811209439527882e+00 0.000000000000000000e+00
-1.047197640117993878e+00 0.000000000000000000e+00
-1.043584070796459873e+00 0.000000000000000000e+00
-1.039970501474926090e+00 0.000000000000000000e+00
-1.036356932153392307e+00 0.000000000000000000e+00
-1.032743362831858303e+00 0.000000000000000000e+00
-1.029129793510324298e+00 0.000000000000000000e+00
-1.025516224188790293e+00 0.000000000000000000e+00
-1.021902654867256510e+00 0.000000000000000000e+00
-1.018289085545722505e+00 0.000000000000000000e+00
-1.014675516224188723e+00 0.000000000000000000e+00
-1.011061946902654718e+00 0.000000000000000000e+00
-1.007448377581120713e+00 0.000000000000000000e+00
-1.003834808259586708e+00 0.000000000000000000e+00
-1.000221238938052926e+00 0.000000000000000000e+00
-9.966076696165190318e-01 0.000000000000000000e+00
-9.929941002949850271e-01 0.000000000000000000e+00
-9.893805309734511333e-01 0.000000000000000000e+00
-9.857669616519172395e-01 0.000000000000000000e+00
-9.821533923303833458e-01 0.000000000000000000e+00
-9.785398230088493410e-01 0.000000000000000000e+00
-9.749262536873154472e-01 0.000000000000000000e+00
-9.713126843657815535e-01 0.000000000000000000e+00
-9.676991150442475487e-01 0.000000000000000000e+00
-9.640855457227136549e-01 0.000000000000000000e+00
-9.604719764011797611e-01 0.000000000000000000e+00
-9.568584070796458674e-01 0.000000000000000000e+00
-9.532448377581118626e-01 0.000000000000000000e+00
-9.496312684365779688e-01 0.000000000000000000e+00
-9.460176991150440751e-01 0.000000000000000000e+00
-9.424041297935101813e-01 0.000000000000000000e+00
-9.387905604719761765e-01 0.000000000000000000e+00
-9.351769911504422828e-01 0.000000000000000000e+00
-9.315634218289083890e-01 0.000000000000000000e+00
-9.279498525073743842e-01 0.000000000000000000e+00
-9.243362831858404904e-01 0.000000000000000000e+00
-9.207227138643065967e-01 0.000000000000000000e+00
-9.171091445427727029e-01 0.000000000000000000e+00
-9.134955752212386981e-01 0.000000000000000000e+00
-9.098820058997048044e-01 0.000000000000000000e+00
-9.062684365781709106e-01 0.000000000000000000e+00
-9.026548672566370168e-01 0.000000000000000000e+00
-8.990412979351030121e-01 0.000000000000000000e+00
-8.954277286135692293e-01 0.000000000000000000e+00
-8.918141592920352245e-01 0.000000000000000000e+00
-8.882005899705012197e-01 0.000000000000000000e+00
-8.845870206489674370e-01 0.000000000000000000e+00
-8.809734513274334322e-01 0.000000000000000000e+00
-8.773598820058994274e-01 0.000000000000000000e+00
-8.737463126843656447e-01 0.000000000000000000e+00
-8.701327433628316399e-01 0.000000000000000000e+00
-8.665191740412976351e-01 0.000000000000000000e+00
-8.629056047197638524e-01 0.000000000000000000e+00
-8.592920353982298476e-01 0.000000000000000000e+00
-8.556784660766960648e-01 0.000000000000000000e+00
-8.520648967551620601e-01 0.000000000000000000e+00
-8.484513274336280553e-01 0.000000000000000000e+00
-8.448377581120942725e-01 0.000000000000000000e+00
-8.412241887905602677e-01 0.000000000000000000e+00
-8.376106194690262630e-01 0.000000000000000000e+00
-8.339970501474924802e-01 0.000000000000000000e+00
-8.303834808259584754e-01 0.000000000000000000e+00
-8.267699115044244706e-01 0.000000000000000000e+00
-8.231563421828906879e-01 0.000000000000000000e+00
-8.195427728613566831e-01 0.000000000000000000e+00
-8.159292035398229004e-01 0.000000000000000000e+00
-8.123156342182888956e-01 0.000000000000000000e+00
-8.087020648967548908e-01 0.000000000000000000e+00
-8.050884955752211081e-01 0.000000000000000000e+00
-8.014749262536871033e-01 0.000000000000000000e+00
-7.978613569321530985e-01 0.000000000000000000e+00
-7.942477876106193158e-01 0.000000000000000000e+00
-7.906342182890853110e-01 0.000000000000000000e+00
-7.870206489675513062e-01 0.000000000000000000e+00
-7.834070796460175234e-01 0.000000000000000000e+00
-7.797935103244835187e-01 0.000000000000000000e+00
-7.761799410029497359e-01 0.000000000000000000e+00
-7.725663716814157311e-01 0.000000000000000000e+00
-7.689528023598817263e-01 0.000000000000000000e+00
-7.653392330383479436e-01 0.000000000000000000e+00
-7.617256637168139388e-01 0.000000000000000000e+00
-7.581120943952799340e-01 0.000000000000000000e+00
-7.544985250737461513e-01 0.000000000000000000e+00
-7.508849557522121465e-01 0.000000000000000000e+00
-7.472713864306783638e-01 0.000000000000000000e+00
-7.436578171091443590e-01 0.000000000000000000e+00
-7.400442477876103542e-01 0.000000000000000000e+00
-7.364306784660765715e-01 0.000000000000000000e+00
-7.328171091445425667e-01 0.000000000000000000e+00
-7.292035398230085619e-01 0.000000000000000000e+00
-7.255899705014747791e-01 0.000000000000000000e+00
-7.219764011799407744e-01 0.000000000000000000e+00
-7.183628318584067696e-01 0.000000000000000000e+00
-7.147492625368729868e-01 0.000000000000000000e+00
-7.111356932153389820e-01 0.000000000000000000e+00
-7.075221238938051993e-01 0.000000000000000000e+00
-7.039085545722711945e-01 0.000000000000000000e+00
-7.002949852507371897e-01 0.000000000000000000e+00
-6.966814159292034070e-01 0.000000000000000000e+00
-6.930678466076694022e-01 0.000000000000000000e+00
-6.894542772861353974e-01 0.000000000000000000e+00
-6.858407079646016147e-01 0.000000000000000000e+00
-6.822271386430676099e-01 0.000000000000000000e+00
-6.786135693215336051e-01 0.000000000000000000e+00
-6.749999999999998224e-01 0.000000000000000000e+00
-6.713864306784658176e-01 0.000000000000000000e+00
-6.677728613569320348e-01 0.000000000000000000e+00
-6.641592920353980301e-01 0.000000000000000000e+00
-6.605457227138640253e-01 0.000000000000000000e+00
-6.569321533923302425e-01 0.000000000000000000e+00
-6.533185840707962377e-01 0.000000000000000000e+00
-6.497050147492622330e-01 0.000000000000000000e+00
-6.460914454277284502e-01 0.000000000000000000e+00
-6.424778761061944454e-01 0.000000000000000000e+00
-6.388643067846604406e-01 0.000000000000000000e+00
-6.352507374631266579e-01 0.000000000000000000e+00
-6.316371681415926531e-01 0.000000000000000000e+00
-6.280235988200588704e-01 0.000000000000000000e+00
-6.244100294985248656e-01 0.000000000000000000e+00
-6.207964601769908608e-01 0.000000000000000000e+00
-6.171828908554570781e-01 0.000000000000000000e+00
-6.135693215339230733e-01 0.000000000000000000e+00
-6.099557522123890685e-01 0.000000000000000000e+00
-6.063421828908552857e-01 0.000000000000000000e+00
-6.027286135693212810e-01 0.000000000000000000e+00
-5.991150442477872762e-01 0.000000000000000000e+00
-5.955014749262534934e-01 0.000000000000000000e+00
-5.918879056047194887e-01 0.000000000000000000e+00
-5.882743362831857059e-01 0.000000000000000000e+00
-5.846607669616517011e-01 0.000000000000000000e+00
-5.810471976401176963e-01 0.000000000000000000e+00
-5.774336283185839136e-01 0.000000000000000000e+00
-5.738200589970499088e-01 0.000000000000000000e+00
-5.702064896755159040e-01 0.000000000000000000e+00
-5.665929203539821213e-01 0.000000000000000000e+00
-5.629793510324481165e-01 0.000000000000000000e+00
-5.593657817109143338e-01 0.000000000000000000e+00
-5.557522123893803290e-01 3.822199542538676657e-317
-5.521386430678463242e-01 3.977707869161982054e-299
-5.485250737463125414e-01 3.966918600350387131e-282
-5.449115044247785367e-01 4.326783246513464709e-266
-5.412979351032445319e-01 5.846955451074258837e-251
-5.376843657817107491e-01 1.101186509406150516e-236
-5.340707964601767443e-01 3.229949413556557486e-223
-5.304572271386427396e-01 1.638539509365308245e-210
-5.268436578171089568e-01 1.587102697988385512e-198
-5.232300884955749520e-01 3.222423275502299509e-187
-5.196165191740411693e-01 1.497786902330037044e-176
-5.160029498525071645e-01 1.731864939410321712e-166
-5.123893805309731597e-01 5.388259962659213660e-157
-5.087758112094393770e-01 4.857459454657334276e-148
-5.051622418879053722e-01 1.360633134662691971e-139
-5.015486725663713674e-01 1.264970893428793784e-131
-4.979351032448375847e-01 4.153856699000600966e-124
-4.943215339233035799e-01 5.109236416832497391e-117
-4.907079646017695751e-01 2.488054189420857129e-110
-4.870943952802357924e-01 5.054445443798170053e-104
-4.834808259587017876e-01 4.500165790793969098e-98
-4.798672566371680048e-01 1.839709959500295449e-92
-4.762536873156340000e-01 3.608457929740647198e-87
-4.726401179940999953e-01 3.539617044038780168e-82
-4.690265486725662125e-01 1.805718762335356291e-77
-4.654129793510322077e-01 4.970993756300550243e-73
-4.617994100294982029e-01 7.646680583810533317e-69
-4.581858407079644202e-01 6.792426877700899699e-65
-4.545722713864304154e-01 3.594027887043096490e-61
-4.509587020648964106e-01 1.166450925973456737e-57
-4.473451327433626279e-01 2.387201140034108583e-54
-4.437315634218286231e-01 3.162156089802104706e-51
-4.401179941002948404e-01 2.778734070649426240e-48
-4.365044247787608356e-01 1.657971317063497534e-45
-4.328908554572268308e-01 6.865994445806196898e-43
-4.292772861356930481e-01 2.014750459525184833e-40
-4.256637168141590433e-01 4.271891788317009586e-38
-4.220501474926250385e-01 6.666733343962729457e-36
-4.184365781710912557e-01 7.792231021041602169e-34
-4.148230088495572510e-01 6.934300452930035647e-32
-4.112094395280232462e-01 4.771658439193872997e-30
-4.075958702064894634e-01 2.576411581953116058e-28
-4.039823008849554586e-01 1.106710574585980262e-26
-4.003687315634216759e-01 3.831594821332113424e-25
-3.967551622418876711e-01 1.082391277031014121e-23
-3.931415929203536663e-01 2.523928761169924993e-22
-3.895280235988198836e-01 4.911342332809740774e-21
-3.859144542772858788e-01 8.057961170178637393e-20
-3.823008849557518740e-01 1.125558738209088177e-18
-3.786873156342180913e-01 1.350842017514232266e-17
-3.750737463126840865e-01 1.405020838123246804e-16
-3.714601769911500817e-01 1.276842543425091457e-15
-3.678466076696162990e-01 1.021648398835445822e-14
-3.642330383480822942e-01 7.249676094905949292e-14
-3.606194690265485114e-01 4.593605297957095285e-13
-3.570058997050145067e-01 2.615793073952549291e-12
-3.533923303834805019e-01 1.346809058827709555e-11
-3.497787610619467191e-01 6.305952058635766015e-11
-3.461651917404127143e-01 2.699514817172127962e-10
-3.425516224188787096e-01 1.062006155919147040e-09
-3.389380530973449268e-01 3.858028826890478485e-09
-3.353244837758109220e-01 1.300091627645505481e-08
-3.317109144542771393e-01 4.081447558730462729e-08
-3.280973451327431345e-01 1.198513651581290137e-07
-3.244837758112091297e-01 3.304592584284847627e-07
-3.208702064896753470e-01 8.586243289595673871e-07
-3.172566371681413422e-01 2.109476319366087271e-06
-3.136430678466073374e-01 4.916146802077540339e-06
-3.100294985250735547e-01 1.090103147935285260e-05
-3.064159292035395499e-01 2.306441559370444417e-05
-3.028023598820055451e-01 4.668945849790284529e-05
-2.991887905604717623e-01 9.065670616173032150e-05
-2.955752212389377576e-01 1.692491270807866544e-04
-2.919616519174039748e-01 3.044948981138571984e-04
-2.883480825958699700e-01 5.290377495916041709e-04
-2.847345132743359652e-01 8.894463687902743687e-04
-2.811209439528021825e-01 1.449783368914821929e-03
-2.775073746312681777e-01 2.295163619843972828e-03
-2.738938053097341729e-01 3.534956958316886905e-03
-2.702802359882003902e-01 5.305246783265294211e-03
-2.666666666666663854e-01 7.770155586498624783e-03
-2.630530973451323806e-01 1.112169667191718371e-02
-2.594395280235985979e-01 1.557790618190969811e-02
-2.558259587020645931e-01 2.137914162195351728e-02
-2.522123893805308104e-01 2.878258704192130160e-02
-2.485988200589968056e-01 3.805516237336627194e-02
-2.449852507374628008e-01 4.946517647407155938e-02
-2.413716814159290180e-01 6.327317424701918436e-02
-2.377581120943950133e-01 7.972249667751131474e-02
-2.341445427728610085e-01 9.903009362798635695e-02
-2.305309734513272257e-01 1.213781036243697792e-01
-2.269174041297932209e-01 1.469066487212262739e-01
-2.233038348082592162e-01 1.757081956393427846e-01
-2.196902654867254334e-01 2.078237185342157178e-01
-2.160766961651914286e-01 2.432407761094279308e-01
-2.124631268436576459e-01 2.818934973803557953e-01
-2.088495575221236411e-01 3.236643651745619854e-01
-2.052359882005896363e-01 3.683876007346680859e-01
-2.016224188790558536e-01 4.158538901013797418e-01
-1.980088495575218488e-01 4.658161542599312255e-01
-1.943952802359878440e-01 5.179960491583649462e-01
-1.907817109144540613e-01 5.720908858956623710e-01
-1.871681415929200565e-01 6.277806818808182587e-01
-1.835545722713860517e-01 6.847350863735173210e-01
-1.799410029498522690e-01 7.426199643213960977e-01
-1.763274336283182642e-01 8.011034669287584453e-01
-1.727138643067844814e-01 8.598614626052036858e-01
-1.691002949852504766e-01 9.185822452028761242e-01
-1.654867256637164719e-01 9.769704758155359769e-01
-1.618731563421826891e-01 1.034750348612497373e+00
-1.582595870206486843e-01 1.091667999538412204e+00
-1.546460176991146795e-01 1.147493199042194156e+00
-1.510324483775808968e-01 1.202020386500038063e+00
-1.474188790560468920e-01 1.255069115136511648e+00
-1.438053097345131093e-01 1.306483982666110100e+00
-1.401917404129791045e-01 1.356134125309145899e+00
-1.365781710914450997e-01 1.403912352038747535e+00
-1.329646017699113170e-01 1.449733992626883738e+00
-1.293510324483773122e-01 1.493535527952069453e+00
-1.257374631268433074e-01 1.535273064709826718e+00
-1.221238938053095247e-01 1.574920709636951521e+00
-1.185103244837755199e-01 1.612468891038876917e+00
-1.148967551622415151e-01 1.647922668125247903e+00
-1.112831858407077323e-01 1.681300061658698830e+00
-1.076696165191737276e-01 1.712630432882024101e+00
-1.040560471976399448e-01 1.741952931724904952e+00
-1.004424778761059400e-01 1.769315029968058228e+00
-9.682890855457193524e-02 1.794771150385167102e+00
-9.321533923303815250e-02 1.818381398887648936e+00
-8.960176991150414771e-02 1.840210403335188705e+00
-8.598820058997014293e-02 1.860326259905031421e+00
-8.237463126843636019e-02 1.878799585682145112e+00
-7.876106194690235540e-02 1.895702674383182629e+00
-7.514749262536835062e-02 1.911108750800939893e+00
-7.153392330383456788e-02 1.925091318594153389e+00
-6.792035398230056309e-02 1.937723595394308607e+00
-6.430678466076678035e-02 1.949078028806447760e+00
-6.069321533923277556e-02 1.959225886695877605e+00
-5.707964601769877078e-02 1.968236915137690834e+00
-5.346607669616498804e-02 1.976179057523338445e+00
-4.985250737463098325e-02 1.983118228536591809e+00
-4.623893805309697846e-02 1.989118137003993647e+00
-4.262536873156319572e-02 1.994240151969176145e+00
-3.901179941002919094e-02 1.998543206717968479e+00
-3.539823008849518615e-02 2.002083735876682535e+00
-3.178466076696140341e-02 2.004915641108085289e+00
-2.817109144542739863e-02 2.007090281327526426e+00
-2.455752212389361588e-02 2.008656483749928778e+00
-2.094395280235961110e-02 2.009660572450566285e+00
-1.733038348082560631e-02 2.010146411474957429e+00
-1.371681415929182357e-02 2.010155459864312544e+00
-1.010324483775781879e-02 2.009726836270016026e+00
-6.489675516223814000e-03 2.008897391114227826e+00
-2.876106194690031259e-03 2.007701784512885723e+00
7.374631268439735265e-04 2.006172526212525842e+00
4.351032448377978312e-03 2.004331756367381701e+00
7.964601769911761053e-03 2.002182173731482440e+00
1.157817109144576584e-02 1.999724088322736515e+00
1.519174041297954858e-02 1.996957969336232042e+00
1.880530973451355337e-02 1.993884444984189708e+00
2.241887905604755815e-02 1.990504302193970565e+00
2.603244837758134089e-02 1.986818486164450448e+00
2.964601769911534568e-02 1.982828099781367426e+00
3.325958702064935046e-02 1.978534402892344168e+00
3.687315634218313321e-02 1.973938811442427443e+00
4.048672566371713799e-02 1.969042896471318027e+00
4.410029498525114278e-02 1.963848382973385265e+00
4.771386430678492552e-02 1.958357148621924004e+00
5.132743362831893030e-02 1.952571222359195779e+00
5.494100294985271304e-02 1.946492782853976644e+00
5.855457227138671783e-02 1.940124156828462842e+00
6.216814159292072262e-02 1.933467817256524723e+00
6.578171091445450536e-02 1.926526381435633706e+00
6.939528023598851014e-02 1.919302608934623455e+00
7.300884955752251493e-02 1.911799399419849443e+00
7.662241887905629767e-02 1.904019790362347475e+00
8.023598820059030245e-02 1.895966954628797829e+00
8.384955752212408520e-02 1.887644197959067904e+00
8.746312684365808998e-02 1.879054956333521487e+00
9.107669616519209477e-02 1.870202793233094685e+00
9.469026548672587751e-02 1.861091396795452990e+00
9.830383480825988229e-02 1.851724576870709349e+00
1.019174041297938871e-01 1.842106261980054560e+00
1.055309734513278919e-01 1.832240496180949973e+00
1.091445427728614526e-01 1.822131435842640590e+00
1.127581120943954573e-01 1.811783346335726463e+00
1.163716814159294621e-01 1.801200598639658423e+00
1.199852507374634669e-01 1.790387665872181122e+00
1.235988200589974717e-01 1.779349119744696672e+00
1.272123893805314765e-01 1.768089626947745963e+00
1.308259587020650372e-01 1.756613945470693938e+00
1.344395280235990420e-01 1.744926920859875441e+00
1.380530973451330468e-01 1.733033482419581661e+00
1.416666666666670515e-01 1.720938639360045652e+00
1.452802359882010563e-01 1.708647476896953288e+00
1.488938053097346170e-01 1.696165152306803536e+00
1.525073746312686218e-01 1.683496890942572932e+00
1.561209439528026266e-01 1.670647982214084948e+00
1.597345132743366314e-01 1.657623775537685029e+00
1.633480825958706362e-01 1.644429676259453910e+00
1.669616519174046410e-01 1.631071141556731829e+00
1.705752212389382017e-01 1.617553676322104117e+00
1.741887905604722064e-01 1.603882829034581459e+00
1.778023598820062112e-01 1.590064187622232561e+00
1.814159292035402160e-01 1.576103375320735855e+00
1.850294985250742208e-01 1.562006046532240511e+00
1.886430678466077815e-01 1.547777882688911255e+00
1.922566371681417863e-01 1.533424588125390287e+00
1.958702064896757911e-01 1.518951885964499260e+00
1.994837758112097958e-01 1.504365514020371775e+00
2.030973451327438006e-01 1.489671220723149059e+00
2.067109144542778054e-01 1.474874761069317142e+00
2.103244837758113661e-01 1.459981892601777353e+00
2.139380530973453709e-01 1.444998371423466654e+00
2.175516224188793757e-01 1.429929948248513494e+00
2.211651917404133805e-01 1.414782364494642897e+00
2.247787610619473853e-01 1.399561348420526485e+00
2.283923303834809460e-01 1.384272611311726742e+00
2.320058997050149507e-01 1.368921843718681197e+00
2.356194690265489555e-01 1.353514711750206212e+00
2.392330383480829603e-01 1.338056853425724668e+00
2.428466076696169651e-01 1.322553875089560016e+00
2.464601769911509699e-01 1.307011347890195463e+00
2.500737463126845306e-01 1.291434804327675767e+00
2.536873156342185354e-01 1.275829734871830601e+00
2.573008849557525402e-01 1.260201584654178308e+00
2.609144542772865449e-01 1.244555750236088665e+00
2.645280235988205497e-01 1.228897576455680429e+00
2.681415929203541104e-01 1.213232353355839344e+00
2.717551622418881152e-01 1.197565313195620762e+00
2.753687315634221200e-01 1.181901627547089939e+00
2.789823008849561248e-01 1.166246404479691412e+00
2.825958702064901296e-01 1.150604685833821694e+00
2.862094395280241343e-01 1.134981444585546617e+00
2.898230088495576950e-01 1.119381582303847322e+00
2.934365781710916998e-01 1.103809926701990518e+00
2.970501474926257046e-01 1.088271229284263342e+00
3.006637168141597094e-01 1.072770163089286743e+00
3.042772861356937142e-01 1.057311320530970766e+00
3.078908554572272749e-01 1.041899211338003894e+00
3.115044247787612797e-01 1.026538260592681828e+00
3.151179941002952845e-01 1.011232806869748924e+00
3.187315634218292892e-01 9.959871004757190338e-01
3.223451327433632940e-01 9.808053017891460446e-01
3.259587020648972988e-01 9.656914797020563768e-01
3.295722713864308595e-01 9.506496101626868978e-01
3.331858407079648643e-01 9.356835748195915237e-01
3.367994100294988691e-01 9.207971597669638575e-01
3.404129793510328739e-01 9.059940543909483779e-01
3.440265486725668787e-01 8.912778503166081112e-01
3.476401179941004393e-01 8.766520404551001455e-01
3.512536873156344441e-01 8.621200181504216076e-01
3.548672566371684489e-01 8.476850764251168124e-01
3.584808259587024537e-01 8.333504073241043697e-01
3.620943952802364585e-01 8.191191013556741174e-01
3.657079646017700192e-01 8.049941470287588219e-01
3.693215339233040240e-01 7.909784304852742753e-01
3.729351032448380288e-01 7.770747352263663865e-01
3.765486725663720335e-01 7.632857419312758518e-01
3.801622418879060383e-01 7.496140283674107563e-01
3.837758112094400431e-01 7.360620693901643863e-01
3.873893805309736038e-01 7.226322370309460341e-01
3.910029498525076086e-01 7.093268006717398100e-01
3.946165191740416134e-01 6.961479273045377836e-01
3.982300884955756182e-01 6.830976818738185852e-01
4.018436578171096230e-01 6.701780277002629127e-01
4.054572271386431837e-01 6.573908269837581697e-01
4.090707964601771884e-01 6.447378413837164812e-01
4.126843657817111932e-01 6.322207326747310008e-01
4.162979351032451980e-01 6.198410634754123461e-01
4.199115044247792028e-01 6.076002980483209415e-01
4.235250737463132076e-01 5.954998031687817051e-01
4.271386430678467683e-01 5.835408490604252485e-01
4.307522123893807731e-01 5.717246103951115765e-01
4.343657817109147778e-01 5.600521673550259427e-01
4.379793510324487826e-01 5.485245067545985176e-01
4.415929203539827874e-01 5.371425232198715483e-01
4.452064896755163481e-01 5.259070204230121837e-01
4.488200589970503529e-01 5.148187123695214806e-01
4.524336283185843577e-01 5.038782247358021271e-01
4.560471976401183625e-01 4.930860962546204651e-01
4.596607669616523673e-01 4.824427801460615117e-01
4.632743362831863720e-01 4.719486455915979928e-01
4.668879056047199327e-01 4.616039792487566795e-01
4.705014749262539375e-01 4.514089868040706555e-01
4.741150442477879423e-01 4.413637945618256175e-01
4.777286135693219471e-01 4.314684510662258887e-01
4.813421828908559519e-01 4.217229287545876670e-01
4.849557522123895126e-01 4.121271256391689231e-01
4.885693215339235174e-01 4.026808670152940417e-01
4.921828908554575222e-01 3.933839071934303044e-01
4.957964601769915269e-01 3.842359312528936810e-01
4.994100294985255317e-01 3.752365568149013120e-01
5.030235988200595365e-01 3.663853358327116561e-01
5.066371681415930972e-01 3.576817563966393498e-01
5.102507374631271020e-01 3.491252445517167291e-01
5.138643067846611068e-01 3.407151661258844833e-01
5.174778761061951116e-01 3.324508285665597196e-01
5.210914454277291163e-01 3.243314827835300229e-01
5.247050147492626770e-01 3.163563249960998358e-01
5.283185840707966818e-01 3.085244985825363329e-01
5.319321533923306866e-01 3.008350959298418670e-01
5.355457227138646914e-01 2.932871602819493440e-01
5.391592920353986962e-01 2.858796875845027730e-01
5.427728613569327010e-01 2.786116283244038372e-01
5.463864306784662617e-01 2.714818893623957563e-01
5.500000000000002665e-01 2.644893357569457759e-01
5.536135693215342712e-01 2.576327925778238992e-01
5.572271386430682760e-01 2.509110467077575457e-01
5.608407079646022808e-01 2.443228486306139036e-01
5.644542772861358415e-01 2.378669142046722640e-01
5.680678466076698463e-01 2.315419264195102689e-01
5.716814159292038511e-01 2.253465371351595636e-01
5.752949852507378559e-01 2.192793688022202647e-01
5.789085545722718606e-01 2.133390161616744440e-01
5.825221238938058654e-01 2.075240479231797719e-01
5.861356932153394261e-01 2.018330084207496655e-01
5.897492625368734309e-01 1.962644192446897640e-01
5.933628318584074357e-01 1.908167808487965522e-01
5.969764011799414405e-01 1.854885741318319792e-01
6.005899705014754453e-01 1.802782619923782581e-01
6.042035398230090060e-01 1.751842908562079304e-01
6.078171091445430108e-01 1.702050921753712753e-01
6.114306784660770155e-01 1.653390838982796429e-01
6.150442477876110203e-01 1.605846719100617881e-01
6.186578171091450251e-01 1.559402514425976549e-01
6.222713864306790299e-01 1.514042084536354194e-01
6.258849557522125906e-01 1.469749209744612983e-01
6.294985250737465954e-01 1.426507604256713468e-01
6.331120943952806002e-01 1.384300929006006819e-01
6.367256637168146050e-01 1.343112804160645490e-01
6.403392330383486097e-01 1.302926821300672833e-01
6.439528023598821704e-01 1.263726555262341122e-01
6.475663716814161752e-01 1.225495575647155971e-01
6.511799410029501800e-01 1.188217457994170112e-01
6.547935103244841848e-01 1.151875794613886339e-01
6.584070796460181896e-01 1.116454205083230594e-01
6.620206489675521944e-01 1.081936346400840521e-01
6.656342182890857551e-01 1.048305922802929002e-01
6.692477876106197598e-01 1.015546695239833846e-01
6.728613569321537646e-01 9.836424905142748809e-02
6.764749262536877694e-01 9.525772100822427202e-02
6.800884955752217742e-01 9.223348385182032760e-02
6.837020648967553349e-01 8.928994516463981124e-02
6.873156342182893397e-01 8.642552243404338919e-02
6.909292035398233445e-01 8.363864379937685500e-02
6.945427728613573493e-01 8.092774876638399173e-02
6.981563421828913540e-01 7.829128888930304841e-02
7.017699115044253588e-01 7.572772842098909885e-02
7.053834808259589195e-01 7.323554493142461763e-02
7.089970501474929243e-01 7.081322989502270016e-02
7.126106194690269291e-01 6.845928924713404196e-02
7.162241887905609339e-01 6.617224391020057328e-02
7.198377581120949387e-01 6.395063029002197308e-02
7.234513274336284994e-01 6.179300074261499104e-02
7.270648967551625041e-01 5.969792401216869604e-02
7.306784660766965089e-01 5.766398564061638032e-02
7.342920353982305137e-01 5.568978834935844197e-02
7.379056047197645185e-01 5.377395239368684687e-02
7.415191740412985233e-01 5.191511589047845265e-02
7.451327433628320840e-01 5.011193511973056902e-02
7.487463126843660888e-01 4.836308480052924769e-02
7.523598820059000936e-01 4.666725834204865642e-02
7.559734513274340983e-01 4.502316807018825334e-02
7.595870206489681031e-01 4.342954543046267935e-02
7.632005899705016638e-01 4.188514116776749507e-02
7.668141592920356686e-01 4.038872548364533938e-02
7.704277286135696734e-01 3.893908817168991593e-02
7.740412979351036782e-01 3.753503873171630534e-02
7.776548672566376830e-01 3.617540646334201776e-02
7.812684365781712437e-01 3.485904053961366711e-02
7.848820058997052485e-01 3.358481006132479213e-02
7.884955752212392532e-01 3.235160409265919884e-02
7.921091445427732580e-01 3.115833167880321594e-02
7.957227138643072628e-01 3.000392184616446078e-02
7.993362831858412676e-01 2.888732358582662280e-02
8.029498525073748283e-01 2.780750582087897910e-02
8.065634218289088331e-01 2.676345735823942515e-02
8.101769911504428379e-01 2.575418682560087422e-02
8.137905604719768426e-01 2.477872259411187730e-02
8.174041297935108474e-01 2.383611268740477851e-02
8.210176991150444081e-01 2.292542467757356303e-02
8.246312684365784129e-01 2.204574556869956167e-02
8.282448377581124177e-01 2.119618166851157740e-02
8.318584070796464225e-01 2.037585844876295058e-02
8.354719764011804273e-01 1.958392039489299449e-02
8.390855457227144321e-01 1.881953084554019093e-02
8.426991150442479928e-01 1.808187182245567584e-02
8.463126843657819975e-01 1.737014385136007380e-02
8.499262536873160023e-01 1.668356577427846515e-02
8.535398230088500071e-01 1.602137455387116910e-02
8.571533923303840119e-01 1.538282507027400985e-02
8.607669616519175726e-01 1.476718991094418988e-02
8.643805309734515774e-01 1.417375915400336667e-02
8.679941002949855822e-01 1.360184014555122951e-02
8.716076696165195870e-01 1.305075727141430560e-02
8.752212389380535917e-01 1.251985172378271109e-02
8.788348082595875965e-01 1.200848126317652191e-02
8.824483775811211572e-01 1.151601997616662383e-02
8.860619469026551620e-01 1.104185802926806008e-02
8.896755162241891668e-01 1.058540141940863578e-02
8.932890855457231716e-01 1.014607172136356740e-02
8.969026548672571764e-01 9.723305832533809048e-03
9.005162241887907371e-01 9.316555715436542276e-03
9.041297935103247418e-01 8.925288138257754175e-03
9.077433628318587466e-01 8.548984413811784241e-03
9.113569321533927514e-01 8.187140137234682688e-03
9.149705014749267562e-01 7.839264922727911741e-03
9.185840707964607610e-01 7.504882139658645805e-03
9.221976401179943217e-01 7.183528648307320810e-03
9.258112094395283265e-01 6.874754535543863010e-03
9.294247787610623313e-01 6.578122850701344053e-03
9.330383480825963360e-01 6.293209341903385073e-03
9.366519174041303408e-01 6.019602193091700380e-03
9.402654867256639015e-01 5.756901761987650960e-03
9.438790560471979063e-01 5.504720319210106537e-03
9.474926253687319111e-01 5.262681788762839721e-03
9.511061946902659159e-01 5.030421490091264644e-03
9.547197640117999207e-01 4.807585881900312830e-03
9.583333333333339255e-01 4.593832307912490594e-03
9.619469026548674861e-01 4.388828744737166034e-03
9.655604719764014909e-01 4.192253552009759035e-03
9.691740412979354957e-01 4.003795224952710202e-03
9.727876106194695005e-01 3.823152149497474096e-03
9.764011799410035053e-01 3.650032360099838072e-03
9.800147492625370660e-01 3.484153300370828286e-03
9.836283185840710708e-01 3.325241586636693697e-03
9.872418879056050756e-01 3.173032774533273131e-03
9.908554572271390803e-01 3.027271128731160929e-03
9.944690265486730851e-01 2.887709395880799085e-03
9.980825958702070899e-01 2.754108580857910285e-03
1.001696165191740651e+00 2.626237726383083906e-03
1.005309734513274655e+00 2.503873696080985162e-03
1.008923303834808660e+00 2.386800961038634643e-03
1.012536873156342665e+00 2.274811389914411369e-03
1.016150442477876670e+00 2.167704042643638085e-03
1.019764011799410230e+00 2.065284967779737989e-03
1.023377581120944235e+00 1.967367003504012432e-03
1.026991150442478240e+00 1.873769582331740943e-03
1.030604719764012245e+00 1.784318539535526948e-03
1.034218289085546250e+00 1.698845925302832011e-03
1.037831858407080254e+00 1.617189820638313159e-03
1.041445427728613815e+00 1.539194157017597731e-03
1.045058997050147820e+00 1.464708539793603157e-03
1.048672566371681825e+00 1.393588075352846433e-03
1.052286135693215829e+00 1.325693202014247528e-03
1.055899705014749834e+00 1.260889524659370049e-03
1.059513274336283395e+00 1.199047653078946785e-03
1.063126843657817400e+00 1.140043044017118815e-03
1.066740412979351404e+00 1.083755846891260076e-03
1.070353982300885409e+00 1.030070753162016595e-03
1.073967551622419414e+00 9.788768493253002453e-04
1.077581120943953419e+00 9.300674734950117786e-04
1.081194690265486980e+00 8.835400755426787078e-04
1.084808259587020984e+00 8.391960807576645054e-04
1.088421828908554989e+00 7.969407569893014257e-04
1.092035398230088994e+00 7.566830852301418111e-04
1.095648967551622999e+00 7.183356335976104259e-04
1.099262536873156559e+00 6.818144346694057084e-04
1.102876106194690564e+00 6.470388661263841087e-04
1.106489675516224569e+00 6.139315346551561543e-04
1.110103244837758574e+00 5.824181630611493469e-04
1.113716814159292579e+00 5.524274805417453676e-04
1.117330383480826583e+00 5.238911160678306556e-04
1.120943952802360144e+00 4.967434948213585947e-04
1.124557522123894149e+00 4.709217376352663035e-04
1.128171091445428154e+00 4.463655633818103328e-04
1.131784660766962158e+00 4.230171942542314940e-04
1.135398230088496163e+00 4.008212638865433033e-04
1.139011799410029724e+00 3.797247282555590050e-04
1.142625368731563729e+00 3.596767793089936018e-04
1.146238938053097733e+00 3.406287612632897025e-04
1.149852507374631738e+00 3.225340895145447826e-04
1.153466076696165743e+00 3.053481721059289459e-04
1.157079646017699748e+00 2.890283336949723007e-04
1.160693215339233308e+00 2.735337419641636772e-04
1.164306784660767313e+00 2.588253364184280167e-04
1.167920353982301318e+00 2.448657595133803375e-04
1.171533923303835323e+00 2.316192900583323802e-04
1.175147492625369328e+00 2.190517788386293322e-04
1.178761061946902888e+00 2.071305864020480173e-04
1.182374631268436893e+00 1.958245229545950341e-04
1.185988200589970898e+00 1.851037903115088556e-04
1.189601769911504903e+00 1.749399258497148335e-04
1.193215339233038907e+00 1.653057484087566567e-04
1.196828908554572468e+00 1.561753060876548845e-04
1.200442477876106473e+00 1.475238258859411147e-04
1.204056047197640478e+00 1.393276651377404205e-04
1.207669616519174483e+00 1.315642646885420560e-04
1.211283185840708487e+00 1.242121037649853831e-04
1.214896755162242492e+00 1.172506564888497088e-04
1.218510324483776053e+00 1.106603499871614319e-04
1.222123893805310058e+00 1.044225240511735742e-04
1.225737463126844062e+00 9.851939229783250737e-05
1.229351032448378067e+00 9.293400478814361099e-05
1.232964601769912072e+00 8.765021205776871356e-05
1.236578171091445633e+00 8.265263051601273996e-05
1.240191740412979637e+00 7.792660917026732897e-05
1.243805309734513642e+00 7.345819763387137263e-05
1.247418879056047647e+00 6.923411537621653713e-05
1.251032448377581652e+00 6.524172217486127426e-05
1.254646017699115657e+00 6.146898973029011671e-05
1.258259587020649217e+00 5.790447440487293612e-05
1.261873156342183222e+00 5.453729104847163572e-05
1.265486725663717227e+00 5.135708787405667393e-05
1.269100294985251232e+00 4.835402234756733052e-05
1.272713864306785236e+00 4.551873805716489060e-05
1.276327433628318797e+00 4.284234252790728364e-05
1.279941002949852802e+00 4.031638594874943887e-05
1.283554572271386807e+00 3.793284077965735794e-05
1.287168141592920811e+00 3.568408220747375801e-05
1.290781710914454816e+00 3.356286942004358976e-05
1.294395280235988821e+00 3.156232766894910314e-05
1.298008849557522382e+00 2.967593109203402917e-05
1.301622418879056386e+00 2.789748626772779229e-05
1.305235988200590391e+00 2.622111647399352424e-05
1.308849557522124396e+00 2.464124662551526424e-05
1.312463126843658401e+00 2.315258886354139550e-05
1.316076696165191962e+00 2.175012877356357295e-05
1.319690265486725966e+00 2.042911220677738165e-05
1.323303834808259971e+00 1.918503268202124685e-05
1.326917404129793976e+00 1.801361934561462148e-05
1.330530973451327981e+00 1.691082546724475535e-05
1.334144542772861985e+00 1.587281745074841150e-05
1.337758112094395546e+00 1.489596433933068643e-05
1.341371681415929551e+00 1.397682779543231363e-05
1.344985250737463556e+00 1.311215253612141814e-05
1.348598820058997561e+00 1.229885720552543209e-05
1.352212389380531565e+00 1.153402566645521134e-05
1.355825958702065126e+00 1.081489869398073606e-05
1.359439528023599131e+00 1.013886605432251238e-05
1.363053097345133136e+00 9.503458953006028558e-06
1.366666666666667140e+00 8.906342836794693644e-06
1.370280235988201145e+00 8.345310534471974223e-06
1.373893805309735150e+00 7.818275722085525750e-06
1.377507374631268711e+00 7.323266698787182389e-06
1.381120943952802715e+00 6.858420459916587955e-06
1.384734513274336720e+00 6.421977054470932185e-06
1.388348082595870725e+00 6.012274214585723147e-06
1.391961651917404730e+00 5.627742245118546666e-06
1.395575221238938290e+00 5.266899161883327621e-06
1.399188790560472295e+00 4.928346067521509956e-06
1.402802359882006300e+00 4.610762754424458546e-06
1.406415929203540305e+00 4.312903524534859278e-06
1.410029498525074310e+00 4.033593216254606850e-06
1.413643067846608314e+00 3.771723429077110067e-06
1.417256637168141875e+00 3.526248936933828697e-06
1.420870206489675880e+00 3.296184281611550519e-06
1.424483775811209885e+00 3.080600537945480972e-06
1.428097345132743889e+00 2.878622242833572175e-06
1.431710914454277894e+00 2.689424480445447324e-06
1.435324483775811455e+00 2.512230116315593717e-06
1.438938053097345460e+00 2.346307173315801795e-06
1.442551622418879465e+00 2.190966342797799954e-06
1.446165191740413469e+00 2.045558624479517414e-06
1.449778761061947474e+00 1.909473088924815443e-06
1.453392330383481479e+00 1.782134756728918787e-06
1.457005899705015040e+00 1.663002588777585424e-06
1.460619469026549044e+00 1.551567582192376673e-06
1.464233038348083049e+00 1.447350966811297379e-06
1.467846607669617054e+00 1.349902497280027653e-06
1.471460176991151059e+00 1.258798836048628091e-06
1.475073746312684619e+00 1.173642022777839510e-06
1.478687315634218624e+00 1.094058025861304738e-06
1.482300884955752629e+00 1.019695371964302537e-06
1.485914454277286634e+00 9.502238496655815831e-07
1.489528023598820639e+00 8.853332834679983542e-07
1.493141592920354643e+00 8.247323746156951564e-07
1.496755162241888204e+00 7.681476053199606611e-07
1.500368731563422209e+00 7.153222031543929567e-07
1.503982300884956214e+00 6.660151625315364716e-07
1.507595870206490218e+00 6.200003203182105740e-07
1.511209439528024223e+00 5.770654827865494885e-07
1.514823008849557784e+00 5.370116012306568652e-07
1.518436578171091789e+00 4.996519937069259495e-07
1.522050147492625793e+00 4.648116104781477775e-07
1.525663716814159798e+00 4.323263408586967154e-07
1.529277286135693803e+00 4.020423592699630055e-07
1.532890855457227808e+00 3.738155084224129542e-07
1.536504424778761368e+00 3.475107176429070330e-07
1.540117994100295373e+00 3.230014544638470482e-07
1.543731563421829378e+00 3.001692076842131003e-07
1.547345132743363383e+00 2.789030002018487647e-07
1.550958702064897388e+00 2.590989300015775132e-07
1.554572271386430948e+00 2.406597377652399365e-07
1.558185840707964953e+00 2.234943996473475446e-07
1.561799410029498958e+00 2.075177438341705269e-07
1.565412979351032963e+00 1.926500895747802260e-07
1.569026548672566967e+00 1.788169074399019414e-07
1.572640117994100972e+00 1.659484996287346979e-07
1.576253687315634533e+00 1.539796992050277657e-07
1.579867256637168538e+00 1.428495872020198951e-07
1.583480825958702543e+00 1.325012265913894858e-07
1.587094395280236547e+00 1.228814121641819969e-07
1.590707964601770552e+00 1.139404354219754324e-07
1.594321533923304113e+00 1.056318636244518745e-07
1.597935103244838118e+00 9.791233218500325542e-08
1.601548672566372122e+00 9.074134964933424021e-08
1.605162241887906127e+00 8.408111453314769677e-08
1.608775811209440132e+00 7.789634333411296494e-08
1.612389380530973693e+00 7.215410907049383771e-08
1.616002949852507697e+00 6.682368973405553408e-08
1.619616519174041702e+00 6.187642607845486614e-08
1.623230088495575707e+00 5.728558819605544565e-08
1.626843657817109712e+00 5.302625036636091523e-08
1.630457227138643717e+00 4.907517368787004333e-08
1.634070796460177277e+00 4.541069603234146939e-08
1.637684365781711282e+00 4.201262888621895549e-08
1.641297935103245287e+00 3.886216066839801877e-08
1.644911504424779292e+00 3.594176613664259076e-08
1.648525073746313296e+00 3.323512151692288796e-08
1.652138643067846857e+00 3.072702501069543786e-08
1.655752212389380862e+00 2.840332235483271569e-08
1.659365781710914867e+00 2.625083712753309444e-08
1.662979351032448871e+00 2.425730551115944388e-08
1.666592920353982876e+00 2.241131523965628846e-08
1.670206489675516881e+00 2.070224847394725226e-08
1.673820058997050442e+00 1.912022836365939325e-08
1.677433628318584447e+00 1.765606906761070411e-08
1.681047197640118451e+00 1.630122901885076628e-08
1.684660766961652456e+00 1.504776723262557042e-08
1.688274336283186461e+00 1.388830246756017055e-08
1.691887905604720022e+00 1.281597506158598622e-08
1.695501474926254026e+00 1.182441127476009002e-08
1.699115044247788031e+00 1.090768998114544819e-08
1.702728613569322036e+00 1.006031156138141095e-08
1.706342182890856041e+00 9.277168856492993274e-09
1.709955752212390045e+00 8.553520051912345690e-09
1.713569321533923606e+00 7.884963368617734412e-09
1.717182890855457611e+00 7.267413445783511446e-09
1.720796460176991616e+00 6.697079306387463856e-09
1.724410029498525621e+00 6.170443803868844510e-09
1.728023598820059625e+00 5.684244454193588964e-09
1.731637168141593186e+00 5.235455563580622202e-09
1.735250737463127191e+00 4.821271567696777626e-09
1.738864306784661196e+00 4.439091503357255912e-09
1.742477876106195200e+00 4.086504538686469304e-09
1.746091445427729205e+00 3.761276492325884169e-09
1.749705014749263210e+00 3.461337276629970070e-09
1.753318584070796771e+00 3.184769203885529251e-09
1.756932153392330775e+00 2.929796098442422994e-09
1.760545722713864780e+00 2.694773161261870854e-09
1.764159292035398785e+00 2.478177536790306805e-09
1.767772861356932790e+00 2.278599535263269738e-09
1.771386430678466350e+00 2.094734466544208271e-09
1.775000000000000355e+00 1.925375044423571307e-09
1.778613569321534360e+00 1.769404322949057829e-09
1.782227138643068365e+00 1.625789128841576854e-09
1.785840707964602370e+00 1.493573956383907268e-09
1.789454277286136374e+00 1.371875293354082068e-09
1.793067846607669935e+00 1.259876348628131574e-09
1.796681415929203940e+00 1.156822153999204648e-09
1.800294985250737945e+00 1.062015014563705698e-09
1.803908554572271949e+00 9.748102837148347064e-10
1.807522123893805954e+00 8.946124403677125818e-10
1.811135693215339515e+00 8.208714475237176109e-10
1.814749262536873520e+00 7.530793726711859536e-10
1.818362831858407525e+00 6.907672518208238128e-10
1.821976401179941529e+00 6.335021801920396224e-10
1.825589970501475534e+00 5.808846137066447410e-10
1.829203539823009539e+00 5.325458665128810510e-10
1.832817109144543100e+00 4.881457907608464937e-10
1.836430678466077104e+00 4.473706257836732590e-10
1.840044247787611109e+00 4.099310047115057995e-10
1.843657817109145114e+00 3.755601073613228155e-10
1.847271386430679119e+00 3.440119490080545068e-10
1.850884955752212679e+00 3.150597953551726531e-10
1.854498525073746684e+00 2.884946946883680597e-10
1.858112094395280689e+00 2.641241188178645172e-10
1.861725663716814694e+00 2.417707049952599665e-10
1.865339233038348699e+00 2.212710915328335536e-10
1.868952802359882703e+00 2.024748403591672265e-10
1.872566371681416264e+00 1.852434402167428726e-10
1.876179941002950269e+00 1.694493846477241149e-10
1.879793510324484274e+00 1.549753193247165316e-10
1.883407079646018278e+00 1.417132536662901108e-10
1.887020648967552283e+00 1.295638320341703448e-10
1.890634218289085844e+00 1.184356601416779789e-10
1.894247787610619849e+00 1.082446826132170160e-10
1.897861356932153853e+00 9.891360792345772038e-11
1.901474926253687858e+00 9.037137721396906488e-11
1.905088495575221863e+00 8.255267373568276620e-11
1.908702064896755868e+00 7.539746989884487718e-11
1.912315634218289429e+00 6.885060912930428793e-11
1.915929203539823433e+00 6.286141993204133104e-11
1.919542772861357438e+00 5.738335975091513541e-11
1.923156342182891443e+00 5.237368638845082462e-11
1.926769911504425448e+00 4.779315491217875401e-11
1.930383480825959008e+00 4.360573812523743282e-11
1.933997050147493013e+00 3.977836881954057726e-11
1.937610619469027018e+00 3.628070216044284778e-11
1.941224188790561023e+00 3.308489667321572680e-11
1.944837758112095027e+00 3.016541241442776076e-11
1.948451327433629032e+00 2.749882501602247777e-11
1.952064896755162593e+00 2.506365438714405732e-11
1.955678466076696598e+00 2.284020694901842775e-11
1.959292035398230603e+00 2.081043036198866629e-11
1.962905604719764607e+00 1.895777978153617471e-11
1.966519174041298612e+00 1.726709475225025479e-11
1.970132743362832173e+00 1.572448591559349821e-11
1.973746312684366178e+00 1.431723076934979138e-11
1.977359882005900182e+00 1.303367777414797023e-11
1.980973451327434187e+00 1.186315815575664781e-11
1.984587020648968192e+00 1.079590480124939050e-11
1.988200589970502197e+00 9.822977692903197168e-12
1.991814159292035757e+00 8.936195366089841860e-12
1.995427728613569762e+00 8.128071916675848467e-12
1.999041297935103767e+00 7.391759119807367141e-12
2.002654867256637772e+00 6.720993255594761563e-12
2.006268436578171777e+00 6.110046268365487705e-12
2.009882005899705337e+00 5.553680914964408073e-12
2.013495575221239342e+00 5.047109584240493638e-12
2.017109144542773347e+00 4.585956494514580019e-12
2.020722713864307352e+00 4.166222998622296064e-12
2.024336283185841356e+00 3.784255747202927374e-12
2.027949852507374917e+00 3.436717480389101560e-12
2.031563421828908922e+00 3.120560236052926197e-12
2.035176991150442927e+00 2.833000779399874438e-12
2.038790560471976931e+00 2.571498074064928255e-12
2.042404129793510936e+00 2.333732629054293187e-12
2.046017699115044941e+00 2.117587568977648826e-12
2.049631268436578502e+00 1.921131287108778558e-12
2.053244837758112507e+00 1.742601551974088496e-12
2.056858407079646511e+00 1.580390948467353310e-12
2.060471976401180516e+00 1.433033543989422975e-12
2.064085545722714521e+00 1.299192678875214518e-12
2.067699115044248082e+00 1.177649788450231013e-12
2.071312684365782086e+00 1.067294171508946602e-12
2.074926253687316091e+00 9.671136268741921250e-13
2.078539823008850096e+00 8.761858860242241353e-13
2.082153392330384101e+00 7.936707756051912995e-13
2.085766961651918106e+00 7.188030490167103225e-13
2.089380530973451666e+00 6.508858312048513907e-13
2.092994100294985671e+00 5.892846253508922306e-13
2.096607669616519676e+00 5.334218343369939303e-13
2.100221238938053236e+00 4.827717537283813786e-13
2.103834808259587685e+00 4.368559965626773508e-13
2.107448377581121246e+00 3.952393135037237422e-13
2.111061946902655695e+00 3.575257749217050900e-13
2.114675516224189256e+00 3.233552842249711782e-13
2.118289085545722816e+00 2.924003943090680421e-13
2.121902654867257265e+00 2.643634013241747364e-13
2.125516224188790826e+00 2.389736921081248423e-13
2.129129793510325275e+00 2.159853236042783200e-13
2.132743362831858835e+00 1.951748143953389372e-13
2.136356932153393284e+00 1.763391301478654780e-13
2.139970501474926845e+00 1.592938462903293863e-13
2.143584070796460406e+00 1.438714726502263983e-13
2.147197640117994855e+00 1.299199260633959334e-13
2.150811209439528415e+00 1.173011381502531119e-13
2.154424778761062864e+00 1.058897865377511606e-13
2.158038348082596425e+00 9.557213880048346126e-14
2.161651917404129986e+00 8.624499930626926018e-14
2.165265486725664434e+00 7.781474998802827387e-14
2.168879056047197995e+00 7.019647683034117769e-14
2.172492625368732444e+00 6.331317456186188218e-14
2.176106194690266005e+00 5.709502268871975065e-14
2.179719764011799565e+00 5.147872659397747064e-14
2.183333333333334014e+00 4.640691796870199477e-14
2.186946902654867575e+00 4.182760933506092432e-14
2.190560471976402024e+00 3.769369787506057418e-14
2.194174041297935585e+00 3.396251419336265349e-14
2.197787610619469145e+00 3.059541202228588495e-14
2.201401179941003594e+00 2.755739522453620910e-14
2.205014749262537155e+00 2.481677876705295405e-14
2.208628318584071604e+00 2.234488063007146391e-14
2.212241887905605164e+00 2.011574188141219692e-14
2.215855457227138725e+00 1.810587238903938639e-14
2.219469026548673174e+00 1.629401986719894709e-14
2.223082595870206735e+00 1.466096015449011095e-14
2.226696165191741184e+00 1.318930680781332995e-14
2.230309734513274744e+00 1.186333826567389895e-14
2.233923303834809193e+00 1.066884098914114410e-14
2.237536873156342754e+00 9.592967130195090708e-15
2.241150442477876314e+00 8.624105406269127774e-15
2.244764011799410763e+00 7.751763977660198754e-15
2.248377581120944324e+00 6.966464232020938607e-15
2.251991150442478773e+00 6.259644478281913871e-15
2.255604719764012334e+00 5.623572641886433361e-15
2.259218289085545894e+00 5.051267134859799163e-15
2.262831858407080343e+00 4.536425148710050233e-15
2.266445427728613904e+00 4.073357686031711746e-15
2.270058997050148353e+00 3.656930708569117463e-15
2.273672566371681913e+00 3.282511835891551101e-15
2.277286135693215474e+00 2.945922080210702355e-15
2.280899705014749923e+00 2.643392149687214436e-15
2.284513274336283484e+00 2.371522895201364437e-15
2.288126843657817933e+00 2.127249514388970523e-15
2.291740412979351493e+00 1.907809162088539900e-15
2.295353982300885054e+00 1.710711648516726182e-15
2.298967551622419503e+00 1.533712935771265650e-15
2.302581120943953064e+00 1.374791169898754029e-15
2.306194690265487512e+00 1.232125010000276572e-15
2.309808259587021073e+00 1.104074037890663715e-15
2.313421828908555522e+00 9.891610518685423769e-16
2.317035398230089083e+00 8.860560663795930474e-16
2.320648967551622643e+00 7.935618559156745183e-16
2.324262536873157092e+00 7.106008965482851566e-16
2.327876106194690653e+00 6.362035721702030035e-16
2.331489675516225102e+00 5.694975249434387092e-16
2.335103244837758663e+00 5.096980407376036198e-16
2.338716814159292223e+00 4.560993705878388048e-16
2.342330383480826672e+00 4.080668985060780044e-16
2.345943952802360233e+00 3.650300744227275379e-16
2.349557522123894682e+00 3.264760386995390383e-16
2.353171091445428242e+00 2.919438716079047234e-16
2.356784660766961803e+00 2.610194074741525854e-16
2.360398230088496252e+00 2.333305589145974401e-16
2.364011799410029813e+00 2.085431017707921066e-16
2.367625368731564262e+00 1.863568760585493307e-16
2.371238938053097822e+00 1.665023625077829385e-16
2.374852507374631383e+00 1.487375981335502322e-16
2.378466076696165832e+00 1.328453977795518630e-16
2.382079646017699393e+00 1.186308517465212677e-16
2.385693215339233841e+00 1.059190724902459669e-16
2.389306784660767402e+00 9.455316597497081906e-17
2.392920353982301851e+00 8.439240562267695247e-17
2.396533923303835412e+00 7.531058893034928403e-17
2.400147492625368972e+00 6.719455875628975401e-17
2.403761061946903421e+00 5.994287302208488007e-17
2.407374631268436982e+00 5.346460815578220285e-17
2.410988200589971431e+00 4.767828302999084359e-17
2.414601769911504991e+00 4.251089144016497848e-17
2.418215339233038552e+00 3.789703233587531448e-17
2.421828908554573001e+00 3.377812807340546011e-17
2.425442477876106562e+00 3.010172191188239944e-17
2.429056047197641011e+00 2.682084683701329892e-17
2.432669616519174571e+00 2.389345857522083269e-17
2.436283185840708132e+00 2.128192636420072070e-17
2.439896755162242581e+00 1.895257568106244339e-17
2.443510324483776142e+00 1.687527770262735375e-17
2.447123893805310590e+00 1.502308079005617928e-17
2.450737463126844151e+00 1.337187975717177711e-17
2.454351032448377712e+00 1.190011910334064484e-17
2.457964601769912161e+00 1.058852677209206888e-17
2.461578171091445721e+00 9.419875339663015548e-18
2.465191740412980170e+00 8.378767846989194519e-18
2.468805309734513731e+00 7.451445767578043384e-18
2.472418879056048180e+00 6.625616855111725403e-18
2.476032448377581741e+00 5.890300841238614013e-18
2.479646017699115301e+00 5.235691158194484672e-18
2.483259587020649750e+00 4.653031044865084338e-18
2.486873156342183311e+00 4.134502560597678716e-18
2.490486725663717760e+00 3.673127180302088595e-18
2.494100294985251320e+00 3.262676778748838308e-18
2.497713864306784881e+00 2.897593932925876001e-18
2.501327433628319330e+00 2.572920580192102142e-18
2.504941002949852891e+00 2.284234167929093098e-18
2.508554572271387340e+00 2.027590518537780139e-18
2.512168141592920900e+00 1.799472712914293907e-18
2.515781710914454461e+00 1.596745366842285708e-18
2.519395280235988910e+00 1.416613738860199975e-18
2.523008849557522471e+00 1.256587165799745471e-18
2.526622418879056919e+00 1.114446374002728927e-18
2.530235988200590480e+00 9.882142607829272366e-19
2.533849557522124041e+00 8.761297825293294481e-19
2.537463126843658490e+00 7.766246234273298929e-19
2.541076696165192050e+00 6.883023525227532137e-19
2.544690265486726499e+00 6.099198071593424168e-19
2.548303834808260060e+00 5.403704680293398864e-19
2.551917404129794509e+00 4.786696154977990792e-19
2.555530973451328070e+00 4.239410787791743779e-19
2.559144542772861630e+00 3.754054092100136843e-19
2.562758112094396079e+00 3.323693265032686525e-19
2.566371681415929640e+00 2.942163026929794222e-19
2.569985250737464089e+00 2.603981626669083966e-19
2.573598820058997649e+00 2.304275929069444891e-19
2.577212389380531210e+00 2.038714614599752406e-19
2.580825958702065659e+00 1.803448623826713482e-19
2.584439528023599220e+00 1.595058070610144923e-19
2.588053097345133668e+00 1.410504930098105533e-19
2.591666666666667229e+00 1.247090881059867666e-19
2.595280235988200790e+00 1.102419747902505319e-19
2.598893805309735239e+00 9.743640466416113015e-20
2.602507374631268799e+00 8.610351918407748934e-20
2.606120943952803248e+00 7.607569687458341109e-20
2.609734513274336809e+00 6.720419170837850071e-20
2.613348082595870370e+00 5.935703107913478766e-20
2.616961651917404819e+00 5.241714517466196365e-20
2.620575221238938379e+00 4.628070258123846837e-20
2.624188790560472828e+00 4.085562965341314211e-20
2.627802359882006389e+00 3.606029360059943604e-20
2.631415929203539950e+00 3.182233140189975232e-20
2.635029498525074398e+00 2.807760859123265106e-20
2.638643067846607959e+00 2.476929367955266412e-20
2.642256637168142408e+00 2.184703552182784643e-20
2.645870206489675969e+00 1.926623231256246935e-20
2.649483775811210418e+00 1.698738212244473991e-20
2.653097345132743978e+00 1.497550598582904180e-20
2.656710914454277539e+00 1.319963552799361900e-20
2.660324483775811988e+00 1.163235799509227879e-20
2.663938053097345549e+00 1.024941232950156574e-20
2.667551622418879997e+00 9.029330628933438216e-21
2.671165191740413558e+00 7.953119948178524418e-21
2.674778761061947119e+00 7.003979955655107128e-21
2.678392330383481568e+00 6.167052450300556334e-21
2.682005899705015128e+00 5.429199184106522962e-21
2.685619469026549577e+00 4.778804827555084135e-21
2.689233038348083138e+00 4.205602264481639230e-21
2.692846607669616699e+00 3.700517714043641481e-21
2.696460176991151148e+00 3.255533454650887500e-21
2.700073746312684708e+00 2.863566171542693441e-21
2.703687315634219157e+00 2.518359169485526758e-21
2.707300884955752718e+00 2.214386887726616895e-21
2.710914454277286278e+00 1.946770328485813728e-21
2.714528023598820727e+00 1.711202165248234754e-21
2.718141592920354288e+00 1.503880435003145473e-21
2.721755162241888737e+00 1.321449841234001240e-21
2.725368731563422298e+00 1.160949803556450503e-21
2.728982300884956747e+00 1.019768486903280673e-21
2.732595870206490307e+00 8.956021294025069964e-22
2.736209439528023868e+00 7.864190647505816474e-22
2.739823008849558317e+00 6.904279030145136462e-22
2.743436578171091877e+00 6.060493943304642298e-22
2.747050147492626326e+00 5.318915537444004306e-22
2.750663716814159887e+00 4.667276732082175947e-22
2.754277286135693448e+00 4.094768891611801444e-22
2.757890855457227897e+00 3.591870117901655864e-22
2.761504424778761457e+00 3.150193554938743749e-22
2.765117994100295906e+00 2.762353397494188419e-22
2.768731563421829467e+00 2.421846559102698701e-22
2.772345132743363028e+00 2.122948188248830495e-22
2.775958702064897476e+00 1.860619428869709699e-22
2.779572271386431037e+00 1.630426005055695364e-22
2.783185840707965486e+00 1.428466372778246562e-22
2.786799410029499047e+00 1.251308325936144082e-22
2.790412979351032607e+00 1.095933072052538980e-22
2.794026548672567056e+00 9.596859064273164714e-23
2.797640117994100617e+00 8.402327140876608791e-23
2.801253687315635066e+00 7.355216179417269343e-23
2.804867256637168627e+00 6.437491704240545575e-23
2.808480825958703075e+00 5.633305557716916296e-23
2.812094395280236636e+00 4.928733319159591450e-23
2.815707964601770197e+00 4.311542957171362368e-23
2.819321533923304646e+00 3.770991037201417333e-23
2.822935103244838206e+00 3.297643234796407600e-23
2.826548672566372655e+00 2.883216284306652039e-23
2.830162241887906216e+00 2.520438828291114968e-23
2.833775811209439777e+00 2.202928929540905791e-23
2.837389380530974226e+00 1.925086269971102495e-23
2.841002949852507786e+00 1.681997292528971948e-23
2.844616519174042235e+00 1.469351747233536808e-23
2.848230088495575796e+00 1.283369283592360657e-23
2.851843657817109357e+00 1.120734891670051398e-23
2.855457227138643805e+00 9.785421354500344850e-24
2.859070796460177366e+00 8.542432469832354954e-24
2.862684365781711815e+00 7.456052600661013608e-24
2.866297935103245376e+00 6.506714595251327271e-24
2.869911504424778936e+00 5.677275081004872025e-24
2.873525073746313385e+00 4.952716887466402005e-24
2.877138643067846946e+00 4.319887670715370794e-24
2.880752212389381395e+00 3.767270376587385542e-24
2.884365781710914955e+00 3.284781700780762579e-24
2.887979351032449404e+00 2.863595162996062572e-24
2.891592920353982965e+00 2.495985817059338984e-24
2.895206489675516526e+00 2.175193975811426788e-24
2.898820058997050975e+00 1.895305644060514239e-24
2.902433628318584535e+00 1.651147630039973960e-24
2.906047197640118984e+00 1.438195549992218338e-24
2.909660766961652545e+00 1.252493155593194375e-24
2.913274336283186106e+00 1.090581603362761248e-24
2.916887905604720554e+00 9.494374520153033930e-25
2.920501474926254115e+00 8.264183205549036603e-25
2.924115044247788564e+00 7.192152691831638143e-25
2.927728613569322125e+00 6.258110788464599548e-25
2.931342182890855685e+00 5.444437053419849431e-25
2.934955752212390134e+00 4.735742719594041134e-25
2.938569321533923695e+00 4.118590420838755104e-25
2.942182890855458144e+00 3.581248812959433709e-25
2.945796460176991705e+00 3.113477783880265937e-25
2.949410029498525265e+00 2.706340473587880892e-25
2.953023598820059714e+00 2.352038787142199743e-25
2.956637168141593275e+00 2.043769490612450762e-25
2.960250737463127724e+00 1.775598336993687809e-25
2.963864306784661284e+00 1.542349982934998887e-25
2.967477876106195733e+00 1.339511732672391243e-25
2.971091445427729294e+00 1.163149387535955919e-25
2.974705014749262855e+00 1.009833691829298706e-25
2.978318584070797304e+00 8.765760523451132210e-26
2.981932153392330864e+00 7.607723724185556220e-26
2.985545722713865313e+00 6.601539850026037098e-26
2.989159292035398874e+00 5.727447952089891609e-26
2.992772861356932435e+00 4.968238532378786639e-26
2.996386430678466883e+00 4.308926755032458900e-26
3.000000000000000000e+00 3.736467167067373802e-26
