1.000000000000000000e+00
9.795048415321127022e-01
9.168303301899752844e-01
8.441870748901202370e-01
7.728522510127150413e-01
6.987176900673481850e-01
6.603650201307063039e-01
6.311143145561348700e-01
6.152398208397185098e-01
6.059911038882103140e-01
5.998897492574331025e-01
5.466837035925138366e-01
4.063790875785107670e-01
2.377244325019702009e-01
1.124397633049616790e-01
2.693657496444235890e-03
-9.081048444190500946e-02
-1.381657116698059573e-01
-1.688789039835373595e-01
-1.919693133891202941e-01
-2.084070410671300666e-01
-2.014541505553577028e-01
-2.003173722570828208e-01
-1.667009864243241268e-01
-1.054597833712962451e-01
-1.979134226769164659e-02
5.279085665053430410e-02
1.245769930292693201e-01
1.852300953916876380e-01
2.409432929867273143e-01
2.820134117210294500e-01
3.130753752256318911e-01
3.610319421370075665e-01
3.609925722527976832e-01
3.505622003745506587e-01
3.301654006056571333e-01
3.035072392430332444e-01
2.722709620879604775e-01
2.338680975489627334e-01
2.037616529861360215e-01
1.776593565961434307e-01
1.431981725458386923e-01
1.117491392731037730e-01
1.023712775630788024e-01
8.699514740663077950e-02
7.586233134010537948e-02
6.459314986803092740e-02
5.444022542100623169e-02
6.564842238844824374e-02
7.463008884573263391e-02
9.658615015935038961e-02
1.097479733114207212e-01
1.176033773884498229e-01
1.209542497419428403e-01
1.539180111526517736e-01
1.698537259906753860e-01
1.871788437934648330e-01
1.982336936130095761e-01
2.030394092927134686e-01
2.239315111420971116e-01
2.098152602642935627e-01
2.209835482826747466e-01
2.319400958494805820e-01
2.288030970645429929e-01
2.062075698843849891e-01
1.936100395327604029e-01
1.850817613492098668e-01
1.842899606641858479e-01
1.669684037579108882e-01
1.524388155085303342e-01
1.402752158784096315e-01
1.417586689979991321e-01
1.497017396504744524e-01
1.229221485884730153e-01
1.186418615919956759e-01
1.038353660602899242e-01
1.318005287019560490e-01
1.396196418089281632e-01
1.398775699406475947e-01
1.342477410491733358e-01
1.484430651096045328e-01
1.569243906741626948e-01
1.602446489635317162e-01
1.613883981060281469e-01
1.752270529561808787e-01
1.724526302715445880e-01
1.799026861908446795e-01
1.831758389481111526e-01
1.746694061537290565e-01
1.600615846739488479e-01
1.730347316936173274e-01
1.572293439517069846e-01
1.423854078299746639e-01
1.440961575587403898e-01
1.538060312798775198e-01
1.499782421077115457e-01
1.260285299849395468e-01
1.388851784182168481e-01
1.365795871624308211e-01
1.296866645709520149e-01
1.637472661607647095e-01
1.722838722918089982e-01
1.548986444820612540e-01
1.619238435038780621e-01
1.624963152032828373e-01
1.680062322062881031e-01
1.614679962848119266e-01
1.674094701304940924e-01
1.727152243920798413e-01
1.765653870467550068e-01
1.788311113487091042e-01
1.841014993494750618e-01
1.777551934996118299e-01
1.808472923716579472e-01
1.845412784948388396e-01
1.840573541323398121e-01
1.748837332927141164e-01
1.762206334383951412e-01
1.735964533055558978e-01
1.707301260169475365e-01
1.588131004640146171e-01
1.776283965621883176e-01
1.629400716111991665e-01
1.692442513348515476e-01
1.603078752548827979e-01
1.583135295229566863e-01
1.609013950616192956e-01
1.539089396074495020e-01
1.430353895749151283e-01
1.396007813319353752e-01
1.353857739327920251e-01
1.344036064240927975e-01
1.359586148846890497e-01
1.340954705175809725e-01
1.309625230805132878e-01
1.257005520819928779e-01
1.138413744620224294e-01
1.409543080881102695e-01
1.460700833016665423e-01
1.506730814751474912e-01
1.561461701170181460e-01
1.603900675573899093e-01
1.717738301358501529e-01
1.834342025233862972e-01
2.039449170207353890e-01
2.024256442248524579e-01
2.002911401480144682e-01
2.005636516243827216e-01
1.805304808867081168e-01
1.816314343807415577e-01
1.725447059162250329e-01
1.703696232656559117e-01
1.726208415163690557e-01
1.561598236946346585e-01
1.592718249486208271e-01
1.285871701272191803e-01
1.285006077340502539e-01
1.264809412692880219e-01
1.192195841437120180e-01
1.238305213567321011e-01
1.323567972808198934e-01
1.237267155107452110e-01
1.311148139245521260e-01
1.285863181060982185e-01
1.269987970016782375e-01
1.381179680351162231e-01
1.622390402209851479e-01
1.680952047822971418e-01
1.688587389719491960e-01
1.802902455917901881e-01
1.745012739321158413e-01
1.678101289699785170e-01
1.731565618628720937e-01
1.742841967527515579e-01
1.761273816574872308e-01
1.681450953634867906e-01
1.667452617199825515e-01
1.650698610526981636e-01
1.622415841363716582e-01
1.593015703620714041e-01
1.577788272223040744e-01
1.472312391330459769e-01
1.552983828380370412e-01
1.554960311133804785e-01
1.463641559359540878e-01
1.513197902736843070e-01
1.604977005819133162e-01
1.571573930748323689e-01
1.566753800332513213e-01
1.619937787256431061e-01
1.542922658753865250e-01
1.598782597915705539e-01
1.687516226309222489e-01
1.543266935955769359e-01
1.403840303906170039e-01
1.475018454907396359e-01
1.514139389030052241e-01
1.456217458661667186e-01
1.458225618519442268e-01
1.427193780086266350e-01
1.504719957620755943e-01
1.457626655508684754e-01
1.350589547224866349e-01
1.388669387300369429e-01
1.511848008143417965e-01
1.699409370055776913e-01
1.664721357980369354e-01
1.650941753405945900e-01
1.673693227000397354e-01
1.788044714945450642e-01
1.887948243803951043e-01
1.795324652767314455e-01
1.867617043881400485e-01
1.808711433397951207e-01
1.842303084221948439e-01
1.816712237325059098e-01
1.699151358065493223e-01
1.732059638373489585e-01
1.743528946857967055e-01
1.796086950735185372e-01
1.747484208906368297e-01
1.540697781732561500e-01
1.477226555931752949e-01
1.490082325138122055e-01
1.476559897197100568e-01
1.519522233320624582e-01
1.601109015366906640e-01
1.640819003138264953e-01
1.693101911191167430e-01
1.759305491120769227e-01
1.737299893906220916e-01
1.731273516402854207e-01
1.818907127884668573e-01
1.725541609977168100e-01
1.843228697100061930e-01
1.944575345502450869e-01
1.882301112251599240e-01
1.954583128231488498e-01
1.904657758107111687e-01
1.871087190715903237e-01
1.718326339494753718e-01
1.765725683405138802e-01
1.719239847511348784e-01
1.813944384476922356e-01
1.741732553333663058e-01
1.751943417047124862e-01
1.710948410972557010e-01
1.616381100374140733e-01
1.585129572672736575e-01
1.685195687574597700e-01
