1.000000000000000000e+00
9.978828293360599844e-01
9.884494212990984074e-01
9.790570032872722983e-01
9.619749182310149971e-01
9.348133459109424503e-01
9.146316638415262767e-01
8.818922358642093950e-01
8.441469077618004579e-01
8.247499047278649131e-01
7.872369294739840484e-01
7.527099756607876779e-01
7.048314136002106212e-01
6.466651423462624892e-01
6.046718777249580068e-01
5.639285908839573036e-01
5.141231524987681656e-01
4.457378336324091528e-01
3.007706510268035593e-01
2.027280182658936225e-01
1.396841237708393857e-01
9.199507353148012045e-02
7.817874649112523111e-02
3.889365807262863683e-02
2.949486507269966432e-02
2.296353073266900816e-02
1.630447459773982921e-03
-1.253178370931055767e-02
-3.439246151485404746e-02
-5.109659080952375781e-02
-5.198294895809482674e-02
-3.936163806020556710e-02
-5.195771921444890251e-02
-5.874647592264044954e-02
-6.125130913878578526e-02
-5.082818598447157860e-02
2.049717679151787444e-02
4.995809230861749523e-02
6.509208992939403970e-02
7.489960628092245942e-02
7.940664651052641021e-02
8.709630791966005425e-02
8.709630791966005425e-02
8.709630791966005425e-02
9.303393370397775031e-02
9.614868018931244098e-02
9.309278622299572981e-02
9.770520571652357988e-02
9.561259801828719818e-02
9.051266680020281230e-02
9.051266680020281230e-02
7.649921220400400512e-02
7.531365167200998467e-02
5.590903768569242815e-02
2.274308770229316323e-02
4.783601668594218356e-03
-3.214605840025271284e-03
1.517711212664876524e-03
1.517711212664876524e-03
-2.753101455933581240e-03
-4.475267296595336619e-03
-4.475267296595336619e-03
-4.475267296595336619e-03
-9.051139206906278281e-03
-9.051139206906278281e-03
-1.462597835643266245e-02
-1.057090318342764242e-02
-7.745843867499405296e-03
-7.798131489651460684e-03
2.830984825670197942e-03
4.730241805785144818e-03
1.674295625637967078e-02
4.302617313306558722e-02
5.265993130198074607e-02
5.265993130198074607e-02
5.677753512753542370e-02
6.104834779613389079e-02
6.104834779613389079e-02
6.104834779613389079e-02
6.104834779613389079e-02
6.110063541828594097e-02
6.110063541828594097e-02
6.110063541828594097e-02
6.110063541828594097e-02
6.408379957209907329e-02
6.408379957209907329e-02
6.322729245112888863e-02
6.322729245112888863e-02
6.193688419544909896e-02
5.179826174893435026e-02
3.347149007432559387e-02
2.745853956632408888e-02
2.745853956632408888e-02
2.745853956632408888e-02
2.318772689772562873e-02
2.318772689772562873e-02
2.318772689772562873e-02
2.318772689772562873e-02
2.313543927557357160e-02
2.313543927557357160e-02
2.313543927557357160e-02
2.522804697380994290e-02
2.572711427128680436e-02
2.572711427128680436e-02
2.658095342002453690e-02
2.888696164761642843e-02
2.437160999954668741e-02
3.116836729264857095e-02
3.448043647562556296e-02
4.071694985454852450e-02
4.071694985454852450e-02
4.071694985454852450e-02
4.498776252314699159e-02
4.498776252314699159e-02
4.498776252314699159e-02
4.498776252314699159e-02
4.504005014529905565e-02
4.504005014529905565e-02
4.504005014529905565e-02
4.454098284782217337e-02
4.244837514958581248e-02
4.244837514958581248e-02
4.244837514958581248e-02
3.921211013611960311e-02
3.792170188043979956e-02
3.792170188043979956e-02
3.460963269746281795e-02
3.219265870739405899e-02
3.219265870739405899e-02
3.219265870739405899e-02
2.792184603879559190e-02
2.792184603879559190e-02
2.792184603879559190e-02
2.792184603879559190e-02
2.792184603879559190e-02
2.792184603879559190e-02
2.792184603879559190e-02
3.051352103450883507e-02
3.051352103450883507e-02
3.051352103450883507e-02
3.046123341235677795e-02
3.150735132105024483e-02
3.150735132105024483e-02
3.279775957673004838e-02
3.520534157257414198e-02
3.852343470022707994e-02
3.852343470022707994e-02
3.852343470022707994e-02
4.284653499097759721e-02
4.284653499097759721e-02
4.284653499097759721e-02
4.284653499097759721e-02
4.284653499097759721e-02
4.284653499097759721e-02
4.234746769350072881e-02
4.025485999526436098e-02
4.025485999526436098e-02
4.025485999526436098e-02
3.921211013611960311e-02
3.921211013611960311e-02
3.921211013611960311e-02
3.726487308984196417e-02
3.621875518114849035e-02
3.348306696307385560e-02
3.348306696307385560e-02
3.348306696307385560e-02
3.348306696307385560e-02
3.348306696307385560e-02
3.348306696307385560e-02
3.348306696307385560e-02
3.343077934092179848e-02
3.343077934092179848e-02
3.552338703915816631e-02
3.552338703915816631e-02
3.552338703915816631e-02
3.552338703915816631e-02
3.552338703915816631e-02
3.552338703915816631e-02
3.656950494785163319e-02
3.897708694369572680e-02
3.947615424117259519e-02
4.279424736882554703e-02
4.279424736882554703e-02
4.279424736882554703e-02
4.279424736882554703e-02
4.279424736882554703e-02
4.279424736882554703e-02
4.279424736882554703e-02
4.279424736882554703e-02
4.279424736882554703e-02
4.279424736882554703e-02
4.070163967058917226e-02
4.070163967058917226e-02
4.070163967058917226e-02
4.070163967058917226e-02
3.965888981144440745e-02
3.965888981144440745e-02
3.861277190275094751e-02
3.666553485647330857e-02
3.392984663839865994e-02
3.392984663839865994e-02
3.392984663839865994e-02
3.392984663839865994e-02
3.392984663839865994e-02
3.392984663839865994e-02
3.392984663839865994e-02
3.392984663839865994e-02
3.392984663839865994e-02
3.602245433663503471e-02
3.602245433663503471e-02
3.602245433663503471e-02
3.602245433663503471e-02
3.602245433663503471e-02
3.602245433663503471e-02
3.706857224532849465e-02
3.947615424117259519e-02
4.142339128745024801e-02
4.279424736882554703e-02
4.279424736882554703e-02
4.279424736882554703e-02
4.279424736882554703e-02
4.279424736882554703e-02
4.279424736882554703e-02
4.279424736882554703e-02
4.279424736882554703e-02
4.279424736882554703e-02
4.070163967058917226e-02
4.070163967058917226e-02
4.070163967058917226e-02
4.070163967058917226e-02
4.070163967058917226e-02
3.971117743359646457e-02
3.971117743359646457e-02
3.866505952490300463e-02
3.398213426055071706e-02
3.398213426055071706e-02
3.398213426055071706e-02
3.398213426055071706e-02
3.398213426055071706e-02
3.392984663839865994e-02
3.392984663839865994e-02
3.392984663839865994e-02
3.392984663839865994e-02
3.392984663839865994e-02
3.602245433663503471e-02
3.602245433663503471e-02
3.602245433663503471e-02
3.602245433663503471e-02
3.602245433663503471e-02
3.602245433663503471e-02
3.811132210447325946e-02
4.005855915075089840e-02
4.142339128745024801e-02
4.142339128745024801e-02
4.279424736882554703e-02
4.279424736882554703e-02
4.279424736882554703e-02
4.279424736882554703e-02
4.279424736882554703e-02
4.279424736882554703e-02
4.279424736882554703e-02
4.279424736882554703e-02
4.279424736882554703e-02
4.279424736882554703e-02
4.284653499097759721e-02
4.284653499097759721e-02
4.284653499097759721e-02
4.284653499097759721e-02
4.284653499097759721e-02
4.075766722313936552e-02
3.802197900506473771e-02
3.607474195878708489e-02
3.607474195878708489e-02
3.607474195878708489e-02
3.607474195878708489e-02
3.602245433663503471e-02
3.602245433663503471e-02
3.602245433663503471e-02
3.602245433663503471e-02
3.602245433663503471e-02
3.602245433663503471e-02
3.602245433663503471e-02
3.602245433663503471e-02
3.602245433663503471e-02
3.706520419577979952e-02
3.706520419577979952e-02
4.005855915075089840e-02
4.142339128745024801e-02
4.142339128745024801e-02
4.279424736882554703e-02
4.279424736882554703e-02
4.279424736882554703e-02
4.279424736882554703e-02
4.279424736882554703e-02
4.279424736882554703e-02
4.279424736882554703e-02
4.279424736882554703e-02
4.279424736882554703e-02
4.279424736882554703e-02
4.279424736882554703e-02
4.279424736882554703e-02
4.284653499097759721e-02
4.284653499097759721e-02
4.284653499097759721e-02
4.284653499097759721e-02
4.284653499097759721e-02
4.075766722313936552e-02
3.607474195878708489e-02
3.607474195878708489e-02
3.607474195878708489e-02
3.607474195878708489e-02
3.607474195878708489e-02
3.607474195878708489e-02
3.607474195878708489e-02
3.602245433663503471e-02
3.602245433663503471e-02
3.602245433663503471e-02
3.602245433663503471e-02
3.602245433663503471e-02
3.602245433663503471e-02
3.602245433663503471e-02
3.706520419577979952e-02
3.947615424117259519e-02
4.142339128745024801e-02
4.279424736882554703e-02
4.279424736882554703e-02
4.279424736882554703e-02
4.279424736882554703e-02
4.279424736882554703e-02
4.284653499097759721e-02
4.284653499097759721e-02
4.284653499097759721e-02
4.284653499097759721e-02
4.284653499097759721e-02
4.284653499097759721e-02
4.284653499097759721e-02
4.284653499097759721e-02
4.284653499097759721e-02
4.284653499097759721e-02
4.180378513183283240e-02
4.180378513183283240e-02
4.075766722313936552e-02
3.881043017686173352e-02
3.881043017686173352e-02
3.607474195878708489e-02
3.607474195878708489e-02
3.607474195878708489e-02
3.607474195878708489e-02
3.607474195878708489e-02
3.607474195878708489e-02
3.607474195878708489e-02
3.607474195878708489e-02
3.607474195878708489e-02
3.607474195878708489e-02
3.607474195878708489e-02
3.607474195878708489e-02
3.607474195878708489e-02
3.743957409548643450e-02
3.743957409548643450e-02
3.952844186332465232e-02
4.284653499097759721e-02
4.284653499097759721e-02
4.284653499097759721e-02
4.284653499097759721e-02
4.284653499097759721e-02
4.284653499097759721e-02
4.284653499097759721e-02
4.284653499097759721e-02
4.284653499097759721e-02
4.284653499097759721e-02
4.284653499097759721e-02
4.284653499097759721e-02
4.284653499097759721e-02
4.284653499097759721e-02
4.180378513183283240e-02
4.075766722313936552e-02
4.075766722313936552e-02
4.075766722313936552e-02
3.881043017686173352e-02
3.743957409548643450e-02
3.607474195878708489e-02
3.607474195878708489e-02
3.607474195878708489e-02
3.607474195878708489e-02
3.607474195878708489e-02
3.607474195878708489e-02
3.607474195878708489e-02
3.607474195878708489e-02
3.607474195878708489e-02
3.607474195878708489e-02
3.607474195878708489e-02
3.602245433663503471e-02
3.602245433663503471e-02
3.602245433663503471e-02
3.843003633247913525e-02
4.037727337875678113e-02
4.279424736882554703e-02
4.279424736882554703e-02
4.279424736882554703e-02
4.279424736882554703e-02
4.279424736882554703e-02
4.279424736882554703e-02
4.279424736882554703e-02
4.284653499097759721e-02
4.284653499097759721e-02
4.284653499097759721e-02
4.284653499097759721e-02
4.284653499097759721e-02
4.284653499097759721e-02
4.284653499097759721e-02
4.284653499097759721e-02
4.075766722313936552e-02
4.075766722313936552e-02
4.075766722313936552e-02
3.607474195878708489e-02
3.607474195878708489e-02
3.607474195878708489e-02
3.607474195878708489e-02
3.607474195878708489e-02
3.607474195878708489e-02
3.607474195878708489e-02
3.607474195878708489e-02
3.607474195878708489e-02
3.607474195878708489e-02
3.607474195878708489e-02
3.607474195878708489e-02
3.602245433663503471e-02
3.602245433663503471e-02
3.602245433663503471e-02
3.602245433663503471e-02
3.602245433663503471e-02
4.005855915075089840e-02
4.142339128745024801e-02
4.142339128745024801e-02
4.142339128745024801e-02
4.142339128745024801e-02
4.147567890960230513e-02
4.147567890960230513e-02
4.147567890960230513e-02
4.147567890960230513e-02
4.147567890960230513e-02
4.147567890960230513e-02
4.147567890960230513e-02
4.147567890960230513e-02
4.147567890960230513e-02
4.043292905045753338e-02
4.043292905045753338e-02
4.043292905045753338e-02
3.938681114176407344e-02
3.607474195878708489e-02
3.607474195878708489e-02
3.607474195878708489e-02
3.607474195878708489e-02
3.607474195878708489e-02
3.607474195878708489e-02
3.607474195878708489e-02
3.607474195878708489e-02
3.602245433663503471e-02
3.602245433663503471e-02
3.602245433663503471e-02
3.602245433663503471e-02
3.602245433663503471e-02
3.602245433663503471e-02
3.602245433663503471e-02
3.602245433663503471e-02
3.602245433663503471e-02
3.602245433663503471e-02
4.005855915075089840e-02
4.142339128745024801e-02
4.142339128745024801e-02
4.142339128745024801e-02
4.142339128745024801e-02
4.142339128745024801e-02
4.142339128745024801e-02
4.142339128745024801e-02
4.142339128745024801e-02
4.142339128745024801e-02
4.142339128745024801e-02
4.142339128745024801e-02
4.142339128745024801e-02
4.142339128745024801e-02
4.142339128745024801e-02
4.142339128745024801e-02
4.038064142830548320e-02
3.933452351961201632e-02
3.602245433663503471e-02
3.602245433663503471e-02
3.602245433663503471e-02
3.602245433663503471e-02
3.602245433663503471e-02
3.602245433663503471e-02
3.602245433663503471e-02
3.602245433663503471e-02
3.602245433663503471e-02
3.602245433663503471e-02
3.602245433663503471e-02
3.602245433663503471e-02
3.602245433663503471e-02
3.602245433663503471e-02
3.602245433663503471e-02
3.602245433663503471e-02
3.706520419577979952e-02
3.706520419577979952e-02
4.142339128745024801e-02
4.142339128745024801e-02
4.142339128745024801e-02
4.142339128745024801e-02
4.142339128745024801e-02
4.142339128745024801e-02
4.142339128745024801e-02
4.142339128745024801e-02
4.142339128745024801e-02
4.142339128745024801e-02
4.142339128745024801e-02
4.142339128745024801e-02
4.142339128745024801e-02
4.142339128745024801e-02
4.142339128745024801e-02
4.142339128745024801e-02
4.037727337875678113e-02
3.933452351961201632e-02
3.738728647333438432e-02
3.602245433663503471e-02
3.602245433663503471e-02
3.602245433663503471e-02
3.602245433663503471e-02
3.602245433663503471e-02
3.602245433663503471e-02
3.602245433663503471e-02
3.602245433663503471e-02
3.602245433663503471e-02
3.602245433663503471e-02
3.602245433663503471e-02
3.602245433663503471e-02
3.602245433663503471e-02
3.602245433663503471e-02
3.602245433663503471e-02
3.706520419577979952e-02
3.706520419577979952e-02
3.947615424117259519e-02
3.947615424117259519e-02
3.947615424117259519e-02
3.947615424117259519e-02
3.947615424117259519e-02
3.947615424117259519e-02
3.947615424117259519e-02
3.947615424117259519e-02
3.947615424117259519e-02
3.947615424117259519e-02
3.947615424117259519e-02
3.947615424117259519e-02
3.947615424117259519e-02
3.947615424117259519e-02
3.947615424117259519e-02
3.947615424117259519e-02
3.738728647333438432e-02
3.738728647333438432e-02
3.602245433663503471e-02
3.602245433663503471e-02
3.602245433663503471e-02
3.602245433663503471e-02
3.602245433663503471e-02
3.602245433663503471e-02
3.602245433663503471e-02
3.602245433663503471e-02
3.602245433663503471e-02
3.602245433663503471e-02
3.602245433663503471e-02
3.602245433663503471e-02
3.602245433663503471e-02
3.602245433663503471e-02
3.602245433663503471e-02
3.602245433663503471e-02
3.706520419577979952e-02
3.706520419577979952e-02
3.706520419577979952e-02
3.947615424117259519e-02
3.947615424117259519e-02
3.947615424117259519e-02
3.947615424117259519e-02
3.947615424117259519e-02
3.947615424117259519e-02
3.947615424117259519e-02
3.947615424117259519e-02
3.947615424117259519e-02
3.947615424117259519e-02
3.947615424117259519e-02
3.947615424117259519e-02
3.947615424117259519e-02
3.947615424117259519e-02
3.843003633247913525e-02
3.843003633247913525e-02
3.602245433663503471e-02
3.602245433663503471e-02
3.602245433663503471e-02
3.602245433663503471e-02
3.602245433663503471e-02
3.602245433663503471e-02
3.602245433663503471e-02
3.602245433663503471e-02
3.602245433663503471e-02
3.602245433663503471e-02
3.602245433663503471e-02
3.602245433663503471e-02
3.602245433663503471e-02
3.602245433663503471e-02
3.602245433663503471e-02
3.602245433663503471e-02
3.602245433663503471e-02
3.706520419577979952e-02
3.706520419577979952e-02
3.706520419577979952e-02
3.811132210447325946e-02
3.947615424117259519e-02
3.947615424117259519e-02
3.947615424117259519e-02
3.947615424117259519e-02
3.947615424117259519e-02
3.947615424117259519e-02
3.947615424117259519e-02
3.947615424117259519e-02
3.947615424117259519e-02
3.947615424117259519e-02
3.947615424117259519e-02
3.947615424117259519e-02
3.947615424117259519e-02
3.843340438202784426e-02
3.602245433663503471e-02
3.602245433663503471e-02
3.602245433663503471e-02
3.602245433663503471e-02
3.602245433663503471e-02
3.602245433663503471e-02
3.602245433663503471e-02
3.602245433663503471e-02
3.602245433663503471e-02
3.602245433663503471e-02
3.602245433663503471e-02
3.602245433663503471e-02
3.602245433663503471e-02
3.602245433663503471e-02
3.602245433663503471e-02
3.602245433663503471e-02
3.602245433663503471e-02
3.602245433663503471e-02
3.602245433663503471e-02
3.602245433663503471e-02
3.706857224532849465e-02
3.811132210447325946e-02
3.947615424117259519e-02
3.947615424117259519e-02
3.947615424117259519e-02
3.947615424117259519e-02
3.947615424117259519e-02
3.947615424117259519e-02
3.947615424117259519e-02
3.947615424117259519e-02
3.947615424117259519e-02
3.947615424117259519e-02
3.947615424117259519e-02
3.843340438202784426e-02
3.843340438202784426e-02
3.843340438202784426e-02
3.602245433663503471e-02
3.602245433663503471e-02
3.602245433663503471e-02
3.602245433663503471e-02
3.602245433663503471e-02
3.602245433663503471e-02
3.602245433663503471e-02
3.602245433663503471e-02
3.602245433663503471e-02
3.602245433663503471e-02
3.602245433663503471e-02
3.602245433663503471e-02
3.602245433663503471e-02
3.602245433663503471e-02
3.602245433663503471e-02
3.602245433663503471e-02
3.602245433663503471e-02
3.602245433663503471e-02
3.602245433663503471e-02
3.602245433663503471e-02
3.706520419577979952e-02
3.811132210447325946e-02
3.947615424117259519e-02
3.947615424117259519e-02
3.947615424117259519e-02
3.947615424117259519e-02
3.947615424117259519e-02
3.947615424117259519e-02
3.947615424117259519e-02
3.947615424117259519e-02
3.947615424117259519e-02
3.947615424117259519e-02
3.947615424117259519e-02
3.947615424117259519e-02
3.947615424117259519e-02
3.738728647333438432e-02
3.602245433663503471e-02
3.602245433663503471e-02
3.602245433663503471e-02
3.602245433663503471e-02
3.602245433663503471e-02
3.602245433663503471e-02
3.602245433663503471e-02
3.602245433663503471e-02
3.602245433663503471e-02
3.602245433663503471e-02
3.602245433663503471e-02
3.602245433663503471e-02
3.602245433663503471e-02
3.602245433663503471e-02
3.602245433663503471e-02
3.602245433663503471e-02
3.602245433663503471e-02
3.602245433663503471e-02
3.706520419577979952e-02
3.706520419577979952e-02
3.706520419577979952e-02
3.811132210447325946e-02
3.947615424117259519e-02
3.947615424117259519e-02
3.947615424117259519e-02
3.947615424117259519e-02
3.947615424117259519e-02
3.947615424117259519e-02
3.843003633247913525e-02
3.843003633247913525e-02
3.843003633247913525e-02
3.843003633247913525e-02
3.843003633247913525e-02
3.843003633247913525e-02
3.843003633247913525e-02
3.843003633247913525e-02
3.602245433663503471e-02
3.602245433663503471e-02
3.602245433663503471e-02
3.602245433663503471e-02
3.602245433663503471e-02
3.602245433663503471e-02
3.602245433663503471e-02
3.602245433663503471e-02
3.602245433663503471e-02
3.602245433663503471e-02
3.602245433663503471e-02
3.602245433663503471e-02
3.602245433663503471e-02
3.602245433663503471e-02
3.602245433663503471e-02
3.602245433663503471e-02
3.602245433663503471e-02
3.602245433663503471e-02
3.602245433663503471e-02
3.706520419577979952e-02
3.706520419577979952e-02
3.706520419577979952e-02
3.843003633247913525e-02
3.843003633247913525e-02
3.843003633247913525e-02
3.843003633247913525e-02
3.843003633247913525e-02
3.843003633247913525e-02
3.843003633247913525e-02
3.843003633247913525e-02
3.843003633247913525e-02
3.843003633247913525e-02
3.843003633247913525e-02
3.843003633247913525e-02
3.843003633247913525e-02
3.738728647333438432e-02
3.602245433663503471e-02
3.602245433663503471e-02
3.602245433663503471e-02
3.602245433663503471e-02
3.602245433663503471e-02
3.602245433663503471e-02
3.602245433663503471e-02
3.602245433663503471e-02
3.602245433663503471e-02
3.602245433663503471e-02
3.602245433663503471e-02
3.602245433663503471e-02
3.602245433663503471e-02
3.602245433663503471e-02
3.602245433663503471e-02
3.602245433663503471e-02
3.602245433663503471e-02
3.602245433663503471e-02
3.602245433663503471e-02
3.706520419577979952e-02
3.843003633247913525e-02
3.843003633247913525e-02
3.843003633247913525e-02
3.843003633247913525e-02
3.843003633247913525e-02
3.843003633247913525e-02
3.843003633247913525e-02
3.843003633247913525e-02
3.843003633247913525e-02
3.843003633247913525e-02
3.843003633247913525e-02
3.843003633247913525e-02
3.843003633247913525e-02
3.843003633247913525e-02
3.843003633247913525e-02
3.738728647333438432e-02
3.738728647333438432e-02
3.738728647333438432e-02
3.602245433663503471e-02
3.602245433663503471e-02
3.602245433663503471e-02
3.602245433663503471e-02
3.602245433663503471e-02
3.602245433663503471e-02
3.602245433663503471e-02
3.602245433663503471e-02
3.602245433663503471e-02
3.602245433663503471e-02
3.602245433663503471e-02
3.602245433663503471e-02
3.602245433663503471e-02
3.602245433663503471e-02
3.602245433663503471e-02
3.602245433663503471e-02
3.706520419577979952e-02
3.843003633247913525e-02
3.843003633247913525e-02
3.843003633247913525e-02
3.843003633247913525e-02
3.843003633247913525e-02
3.843003633247913525e-02
3.843003633247913525e-02
3.843003633247913525e-02
3.843003633247913525e-02
3.843003633247913525e-02
3.843003633247913525e-02
3.843003633247913525e-02
3.843003633247913525e-02
3.843003633247913525e-02
3.843003633247913525e-02
3.843003633247913525e-02
3.738728647333438432e-02
3.738728647333438432e-02
3.738728647333438432e-02
3.738728647333438432e-02
3.602245433663503471e-02
3.602245433663503471e-02
3.602245433663503471e-02
3.602245433663503471e-02
3.602245433663503471e-02
3.602245433663503471e-02
3.602245433663503471e-02
3.602245433663503471e-02
3.602245433663503471e-02
3.602245433663503471e-02
3.602245433663503471e-02
3.602245433663503471e-02
3.602245433663503471e-02
3.602245433663503471e-02
3.602245433663503471e-02
3.602245433663503471e-02
3.843003633247913525e-02
3.843003633247913525e-02
3.843003633247913525e-02
3.843003633247913525e-02
3.843003633247913525e-02
3.843003633247913525e-02
3.843003633247913525e-02
3.843003633247913525e-02
3.843003633247913525e-02
3.843003633247913525e-02
3.843003633247913525e-02
3.843003633247913525e-02
3.843003633247913525e-02
3.843003633247913525e-02
3.843003633247913525e-02
3.843003633247913525e-02
3.843003633247913525e-02
3.738728647333438432e-02
3.738728647333438432e-02
3.602245433663503471e-02
3.602245433663503471e-02
3.602245433663503471e-02
3.602245433663503471e-02
3.602245433663503471e-02
3.602245433663503471e-02
3.602245433663503471e-02
3.602245433663503471e-02
3.602245433663503471e-02
3.602245433663503471e-02
3.602245433663503471e-02
3.602245433663503471e-02
3.602245433663503471e-02
3.602245433663503471e-02
3.602245433663503471e-02
3.706520419577979952e-02
3.706520419577979952e-02
3.706520419577979952e-02
3.843003633247913525e-02
3.843003633247913525e-02
3.843003633247913525e-02
3.843003633247913525e-02
3.843003633247913525e-02
3.843003633247913525e-02
3.843003633247913525e-02
3.843003633247913525e-02
3.843003633247913525e-02
3.843003633247913525e-02
3.843003633247913525e-02
3.843003633247913525e-02
3.843003633247913525e-02
3.843003633247913525e-02
3.843003633247913525e-02
3.843003633247913525e-02
3.843003633247913525e-02
3.706520419577979952e-02
3.602245433663503471e-02
3.602245433663503471e-02
3.602245433663503471e-02
3.602245433663503471e-02
3.602245433663503471e-02
3.602245433663503471e-02
3.602245433663503471e-02
3.602245433663503471e-02
3.602245433663503471e-02
3.602245433663503471e-02
3.602245433663503471e-02
3.602245433663503471e-02
3.602245433663503471e-02
3.706520419577979952e-02
3.706520419577979952e-02
3.706520419577979952e-02
3.706520419577979952e-02
3.706520419577979952e-02
3.843003633247913525e-02
3.843003633247913525e-02
3.843003633247913525e-02
3.843003633247913525e-02
3.843003633247913525e-02
3.843003633247913525e-02
3.843003633247913525e-02
3.843003633247913525e-02
3.843003633247913525e-02
3.843003633247913525e-02
3.843003633247913525e-02
3.843003633247913525e-02
3.843003633247913525e-02
3.843003633247913525e-02
3.843003633247913525e-02
3.843003633247913525e-02
3.843003633247913525e-02
3.602245433663503471e-02
3.602245433663503471e-02
3.602245433663503471e-02
3.602245433663503471e-02
3.602245433663503471e-02
3.602245433663503471e-02
3.602245433663503471e-02
3.602245433663503471e-02
3.602245433663503471e-02
3.602245433663503471e-02
3.602245433663503471e-02
3.602245433663503471e-02
3.602245433663503471e-02
3.602245433663503471e-02
3.602245433663503471e-02
3.602245433663503471e-02
3.706520419577979952e-02
3.706520419577979952e-02
3.843003633247913525e-02
3.843003633247913525e-02
3.843003633247913525e-02
3.843003633247913525e-02
3.843003633247913525e-02
3.843003633247913525e-02
3.843003633247913525e-02
3.843003633247913525e-02
3.843003633247913525e-02
3.843003633247913525e-02
3.843003633247913525e-02
3.843003633247913525e-02
3.843003633247913525e-02
3.843003633247913525e-02
3.843003633247913525e-02
3.843003633247913525e-02
3.843003633247913525e-02
3.738728647333438432e-02
3.738728647333438432e-02
3.602245433663503471e-02
3.602245433663503471e-02
3.602245433663503471e-02
3.602245433663503471e-02
3.602245433663503471e-02
3.602245433663503471e-02
3.602245433663503471e-02
3.602245433663503471e-02
3.602245433663503471e-02
3.602245433663503471e-02
3.602245433663503471e-02
3.602245433663503471e-02
3.602245433663503471e-02
3.602245433663503471e-02
3.602245433663503471e-02
3.706520419577979952e-02
3.706520419577979952e-02
3.843003633247913525e-02
3.843003633247913525e-02
3.843003633247913525e-02
3.843003633247913525e-02
3.843003633247913525e-02
3.843003633247913525e-02
3.843003633247913525e-02
3.843003633247913525e-02
3.843003633247913525e-02
3.843003633247913525e-02
3.843003633247913525e-02
3.843003633247913525e-02
3.843003633247913525e-02
3.843003633247913525e-02
3.843003633247913525e-02
3.843003633247913525e-02
3.843003633247913525e-02
3.843003633247913525e-02
3.602245433663503471e-02
3.602245433663503471e-02
3.602245433663503471e-02
3.602245433663503471e-02
3.602245433663503471e-02
3.602245433663503471e-02
3.602245433663503471e-02
3.602245433663503471e-02
3.602245433663503471e-02
3.602245433663503471e-02
3.602245433663503471e-02
3.602245433663503471e-02
3.602245433663503471e-02
3.602245433663503471e-02
3.706520419577979952e-02
3.706520419577979952e-02
3.706520419577979952e-02
3.706520419577979952e-02
3.706520419577979952e-02
3.843003633247913525e-02
3.843003633247913525e-02
3.843003633247913525e-02
3.843003633247913525e-02
3.843003633247913525e-02
3.843003633247913525e-02
3.843003633247913525e-02
3.843003633247913525e-02
3.843003633247913525e-02
3.843003633247913525e-02
3.843003633247913525e-02
3.843003633247913525e-02
3.843003633247913525e-02
3.843003633247913525e-02
3.843003633247913525e-02
3.843003633247913525e-02
3.706520419577979952e-02
3.602245433663503471e-02
3.602245433663503471e-02
3.602245433663503471e-02
3.602245433663503471e-02
3.602245433663503471e-02
3.602245433663503471e-02
3.602245433663503471e-02
3.602245433663503471e-02
3.602245433663503471e-02
3.602245433663503471e-02
3.602245433663503471e-02
3.602245433663503471e-02
3.602245433663503471e-02
3.602245433663503471e-02
3.602245433663503471e-02
3.706520419577979952e-02
3.706520419577979952e-02
3.706520419577979952e-02
3.706520419577979952e-02
3.706520419577979952e-02
3.843003633247913525e-02
3.843003633247913525e-02
3.843003633247913525e-02
3.843003633247913525e-02
3.843003633247913525e-02
3.843003633247913525e-02
3.843003633247913525e-02
3.843003633247913525e-02
3.843003633247913525e-02
3.843003633247913525e-02
3.843003633247913525e-02
3.843003633247913525e-02
3.843003633247913525e-02
3.843003633247913525e-02
3.843003633247913525e-02
3.706520419577979952e-02
3.602245433663503471e-02
3.602245433663503471e-02
3.602245433663503471e-02
3.602245433663503471e-02
3.602245433663503471e-02
3.602245433663503471e-02
3.602245433663503471e-02
3.602245433663503471e-02
3.602245433663503471e-02
3.602245433663503471e-02
3.602245433663503471e-02
3.602245433663503471e-02
3.602245433663503471e-02
3.602245433663503471e-02
3.602245433663503471e-02
3.706520419577979952e-02
3.706520419577979952e-02
3.706520419577979952e-02
3.706520419577979952e-02
3.843003633247913525e-02
3.843003633247913525e-02
3.843003633247913525e-02
3.843003633247913525e-02
3.843003633247913525e-02
3.843003633247913525e-02
3.843003633247913525e-02
3.843003633247913525e-02
3.843003633247913525e-02
3.843003633247913525e-02
3.843003633247913525e-02
3.843003633247913525e-02
3.843003633247913525e-02
3.843003633247913525e-02
3.843003633247913525e-02
3.843003633247913525e-02
3.843003633247913525e-02
3.602245433663503471e-02
3.602245433663503471e-02
3.602245433663503471e-02
3.602245433663503471e-02
3.602245433663503471e-02
3.602245433663503471e-02
3.602245433663503471e-02
3.602245433663503471e-02
3.602245433663503471e-02
3.602245433663503471e-02
3.602245433663503471e-02
3.602245433663503471e-02
3.602245433663503471e-02
3.602245433663503471e-02
3.602245433663503471e-02
3.706520419577979952e-02
3.706520419577979952e-02
3.843003633247913525e-02
3.843003633247913525e-02
3.843003633247913525e-02
3.843003633247913525e-02
3.843003633247913525e-02
3.843003633247913525e-02
3.843003633247913525e-02
3.843003633247913525e-02
3.843003633247913525e-02
3.843003633247913525e-02
3.843003633247913525e-02
3.843003633247913525e-02
3.843003633247913525e-02
3.843003633247913525e-02
3.843003633247913525e-02
3.843003633247913525e-02
3.843003633247913525e-02
3.738728647333438432e-02
3.738728647333438432e-02
3.738728647333438432e-02
3.602245433663503471e-02
3.602245433663503471e-02
3.602245433663503471e-02
3.602245433663503471e-02
3.602245433663503471e-02
3.602245433663503471e-02
3.602245433663503471e-02
3.602245433663503471e-02
3.602245433663503471e-02
3.602245433663503471e-02
3.602245433663503471e-02
3.602245433663503471e-02
3.602245433663503471e-02
3.602245433663503471e-02
3.602245433663503471e-02
3.602245433663503471e-02
3.843003633247913525e-02
3.843003633247913525e-02
3.843003633247913525e-02
3.843003633247913525e-02
3.843003633247913525e-02
3.843003633247913525e-02
3.843003633247913525e-02
3.843003633247913525e-02
3.843003633247913525e-02
3.843003633247913525e-02
3.843003633247913525e-02
3.843003633247913525e-02
3.843003633247913525e-02
3.843003633247913525e-02
3.843003633247913525e-02
3.843003633247913525e-02
3.738728647333438432e-02
3.738728647333438432e-02
3.738728647333438432e-02
3.602245433663503471e-02
3.602245433663503471e-02
3.602245433663503471e-02
3.602245433663503471e-02
3.602245433663503471e-02
3.602245433663503471e-02
3.602245433663503471e-02
3.602245433663503471e-02
3.602245433663503471e-02
3.602245433663503471e-02
3.602245433663503471e-02
3.602245433663503471e-02
3.602245433663503471e-02
3.602245433663503471e-02
3.602245433663503471e-02
3.602245433663503471e-02
3.602245433663503471e-02
3.706520419577979952e-02
3.843003633247913525e-02
3.843003633247913525e-02
3.843003633247913525e-02
3.843003633247913525e-02
3.843003633247913525e-02
3.843003633247913525e-02
3.843003633247913525e-02
3.843003633247913525e-02
3.843003633247913525e-02
3.843003633247913525e-02
3.843003633247913525e-02
3.843003633247913525e-02
3.843003633247913525e-02
3.843003633247913525e-02
3.843003633247913525e-02
3.843003633247913525e-02
3.843003633247913525e-02
3.843003633247913525e-02
3.706520419577979952e-02
3.706520419577979952e-02
3.706520419577979952e-02
3.706520419577979952e-02
3.706520419577979952e-02
3.706520419577979952e-02
3.706520419577979952e-02
3.706520419577979952e-02
3.706520419577979952e-02
3.706520419577979952e-02
