-1.899999999999999911e+00 0.000000000000000000e+00
-1.896386430678465906e+00 0.000000000000000000e+00
-1.892772861356932124e+00 0.000000000000000000e+00
-1.889159292035398119e+00 0.000000000000000000e+00
-1.885545722713864114e+00 0.000000000000000000e+00
-1.881932153392330331e+00 0.000000000000000000e+00
-1.878318584070796327e+00 0.000000000000000000e+00
-1.874705014749262544e+00 0.000000000000000000e+00
-1.871091445427728539e+00 0.000000000000000000e+00
-1.867477876106194534e+00 0.000000000000000000e+00
-1.863864306784660752e+00 0.000000000000000000e+00
-1.860250737463126747e+00 0.000000000000000000e+00
-1.856637168141592742e+00 0.000000000000000000e+00
-1.853023598820058959e+00 0.000000000000000000e+00
-1.849410029498524954e+00 0.000000000000000000e+00
-1.845796460176990950e+00 0.000000000000000000e+00
-1.842182890855457167e+00 0.000000000000000000e+00
-1.838569321533923162e+00 0.000000000000000000e+00
-1.834955752212389379e+00 0.000000000000000000e+00
-1.831342182890855375e+00 0.000000000000000000e+00
-1.827728613569321370e+00 0.000000000000000000e+00
-1.824115044247787587e+00 0.000000000000000000e+00
-1.820501474926253582e+00 0.000000000000000000e+00
-1.816887905604719577e+00 0.000000000000000000e+00
-1.813274336283185795e+00 0.000000000000000000e+00
-1.809660766961651790e+00 0.000000000000000000e+00
-1.806047197640118007e+00 0.000000000000000000e+00
-1.802433628318584002e+00 0.000000000000000000e+00
-1.798820058997049998e+00 0.000000000000000000e+00
-1.795206489675516215e+00 0.000000000000000000e+00
-1.791592920353982210e+00 0.000000000000000000e+00
-1.787979351032448205e+00 0.000000000000000000e+00
-1.784365781710914423e+00 0.000000000000000000e+00
-1.780752212389380418e+00 0.000000000000000000e+00
-1.777138643067846413e+00 0.000000000000000000e+00
-1.773525073746312630e+00 0.000000000000000000e+00
-1.769911504424778625e+00 0.000000000000000000e+00
-1.766297935103244843e+00 0.000000000000000000e+00
-1.762684365781710838e+00 0.000000000000000000e+00
-1.759070796460176833e+00 0.000000000000000000e+00
-1.755457227138643050e+00 0.000000000000000000e+00
-1.751843657817109046e+00 0.000000000000000000e+00
-1.748230088495575041e+00 0.000000000000000000e+00
-1.744616519174041258e+00 0.000000000000000000e+00
-1.741002949852507253e+00 0.000000000000000000e+00
-1.737389380530973249e+00 0.000000000000000000e+00
-1.733775811209439466e+00 0.000000000000000000e+00
-1.730162241887905461e+00 0.000000000000000000e+00
-1.726548672566371678e+00 0.000000000000000000e+00
-1.722935103244837673e+00 0.000000000000000000e+00
-1.719321533923303669e+00 0.000000000000000000e+00
-1.715707964601769886e+00 0.000000000000000000e+00
-1.712094395280235881e+00 0.000000000000000000e+00
-1.708480825958701876e+00 0.000000000000000000e+00
-1.704867256637168094e+00 0.000000000000000000e+00
-1.701253687315634089e+00 0.000000000000000000e+00
-1.697640117994100084e+00 0.000000000000000000e+00
-1.694026548672566301e+00 0.000000000000000000e+00
-1.690412979351032297e+00 0.000000000000000000e+00
-1.686799410029498514e+00 0.000000000000000000e+00
-1.683185840707964509e+00 0.000000000000000000e+00
-1.679572271386430504e+00 0.000000000000000000e+00
-1.675958702064896721e+00 0.000000000000000000e+00
-1.672345132743362717e+00 0.000000000000000000e+00
-1.668731563421828712e+00 0.000000000000000000e+00
-1.665117994100294929e+00 0.000000000000000000e+00
-1.661504424778760924e+00 0.000000000000000000e+00
-1.657890855457226920e+00 0.000000000000000000e+00
-1.654277286135693137e+00 0.000000000000000000e+00
-1.650663716814159132e+00 0.000000000000000000e+00
-1.647050147492625349e+00 0.000000000000000000e+00
-1.643436578171091345e+00 0.000000000000000000e+00
-1.639823008849557340e+00 0.000000000000000000e+00
-1.636209439528023557e+00 0.000000000000000000e+00
-1.632595870206489552e+00 0.000000000000000000e+00
-1.628982300884955770e+00 0.000000000000000000e+00
-1.625368731563421765e+00 0.000000000000000000e+00
-1.621755162241887760e+00 0.000000000000000000e+00
-1.618141592920353755e+00 0.000000000000000000e+00
-1.614528023598819972e+00 0.000000000000000000e+00
-1.610914454277285968e+00 0.000000000000000000e+00
-1.607300884955752185e+00 0.000000000000000000e+00
-1.603687315634218180e+00 0.000000000000000000e+00
-1.600073746312684175e+00 0.000000000000000000e+00
-1.596460176991150393e+00 0.000000000000000000e+00
-1.592846607669616388e+00 0.000000000000000000e+00
-1.589233038348082605e+00 0.000000000000000000e+00
-1.585619469026548600e+00 0.000000000000000000e+00
-1.582005899705014595e+00 0.000000000000000000e+00
-1.578392330383480591e+00 0.000000000000000000e+00
-1.574778761061946808e+00 0.000000000000000000e+00
-1.571165191740412803e+00 0.000000000000000000e+00
-1.567551622418879020e+00 0.000000000000000000e+00
-1.563938053097345016e+00 0.000000000000000000e+00
-1.560324483775811011e+00 0.000000000000000000e+00
-1.556710914454277228e+00 0.000000000000000000e+00
-1.553097345132743223e+00 0.000000000000000000e+00
-1.549483775811209441e+00 0.000000000000000000e+00
-1.545870206489675436e+00 0.000000000000000000e+00
-1.542256637168141431e+00 0.000000000000000000e+00
-1.538643067846607426e+00 0.000000000000000000e+00
-1.535029498525073643e+00 0.000000000000000000e+00
-1.531415929203539639e+00 0.000000000000000000e+00
-1.527802359882005856e+00 0.000000000000000000e+00
-1.524188790560471851e+00 0.000000000000000000e+00
-1.520575221238937846e+00 0.000000000000000000e+00
-1.516961651917404064e+00 0.000000000000000000e+00
-1.513348082595870059e+00 0.000000000000000000e+00
-1.509734513274336276e+00 0.000000000000000000e+00
-1.506120943952802271e+00 0.000000000000000000e+00
-1.502507374631268267e+00 0.000000000000000000e+00
-1.498893805309734262e+00 0.000000000000000000e+00
-1.495280235988200479e+00 0.000000000000000000e+00
-1.491666666666666474e+00 0.000000000000000000e+00
-1.488053097345132691e+00 0.000000000000000000e+00
-1.484439528023598687e+00 0.000000000000000000e+00
-1.480825958702064682e+00 0.000000000000000000e+00
-1.477212389380530899e+00 0.000000000000000000e+00
-1.473598820058996894e+00 0.000000000000000000e+00
-1.469985250737463112e+00 0.000000000000000000e+00
-1.466371681415929107e+00 0.000000000000000000e+00
-1.462758112094395102e+00 0.000000000000000000e+00
-1.459144542772861097e+00 0.000000000000000000e+00
-1.455530973451327315e+00 0.000000000000000000e+00
-1.451917404129793310e+00 0.000000000000000000e+00
-1.448303834808259527e+00 0.000000000000000000e+00
-1.444690265486725522e+00 0.000000000000000000e+00
-1.441076696165191517e+00 0.000000000000000000e+00
-1.437463126843657735e+00 0.000000000000000000e+00
-1.433849557522123730e+00 0.000000000000000000e+00
-1.430235988200589947e+00 0.000000000000000000e+00
-1.426622418879055942e+00 0.000000000000000000e+00
-1.423008849557521938e+00 0.000000000000000000e+00
-1.419395280235987933e+00 0.000000000000000000e+00
-1.415781710914454150e+00 0.000000000000000000e+00
-1.412168141592920145e+00 0.000000000000000000e+00
-1.408554572271386363e+00 0.000000000000000000e+00
-1.404941002949852358e+00 0.000000000000000000e+00
-1.401327433628318353e+00 0.000000000000000000e+00
-1.397713864306784570e+00 0.000000000000000000e+00
-1.394100294985250565e+00 0.000000000000000000e+00
-1.390486725663716783e+00 0.000000000000000000e+00
-1.386873156342182778e+00 0.000000000000000000e+00
-1.383259587020648773e+00 0.000000000000000000e+00
-1.379646017699114768e+00 0.000000000000000000e+00
-1.376032448377580986e+00 0.000000000000000000e+00
-1.372418879056047203e+00 0.000000000000000000e+00
-1.368805309734513198e+00 0.000000000000000000e+00
-1.365191740412979193e+00 0.000000000000000000e+00
-1.361578171091445189e+00 0.000000000000000000e+00
-1.357964601769911406e+00 0.000000000000000000e+00
-1.354351032448377401e+00 0.000000000000000000e+00
-1.350737463126843618e+00 0.000000000000000000e+00
-1.347123893805309613e+00 0.000000000000000000e+00
-1.343510324483775609e+00 0.000000000000000000e+00
-1.339896755162241604e+00 0.000000000000000000e+00
-1.336283185840707821e+00 0.000000000000000000e+00
-1.332669616519174038e+00 0.000000000000000000e+00
-1.329056047197640034e+00 0.000000000000000000e+00
-1.325442477876106029e+00 0.000000000000000000e+00
-1.321828908554572024e+00 0.000000000000000000e+00
-1.318215339233038241e+00 0.000000000000000000e+00
-1.314601769911504237e+00 0.000000000000000000e+00
-1.310988200589970454e+00 0.000000000000000000e+00
-1.307374631268436449e+00 0.000000000000000000e+00
-1.303761061946902444e+00 0.000000000000000000e+00
-1.300147492625368439e+00 0.000000000000000000e+00
-1.296533923303834657e+00 0.000000000000000000e+00
-1.292920353982300874e+00 0.000000000000000000e+00
-1.289306784660766869e+00 0.000000000000000000e+00
-1.285693215339232864e+00 0.000000000000000000e+00
-1.282079646017698860e+00 0.000000000000000000e+00
-1.278466076696165077e+00 0.000000000000000000e+00
-1.274852507374631072e+00 0.000000000000000000e+00
-1.271238938053097289e+00 0.000000000000000000e+00
-1.267625368731563285e+00 0.000000000000000000e+00
-1.264011799410029280e+00 0.000000000000000000e+00
-1.260398230088495275e+00 0.000000000000000000e+00
-1.256784660766961492e+00 0.000000000000000000e+00
-1.253171091445427709e+00 0.000000000000000000e+00
-1.249557522123893705e+00 0.000000000000000000e+00
-1.245943952802359700e+00 0.000000000000000000e+00
-1.242330383480825695e+00 0.000000000000000000e+00
-1.238716814159291912e+00 0.000000000000000000e+00
-1.235103244837757908e+00 0.000000000000000000e+00
-1.231489675516224125e+00 0.000000000000000000e+00
-1.227876106194690120e+00 0.000000000000000000e+00
-1.224262536873156115e+00 0.000000000000000000e+00
-1.220648967551622111e+00 0.000000000000000000e+00
-1.217035398230088328e+00 0.000000000000000000e+00
-1.213421828908554545e+00 0.000000000000000000e+00
-1.209808259587020540e+00 0.000000000000000000e+00
-1.206194690265486535e+00 0.000000000000000000e+00
-1.202581120943952531e+00 0.000000000000000000e+00
-1.198967551622418748e+00 0.000000000000000000e+00
-1.195353982300884743e+00 0.000000000000000000e+00
-1.191740412979350960e+00 0.000000000000000000e+00
-1.188126843657816956e+00 0.000000000000000000e+00
-1.184513274336282951e+00 0.000000000000000000e+00
-1.180899705014748946e+00 0.000000000000000000e+00
-1.177286135693215163e+00 0.000000000000000000e+00
-1.173672566371681381e+00 0.000000000000000000e+00
-1.170058997050147376e+00 0.000000000000000000e+00
-1.166445427728613371e+00 0.000000000000000000e+00
-1.162831858407079366e+00 0.000000000000000000e+00
-1.159218289085545583e+00 0.000000000000000000e+00
-1.155604719764011579e+00 0.000000000000000000e+00
-1.151991150442477796e+00 0.000000000000000000e+00
-1.148377581120943791e+00 0.000000000000000000e+00
-1.144764011799409786e+00 0.000000000000000000e+00
-1.141150442477875782e+00 0.000000000000000000e+00
-1.137536873156341999e+00 0.000000000000000000e+00
-1.133923303834808216e+00 0.000000000000000000e+00
-1.130309734513274211e+00 0.000000000000000000e+00
-1.126696165191740207e+00 0.000000000000000000e+00
-1.123082595870206202e+00 0.000000000000000000e+00
-1.119469026548672419e+00 0.000000000000000000e+00
-1.115855457227138636e+00 0.000000000000000000e+00
-1.112241887905604631e+00 0.000000000000000000e+00
-1.108628318584070627e+00 0.000000000000000000e+00
-1.105014749262536622e+00 0.000000000000000000e+00
-1.101401179941002617e+00 0.000000000000000000e+00
-1.097787610619468834e+00 0.000000000000000000e+00
-1.094174041297935052e+00 0.000000000000000000e+00
-1.090560471976401047e+00 0.000000000000000000e+00
-1.086946902654867042e+00 0.000000000000000000e+00
-1.083333333333333037e+00 0.000000000000000000e+00
-1.079719764011799255e+00 0.000000000000000000e+00
-1.076106194690265472e+00 0.000000000000000000e+00
-1.072492625368731467e+00 0.000000000000000000e+00
-1.068879056047197462e+00 0.000000000000000000e+00
-1.065265486725663457e+00 0.000000000000000000e+00
-1.061651917404129453e+00 0.000000000000000000e+00
-1.058038348082595670e+00 0.000000000000000000e+00
-1.054424778761061887e+00 0.000000000000000000e+00
-1.050811209439527882e+00 0.000000000000000000e+00
-1.047197640117993878e+00 0.000000000000000000e+00
-1.043584070796459873e+00 0.000000000000000000e+00
-1.039970501474926090e+00 0.000000000000000000e+00
-1.036356932153392307e+00 0.000000000000000000e+00
-1.032743362831858303e+00 0.000000000000000000e+00
-1.029129793510324298e+00 0.000000000000000000e+00
-1.025516224188790293e+00 0.000000000000000000e+00
-1.021902654867256510e+00 0.000000000000000000e+00
-1.018289085545722505e+00 0.000000000000000000e+00
-1.014675516224188723e+00 0.000000000000000000e+00
-1.011061946902654718e+00 0.000000000000000000e+00
-1.007448377581120713e+00 0.000000000000000000e+00
-1.003834808259586708e+00 0.000000000000000000e+00
-1.000221238938052926e+00 0.000000000000000000e+00
-9.966076696165190318e-01 0.000000000000000000e+00
-9.929941002949850271e-01 0.000000000000000000e+00
-9.893805309734511333e-01 0.000000000000000000e+00
-9.857669616519172395e-01 0.000000000000000000e+00
-9.821533923303833458e-01 0.000000000000000000e+00
-9.785398230088493410e-01 0.000000000000000000e+00
-9.749262536873154472e-01 0.000000000000000000e+00
-9.713126843657815535e-01 0.000000000000000000e+00
-9.676991150442475487e-01 0.000000000000000000e+00
-9.640855457227136549e-01 0.000000000000000000e+00
-9.604719764011797611e-01 0.000000000000000000e+00
-9.568584070796458674e-01 0.000000000000000000e+00
-9.532448377581118626e-01 0.000000000000000000e+00
-9.496312684365779688e-01 0.000000000000000000e+00
-9.460176991150440751e-01 0.000000000000000000e+00
-9.424041297935101813e-01 0.000000000000000000e+00
-9.387905604719761765e-01 0.000000000000000000e+00
-9.351769911504422828e-01 0.000000000000000000e+00
-9.315634218289083890e-01 0.000000000000000000e+00
-9.279498525073743842e-01 0.000000000000000000e+00
-9.243362831858404904e-01 0.000000000000000000e+00
-9.207227138643065967e-01 0.000000000000000000e+00
-9.171091445427727029e-01 0.000000000000000000e+00
-9.134955752212386981e-01 0.000000000000000000e+00
-9.098820058997048044e-01 0.000000000000000000e+00
-9.062684365781709106e-01 0.000000000000000000e+00
-9.026548672566370168e-01 0.000000000000000000e+00
-8.990412979351030121e-01 0.000000000000000000e+00
-8.954277286135692293e-01 0.000000000000000000e+00
-8.918141592920352245e-01 0.000000000000000000e+00
-8.882005899705012197e-01 0.000000000000000000e+00
-8.845870206489674370e-01 0.000000000000000000e+00
-8.809734513274334322e-01 0.000000000000000000e+00
-8.773598820058994274e-01 0.000000000000000000e+00
-8.737463126843656447e-01 0.000000000000000000e+00
-8.701327433628316399e-01 0.000000000000000000e+00
-8.665191740412976351e-01 0.000000000000000000e+00
-8.629056047197638524e-01 0.000000000000000000e+00
-8.592920353982298476e-01 0.000000000000000000e+00
-8.556784660766960648e-01 0.000000000000000000e+00
-8.520648967551620601e-01 0.000000000000000000e+00
-8.484513274336280553e-01 0.000000000000000000e+00
-8.448377581120942725e-01 0.000000000000000000e+00
-8.412241887905602677e-01 0.000000000000000000e+00
-8.376106194690262630e-01 0.000000000000000000e+00
-8.339970501474924802e-01 0.000000000000000000e+00
-8.303834808259584754e-01 0.000000000000000000e+00
-8.267699115044244706e-01 0.000000000000000000e+00
-8.231563421828906879e-01 0.000000000000000000e+00
-8.195427728613566831e-01 0.000000000000000000e+00
-8.159292035398229004e-01 0.000000000000000000e+00
-8.123156342182888956e-01 0.000000000000000000e+00
-8.087020648967548908e-01 0.000000000000000000e+00
-8.050884955752211081e-01 0.000000000000000000e+00
-8.014749262536871033e-01 0.000000000000000000e+00
-7.978613569321530985e-01 0.000000000000000000e+00
-7.942477876106193158e-01 0.000000000000000000e+00
-7.906342182890853110e-01 0.000000000000000000e+00
-7.870206489675513062e-01 0.000000000000000000e+00
-7.834070796460175234e-01 0.000000000000000000e+00
-7.797935103244835187e-01 0.000000000000000000e+00
-7.761799410029497359e-01 0.000000000000000000e+00
-7.725663716814157311e-01 0.000000000000000000e+00
-7.689528023598817263e-01 0.000000000000000000e+00
-7.653392330383479436e-01 0.000000000000000000e+00
-7.617256637168139388e-01 0.000000000000000000e+00
-7.581120943952799340e-01 0.000000000000000000e+00
-7.544985250737461513e-01 0.000000000000000000e+00
-7.508849557522121465e-01 0.000000000000000000e+00
-7.472713864306783638e-01 0.000000000000000000e+00
-7.436578171091443590e-01 0.000000000000000000e+00
-7.400442477876103542e-01 0.000000000000000000e+00
-7.364306784660765715e-01 0.000000000000000000e+00
-7.328171091445425667e-01 0.000000000000000000e+00
-7.292035398230085619e-01 0.000000000000000000e+00
-7.255899705014747791e-01 0.000000000000000000e+00
-7.219764011799407744e-01 0.000000000000000000e+00
-7.183628318584067696e-01 0.000000000000000000e+00
-7.147492625368729868e-01 0.000000000000000000e+00
-7.111356932153389820e-01 0.000000000000000000e+00
-7.075221238938051993e-01 0.000000000000000000e+00
-7.039085545722711945e-01 0.000000000000000000e+00
-7.002949852507371897e-01 0.000000000000000000e+00
-6.966814159292034070e-01 0.000000000000000000e+00
-6.930678466076694022e-01 0.000000000000000000e+00
-6.894542772861353974e-01 0.000000000000000000e+00
-6.858407079646016147e-01 0.000000000000000000e+00
-6.822271386430676099e-01 0.000000000000000000e+00
-6.786135693215336051e-01 0.000000000000000000e+00
-6.749999999999998224e-01 0.000000000000000000e+00
-6.713864306784658176e-01 0.000000000000000000e+00
-6.677728613569320348e-01 0.000000000000000000e+00
-6.641592920353980301e-01 0.000000000000000000e+00
-6.605457227138640253e-01 0.000000000000000000e+00
-6.569321533923302425e-01 0.000000000000000000e+00
-6.533185840707962377e-01 0.000000000000000000e+00
-6.497050147492622330e-01 0.000000000000000000e+00
-6.460914454277284502e-01 0.000000000000000000e+00
-6.424778761061944454e-01 0.000000000000000000e+00
-6.388643067846604406e-01 0.000000000000000000e+00
-6.352507374631266579e-01 0.000000000000000000e+00
-6.316371681415926531e-01 0.000000000000000000e+00
-6.280235988200588704e-01 0.000000000000000000e+00
-6.244100294985248656e-01 0.000000000000000000e+00
-6.207964601769908608e-01 0.000000000000000000e+00
-6.171828908554570781e-01 0.000000000000000000e+00
-6.135693215339230733e-01 0.000000000000000000e+00
-6.099557522123890685e-01 0.000000000000000000e+00
-6.063421828908552857e-01 0.000000000000000000e+00
-6.027286135693212810e-01 0.000000000000000000e+00
-5.991150442477872762e-01 0.000000000000000000e+00
-5.955014749262534934e-01 0.000000000000000000e+00
-5.918879056047194887e-01 0.000000000000000000e+00
-5.882743362831857059e-01 0.000000000000000000e+00
-5.846607669616517011e-01 0.000000000000000000e+00
-5.810471976401176963e-01 0.000000000000000000e+00
-5.774336283185839136e-01 0.000000000000000000e+00
-5.738200589970499088e-01 0.000000000000000000e+00
-5.702064896755159040e-01 0.000000000000000000e+00
-5.665929203539821213e-01 0.000000000000000000e+00
-5.629793510324481165e-01 0.000000000000000000e+00
-5.593657817109143338e-01 0.000000000000000000e+00
-5.557522123893803290e-01 1.779691480879508345e-309
-5.521386430678463242e-01 1.450897710876547222e-291
-5.485250737463125414e-01 1.136486435764413741e-274
-5.449115044247785367e-01 9.761278649941609759e-259
-5.412979351032445319e-01 1.041393462563516910e-243
-5.376843657817107491e-01 1.552358337214428920e-229
-5.340707964601767443e-01 3.612978478703175131e-216
-5.304572271386427396e-01 1.457967922951848245e-203
-5.268436578171089568e-01 1.126136350614936577e-191
-5.232300884955749520e-01 1.827796904496727575e-180
-5.196165191740411693e-01 6.807860621441938048e-170
-5.160029498525071645e-01 6.323208628150662333e-160
-5.123893805309731597e-01 1.584070655982292963e-150
-5.087758112094393770e-01 1.152576520954745126e-141
-5.051622418879053722e-01 2.611926707951597490e-133
-5.015486725663713674e-01 1.969144735282148537e-125
-4.979351032448375847e-01 5.255776152365141451e-118
-4.943215339233035799e-01 5.266646412088651240e-111
-4.907079646017695751e-01 2.094252370224607473e-104
-4.870943952802357924e-01 3.481974789635671041e-98
-4.834808259587017876e-01 2.543016309700494194e-92
-4.798672566371680048e-01 8.547077779759287223e-87
-4.762536873156340000e-01 1.381370046882005019e-81
-4.726401179940999953e-01 1.118999921405990627e-76
-4.690265486725662125e-01 4.724619861670188262e-72
-4.654129793510322077e-01 1.078827703728141823e-67
-4.617994100294982029e-01 1.379474429198929627e-63
-4.581858407079644202e-01 1.020767140622875998e-59
-4.545722713864304154e-01 4.508804970255208951e-56
-4.509587020648964106e-01 1.224133240167514083e-52
-4.473451327433626279e-01 2.100014655310575572e-49
-4.437315634218286231e-01 2.336467836173119084e-46
-4.401179941002948404e-01 1.727906306691550996e-43
-4.365044247787608356e-01 8.693207797860176464e-41
-4.328908554572268308e-01 3.041217276531424714e-38
-4.292772861356930481e-01 7.552553802316737565e-36
-4.256637168141590433e-01 1.357639045664232313e-33
-4.220501474926250385e-01 1.799310861199221924e-31
-4.184365781710912557e-01 1.788940126144746599e-29
-4.148230088495572510e-01 1.356325446199281682e-27
-4.112094395280232462e-01 7.963788162346312895e-26
-4.075958702064894634e-01 3.674458781494109441e-24
-4.039823008849554586e-01 1.350695711525723572e-22
-4.003687315634216759e-01 4.007256995984630445e-21
-3.967551622418876711e-01 9.713572626844401861e-20
-3.931415929203536663e-01 1.946117012503361543e-18
-3.895280235988198836e-01 3.257988091680911584e-17
-3.859144542772858788e-01 4.604531074631281978e-16
-3.823008849557518740e-01 5.547392868375141262e-15
-3.786873156342180913e-01 5.749551118303693612e-14
-3.750737463126840865e-01 5.170939521444559730e-13
-3.714601769911500817e-01 4.068480707301545529e-12
-3.678466076696162990e-01 2.822012072492698347e-11
-3.642330383480822942e-01 1.738188313643855752e-10
-3.606194690265485114e-01 9.572279382463019696e-10
-3.570058997050145067e-01 4.743680741136959224e-09
-3.533923303834805019e-01 2.128331510121807201e-08
-3.497787610619467191e-01 8.695192468040301015e-08
-3.461651917404127143e-01 3.252267217694724943e-07
-3.425516224188787096e-01 1.119381019573831893e-06
-3.389380530973449268e-01 3.562427850488397074e-06
-3.353244837758109220e-01 1.053085408080426341e-05
-3.317109144542771393e-01 2.903965030691016308e-05
-3.280973451327431345e-01 7.500402812401929672e-05
-3.244837758112091297e-01 1.821371716146752645e-04
-3.208702064896753470e-01 4.173444275539782726e-04
-3.172566371681413422e-01 9.054095953833981051e-04
-3.136430678466073374e-01 1.865686260743666322e-03
-3.100294985250735547e-01 3.662559687418894070e-03
-3.064159292035395499e-01 6.869392144858576729e-03
-3.028023598820055451e-01 1.234252285831878397e-02
-2.991887905604717623e-01 2.129804417920359155e-02
-2.955752212389377576e-01 3.538026812076635469e-02
-2.919616519174039748e-01 5.670801859159604191e-02
-2.883480825958699700e-01 8.788410905581441057e-02
-2.847345132743359652e-01 1.319552627232527531e-01
-2.811209439528021825e-01 1.923144279543548274e-01
-2.775073746312681777e-01 2.725444149662384907e-01
-2.738938053097341729e-01 3.762099426055630635e-01
-2.702802359882003902e-01 5.066131150293796681e-01
-2.666666666666663854e-01 6.665336179456675669e-01
-2.630530973451323806e-01 8.579784118633123624e-01
-2.594395280235985979e-01 1.081965821493974467e+00
-2.558259587020645931e-01 1.338365716684406292e+00
-2.522123893805308104e-01 1.625811559295565978e+00
-2.485988200589968056e-01 1.941692458641923080e+00
-2.449852507374628008e-01 2.282225213215036685e+00
-2.413716814159290180e-01 2.642598742272160628e+00
-2.377581120943950133e-01 3.017177219831694845e+00
-2.341445427728610085e-01 3.399744172673544007e+00
-2.305309734513272257e-01 3.783767988692916084e+00
-2.269174041297932209e-01 4.162669575827611546e+00
-2.233038348082592162e-01 4.530074948078389063e+00
-2.196902654867254334e-01 4.880038787376730802e+00
-2.160766961651914286e-01 5.207228989191496460e+00
-2.124631268436576459e-01 5.507066333728445784e+00
-2.088495575221236411e-01 5.775817312464564424e+00
-2.052359882005896363e-01 6.010641479765048700e+00
-2.016224188790558536e-01 6.209597313812188268e+00
-1.980088495575218488e-01 6.371612394691519299e+00
-1.943952802359878440e-01 6.496424765070611507e+00
-1.907817109144540613e-01 6.584502719036858132e+00
-1.871681415929200565e-01 6.636950093576443166e+00
-1.835545722713860517e-01 6.655403556204312565e+00
-1.799410029498522690e-01 6.641927530264516655e+00
-1.763274336283182642e-01 6.598911400816488637e+00
-1.727138643067844814e-01 6.528972601771400264e+00
-1.691002949852504766e-01 6.434868177853084070e+00
-1.654867256637164719e-01 6.319416498031931617e+00
-1.618731563421826891e-01 6.185430004000341597e+00
-1.582595870206486843e-01 6.035659223929135564e+00
-1.546460176991146795e-01 5.872747770343277551e+00
-1.510324483775808968e-01 5.699197663795338542e+00
-1.474188790560468920e-01 5.517344067059267054e+00
-1.438053097345131093e-01 5.329338360288439880e+00
-1.401917404129791045e-01 5.137138417216163155e+00
-1.365781710914450997e-01 4.942504937645765040e+00
-1.329646017699113170e-01 4.747002735254825190e+00
-1.293510324483773122e-01 4.552005957292218241e+00
-1.257374631268433074e-01 4.358706311616082907e+00
-1.221238938053095247e-01 4.168123486646901910e+00
-1.185103244837755199e-01 3.981117063403303735e+00
-1.148967551622415151e-01 3.798399330088627401e+00
-1.112831858407077323e-01 3.620548514673316731e+00
-1.076696165191737276e-01 3.448022046986042977e+00
-1.040560471976399448e-01 3.281169547527711838e+00
-1.004424778761059400e-01 3.120245314976922035e+00
-9.682890855457193524e-02 2.965420148228111508e+00
-9.321533923303815250e-02 2.816792392295046632e+00
-8.960176991150414771e-02 2.674398141325740053e+00
-8.598820058997014293e-02 2.538220567269744432e+00
-8.237463126843636019e-02 2.408198370452378168e+00
-7.876106194690235540e-02 2.284233369486625254e+00
-7.514749262536835062e-02 2.166197263590635913e+00
-7.153392330383456788e-02 2.053937611408783948e+00
-6.792035398230056309e-02 1.947283077695287634e+00
-6.430678466076678035e-02 1.846048003456505660e+00
-6.069321533923277556e-02 1.750036357003346588e+00
-5.707964601769877078e-02 1.659045123391230225e+00
-5.346607669616498804e-02 1.572867188380151937e+00
-4.985250737463098325e-02 1.491293770715163003e+00
-4.623893805309697846e-02 1.414116453516349736e+00
-4.262536873156319572e-02 1.341128862126097498e+00
-3.901179941002919094e-02 1.272128032085348082e+00
-3.539823008849518615e-02 1.206915507149654898e+00
-3.178466076696140341e-02 1.145298203524163227e+00
-2.817109144542739863e-02 1.087089072876338047e+00
-2.455752212389361588e-02 1.032107593235382037e+00
-2.094395280235961110e-02 9.801801136454340035e-01
-1.733038348082560631e-02 9.311400754295517945e-01
-1.371681415929182357e-02 8.848281301542016974e-01
-1.010324483775781879e-02 8.410921718613121323e-01
-6.489675516223814000e-03 7.997872988531450344e-01
-2.876106194690031259e-03 7.607757182639331983e-01
7.374631268439735265e-04 7.239265895924484884e-01
4.351032448377978312e-03 6.891129959249392423e-01
7.964601769911761053e-03 6.562094072723844151e-01
1.157817109144576584e-02 6.250980082821122608e-01
1.519174041297954858e-02 5.956690150718121357e-01
1.880530973451355337e-02 5.678200787966813934e-01
2.241887905604755815e-02 5.414557369430763600e-01
2.603244837758134089e-02 5.164869082678182899e-01
2.964601769911534568e-02 4.928304276725253841e-01
3.325958702064935046e-02 4.704086176374135397e-01
3.687315634218313321e-02 4.491488931418931019e-01
4.048672566371713799e-02 4.289833972735032086e-01
4.410029498525114278e-02 4.098486649752862143e-01
4.771386430678492552e-02 3.916853126066401902e-01
5.132743362831893030e-02 3.744377511969725347e-01
5.494100294985271304e-02 3.580539214565573447e-01
5.855457227138671783e-02 3.424850487771249896e-01
6.216814159292072262e-02 3.276854166073936425e-01
6.578171091445450536e-02 3.136121567274538502e-01
6.939528023598851014e-02 3.002250550720564903e-01
7.300884955752251493e-02 2.874863718675655933e-01
7.662241887905629767e-02 2.753606749517777397e-01
8.023598820059030245e-02 2.638146852408390641e-01
8.384955752212408520e-02 2.528171333941826582e-01
8.746312684365808998e-02 2.423386268072781347e-01
9.107669616519209477e-02 2.323515261340610705e-01
9.469026548672587751e-02 2.228298306065565060e-01
9.830383480825988229e-02 2.137490714791938362e-01
1.019174041297938871e-01 2.050862129801077904e-01
1.055309734513278919e-01 1.968195602017093204e-01
1.091445427728614526e-01 1.889286734086291220e-01
1.127581120943954573e-01 1.813942882829140679e-01
1.163716814159294621e-01 1.741982416647224752e-01
1.199852507374634669e-01 1.673234023817267990e-01
1.235988200589974717e-01 1.607536067926253476e-01
1.272123893805314765e-01 1.544735986995268706e-01
1.308259587020650372e-01 1.484689733109547383e-01
1.344395280235990420e-01 1.427261249619634076e-01
1.380530973451330468e-01 1.372321983205419815e-01
1.416666666666670515e-01 1.319750428303205492e-01
1.452802359882010563e-01 1.269431701587159789e-01
1.488938053097346170e-01 1.221257144372521475e-01
1.525073746312686218e-01 1.175123950969222675e-01
1.561209439528026266e-01 1.130934821163463860e-01
1.597345132743366314e-01 1.088597635141064779e-01
1.633480825958706362e-01 1.048025149292702574e-01
1.669616519174046410e-01 1.009134711456421002e-01
1.705752212389382017e-01 9.718479942598819143e-02
1.741887905604722064e-01 9.360907453229402875e-02
1.778023598820062112e-01 9.017925531716894372e-02
1.814159292035402160e-01 8.688866277987662701e-02
1.850294985250742208e-01 8.373095948817235734e-02
1.886430678466077815e-01 8.070013027424891017e-02
1.922566371681417863e-01 7.779046411964303520e-02
1.958702064896757911e-01 7.499653715003899712e-02
1.994837758112097958e-01 7.231319666649781153e-02
2.030973451327438006e-01 6.973554614481645986e-02
2.067109144542778054e-01 6.725893113952317870e-02
2.103244837758113661e-01 6.487892603342777786e-02
2.139380530973453709e-01 6.259132157775296190e-02
2.175516224188793757e-01 6.039211317166297971e-02
2.211651917404133805e-01 5.827748983351709045e-02
2.247787610619473853e-01 5.624382381942572701e-02
2.283923303834809460e-01 5.428766084770778738e-02
2.320058997050149507e-01 5.240571089063424809e-02
2.356194690265489555e-01 5.059483949744424114e-02
2.392330383480829603e-01 4.885205961501828259e-02
2.428466076696169651e-01 4.717452387482913567e-02
2.464601769911509699e-01 4.555951731686999628e-02
2.500737463126845306e-01 4.400445052318802119e-02
2.536873156342185354e-01 4.250685313544457639e-02
2.573008849557525402e-01 4.106436773260841583e-02
2.609144542772865449e-01 3.967474404643611674e-02
2.645280235988205497e-01 3.833583349386581601e-02
2.681415929203541104e-01 3.704558400680859481e-02
2.717551622418881152e-01 3.580203514110458229e-02
2.753687315634221200e-01 3.460331344761465727e-02
2.789823008849561248e-01 3.344762808955051292e-02
2.825958702064901296e-01 3.233326669121518171e-02
2.862094395280241343e-01 3.125859140434737032e-02
2.898230088495576950e-01 3.022203517922046612e-02
2.934365781710916998e-01 2.922209822857620501e-02
2.970501474926257046e-01 2.825734467335754355e-02
3.006637168141597094e-01 2.732639936005878609e-02
3.042772861356937142e-01 2.642794484034379290e-02
3.078908554572272749e-01 2.556071850438907528e-02
3.115044247787612797e-01 2.472350986020788177e-02
3.151179941002952845e-01 2.391515795199500652e-02
3.187315634218292892e-01 2.313454891131160387e-02
3.223451327433632940e-01 2.238061363571406184e-02
3.259587020648972988e-01 2.165232559021353781e-02
3.295722713864308595e-01 2.094869872774578548e-02
3.331858407079648643e-01 2.026878552563802366e-02
3.367994100294988691e-01 1.961167513587438321e-02
3.404129793510328739e-01 1.897649164779399017e-02
3.440265486725668787e-01 1.836239246269815231e-02
3.476401179941004393e-01 1.776856678069830761e-02
3.512536873156344441e-01 1.719423420098605340e-02
3.548672566371684489e-01 1.663864343755223213e-02
3.584808259587024537e-01 1.610107115319364679e-02
3.620943952802364585e-01 1.558082091540498836e-02
3.657079646017700192e-01 1.507722227842126124e-02
3.693215339233040240e-01 1.458962999620443818e-02
3.729351032448380288e-01 1.411742337149603753e-02
3.765486725663720335e-01 1.366000574610196430e-02
3.801622418879060383e-01 1.321680413724467609e-02
3.837758112094400431e-01 1.278726902397976997e-02
3.873893805309736038e-01 1.237087428619583311e-02
3.910029498525076086e-01 1.196711729642893803e-02
3.946165191740416134e-01 1.157551916144959094e-02
3.982300884955756182e-01 1.119562510613086523e-02
4.018436578171096230e-01 1.082700498630718121e-02
4.054572271386431837e-01 1.046925391003086792e-02
4.090707964601771884e-01 1.012199293774924437e-02
4.126843657817111932e-01 9.784869821476523816e-03
4.162979351032451980e-01 9.457559731205263803e-03
4.199115044247792028e-01 9.139765903997851618e-03
4.235250737463132076e-01 8.831220138108924339e-03
4.271386430678467683e-01 8.531683042149492205e-03
4.307522123893807731e-01 8.240943939136748109e-03
4.343657817109147778e-01 7.958820319077238720e-03
4.379793510324487826e-01 7.685156733615097768e-03
4.415929203539827874e-01 7.419823034511772650e-03
4.452064896755163481e-01 7.162711876453022562e-03
4.488200589970503529e-01 6.913735435571480639e-03
4.524336283185843577e-01 6.672821338810134249e-03
4.560471976401183625e-01 6.439907855050617906e-03
4.596607669616523673e-01 6.214938464069352103e-03
4.632743362831863720e-01 5.997855988941005329e-03
4.668879056047199327e-01 5.788596544441848395e-03
4.705014749262539375e-01 5.587083609685947194e-03
4.741150442477879423e-01 5.393222568463937848e-03
4.777286135693219471e-01 5.206896067314152436e-03
4.813421828908559519e-01 5.027960513627748561e-03
4.849557522123895126e-01 4.856243972678364607e-03
4.885693215339235174e-01 4.691545627191168015e-03
4.921828908554575222e-01 4.533636845040738515e-03
4.957964601769915269e-01 4.382263773273920547e-03
4.994100294985255317e-01 4.237151255490137491e-03
5.030235988200595365e-01 4.098007769813643252e-03
5.066371681415930972e-01 3.964531018240824087e-03
5.102507374631271020e-01 3.836413771784211082e-03
5.138643067846611068e-01 3.713349590111291332e-03
5.174778761061951116e-01 3.595038083957799533e-03
5.210914454277291163e-01 3.481189463731627735e-03
5.247050147492626770e-01 3.371528206381877672e-03
5.283185840707966818e-01 3.265795762747618694e-03
5.319321533923306866e-01 3.163752309071933555e-03
5.355457227138646914e-01 3.065177612098354300e-03
5.391592920353986962e-01 2.969871123578945917e-03
5.427728613569327010e-01 2.877651446720703998e-03
5.463864306784662617e-01 2.788355326145315356e-03
5.500000000000002665e-01 2.701836307905051710e-03
5.536135693215342712e-01 2.617963201170665690e-03
5.572271386430682760e-01 2.536618452451947902e-03
5.608407079646022808e-01 2.457696520111525562e-03
5.644542772861358415e-01 2.381102314143445590e-03
5.680678466076698463e-01 2.306749745498744199e-03
5.716814159292038511e-01 2.234560411661859567e-03
5.752949852507378559e-01 2.164462431103329927e-03
5.789085545722718606e-01 2.096389428596813573e-03
5.825221238938058654e-01 2.030279665857128834e-03
5.861356932153394261e-01 1.966075307045363815e-03
5.897492625368734309e-01 1.903721805869920203e-03
5.933628318584074357e-01 1.843167399779222686e-03
5.969764011799414405e-01 1.784362696643527427e-03
6.005899705014754453e-01 1.727260339986119546e-03
6.042035398230090060e-01 1.671814739952339618e-03
6.078171091445430108e-01 1.617981858577681063e-03
6.114306784660770155e-01 1.565719039374190245e-03
6.150442477876110203e-01 1.514984872690071068e-03
6.186578171091450251e-01 1.465739089643785424e-03
6.222713864306790299e-01 1.417942478652300248e-03
6.258849557522125906e-01 1.371556819646807144e-03
6.294985250737465954e-01 1.326544831996078182e-03
6.331120943952806002e-01 1.282870132942843990e-03
6.367256637168146050e-01 1.240497204015335569e-03
6.403392330383486097e-01 1.199391363417392706e-03
6.439528023598821704e-01 1.159518742842559173e-03
6.475663716814161752e-01 1.120846267513782822e-03
6.511799410029501800e-01 1.083341638535950061e-03
6.547935103244841848e-01 1.046973316873898736e-03
6.584070796460181896e-01 1.011710508446293398e-03
6.620206489675521944e-01 9.775231499634020466e-04
6.656342182890857551e-01 9.443818952433869060e-04
6.692477876106197598e-01 9.122581018224750317e-04
6.728613569321537646e-01 8.811238177357952426e-04
6.764749262536877694e-01 8.509517683907742583e-04
6.800884955752217742e-01 8.217153434885697159e-04
6.837020648967553349e-01 7.933885839725673657e-04
6.873156342182893397e-01 7.659461689998857967e-04
6.909292035398233445e-01 7.393634029429684224e-04
6.945427728613573493e-01 7.136162024354736908e-04
6.981563421828913540e-01 6.886810834809132783e-04
7.017699115044253588e-01 6.645351486444562878e-04
7.053834808259589195e-01 6.411560743487128809e-04
7.089970501474929243e-01 6.185220982937466618e-04
7.126106194690269291e-01 5.966120070201964354e-04
7.162241887905609339e-01 5.754051236326019562e-04
7.198377581120949387e-01 5.548812956980743319e-04
7.234513274336284994e-01 5.350208833333259563e-04
7.270648967551625041e-01 5.158047474909334320e-04
7.306784660766965089e-01 4.972142384537880195e-04
7.342920353982305137e-01 4.792311845446740231e-04
7.379056047197645185e-01 4.618378810562098584e-04
7.415191740412985233e-01 4.450170794048249174e-04
7.451327433628320840e-01 4.287519765109463251e-04
7.487463126843660888e-01 4.130262044063174329e-04
7.523598820059000936e-01 3.978238200683323626e-04
7.559734513274340983e-01 3.831292954802140377e-04
7.595870206489681031e-01 3.689275079150902627e-04
7.632005899705016638e-01 3.552037304413510209e-04
7.668141592920356686e-01 3.419436226460406724e-04
7.704277286135696734e-01 3.291332215726186050e-04
7.740412979351036782e-01 3.167589328690100046e-04
7.776548672566376830e-01 3.048075221415587604e-04
7.812684365781712437e-01 2.932661065103127026e-04
7.848820058997052485e-01 2.821221463608812531e-04
7.884955752212392532e-01 2.713634372879860377e-04
7.921091445427732580e-01 2.609781022257786579e-04
7.957227138643072628e-01 2.509545837600103929e-04
7.993362831858412676e-01 2.412816366170703487e-04
8.029498525073748283e-01 2.319483203250498739e-04
8.065634218289088331e-01 2.229439920419760154e-04
8.101769911504428379e-01 2.142582995465039148e-04
8.137905604719768426e-01 2.058811743864219046e-04
8.174041297935108474e-01 1.978028251804481836e-04
8.210176991150444081e-01 1.900137310689341481e-04
8.246312684365784129e-01 1.825046353092229536e-04
8.282448377581124177e-01 1.752665390115222500e-04
8.318584070796464225e-01 1.682906950113477657e-04
8.354719764011804273e-01 1.615686018746536137e-04
8.390855457227144321e-01 1.550919980320152633e-04
8.426991150442479928e-01 1.488528560382836789e-04
8.463126843657819975e-01 1.428433769543122479e-04
8.499262536873160023e-01 1.370559848475201808e-04
8.535398230088500071e-01 1.314833214081341853e-04
8.571533923303840119e-01 1.261182406781362624e-04
8.607669616519175726e-01 1.209538038900565649e-04
8.643805309734515774e-01 1.159832744128695882e-04
8.679941002949855822e-01 1.112001128023904270e-04
8.716076696165195870e-01 1.065979719536614583e-04
8.752212389380535917e-01 1.021706923529453804e-04
8.788348082595875965e-01 9.791229742706311526e-05
8.824483775811211572e-01 9.381698898787359481e-05
8.860619469026551620e-01 8.987914276982844164e-05
8.896755162241891668e-01 8.609330405861772466e-05
8.932890855457231716e-01 8.245418340899329508e-05
8.969026548672571764e-01 7.895665244995039779e-05
9.005162241887907371e-01 7.559573977554350063e-05
9.041297935103247418e-01 7.236662691963625818e-05
9.077433628318587466e-01 6.926464441301942595e-05
9.113569321533927514e-01 6.628526792133051355e-05
9.149705014749267562e-01 6.342411446231754836e-05
9.185840707964607610e-01 6.067693870102054622e-05
9.221976401179943217e-01 5.803962932150435718e-05
9.258112094395283265e-01 5.550820547382132524e-05
9.294247787610623313e-01 5.307881329493582156e-05
9.330383480825963360e-01 5.074772250237577856e-05
9.366519174041303408e-01 4.851132305941825717e-05
9.402654867256639015e-01 4.636612191065643855e-05
9.438790560471979063e-01 4.430873978681964322e-05
9.474926253687319111e-01 4.233590807775771694e-05
9.511061946902659159e-01 4.044446577252724451e-05
9.547197640117999207e-01 3.863135646553205604e-05
9.583333333333339255e-01 3.689362542771237364e-05
9.619469026548674861e-01 3.522841674178438064e-05
9.655604719764014909e-01 3.363297050055471577e-05
9.691740412979354957e-01 3.210462006735888458e-05
9.727876106194695005e-01 3.064078939767762822e-05
9.764011799410035053e-01 2.923899042100994226e-05
9.800147492625370660e-01 2.789682048209052480e-05
9.836283185840710708e-01 2.661195984055062089e-05
9.872418879056050756e-01 2.538216922813681914e-05
9.908554572271390803e-01 2.420528746260326426e-05
9.944690265486730851e-01 2.307922911741505006e-05
9.980825958702070899e-01 2.200198224639460107e-05
1.001696165191740651e+00 2.097160616246147223e-05
1.005309734513274655e+00 1.998622926961613467e-05
1.008923303834808660e+00 1.904404694732695922e-05
1.012536873156342665e+00 1.814331948648381353e-05
1.016150442477876670e+00 1.728237007609010841e-05
1.019764011799410230e+00 1.645958283986488505e-05
1.023377581120944235e+00 1.567340092193460853e-05
1.026991150442478240e+00 1.492232462080057255e-05
1.030604719764012245e+00 1.420490957076265314e-05
1.034218289085546250e+00 1.351976496999764727e-05
1.037831858407080254e+00 1.286555185448043386e-05
1.041445427728613815e+00 1.224098141695126852e-05
1.045058997050147820e+00 1.164481337012767485e-05
1.048672566371681825e+00 1.107585435336977480e-05
1.052286135693215829e+00 1.053295638200526109e-05
1.055899705014749834e+00 1.001501533853025892e-05
1.059513274336283395e+00 9.520969504901529673e-06
1.063126843657817400e+00 9.049798135141874482e-06
1.066740412979351404e+00 8.600520067484336106e-06
1.070353982300885409e+00 8.172192375284631290e-06
1.073967551622419414e+00 7.763909055936075410e-06
1.077581120943953419e+00 7.374799757026411295e-06
1.081194690265486980e+00 7.004028538980564470e-06
1.084808259587020984e+00 6.650792673437737225e-06
1.088421828908554989e+00 6.314321476618436779e-06
1.092035398230088994e+00 5.993875176940172756e-06
1.095648967551622999e+00 5.688743816149177718e-06
1.099262536873156559e+00 5.398246183238641970e-06
1.102876106194690564e+00 5.121728780432976375e-06
1.106489675516224569e+00 4.858564820521855542e-06
1.110103244837758574e+00 4.608153254836394457e-06
1.113716814159292579e+00 4.369917831165318243e-06
1.117330383480826583e+00 4.143306180917001861e-06
1.120943952802360144e+00 3.927788934841107733e-06
1.124557522123894149e+00 3.722858866629276488e-06
1.128171091445428154e+00 3.528030063725364537e-06
1.131784660766962158e+00 3.342837124679961189e-06
1.135398230088496163e+00 3.166834382395647716e-06
1.139011799410029724e+00 2.999595152615578901e-06
1.142625368731563729e+00 2.840711007017499255e-06
1.146238938053097733e+00 2.689791070284181318e-06
1.149852507374631738e+00 2.546461340529598500e-06
1.153466076696165743e+00 2.410364032469685917e-06
1.157079646017699748e+00 2.281156942735881205e-06
1.160693215339233308e+00 2.158512836738210536e-06
1.164306784660767313e+00 2.042118856495175994e-06
1.167920353982301318e+00 1.931675948856337672e-06
1.171533923303835323e+00 1.826898313553488335e-06
1.175147492625369328e+00 1.727512870526350585e-06
1.178761061946902888e+00 1.633258745977805572e-06
1.182374631268436893e+00 1.543886776624176932e-06
1.185988200589970898e+00 1.459159031615705579e-06
1.189601769911504903e+00 1.378848351612091620e-06
1.193215339233038907e+00 1.302737904508501722e-06
1.196828908554572468e+00 1.230620757316781783e-06
1.200442477876106473e+00 1.162299463717060118e-06
1.204056047197640478e+00 1.097585666804836491e-06
1.207669616519174483e+00 1.036299716568416875e-06
1.211283185840708487e+00 9.782703016416962436e-07
1.214896755162242492e+00 9.233340948873359642e-07
1.218510324483776053e+00 8.713354123749500916e-07
1.222123893805310058e+00 8.221258853290067797e-07
1.225737463126844062e+00 7.755641446310125351e-07
1.229351032448378067e+00 7.315155174698655528e-07
1.232964601769912072e+00 6.898517357445437543e-07
1.236578171091445633e+00 6.504506558322661965e-07
1.240191740412979637e+00 6.131959893452062332e-07
1.243805309734513642e+00 5.779770445080952168e-07
1.247418879056047647e+00 5.446884777982589604e-07
1.251032448377581652e+00 5.132300554991124551e-07
1.254646017699115657e+00 4.835064248269534139e-07
1.258259587020649217e+00 4.554268943001655586e-07
1.261873156342183222e+00 4.289052230286284197e-07
1.265486725663717227e+00 4.038594186100299235e-07
1.269100294985251232e+00 3.802115433282800861e-07
1.272713864306785236e+00 3.578875283578980124e-07
1.276327433628318797e+00 3.368169956864966716e-07
1.279941002949852802e+00 3.169330874758074647e-07
1.283554572271386807e+00 2.981723025897606805e-07
1.287168141592920811e+00 2.804743400261208979e-07
1.290781710914454816e+00 2.637819489959997540e-07
1.294395280235988821e+00 2.480407854032674943e-07
1.298008849557522382e+00 2.331992744834095750e-07
1.301622418879056386e+00 2.192084793687471152e-07
1.305235988200590391e+00 2.060219753542423394e-07
1.308849557522124396e+00 1.935957296451270849e-07
1.312463126843658401e+00 1.818879863746073844e-07
1.316076696165191962e+00 1.708591566866606970e-07
1.319690265486725966e+00 1.604717136855653598e-07
1.323303834808259971e+00 1.506900920603591419e-07
1.326917404129793976e+00 1.414805921987051915e-07
1.330530973451327981e+00 1.328112886108722435e-07
1.334144542772861985e+00 1.246519424905846464e-07
1.337758112094395546e+00 1.169739182453711837e-07
1.341371681415929551e+00 1.097501038348312555e-07
1.344985250737463556e+00 1.029548347607959979e-07
1.348598820058997561e+00 9.656382155885569191e-08
1.352212389380531565e+00 9.055408064603203263e-08
1.355825958702065126e+00 8.490386838453478794e-08
1.359439528023599131e+00 7.959261822657975902e-08
1.363053097345133136e+00 7.460088081015866053e-08
1.366666666666667140e+00 6.991026688036621572e-08
1.370280235988201145e+00 6.550339291554299054e-08
1.373893805309735150e+00 6.136382934196912558e-08
1.377507374631268711e+00 5.747605122519025137e-08
1.381120943952802715e+00 5.382539133028646495e-08
1.384734513274336720e+00 5.039799544750249531e-08
1.388348082595870725e+00 4.718077988360997045e-08
1.391961651917404730e+00 4.416139102323624100e-08
1.395575221238938290e+00 4.132816686811879804e-08
1.399188790560472295e+00 3.867010046584836821e-08
1.402802359882006300e+00 3.617680514317096251e-08
1.406415929203540305e+00 3.383848146228462845e-08
1.410029498525074310e+00 3.164588582184332959e-08
1.413643067846608314e+00 2.959030062754606612e-08
1.417256637168141875e+00 2.766350596023035733e-08
1.420870206489675880e+00 2.585775267235146941e-08
1.424483775811209885e+00 2.416573684657527949e-08
1.428097345132743889e+00 2.258057555295532942e-08
1.431710914454277894e+00 2.109578384383230034e-08
1.435324483775811455e+00 1.970525292813921170e-08
1.438938053097345460e+00 1.840322946927327909e-08
1.442551622418879465e+00 1.718429595307623284e-08
1.446165191740413469e+00 1.604335207474378521e-08
1.449778761061947474e+00 1.497559709571134002e-08
1.453392330383481479e+00 1.397651312367440245e-08
1.457005899705015040e+00 1.304184927095530991e-08
1.460619469026549044e+00 1.216760664839559024e-08
1.464233038348083049e+00 1.135002415384738178e-08
1.467846607669617054e+00 1.058556501615620380e-08
1.471460176991151059e+00 9.870904057280828399e-09
1.475073746312684619e+00 9.202915636875406627e-09
1.478687315634218624e+00 8.578662245275914571e-09
1.482300884955752629e+00 7.995383712383704088e-09
1.485914454277286634e+00 7.450487001427341774e-09
1.489528023598820639e+00 6.941536558014225118e-09
1.493141592920354643e+00 6.466245186253814352e-09
1.496755162241888204e+00 6.022465425047552935e-09
1.500368731563422209e+00 5.608181398902635311e-09
1.503982300884956214e+00 5.221501118833713218e-09
1.507595870206490218e+00 4.860649210072768896e-09
1.511209439528024223e+00 4.523960044417449216e-09
1.514823008849557784e+00 4.209871256107713507e-09
1.518436578171091789e+00 3.916917621136829368e-09
1.522050147492625793e+00 3.643725280874565504e-09
1.525663716814159798e+00 3.389006291809620008e-09
1.529277286135693803e+00 3.151553484107758379e-09
1.532890855457227808e+00 2.930235612531537970e-09
1.536504424778761368e+00 2.723992784079501129e-09
1.540117994100295373e+00 2.531832147479195824e-09
1.543731563421829378e+00 2.352823830408698824e-09
1.547345132743363383e+00 2.186097111029725586e-09
1.550958702064897388e+00 2.030836811089640933e-09
1.554572271386430948e+00 1.886279898495769775e-09
1.558185840707964953e+00 1.751712287878683954e-09
1.561799410029498958e+00 1.626465828248777686e-09
1.565412979351032963e+00 1.509915467408618686e-09
1.569026548672566967e+00 1.401476583316829719e-09
1.572640117994100972e+00 1.300602473107117729e-09
1.576253687315634533e+00 1.206781990949348176e-09
1.579867256637168538e+00 1.119537326400385777e-09
1.583480825958702543e+00 1.038421915331046334e-09
1.587094395280236547e+00 9.630184759326258536e-10
1.590707964601770552e+00 8.929371627036295795e-10
1.594321533923304113e+00 8.278138316953218226e-10
1.597935103244838118e+00 7.673084106535739724e-10
1.601548672566372122e+00 7.111033680363785611e-10
1.605162241887906127e+00 6.589022752106103901e-10
1.608775811209440132e+00 6.104284564404318191e-10
1.612389380530973693e+00 5.654237215723245792e-10
1.616002949852507697e+00 5.236471766002143701e-10
1.619616519174041702e+00 4.848741075581770063e-10
1.623230088495575707e+00 4.488949334389537428e-10
1.626843657817109712e+00 4.155142240742683633e-10
1.630457227138643717e+00 3.845497791387892627e-10
1.634070796460177277e+00 3.558317646533756044e-10
1.637684365781711282e+00 3.292019035663085054e-10
1.641297935103245287e+00 3.045127171834022803e-10
1.644911504424779292e+00 2.816268144001393902e-10
1.648525073746313296e+00 2.604162258617158192e-10
1.652138643067846857e+00 2.407617803402173414e-10
1.655752212389380862e+00 2.225525207731179268e-10
1.659365781710914867e+00 2.056851575537197995e-10
1.662979351032448871e+00 1.900635568028663866e-10
1.666592920353982876e+00 1.755982614825447712e-10
1.670206489675516881e+00 1.622060433359092304e-10
1.673820058997050442e+00 1.498094837558239962e-10
1.677433628318584447e+00 1.383365817947675867e-10
1.681047197640118451e+00 1.277203876339314433e-10
1.684660766961652456e+00 1.178986599283015128e-10
1.688274336283186461e+00 1.088135455381704739e-10
1.691887905604720022e+00 1.004112802458724653e-10
1.695501474926254026e+00 9.264190913995076502e-11
1.699115044247788031e+00 8.545902542776768514e-11
1.702728613569322036e+00 7.881952651187605207e-11
1.706342182890856041e+00 7.268338623555105746e-11
1.709955752212390045e+00 6.701344226907804654e-11
1.713569321533923606e+00 6.177519767069955244e-11
1.717182890855457611e+00 5.693663571493658688e-11
1.720796460176991616e+00 5.246804713640234580e-11
1.724410029498525621e+00 4.834186898943133072e-11
1.728023598820059625e+00 4.453253437301909669e-11
1.731637168141593186e+00 4.101633231690010457e-11
1.735250737463127191e+00 3.777127716817274907e-11
1.738864306784661196e+00 3.477698685895865586e-11
1.742477876106195200e+00 3.201456947418379556e-11
1.746091445427729205e+00 2.946651757493324369e-11
1.749705014749263210e+00 2.711660976701273853e-11
1.753318584070796771e+00 2.494981903648784542e-11
1.756932153392330775e+00 2.295222740421404129e-11
1.760545722713864780e+00 2.111094647976024975e-11
1.764159292035398785e+00 1.941404352183808066e-11
1.767772861356932790e+00 1.785047263742166046e-11
1.771386430678466350e+00 1.641001077529774171e-11
1.775000000000000355e+00 1.508319819191288372e-11
1.778613569321534360e+00 1.386128308813887166e-11
1.782227138643068365e+00 1.273617013507746336e-11
1.785840707964602370e+00 1.170037262530594056e-11
1.789454277286136374e+00 1.074696800312746110e-11
1.793067846607669935e+00 9.869556543476808282e-12
1.796681415929203940e+00 9.062222964222240750e-12
1.800294985250737945e+00 8.319500770748060911e-12
1.803908554572271949e+00 7.636339144958567283e-12
1.807522123893805954e+00 7.008072203266052071e-12
1.811135693215339515e+00 6.430390459761013839e-12
1.814749262536873520e+00 5.899314341660415470e-12
1.818362831858407525e+00 5.411169614336882215e-12
1.821976401179941529e+00 4.962564582779795650e-12
1.825589970501475534e+00 4.550368945282964920e-12
1.829203539823009539e+00 4.171694183518401223e-12
1.832817109144543100e+00 3.823875380979592334e-12
1.836430678466077104e+00 3.504454369098358122e-12
1.840044247787611109e+00 3.211164107182233730e-12
1.843657817109145114e+00 2.941914208715902285e-12
1.847271386430679119e+00 2.694777532550547585e-12
1.850884955752212679e+00 2.467977763090449107e-12
1.854498525073746684e+00 2.259877908806122654e-12
1.858112094395280689e+00 2.068969653277067866e-12
1.861725663716814694e+00 1.893863497518612220e-12
1.865339233038348699e+00 1.733279636595975858e-12
1.868952802359882703e+00 1.586039517495185893e-12
1.872566371681416264e+00 1.451058028919032855e-12
1.876179941002950269e+00 1.327336277129884405e-12
1.879793510324484274e+00 1.213954905179559117e-12
1.883407079646018278e+00 1.110067915869042356e-12
1.887020648967552283e+00 1.014896961579656667e-12
1.890634218289085844e+00 9.277260667255649933e-13
1.894247787610619849e+00 8.478967510084129302e-13
1.897861356932153853e+00 7.748035239196996013e-13
1.901474926253687858e+00 7.078897230450582520e-13
1.905088495575221863e+00 6.466436706894882786e-13
1.908702064896755868e+00 5.905951251707591193e-13
1.912315634218289429e+00 5.393120048303808572e-13
1.915929203539823433e+00 4.923973643953369455e-13
1.919542772861357438e+00 4.494866047976384070e-13
1.923156342182891443e+00 4.102448989290629108e-13
1.926769911504425448e+00 3.743648170835265537e-13
1.930383480825959008e+00 3.415641370244230748e-13
1.933997050147493013e+00 3.115838247160355781e-13
1.937610619469027018e+00 2.841861727819238076e-13
1.941224188790561023e+00 2.591530847043386234e-13
1.944837758112095027e+00 2.362844936625267084e-13
1.948451327433629032e+00 2.153969057282949080e-13
1.952064896755162593e+00 1.963220578993185395e-13
1.955678466076696598e+00 1.789056821579182144e-13
1.959292035398230603e+00 1.630063673997199183e-13
1.962905604719764607e+00 1.484945116856257288e-13
1.966519174041298612e+00 1.352513578357827871e-13
1.970132743362832173e+00 1.231681059083783315e-13
1.973746312684366178e+00 1.121450965921144704e-13
1.977359882005900182e+00 1.020910599919172006e-13
1.980973451327434187e+00 9.292242470501227596e-14
1.984587020648968192e+00 8.456268247167143816e-14
1.988200589970502197e+00 7.694180404343660163e-14
1.991814159292035757e+00 6.999570224389656485e-14
1.995427728613569762e+00 6.366573850461809477e-14
1.999041297935103767e+00 5.789826944374823206e-14
2.002654867256637772e+00 5.264423031837378440e-14
2.006268436578171777e+00 4.785875242579468631e-14
2.009882005899705337e+00 4.350081175461933420e-14
2.013495575221239342e+00 3.953290639545133054e-14
2.017109144542773347e+00 3.592076041412579961e-14
2.020722713864307352e+00 3.263305206906717202e-14
2.024336283185841356e+00 2.964116441948944511e-14
2.027949852507374917e+00 2.691895652378756312e-14
2.031563421828908922e+00 2.444255356852474225e-14
2.035176991150442927e+00 2.219015439873281355e-14
2.038790560471976931e+00 2.014185504061404340e-14
2.042404129793510936e+00 1.827948691889734572e-14
2.046017699115044941e+00 1.658646857374084642e-14
2.049631268436578502e+00 1.504766977681404271e-14
2.053244837758112507e+00 1.364928703363825284e-14
2.056858407079646511e+00 1.237872953994543131e-14
2.060471976401180516e+00 1.122451473424739571e-14
2.064085545722714521e+00 1.017617265745759455e-14
2.067699115044248082e+00 9.224158393713153964e-15
2.071312684365782086e+00 8.359771924902090731e-15
2.074926253687316091e+00 7.575084785204740907e-15
2.078539823008850096e+00 6.862872951518617680e-15
2.082153392330384101e+00 6.216555451323622826e-15
2.085766961651918106e+00 5.630138211608954333e-15
2.089380530973451666e+00 5.098162711234986498e-15
2.092994100294985671e+00 4.615659034779439935e-15
2.096607669616519676e+00 4.178102958762886289e-15
2.100221238938053236e+00 3.781376731373367907e-15
2.103834808259587685e+00 3.421733234630665873e-15
2.107448377581121246e+00 3.095763243518416516e-15
2.111061946902655695e+00 2.800365520149581638e-15
2.114675516224189256e+00 2.532719502681072721e-15
2.118289085545722816e+00 2.290260368587889081e-15
2.121902654867257265e+00 2.070656270208643737e-15
2.125516224188790826e+00 1.871787557281365659e-15
2.129129793510325275e+00 1.691727816638445541e-15
2.132743362831858835e+00 1.528726573422926751e-15
2.136356932153393284e+00 1.381193511219146689e-15
2.139970501474926845e+00 1.247684080462676631e-15
2.143584070796460406e+00 1.126886375480900373e-15
2.147197640117994855e+00 1.017609170602704853e-15
2.150811209439528415e+00 9.187710150315062693e-16
2.154424778761062864e+00 8.293902946676624651e-16
2.158038348082596425e+00 7.485761768574291348e-16
2.161651917404129986e+00 6.755203611893578106e-16
2.165265486725664434e+00 6.094895660107191099e-16
2.168879056047197995e+00 5.498186863421688005e-16
2.172492625368732444e+00 4.959045643731651080e-16
2.176106194690266005e+00 4.472003187654603831e-16
2.179719764011799565e+00 4.032101836128536867e-16
2.183333333333334014e+00 3.634848121391929814e-16
2.186946902654867575e+00 3.276170040929063318e-16
2.190560471976402024e+00 2.952378193463050262e-16
2.194174041297935585e+00 2.660130434573885164e-16
2.197787610619469145e+00 2.396399739256717700e-16
2.201401179941003594e+00 2.158444985952460515e-16
2.205014749262537155e+00 1.943784401479178046e-16
2.208628318584071604e+00 1.750171429063698909e-16
2.212241887905605164e+00 1.575572802503324230e-16
2.215855457227138725e+00 1.418148628523032273e-16
2.219469026548673174e+00 1.276234296804040629e-16
2.223082595870206735e+00 1.148324053064808385e-16
2.226696165191741184e+00 1.033056085111818132e-16
2.230309734513274744e+00 9.291989850576894250e-17
2.233923303834809193e+00 8.356394630310450188e-17
2.237536873156342754e+00 7.513711987811317555e-17
2.241150442477876314e+00 6.754847276902491358e-17
2.244764011799410763e+00 6.071582669397406368e-17
2.248377581120944324e+00 5.456493959982965727e-17
2.251991150442478773e+00 4.902875132888921683e-17
2.255604719764012334e+00 4.404669979030596020e-17
2.259218289085545894e+00 3.956410116265002073e-17
2.262831858407080343e+00 3.553158823730428337e-17
2.266445427728613904e+00 3.190460154410409206e-17
2.270058997050148353e+00 2.864292838531290511e-17
2.273672566371681913e+00 2.571028534580424736e-17
2.277286135693215474e+00 2.307394024973255396e-17
2.280899705014749923e+00 2.070436990069200295e-17
2.284513274336283484e+00 1.857495027625839713e-17
2.288126843657817933e+00 1.666167615192048237e-17
2.291740412979351493e+00 1.494290740626718617e-17
2.295353982300885054e+00 1.339913951127478967e-17
2.298967551622419503e+00 1.201279594090613854e-17
2.302581120943953064e+00 1.076804043988198844e-17
2.306194690265487512e+00 9.650607284315446317e-18
2.309808259587021073e+00 8.647647838558353671e-18
2.313421828908555522e+00 7.747591869585248166e-18
2.317035398230089083e+00 6.940022222994857197e-18
2.320648967551622643e+00 6.215561594423342182e-18
2.324262536873157092e+00 5.565770248086814665e-18
2.327876106194690653e+00 4.983053641288680964e-18
2.331489675516225102e+00 4.460579011045007378e-18
2.335103244837758663e+00 3.992200067376489957e-18
2.338716814159292223e+00 3.572389018065115347e-18
2.342330383480826672e+00 3.196175222551674295e-18
2.345943952802360233e+00 2.859089838787082648e-18
2.349557522123894682e+00 2.557115886873523165e-18
2.353171091445428242e+00 2.286643207799240595e-18
2.356784660766961803e+00 2.044427844971807947e-18
2.360398230088496252e+00 1.827555421068060756e-18
2.364011799410029813e+00 1.633408123351341174e-18
2.367625368731564262e+00 1.459634947445180320e-18
2.371238938053097822e+00 1.304124882946614641e-18
2.374852507374631383e+00 1.164982754522530429e-18
2.378466076696165832e+00 1.040507459553387474e-18
2.382079646017699393e+00 9.291723682273327651e-19
2.385693215339233841e+00 8.296076744854479957e-19
2.389306784660767402e+00 7.405845065916029805e-19
2.392920353982301851e+00 6.610006245441920577e-19
2.396533923303835412e+00 5.898675482429494862e-19
2.400147492625368972e+00 5.262989754332031235e-19
2.403761061946903421e+00 4.695003621214212430e-19
2.407374631268436982e+00 4.187595505238711782e-19
2.410988200589971431e+00 3.734383407958114204e-19
2.414601769911504991e+00 3.329649129053064661e-19
2.418215339233038552e+00 2.968270141600310946e-19
2.421828908554573001e+00 2.645658361636956855e-19
2.425442477876106562e+00 2.357705124493339718e-19
2.429056047197641011e+00 2.100731747877285105e-19
2.432669616519174571e+00 1.871445122685162629e-19
2.436283185840708132e+00 1.666897827594719111e-19
2.439896755162242581e+00 1.484452313244838194e-19
2.443510324483776142e+00 1.321748746718143345e-19
2.447123893805310590e+00 1.176676147584508897e-19
2.450737463126844151e+00 1.047346483356597677e-19
2.454351032448377712e+00 9.320714252225175739e-20
2.457964601769912161e+00 8.293414947088497160e-20
2.461578171091445721e+00 7.378073587943096646e-20
2.465191740412980170e+00 6.562630552219578788e-20
2.468805309734513731e+00 5.836309516049772952e-20
2.472418879056048180e+00 5.189482616120765590e-20
2.476032448377581741e+00 4.613549592688876594e-20
2.479646017699115301e+00 4.100829484034885562e-20
2.483259587020649750e+00 3.644463586744278496e-20
2.486873156342183311e+00 3.238328525972612650e-20
2.490486725663717760e+00 2.876958396748548836e-20
2.494100294985251320e+00 2.555475042604865297e-20
2.497713864306784881e+00 2.269525632569763103e-20
2.501327433628319330e+00 2.015226782825810188e-20
2.504941002949852891e+00 1.789114546075265887e-20
2.508554572271387340e+00 1.588099660689222069e-20
2.512168141592920900e+00 1.409427513821333542e-20
2.515781710914454461e+00 1.250642328514028464e-20
2.519395280235988910e+00 1.109555135048637584e-20
2.523008849557522471e+00 9.842151319357295966e-21
2.526622418879056919e+00 8.728840825222372994e-21
2.530235988200590480e+00 7.740134296607169887e-21
2.533849557522124041e+00 6.862238436481825774e-21
2.537463126843658490e+00 6.082869480773786435e-21
2.541076696165192050e+00 5.391089946761905905e-21
2.544690265486726499e+00 4.777162819484394831e-21
2.548303834808260060e+00 4.232421337401289319e-21
2.551917404129794509e+00 3.749152729833221360e-21
2.555530973451328070e+00 3.320494430370032355e-21
2.559144542772861630e+00 2.940341444468450146e-21
2.562758112094396079e+00 2.603263687639913129e-21
2.566371681415929640e+00 2.304432234560909591e-21
2.569985250737464089e+00 2.039553530576207177e-21
2.573598820058997649e+00 1.804810716707976739e-21
2.577212389380531210e+00 1.596811308600304839e-21
2.580825958702065659e+00 1.412540549879745988e-21
2.584439528023599220e+00 1.249319832138992667e-21
2.588053097345133668e+00 1.104769638011260834e-21
2.591666666666667229e+00 9.767765213605425186e-22
2.595280235988200790e+00 8.634636901561501072e-22
2.598893805309735239e+00 7.631648037533921763e-22
2.602507374631268799e+00 6.744006376135371794e-22
2.606120943952803248e+00 5.958583054742283757e-22
2.609734513274336809e+00 5.263727620693041181e-22
2.613348082595870370e+00 4.649103390995847333e-22
2.616961651917404819e+00 4.105540936368662249e-22
2.620575221238938379e+00 3.624907718244795370e-22
2.624188790560472828e+00 3.199992119129138578e-22
2.627802359882006389e+00 2.824400295999587152e-22
2.631415929203539950e+00 2.492464455639066333e-22
2.635029498525074398e+00 2.199161301999126953e-22
2.638643067846607959e+00 1.940039540786238468e-22
2.642256637168142408e+00 1.711155447147917185e-22
2.645870206489675969e+00 1.509015610121387138e-22
2.649483775811210418e+00 1.330526063751720626e-22
2.653097345132743978e+00 1.172947100719367807e-22
2.656710914454277539e+00 1.033853141013896080e-22
2.660324483775811988e+00 9.110970966456375225e-23
2.663938053097345549e+00 8.027787344623379802e-23
2.667551622418879997e+00 7.072165936266221827e-23
2.671165191740413558e+00 6.229230629094162099e-23
2.674778761061947119e+00 5.485822662927750144e-23
2.678392330383481568e+00 4.830304440176203697e-23
2.682005899705015128e+00 4.252385506562051545e-23
2.685619469026549577e+00 3.742968224892098564e-23
2.689233038348083138e+00 3.294010938233641610e-23
2.692846607669616699e+00 2.898406662565452544e-23
2.696460176991151148e+00 2.549875566071258051e-23
2.700073746312684708e+00 2.242869685570090746e-23
2.703687315634219157e+00 1.972488502726709820e-23
2.707300884955752718e+00 1.734404155936838942e-23
2.710914454277286278e+00 1.524795200181025400e-23
2.714528023598820727e+00 1.340287948528921055e-23
2.718141592920354288e+00 1.177904536971295203e-23
2.721755162241888737e+00 1.035016950330590096e-23
2.725368731563422298e+00 9.093063324449691683e-24
2.728982300884956747e+00 7.987269797989035450e-24
2.732595870206490307e+00 7.014744853248087952e-24
2.736209439528023868e+00 6.159575591409827623e-24
2.739823008849558317e+00 5.407731063551561510e-24
2.743436578171091877e+00 4.746841894751989497e-24
2.747050147492626326e+00 4.166005450905129598e-24
2.750663716814159887e+00 3.655613619009030755e-24
2.754277286135693448e+00 3.207200603927421789e-24
2.757890855457227897e+00 2.813308439616276790e-24
2.761504424778761457e+00 2.467368174662439368e-24
2.765117994100295906e+00 2.163594924392561205e-24
2.768731563421829467e+00 1.896895188046604904e-24
2.772345132743363028e+00 1.662785012475720533e-24
2.775958702064897476e+00 1.457317746127327522e-24
2.779572271386431037e+00 1.277020271017607554e-24
2.783185840707965486e+00 1.118836728020017823e-24
2.786799410029499047e+00 9.800788639473876732e-25
2.790412979351032607e+00 8.583822291917548301e-25
2.794026548672567056e+00 7.516675435644303925e-25
2.797640117994100617e+00 6.581066267227912477e-25
2.801253687315635066e+00 5.760923593289006388e-25
2.804867256637168627e+00 5.042122028699326793e-25
2.808480825958703075e+00 4.412248607801774789e-25
2.812094395280236636e+00 3.860397119448749023e-25
2.815707964601770197e+00 3.376986905428836450e-25
2.819321533923304646e+00 2.953603241339153431e-25
2.822935103244838206e+00 2.582856754739414230e-25
2.826548672566372655e+00 2.258259632491336071e-25
2.830162241887906216e+00 1.974116631950944463e-25
2.833775811209439777e+00 1.725429143051072488e-25
2.837389380530974226e+00 1.507810753780232721e-25
2.841002949852507786e+00 1.317412953196473974e-25
2.844616519174042235e+00 1.150859766654612033e-25
2.848230088495575796e+00 1.005190259793855087e-25
2.851843657817109357e+00 8.778079731752606008e-26
2.855457227138643805e+00 7.664364601827430519e-26
2.859070796460177366e+00 6.690801985913053381e-26
2.862684365781711815e+00 5.839902325575778075e-26
2.866297935103245376e+00 5.096339780247750238e-26
2.869911504424778936e+00 4.446686918268302229e-26
2.873525073746313385e+00 3.879181641662368365e-26
2.877138643067846946e+00 3.383522465417467503e-26
2.880752212389381395e+00 2.950688734316950096e-26
2.884365781710914955e+00 2.572782768151108002e-26
2.887979351032449404e+00 2.242891285707747621e-26
2.891592920353982965e+00 1.954963775006318521e-26
2.895206489675516526e+00 1.703705756721503791e-26
2.898820058997050975e+00 1.484485134088622119e-26
2.902433628318584535e+00 1.293250039650894522e-26
2.906047197640118984e+00 1.126456780462967449e-26
2.909660766961652545e+00 9.810066518344869512e-27
2.913274336283186106e+00 8.541905380683674647e-27
2.916887905604720554e+00 7.436403493004483779e-27
2.920501474926254115e+00 6.472864585663679321e-27
2.924115044247788564e+00 5.633204044670307235e-27
2.927728613569322125e+00 4.901622139039303231e-27
2.931342182890855685e+00 4.264317777533456858e-27
2.934955752212390134e+00 3.709237813181694583e-27
2.938569321533923695e+00 3.225857520580171841e-27
2.942182890855458144e+00 2.804988404442980903e-27
2.945796460176991705e+00 2.438609966913550721e-27
2.949410029498525265e+00 2.119722473454745680e-27
2.953023598820059714e+00 1.842218119526802928e-27
2.956637168141593275e+00 1.600768318702801372e-27
2.960250737463127724e+00 1.390725112645215788e-27
2.963864306784661284e+00 1.208034949129555841e-27
2.967477876106195733e+00 1.049163290132691003e-27
2.971091445427729294e+00 9.110287015308308393e-28
2.974705014749262855e+00 7.909452423342970008e-28
2.978318584070797304e+00 6.865721174353365188e-28
2.981932153392330864e+00 5.958696860126988549e-28
2.985545722713865313e+00 5.170610301970673837e-28
2.989159292035398874e+00 4.485983872583949387e-28
2.992772861356932435e+00 3.891338351084014561e-28
2.996386430678466883e+00 3.374936967950893151e-28
3.000000000000000000e+00 2.926561961994375974e-28
