0.000000000000000000e+00
5.762796869272052147e-02
5.762796869272052147e-02
5.762796869272052147e-02
5.762796869272052147e-02
5.762796869272052147e-02
5.762796869272052147e-02
5.762796869272052147e-02
5.762796869272052147e-02
5.762796869272052147e-02
5.762796869272052147e-02
5.762796869272052147e-02
5.762796869272052147e-02
5.762796869272052147e-02
5.762796869272052147e-02
5.762796869272052147e-02
5.762796869272052147e-02
5.762796869272052147e-02
5.762796869272052147e-02
5.762796869272052147e-02
5.762796869272052147e-02
5.762796869272052147e-02
5.762796869272052147e-02
5.762796869272052147e-02
5.762796869272052147e-02
5.762796869272052147e-02
5.762796869272052147e-02
5.762796869272052147e-02
5.762796869272052147e-02
5.762796869272052147e-02
5.762796869272052147e-02
5.762796869272052147e-02
5.762796869272052147e-02
5.762796869272052147e-02
5.762796869272052147e-02
5.762796869272052147e-02
5.762796869272052147e-02
5.762796869272052147e-02
5.762796869272052147e-02
5.762796869272052147e-02
5.762796869272052147e-02
5.762796869272052147e-02
5.762796869272052147e-02
5.762796869272052147e-02
5.762796869272052147e-02
5.762796869272052147e-02
5.762796869272052147e-02
5.762796869272052147e-02
5.762796869272052147e-02
5.762796869272052147e-02
5.762796869272052147e-02
5.762796869272052147e-02
5.762796869272052147e-02
5.762796869272052147e-02
5.762796869272052147e-02
5.762796869272052147e-02
5.762796869272052147e-02
5.762796869272052147e-02
5.762796869272052147e-02
5.762796869272052147e-02
5.762796869272052147e-02
5.762796869272052147e-02
5.762796869272052147e-02
5.762796869272052147e-02
5.762796869272052147e-02
5.762796869272052147e-02
5.762796869272052147e-02
5.762796869272052147e-02
5.762796869272052147e-02
5.725889700640875851e-02
5.725889700640875851e-02
5.725889700640875851e-02
5.493675572855370032e-02
5.493675572855370032e-02
5.493675572855370032e-02
5.493675572855370032e-02
5.493675572855370032e-02
5.493675572855370032e-02
5.240105193691593777e-02
5.240105193691593777e-02
5.240105193691593777e-02
5.240105193691593777e-02
5.040556310518694988e-02
4.876871170402832800e-02
4.803168098160551236e-02
4.803168098160551236e-02
4.803168098160551236e-02
4.844615829258383521e-02
4.844615829258383521e-02
4.844615829258383521e-02
5.082582671070087765e-02
5.055290988463556623e-02
5.055290988463556623e-02
5.055290988463556623e-02
5.055290988463556623e-02
4.869262339878485668e-02
4.862358435790587602e-02
4.821694344000717475e-02
4.821694344000717475e-02
4.821694344000717475e-02
4.847990559712294506e-02
4.847990559712294506e-02
4.847990559712294506e-02
4.708744584407722339e-02
4.560570466116615346e-02
4.671071156798464047e-02
4.532877091720627361e-02
4.621087918043540604e-02
4.581320663084300499e-02
4.831136344137978295e-02
4.852289225478368523e-02
4.722253988971522598e-02
4.683170309717446522e-02
4.683170309717446522e-02
4.599807362263350768e-02
4.875814473691821721e-02
4.777067326311571632e-02
4.703898877940221324e-02
4.729276290261571342e-02
4.613839717580184990e-02
4.583568639747578194e-02
4.341077464358594068e-02
4.341077464358594068e-02
4.395552020640666052e-02
4.372894185305353787e-02
4.557032897443436675e-02
4.557032897443436675e-02
4.557032897443436675e-02
4.341422035518714001e-02
4.341422035518714001e-02
4.194832717101105307e-02
4.227648653561396491e-02
4.112857904319221908e-02
4.043917243325558658e-02
4.043917243325558658e-02
4.043917243325558658e-02
3.947776694182793256e-02
3.987419352291757257e-02
4.118913475455387996e-02
4.134188576154057548e-02
4.040946325717609949e-02
4.055019199713320865e-02
4.104274982246686188e-02
4.104274982246686188e-02
4.099600160801802895e-02
3.957168915752871247e-02
3.969973173062012889e-02
3.969973173062012889e-02
3.872782119402364692e-02
3.894512126096382615e-02
3.894512126096382615e-02
3.894512126096382615e-02
3.870188547496591219e-02
3.875110536343259748e-02
3.875110536343259748e-02
3.778303079196806968e-02
3.804514818546322896e-02
3.804514818546322896e-02
3.846139027391545090e-02
3.725090956683588944e-02
3.741347256395968074e-02
3.737509905866676085e-02
3.755012284772851067e-02
3.299176358475881810e-02
3.299176358475881810e-02
3.414237134824840703e-02
3.414237134824840703e-02
3.414237134824840703e-02
3.395534953893624558e-02
3.554293572675434887e-02
3.353470154981406243e-02
3.353470154981406243e-02
3.359780992920963216e-02
3.203797128922434428e-02
3.187448047857902034e-02
3.187448047857902034e-02
3.187448047857902034e-02
3.379039563248382311e-02
3.379039563248382311e-02
3.238415997035526406e-02
3.238415997035526406e-02
3.292155850661195732e-02
3.292155850661195732e-02
3.168641526475570597e-02
3.285675045904129510e-02
3.285675045904129510e-02
3.294416228112664879e-02
3.099180071996089289e-02
3.114382814841180902e-02
3.093287647348684846e-02
3.115766342886178153e-02
3.115766342886178153e-02
3.147386268964531136e-02
3.187532397537717194e-02
3.187532397537717194e-02
3.216346130319359953e-02
3.216346130319359953e-02
3.127872312396556137e-02
2.954888035078875874e-02
2.954888035078875874e-02
2.868269696111131264e-02
2.743146687777455253e-02
2.743146687777455253e-02
2.871398333112176390e-02
2.895859054255538537e-02
2.895859054255538537e-02
2.723754963475422466e-02
2.723754963475422466e-02
2.640376483578699141e-02
2.582762811356771951e-02
2.582762811356771951e-02
2.436445475488084947e-02
2.328554538170412788e-02
2.276058844580471086e-02
2.276058844580471086e-02
2.276058844580471086e-02
2.345959409262765236e-02
2.328228967722525966e-02
2.328544524833653373e-02
2.328544524833653373e-02
2.328544524833653373e-02
2.380379406015624422e-02
2.332439153966062509e-02
2.295182750081258341e-02
1.986013765466387165e-02
2.028749334562937948e-02
2.017942857014904876e-02
2.017942857014904876e-02
2.082191904443256650e-02
2.094340736806557177e-02
2.094340736806557177e-02
2.159147281295703547e-02
2.236540084964460176e-02
2.228209293782991429e-02
2.228209293782991429e-02
2.178927849994347424e-02
2.135296115162819627e-02
2.224364899829850417e-02
2.224364899829850417e-02
2.224364899829850417e-02
2.208926268439023385e-02
2.148834900549720373e-02
2.148834900549720373e-02
2.114870291125879251e-02
2.007910698017604731e-02
1.951662060288382114e-02
1.898344722804510762e-02
1.898344722804510762e-02
1.996467243050484633e-02
1.996467243050484633e-02
1.996467243050484633e-02
1.996467243050484633e-02
2.086357187004101929e-02
2.086357187004101929e-02
2.086357187004101929e-02
2.086357187004101929e-02
2.053445685580140498e-02
1.957334706226613805e-02
1.957334706226613805e-02
2.107136207846510914e-02
2.107136207846510914e-02
2.083024719857176632e-02
1.979748783772620341e-02
1.963893907438916953e-02
1.892534298773536697e-02
1.928187339035651940e-02
1.911993825182095944e-02
1.851378877127442604e-02
1.851378877127442604e-02
1.851378877127442604e-02
1.799705674989099738e-02
1.799705674989099738e-02
1.744520540877944267e-02
1.694653951592666949e-02
1.691831941006972234e-02
1.528470333400547450e-02
1.607027573110329788e-02
1.607027573110329788e-02
1.595930609671976710e-02
1.595930609671976710e-02
1.597174392081543090e-02
1.644074222314321695e-02
1.644074222314321695e-02
1.644074222314321695e-02
1.644074222314321695e-02
1.576246017723503812e-02
1.576246017723503812e-02
1.569702334661417578e-02
1.650199538866472387e-02
1.650199538866472387e-02
1.651268652425201891e-02
1.600651931901116501e-02
1.870356591576157260e-02
1.830343455125105559e-02
1.837561885437034512e-02
1.837561885437034512e-02
1.931231334708151740e-02
1.931231334708151740e-02
1.935847265862010794e-02
1.935847265862010794e-02
1.935847265862010794e-02
1.935847265862010794e-02
2.027865521495588602e-02
2.027865521495588602e-02
1.931918748457209234e-02
1.931918748457209234e-02
1.935078394072305488e-02
1.941434010044600783e-02
1.975088751582892641e-02
1.975088751582892641e-02
1.975088751582892641e-02
1.975088751582892641e-02
1.975088751582892641e-02
1.894072892579521869e-02
1.961621855152939978e-02
2.134898778618866608e-02
2.212766645228876269e-02
2.237095005181006027e-02
2.321528408515785569e-02
2.376242475042025792e-02
2.376242475042025792e-02
2.375165946979077361e-02
2.375165946979077361e-02
2.404841069676336152e-02
2.429573099472048803e-02
2.429573099472048803e-02
2.313118395329226765e-02
2.377186817875636196e-02
2.377186817875636196e-02
2.377186817875636196e-02
2.187017272902998591e-02
2.298828306662649076e-02
2.282308417231551298e-02
2.324813060524828778e-02
2.324813060524828778e-02
2.324813060524828778e-02
2.324813060524828778e-02
2.310839782798371211e-02
2.310839782798371211e-02
2.310839782798371211e-02
2.426881943557283872e-02
2.481222281779461511e-02
2.366030035528292330e-02
2.308242042037516803e-02
2.238018852211369480e-02
2.238018852211369480e-02
2.278332345269322781e-02
2.278332345269322781e-02
2.278332345269322781e-02
2.278332345269322781e-02
2.278332345269322781e-02
2.404056699656861515e-02
2.404056699656861515e-02
2.501548175201590007e-02
2.487299270368950252e-02
2.437308264685270412e-02
2.455531771121132259e-02
2.464531556492643993e-02
2.422082259886467956e-02
2.422082259886467956e-02
2.497137879236336830e-02
2.497137879236336830e-02
2.626641657127298801e-02
2.747550110656459335e-02
2.600849368221020905e-02
2.600849368221020905e-02
2.698029847023509023e-02
2.698029847023509023e-02
2.959790822639244215e-02
2.917240397487562767e-02
2.917240397487562767e-02
2.917240397487562767e-02
2.917240397487562767e-02
2.917240397487562767e-02
2.833234345428873799e-02
2.817445206176997022e-02
2.817445206176997022e-02
2.817445206176997022e-02
2.817445206176997022e-02
2.680545258294489766e-02
2.965912367427449639e-02
2.965912367427449639e-02
2.900592196012923354e-02
2.870373915978971513e-02
2.870373915978971513e-02
2.870373915978971513e-02
2.820492468877226419e-02
2.687577679906240705e-02
2.657735506116764082e-02
2.657735506116764082e-02
2.657735506116764082e-02
2.930062156668843121e-02
2.755284218446188080e-02
2.755284218446188080e-02
2.736458181743844573e-02
2.970546056451808803e-02
3.186581876209902686e-02
3.318377816891333182e-02
3.119643988883519237e-02
3.119643988883519237e-02
3.093138374188838732e-02
3.165597615173704193e-02
3.220208855705469775e-02
3.316058455658337650e-02
3.253597020526995121e-02
3.253597020526995121e-02
3.216548297155117503e-02
3.216548297155117503e-02
3.312431660645731579e-02
3.088980150094443669e-02
3.383549326643559008e-02
3.383549326643559008e-02
3.339309440889075969e-02
3.339309440889075969e-02
3.306740636148857576e-02
3.306740636148857576e-02
3.306740636148857576e-02
3.306740636148857576e-02
3.430774443043257266e-02
3.430774443043257266e-02
3.430774443043257266e-02
3.437798806643679178e-02
3.084614127310797080e-02
2.788396609731118650e-02
2.755119090878330179e-02
2.704898478232603889e-02
2.702706810884998936e-02
2.702706810884998936e-02
2.681163482347207958e-02
2.681163482347207958e-02
2.681163482347207958e-02
2.681163482347207958e-02
2.865771709310742724e-02
3.006609214008493236e-02
3.006609214008493236e-02
2.687408741709036708e-02
2.687408741709036708e-02
2.827859763701899912e-02
2.774059778678003227e-02
3.118737006889728269e-02
3.308188597789570723e-02
3.308188597789570723e-02
3.310050441314644348e-02
3.702799427158398604e-02
3.702799427158398604e-02
3.702799427158398604e-02
3.702799427158398604e-02
3.783765239534905150e-02
3.783765239534905150e-02
3.783765239534905150e-02
3.783765239534905150e-02
3.783765239534905150e-02
3.783765239534905150e-02
3.783765239534905150e-02
3.783765239534905150e-02
3.856233995773166584e-02
3.957550939766784487e-02
3.957550939766784487e-02
3.987163019223089605e-02
4.048013836270367843e-02
4.004449660924366827e-02
3.890705349472145524e-02
3.890705349472145524e-02
3.890705349472145524e-02
3.994574151237382381e-02
3.998583481080042468e-02
3.998583481080042468e-02
3.998583481080042468e-02
4.130610571542930182e-02
4.128316361016531183e-02
4.128316361016531183e-02
4.147570154405408327e-02
4.147570154405408327e-02
4.145318021803442304e-02
4.128489513025106888e-02
4.095155723009619164e-02
4.066698794345804946e-02
4.128031063502439479e-02
4.128031063502439479e-02
4.128031063502439479e-02
4.128031063502439479e-02
4.128031063502439479e-02
4.121605673884836535e-02
4.160163747899241204e-02
4.160163747899241204e-02
4.045442726735969108e-02
4.045442726735969108e-02
3.838152216304455827e-02
3.838152216304455827e-02
3.838152216304455827e-02
3.809126938849295013e-02
3.968704034673106035e-02
3.804126114950399234e-02
3.786467040373241860e-02
3.736375308797473122e-02
3.736375308797473122e-02
3.736375308797473122e-02
3.741933408479724416e-02
3.741933408479724416e-02
3.741933408479724416e-02
3.741933408479724416e-02
3.451334341700518227e-02
3.451334341700518227e-02
3.507479125139834758e-02
3.470854065236337466e-02
3.366373436280776371e-02
3.522072731636616966e-02
3.522072731636616966e-02
3.469203724295056440e-02
3.469203724295056440e-02
3.464437667673738591e-02
3.426027822082630681e-02
3.425953458951590258e-02
3.425953458951590258e-02
3.425953458951590258e-02
3.258861325689704075e-02
3.327450067308377474e-02
3.317477801581099339e-02
3.392937851096115148e-02
3.155512469859246549e-02
3.155512469859246549e-02
2.997471667967749331e-02
2.845680655637861448e-02
2.907148079850162617e-02
3.081538133745437280e-02
3.066568901439386749e-02
2.994500173100471396e-02
2.994500173100471396e-02
2.527008191373592352e-02
2.588011942362595727e-02
2.563523961779103424e-02
2.567190705040096541e-02
2.567190705040096541e-02
2.563275061563117033e-02
2.563275061563117033e-02
2.563089325122236764e-02
2.591676471670001022e-02
2.554959771733091023e-02
2.554959771733091023e-02
2.491135604658568578e-02
2.491135604658568578e-02
2.491135604658568578e-02
2.518539579277655552e-02
2.688698591437988297e-02
2.724732064659311781e-02
2.724732064659311781e-02
2.733769059154323930e-02
2.627282905974607022e-02
2.703127652349894897e-02
3.004661994604126626e-02
2.993886047061906572e-02
2.887567165590824991e-02
2.887567165590824991e-02
2.997497440432203564e-02
2.964324327809937654e-02
3.073834881318557657e-02
3.202158453972148849e-02
3.195211518396619960e-02
3.195211518396619960e-02
3.137076535135929073e-02
3.087689820257783976e-02
2.824874793491377253e-02
2.879227179011112359e-02
2.879227179011112359e-02
2.856715681114209426e-02
-3.083975823406561248e-02
-2.968392906091273445e-02
-2.959244180790149281e-02
-2.959244180790149281e-02
-2.959244180790149281e-02
-2.959244180790149281e-02
-2.978884877046411236e-02
-2.978884877046411236e-02
-2.978884877046411236e-02
-3.010872922897823642e-02
-3.010872922897823642e-02
-3.033216963439382477e-02
-3.033216963439382477e-02
3.233622590897761162e-02
3.233622590897761162e-02
3.243710680475968972e-02
3.243710680475968972e-02
3.229796404138087634e-02
3.229796404138087634e-02
3.259390901111927641e-02
3.455679185281001348e-02
3.455679185281001348e-02
3.427106025340104917e-02
3.427106025340104917e-02
3.427106025340104917e-02
3.396269963345659171e-02
3.398187536693640654e-02
3.436080405349557082e-02
3.436080405349557082e-02
3.436080405349557082e-02
3.420295496178644284e-02
3.424287473417084171e-02
3.699584812627686181e-02
3.699584812627686181e-02
3.699584812627686181e-02
3.699584812627686181e-02
3.699584812627686181e-02
3.694984777285493377e-02
3.694984777285493377e-02
-3.691829018150446368e-02
-3.691829018150446368e-02
-3.691829018150446368e-02
-3.658897120555257287e-02
-3.662763252437602202e-02
3.761271231110829144e-02
3.761271231110829144e-02
3.761271231110829144e-02
-3.834141993550566757e-02
-3.834141993550566757e-02
3.512708903635563401e-02
3.512708903635563401e-02
3.573490926077840107e-02
3.280693424695441812e-02
3.280693424695441812e-02
3.290246070678776863e-02
3.290246070678776863e-02
3.290246070678776863e-02
3.286855843784864534e-02
3.335185147967520414e-02
3.335185147967520414e-02
3.306591781680151554e-02
3.279918863935378515e-02
3.279918863935378515e-02
3.279918863935378515e-02
3.252269440584566046e-02
3.192139660248079908e-02
3.213097793284391823e-02
3.352267337254040414e-02
3.352267337254040414e-02
3.352267337254040414e-02
3.352267337254040414e-02
3.352267337254040414e-02
3.351418681399401939e-02
3.351418681399401939e-02
3.351418681399401939e-02
3.351418681399401939e-02
3.324069950808216517e-02
3.306447139316277817e-02
3.353164067178333180e-02
3.353164067178333180e-02
3.353164067178333180e-02
3.373904531467990936e-02
3.383214668122230123e-02
3.383214668122230123e-02
3.383214668122230123e-02
3.276067388198056901e-02
3.199049542022956022e-02
3.199049542022956022e-02
3.286872002333660059e-02
3.465125896811021428e-02
3.547527103724529979e-02
3.151470354444029648e-02
3.151470354444029648e-02
3.160484558927752902e-02
3.160484558927752902e-02
3.101233516941976145e-02
3.101233516941976145e-02
3.062979493498033112e-02
3.305997040379067553e-02
3.305997040379067553e-02
3.090766912845609518e-02
3.090766912845609518e-02
2.997468049064221443e-02
2.991018260183786817e-02
2.991018260183786817e-02
2.991018260183786817e-02
2.991018260183786817e-02
3.077871070798757214e-02
2.974628991755488491e-02
2.974628991755488491e-02
2.974628991755488491e-02
2.895375882669793191e-02
2.895375882669793191e-02
2.738225097304602951e-02
2.713953755387812916e-02
2.584923127090511807e-02
2.584923127090511807e-02
2.584923127090511807e-02
2.459644168700523062e-02
2.459644168700523062e-02
2.459644168700523062e-02
2.459644168700523062e-02
2.459644168700523062e-02
2.459644168700523062e-02
2.459644168700523062e-02
2.434898935004745080e-02
2.412824454738126193e-02
2.068556168767386391e-02
2.358573927493770594e-02
2.358573927493770594e-02
2.358573927493770594e-02
2.191986410019392331e-02
1.906250209242964580e-02
1.906250209242964580e-02
1.776205673009527072e-02
1.740846642103198796e-02
1.890278308591931619e-02
2.123939306664836615e-02
2.038910458228445147e-02
2.038910458228445147e-02
2.036633847809242795e-02
2.036633847809242795e-02
2.036633847809242795e-02
2.079170658021020981e-02
2.106902176501515914e-02
2.106902176501515914e-02
2.106902176501515914e-02
1.927214420592454971e-02
1.964501796101367215e-02
1.839251044694971068e-02
1.672001260960179203e-02
1.664311862408343959e-02
1.688917428129626044e-02
1.705248665719213963e-02
1.705248665719213963e-02
1.754881089944554384e-02
1.754881089944554384e-02
1.847391170235111388e-02
1.847391170235111388e-02
1.847391170235111388e-02
1.822964550243881543e-02
1.815604779111312100e-02
2.039490415459354125e-02
2.039490415459354125e-02
2.092698456297052353e-02
2.038602228865984967e-02
2.172206184080314670e-02
2.172206184080314670e-02
2.172206184080314670e-02
2.263266492732171620e-02
2.263266492732171620e-02
2.263266492732171620e-02
2.263266492732171620e-02
2.257546342338053250e-02
2.709113412012783759e-02
2.709113412012783759e-02
2.765623204714222697e-02
2.765623204714222697e-02
-2.786946710900581325e-02
-2.773412096887245895e-02
-2.773412096887245895e-02
-2.704259670211001110e-02
-2.742375872065585737e-02
-2.742375872065585737e-02
-2.742375872065585737e-02
-2.666230708315680056e-02
2.809441321338596378e-02
2.809441321338596378e-02
2.809441321338596378e-02
2.809441321338596378e-02
-2.810734488484709082e-02
-2.810734488484709082e-02
-2.810734488484709082e-02
-2.810734488484709082e-02
-2.810734488484709082e-02
-2.822907150028158493e-02
-2.822907150028158493e-02
-2.847331146957362072e-02
-2.847331146957362072e-02
-2.847331146957362072e-02
2.885880816296429452e-02
2.945720743983959791e-02
2.945720743983959791e-02
2.914131014054399324e-02
2.891083526542992388e-02
2.891083526542992388e-02
2.763860208472127336e-02
2.819575331383492034e-02
2.797854905441548093e-02
2.797854905441548093e-02
2.255773289883787960e-02
2.307391792513599840e-02
2.284182669619945136e-02
2.284182669619945136e-02
-2.211212381281811926e-02
-2.211212381281811926e-02
-2.222113932647111142e-02
-2.209448020351460415e-02
-2.331889203301329427e-02
-2.331889203301329427e-02
-2.445417559617148531e-02
-2.445417559617148531e-02
-2.471143277999193755e-02
-2.461304239845539879e-02
-2.461304239845539879e-02
-2.461304239845539879e-02
-2.461304239845539879e-02
-2.472720968709476649e-02
-2.472720968709476649e-02
-2.472720968709476649e-02
-2.472720968709476649e-02
-2.634820665975616538e-02
-2.634820665975616538e-02
2.627060795231497478e-02
2.627060795231497478e-02
-2.635636947573863700e-02
2.728192739551802901e-02
2.728192739551802901e-02
2.728192739551802901e-02
2.728192739551802901e-02
2.864265658059279504e-02
2.864265658059279504e-02
2.927743143768145317e-02
2.927743143768145317e-02
3.094041463353218793e-02
3.094041463353218793e-02
3.094041463353218793e-02
-3.157368314850408225e-02
3.231024817459280524e-02
3.231024817459280524e-02
3.140285087272729619e-02
3.109436508297219390e-02
-3.157401306201729901e-02
3.023190925106596441e-02
3.038164554860773095e-02
3.087161758486460170e-02
3.111931501095494337e-02
3.111931501095494337e-02
3.111931501095494337e-02
2.995032624232691829e-02
2.995032624232691829e-02
2.995032624232691829e-02
2.991587515092583582e-02
2.991587515092583582e-02
2.991587515092583582e-02
-3.057727205571200702e-02
-2.938015155724339397e-02
-2.860884867467801754e-02
-2.950661262463854725e-02
-2.950661262463854725e-02
-2.950661262463854725e-02
-2.979434637087569407e-02
-2.979434637087569407e-02
-2.867631153941205269e-02
2.833087544512732578e-02
2.833087544512732578e-02
-2.925005268448711837e-02
-2.780747342230565841e-02
-2.743465754515607077e-02
-2.743465754515607077e-02
-2.645884108915784808e-02
-2.645884108915784808e-02
2.695870729647446840e-02
2.710459611476805433e-02
2.725495153953617564e-02
2.725495153953617564e-02
2.897455495350718946e-02
2.897455495350718946e-02
-3.102538125511691489e-02
-3.102538125511691489e-02
-3.238228326582669875e-02
3.285353710313092951e-02
-3.944518349611038366e-02
-3.925441035463542866e-02
-3.914341515904179447e-02
-3.856962101988877650e-02
-3.856962101988877650e-02
-3.867134893065070356e-02
-3.867134893065070356e-02
-3.867134893065070356e-02
-3.867134893065070356e-02
-3.867134893065070356e-02
3.891348786730464832e-02
3.891348786730464832e-02
3.891348786730464832e-02
3.946860640393869135e-02
-3.914992361650373315e-02
-3.914992361650373315e-02
-3.881156977700466609e-02
-3.881156977700466609e-02
-3.881156977700466609e-02
-3.881156977700466609e-02
-3.875468073443135569e-02
-3.938647304370724439e-02
-3.938647304370724439e-02
-4.188780872007916156e-02
-4.281752900814470020e-02
-4.281752900814470020e-02
-4.281752900814470020e-02
-4.160768318818944961e-02
-4.211283739533691617e-02
-4.211283739533691617e-02
-4.211283739533691617e-02
-4.210741329925579007e-02
-4.210741329925579007e-02
-4.210741329925579007e-02
-4.210741329925579007e-02
-4.210741329925579007e-02
-4.210741329925579007e-02
-4.209946956832549825e-02
-4.209946956832549825e-02
-4.209946956832549825e-02
4.122904561191604450e-02
4.122904561191604450e-02
4.122904561191604450e-02
4.122904561191604450e-02
4.132625813431436285e-02
-4.052799115841596023e-02
-4.052799115841596023e-02
-4.052799115841596023e-02
3.841943876609365399e-02
-3.744592143066639151e-02
-3.744592143066639151e-02
-3.744592143066639151e-02
-3.781881802968307255e-02
-3.790961170431410981e-02
-3.790961170431410981e-02
-3.790961170431410981e-02
-3.790961170431410981e-02
-3.783504210699138032e-02
-3.783504210699138032e-02
-4.201695745505144158e-02
-4.256163254193624096e-02
-4.256163254193624096e-02
-4.256163254193624096e-02
4.277086352554632792e-02
4.277086352554632792e-02
4.285326619970072914e-02
4.300480402603435587e-02
4.300480402603435587e-02
4.237197432463616492e-02
4.295257836401063928e-02
4.295257836401063928e-02
4.246931785506583013e-02
4.246931785506583013e-02
4.246931785506583013e-02
-4.209892773867879301e-02
-4.275775350155344712e-02
-4.275775350155344712e-02
-4.233492263418233564e-02
-4.275748261005762191e-02
-4.275748261005762191e-02
-4.275748261005762191e-02
-4.275748261005762191e-02
-4.283290327485217430e-02
-4.218061116027469609e-02
-4.218061116027469609e-02
-4.363175690755013991e-02
-4.363175690755013991e-02
-4.386373290374440820e-02
-4.471672586995165122e-02
-4.471672586995165122e-02
-4.533425644106342522e-02
-4.420968171048316603e-02
-4.437887985410377684e-02
-4.433737337988361005e-02
-4.433737337988361005e-02
-4.424117481359367970e-02
-4.424117481359367970e-02
-4.424117481359367970e-02
-4.424117481359367970e-02
-4.423946875086306324e-02
-4.449800541479673882e-02
-4.449800541479673882e-02
-4.449800541479673882e-02
-4.539078345937436892e-02
-4.539078345937436892e-02
-4.325518615452585841e-02
-4.325518615452585841e-02
-4.325590261593725838e-02
-4.325590261593725838e-02
-4.325590261593725838e-02
-4.325590261593725838e-02
-4.326195623001181240e-02
-4.260302126124660554e-02
-4.260302126124660554e-02
-4.260302126124660554e-02
-4.296236618348949626e-02
-4.299778736494567349e-02
-4.324664026109675818e-02
-4.346703633565537905e-02
-4.242239040693090296e-02
-4.265223297028832711e-02
-4.302401436272015878e-02
-4.302401436272015878e-02
-4.302401436272015878e-02
-4.323571204914818805e-02
-4.400513792240345889e-02
-4.379381057816866818e-02
-4.379381057816866818e-02
-4.361295918132507970e-02
-4.465241283145140322e-02
-4.472035277850106016e-02
-4.160682716010739857e-02
-3.956462292489869303e-02
-3.993262260354753929e-02
-4.037070490019174784e-02
-4.037070490019174784e-02
-4.160766672018988144e-02
-4.153952689582097318e-02
-4.153952689582097318e-02
-4.153952689582097318e-02
-4.140004326246247285e-02
-4.222836767263821872e-02
-4.222836767263821872e-02
-3.888896949489464849e-02
-3.868329071393638435e-02
-3.868329071393638435e-02
-3.856332775955784858e-02
-3.792227110222231440e-02
-3.742386353662761206e-02
-3.742386353662761206e-02
-3.742386353662761206e-02
-3.742386353662761206e-02
-3.742386353662761206e-02
-3.819296455070575469e-02
-3.786210833780953577e-02
-3.786210833780953577e-02
-3.562882330445501372e-02
-3.583717340593618045e-02
-3.579359201487922887e-02
-3.579359201487922887e-02
-3.579359201487922887e-02
-3.579359201487922887e-02
-3.696541391597590182e-02
-3.846282022483807350e-02
-3.845530578924203496e-02
-3.754587741966607800e-02
-3.754587741966607800e-02
-3.754587741966607800e-02
-3.946366288266933003e-02
-3.986245792641209679e-02
-3.881970262821581724e-02
-3.844424436915828275e-02
-3.844424436915828275e-02
-3.873028185569776100e-02
-3.851107643492023003e-02
-3.851107643492023003e-02
-3.851107643492023003e-02
-4.061923518914901249e-02
-4.061923518914901249e-02
-4.078957631694387492e-02
-4.058089194824059803e-02
-4.087469271524397929e-02
-4.087469271524397929e-02
-4.061711642206439210e-02
-4.016198459206309079e-02
-4.029621162761853892e-02
-4.029621162761853892e-02
-4.029621162761853892e-02
-4.029621162761853892e-02
-4.029621162761853892e-02
-4.029621162761853892e-02
-4.029621162761853892e-02
-4.040468900921141693e-02
-4.040468900921141693e-02
-4.040468900921141693e-02
-4.040468900921141693e-02
-4.008314998193731465e-02
-4.008314998193731465e-02
-4.013258972468768809e-02
-4.013258972468768809e-02
-4.236019486362706948e-02
-4.236019486362706948e-02
-4.236019486362706948e-02
-4.151549962857678522e-02
-4.118177371169321616e-02
-4.315426741039501968e-02
-4.204409635984779348e-02
-4.204409635984779348e-02
-4.204409635984779348e-02
-4.204409635984779348e-02
-4.113774087658204903e-02
-4.076614889670937547e-02
-4.035801781271666777e-02
-4.055661771857620862e-02
-4.003389446789135803e-02
-3.990072276707057330e-02
-3.986852496008484043e-02
-3.986852496008484043e-02
-3.986852496008484043e-02
-3.986852496008484043e-02
-3.975373589158646276e-02
-3.996358320803591185e-02
-4.040596328556501915e-02
-4.054123345381497462e-02
-4.054123345381497462e-02
-4.063732087944208621e-02
-4.063732087944208621e-02
-4.063732087944208621e-02
-4.120176080244038891e-02
-4.120176080244038891e-02
-4.276270902217999687e-02
-4.393889146439782650e-02
-4.393889146439782650e-02
-4.493247009297138272e-02
-4.493247009297138272e-02
-4.493247009297138272e-02
-4.494152831072029119e-02
-4.411377923729522393e-02
-4.376686696004062488e-02
-4.376686696004062488e-02
-4.376686696004062488e-02
-4.236451336288695607e-02
-4.030300624678510163e-02
-4.026026756169446413e-02
-3.728751421935735250e-02
-3.728751421935735250e-02
-3.728751421935735250e-02
-3.728751421935735250e-02
-3.759997854639535175e-02
-3.721398890051910019e-02
-3.739632849438081358e-02
-3.739632849438081358e-02
-3.739632849438081358e-02
-3.693004283977882607e-02
-3.693004283977882607e-02
-3.732953072282957363e-02
-3.732953072282957363e-02
-3.732953072282957363e-02
-3.778279809118114535e-02
-3.797024146767672553e-02
-3.722190107419407618e-02
-3.803339129077398795e-02
-3.817405712869515605e-02
-3.466711777592054039e-02
-3.466711777592054039e-02
-3.179733957688475610e-02
-3.080542987791851095e-02
-3.080542987791851095e-02
-3.080542987791851095e-02
-3.115409389792916928e-02
-3.115409389792916928e-02
-3.115409389792916928e-02
-3.115409389792916928e-02
-3.115409389792916928e-02
-3.115409389792916928e-02
-3.015736318137761385e-02
-3.015736318137761385e-02
-3.015736318137761385e-02
-3.015736318137761385e-02
-3.015736318137761385e-02
-3.015736318137761385e-02
-3.015736318137761385e-02
-2.933446008357237442e-02
-2.933446008357237442e-02
-2.933446008357237442e-02
-2.944320795155805359e-02
-2.955788902019454434e-02
-2.900604951598122205e-02
-2.959830077687760838e-02
-2.998320199349699053e-02
-2.785438126432504893e-02
-2.802300598255953734e-02
-2.430701509382214923e-02
-2.472716945876322903e-02
-2.472716945876322903e-02
-2.599275041031386471e-02
-2.599275041031386471e-02
-2.599275041031386471e-02
-2.599275041031386471e-02
-2.556479087072103737e-02
-2.252202768023099308e-02
-2.252202768023099308e-02
-2.252202768023099308e-02
-2.117089995925730897e-02
2.293967215820777450e-02
2.293967215820777450e-02
2.293967215820777450e-02
2.293967215820777450e-02
2.191652556477279370e-02
2.191652556477279370e-02
2.258914119087240477e-02
2.218582245353734050e-02
2.265626962258524002e-02
2.265626962258524002e-02
2.354232332262901073e-02
2.334074113208776599e-02
2.375041356766708842e-02
2.589776668073184504e-02
2.554559549070916855e-02
2.554559549070916855e-02
2.498722703679452997e-02
2.498722703679452997e-02
2.179809071602440210e-02
2.179809071602440210e-02
2.130141108606668776e-02
2.130141108606668776e-02
1.993899269879904554e-02
1.993899269879904554e-02
1.978441363634324962e-02
1.978441363634324962e-02
1.950456612795289923e-02
1.950456612795289923e-02
1.719879713223681009e-02
1.842667661520720410e-02
1.842667661520720410e-02
1.842667661520720410e-02
1.874709263900763492e-02
2.026126525615008084e-02
2.020562734196647628e-02
1.752190079519920507e-02
1.752190079519920507e-02
1.725989218639062059e-02
1.718680692594937512e-02
1.786912503667734131e-02
1.786912503667734131e-02
1.763430341234953000e-02
1.763430341234953000e-02
1.592964602416630307e-02
1.592964602416630307e-02
1.578643088081467180e-02
1.578643088081467180e-02
1.547834201894346916e-02
1.670241037847679591e-02
1.633407625700328270e-02
1.633407625700328270e-02
1.633407625700328270e-02
1.633407625700328270e-02
1.668515858138980637e-02
1.668515858138980637e-02
1.771307694466820945e-02
1.696652666304686655e-02
1.806225802349064116e-02
1.806225802349064116e-02
-1.854011293776118910e-02
-1.851754188933030579e-02
-1.851754188933030579e-02
-1.851754188933030579e-02
-1.851754188933030579e-02
-1.890093715278430911e-02
-1.921157298446244180e-02
-2.037551158577524668e-02
-2.037551158577524668e-02
-2.037551158577524668e-02
-2.185115291876140939e-02
-2.406352912659122725e-02
-2.406352912659122725e-02
2.433965610662930726e-02
-2.548796673814385585e-02
-2.605392753478452325e-02
-2.483746603040199938e-02
-2.479703971657993763e-02
-2.479703971657993763e-02
-2.479703971657993763e-02
-2.496303720369781598e-02
-2.486349307071640188e-02
-2.542010415954256211e-02
-2.542010415954256211e-02
-2.542010415954256211e-02
-2.542010415954256211e-02
-2.687911893595574045e-02
-2.687911893595574045e-02
-2.676799744698621364e-02
-2.678028045457037098e-02
