1.000000000000000000e+00
9.999320877814423802e-01
9.998907819394642349e-01
9.998302728446003540e-01
9.996653997214349774e-01
9.993932979091589841e-01
9.989496096489222099e-01
9.984463055660662834e-01
9.975861042006705093e-01
9.970165590234020270e-01
9.963914126545505567e-01
9.960812979021942404e-01
9.954864461139298903e-01
9.946750586617368883e-01
9.945902017423663422e-01
9.934137727941124707e-01
9.934137727941124707e-01
9.926888515266635293e-01
9.899611046169017881e-01
9.890767838237427556e-01
9.886203224047124261e-01
9.880289277535312387e-01
9.860787722829843505e-01
9.854282372054223860e-01
9.832326011094624230e-01
9.825133749718780729e-01
9.825133749718780729e-01
9.822867985513147326e-01
9.816693358921453338e-01
9.799039361900321321e-01
9.791034056627750948e-01
9.775516155810715091e-01
9.761319911741865862e-01
9.750085222490810777e-01
9.738808554008144824e-01
9.724437690195318895e-01
9.724437690195318895e-01
9.712400364400666231e-01
9.699199224993303448e-01
9.689523542457737504e-01
9.653181521594649261e-01
9.645433381630676983e-01
9.627059494614710333e-01
9.621450507554524245e-01
9.607506295982947142e-01
9.606133425533183168e-01
9.580584263047503546e-01
9.580584263047503546e-01
9.577417333365546570e-01
9.553607849702386856e-01
9.544864639202171874e-01
9.540372336502511708e-01
9.519136180444260908e-01
9.518298723642072412e-01
9.507361873675688191e-01
9.487375660971079094e-01
9.487375660971079094e-01
9.487375660971079094e-01
9.478010147458574286e-01
9.465384302353385682e-01
9.465384302353385682e-01
9.466230977751137754e-01
9.437723736206661274e-01
9.425054599380744413e-01
9.394236212311893874e-01
9.383123267889617036e-01
9.359638067445533727e-01
9.315120070314503176e-01
9.315120070314503176e-01
9.302575629704598059e-01
9.301891273370549440e-01
9.301891273370549440e-01
9.301891273370549440e-01
9.302739842564253792e-01
9.292868293698216542e-01
9.283822313037608520e-01
9.278456602551932164e-01
9.278456602551932164e-01
9.259472621508542112e-01
9.259472621508542112e-01
9.259472621508542112e-01
9.229632798194061793e-01
9.229632798194061793e-01
9.229632798194061793e-01
9.209673217617271312e-01
9.198463992207364104e-01
9.185559624393040412e-01
9.185559624393040412e-01
9.185559624393040412e-01
9.161045950939060711e-01
9.161045950939060711e-01
9.161045950939060711e-01
9.161045950939060711e-01
9.153355854425209159e-01
9.134660136335626124e-01
9.121663328276343741e-01
9.121663328276343741e-01
9.110488423749210085e-01
9.112725725826895662e-01
9.105282804200011126e-01
9.105282804200011126e-01
9.105282804200011126e-01
9.105282804200011126e-01
9.105282804200011126e-01
9.105282804200011126e-01
9.105282804200011126e-01
9.105282804200011126e-01
9.105282804200011126e-01
9.107227920493754514e-01
9.107227920493754514e-01
9.104151088606005082e-01
9.096175043709709973e-01
9.096175043709709973e-01
9.096175043709709973e-01
9.096175043709709973e-01
9.096175043709709973e-01
9.075036322055661797e-01
9.075036322055661797e-01
9.028594541119148165e-01
9.028594541119148165e-01
9.028594541119148165e-01
9.028594541119148165e-01
9.028594541119148165e-01
9.028594541119148165e-01
9.028594541119148165e-01
9.003068578323827342e-01
8.990047841690398389e-01
8.990047841690398389e-01
8.990047841690398389e-01
8.972948279419805662e-01
8.972948279419805662e-01
8.972948279419805662e-01
8.963869290870942752e-01
8.963869290870942752e-01
8.963869290870942752e-01
8.963869290870942752e-01
8.963869290870942752e-01
8.963869290870942752e-01
8.963869290870942752e-01
8.963869290870942752e-01
8.963869290870942752e-01
8.965776221680157310e-01
8.965776221680157310e-01
8.965776221680157310e-01
8.965776221680157310e-01
8.965776221680157310e-01
8.965776221680157310e-01
8.965776221680157310e-01
8.965776221680157310e-01
8.965776221680157310e-01
8.965776221680157310e-01
8.938151846542545798e-01
8.938151846542545798e-01
8.938151846542545798e-01
8.938151846542545798e-01
8.918701348797638540e-01
8.918701348797638540e-01
8.918701348797638540e-01
8.916557514135701190e-01
8.916557514135701190e-01
8.916557514135701190e-01
8.916557514135701190e-01
8.916557514135701190e-01
8.916557514135701190e-01
8.916557514135701190e-01
8.916557514135701190e-01
8.916557514135701190e-01
8.916557514135701190e-01
8.916557514135701190e-01
8.916557514135701190e-01
8.916557514135701190e-01
8.916557514135701190e-01
8.916557514135701190e-01
8.916557514135701190e-01
8.916557514135701190e-01
8.916557514135701190e-01
8.916557514135701190e-01
8.916557514135701190e-01
8.916557514135701190e-01
8.916557514135701190e-01
8.916557514135701190e-01
8.916557514135701190e-01
8.916557514135701190e-01
8.916557514135701190e-01
8.916557514135701190e-01
8.916557514135701190e-01
8.916557514135701190e-01
8.916557514135701190e-01
8.916557514135701190e-01
8.916557514135701190e-01
8.916557514135701190e-01
8.916557514135701190e-01
8.916557514135701190e-01
8.916557514135701190e-01
8.916557514135701190e-01
8.916557514135701190e-01
8.916557514135701190e-01
8.916557514135701190e-01
8.916557514135701190e-01
8.916557514135701190e-01
8.916557514135701190e-01
8.916557514135701190e-01
8.916557514135701190e-01
8.916557514135701190e-01
8.916557514135701190e-01
8.916557514135701190e-01
8.916557514135701190e-01
8.916557514135701190e-01
8.916557514135701190e-01
8.916557514135701190e-01
8.916557514135701190e-01
8.916557514135701190e-01
8.916557514135701190e-01
8.916557514135701190e-01
8.916557514135701190e-01
8.916557514135701190e-01
8.916557514135701190e-01
8.916557514135701190e-01
8.916557514135701190e-01
8.916557514135701190e-01
8.916557514135701190e-01
8.916557514135701190e-01
8.916557514135701190e-01
8.916557514135701190e-01
8.916557514135701190e-01
8.916557514135701190e-01
8.916557514135701190e-01
8.916557514135701190e-01
8.916557514135701190e-01
8.916557514135701190e-01
8.916557514135701190e-01
8.916557514135701190e-01
8.913500451914140310e-01
8.913500451914140310e-01
8.913500451914140310e-01
8.913500451914140310e-01
8.913500451914140310e-01
8.913500451914140310e-01
8.913500451914140310e-01
8.913500451914140310e-01
8.913500451914140310e-01
8.913500451914140310e-01
8.913500451914140310e-01
8.913500451914140310e-01
8.913500451914140310e-01
8.913500451914140310e-01
8.913500451914140310e-01
8.913500451914140310e-01
8.913500451914140310e-01
8.913500451914140310e-01
8.913500451914140310e-01
8.913500451914140310e-01
8.913500451914140310e-01
8.913500451914140310e-01
8.913500451914140310e-01
8.913500451914140310e-01
8.913500451914140310e-01
8.913500451914140310e-01
8.913500451914140310e-01
8.913500451914140310e-01
8.913500451914140310e-01
8.913500451914140310e-01
8.913500451914140310e-01
8.913500451914140310e-01
8.913500451914140310e-01
8.913500451914140310e-01
8.913500451914140310e-01
8.913500451914140310e-01
8.913500451914140310e-01
8.913500451914140310e-01
8.913500451914140310e-01
8.913500451914140310e-01
8.913500451914140310e-01
8.913500451914140310e-01
8.913500451914140310e-01
8.913500451914140310e-01
8.913500451914140310e-01
8.913500451914140310e-01
8.913500451914140310e-01
8.913500451914140310e-01
8.913500451914140310e-01
8.913500451914140310e-01
8.913500451914140310e-01
8.913500451914140310e-01
8.913500451914140310e-01
8.913500451914140310e-01
8.913500451914140310e-01
8.913500451914140310e-01
8.913500451914140310e-01
8.913500451914140310e-01
8.913500451914140310e-01
8.913500451914140310e-01
8.913500451914140310e-01
8.913500451914140310e-01
8.913500451914140310e-01
8.913500451914140310e-01
8.913500451914140310e-01
8.913500451914140310e-01
8.913500451914140310e-01
8.913500451914140310e-01
8.913500451914140310e-01
8.913500451914140310e-01
8.913500451914140310e-01
8.913500451914140310e-01
8.913500451914140310e-01
8.913500451914140310e-01
8.913500451914140310e-01
8.913500451914140310e-01
8.913500451914140310e-01
8.913500451914140310e-01
8.913500451914140310e-01
8.913500451914140310e-01
8.913500451914140310e-01
8.913500451914140310e-01
8.913500451914140310e-01
8.913500451914140310e-01
8.913500451914140310e-01
8.913500451914140310e-01
8.913500451914140310e-01
8.913500451914140310e-01
8.913500451914140310e-01
8.913500451914140310e-01
8.913500451914140310e-01
8.913500451914140310e-01
8.913500451914140310e-01
8.913500451914140310e-01
8.913500451914140310e-01
8.913500451914140310e-01
8.913500451914140310e-01
8.913500451914140310e-01
8.913500451914140310e-01
8.913500451914140310e-01
8.913500451914140310e-01
8.913500451914140310e-01
8.913500451914140310e-01
8.913500451914140310e-01
8.913500451914140310e-01
8.913500451914140310e-01
8.913500451914140310e-01
8.913500451914140310e-01
8.913500451914140310e-01
8.913500451914140310e-01
8.913500451914140310e-01
8.913500451914140310e-01
8.913500451914140310e-01
8.913500451914140310e-01
8.913500451914140310e-01
8.913500451914140310e-01
8.913500451914140310e-01
8.913500451914140310e-01
8.913500451914140310e-01
8.913500451914140310e-01
8.913500451914140310e-01
8.913500451914140310e-01
8.913500451914140310e-01
8.913500451914140310e-01
8.913500451914140310e-01
8.913500451914140310e-01
8.913500451914140310e-01
8.913500451914140310e-01
8.913500451914140310e-01
8.913500451914140310e-01
8.913500451914140310e-01
8.913500451914140310e-01
8.913500451914140310e-01
8.913500451914140310e-01
8.913500451914140310e-01
8.913500451914140310e-01
8.913500451914140310e-01
8.913500451914140310e-01
8.913500451914140310e-01
8.913500451914140310e-01
8.913500451914140310e-01
8.913500451914140310e-01
8.913500451914140310e-01
8.913500451914140310e-01
8.913500451914140310e-01
8.913500451914140310e-01
8.913500451914140310e-01
8.913500451914140310e-01
8.913500451914140310e-01
8.913500451914140310e-01
8.913500451914140310e-01
8.913500451914140310e-01
8.913500451914140310e-01
8.913500451914140310e-01
8.913500451914140310e-01
8.913500451914140310e-01
8.913500451914140310e-01
8.913500451914140310e-01
8.913500451914140310e-01
8.913500451914140310e-01
8.913500451914140310e-01
8.913500451914140310e-01
8.913500451914140310e-01
8.913500451914140310e-01
8.913500451914140310e-01
8.913500451914140310e-01
8.913500451914140310e-01
8.913500451914140310e-01
8.913500451914140310e-01
8.913500451914140310e-01
8.913500451914140310e-01
8.913500451914140310e-01
8.913500451914140310e-01
8.913500451914140310e-01
8.913500451914140310e-01
8.913500451914140310e-01
8.913500451914140310e-01
8.913500451914140310e-01
8.913500451914140310e-01
8.913500451914140310e-01
8.913500451914140310e-01
8.913500451914140310e-01
8.913500451914140310e-01
8.913500451914140310e-01
8.913500451914140310e-01
8.913500451914140310e-01
8.913500451914140310e-01
8.913500451914140310e-01
8.913500451914140310e-01
8.913500451914140310e-01
8.913500451914140310e-01
8.913500451914140310e-01
8.913500451914140310e-01
8.913500451914140310e-01
8.913500451914140310e-01
8.913500451914140310e-01
8.913500451914140310e-01
8.913500451914140310e-01
8.913500451914140310e-01
8.913500451914140310e-01
8.913500451914140310e-01
8.913500451914140310e-01
8.913500451914140310e-01
8.913500451914140310e-01
8.913500451914140310e-01
8.913500451914140310e-01
8.913500451914140310e-01
8.913500451914140310e-01
8.913500451914140310e-01
8.913500451914140310e-01
8.913500451914140310e-01
8.913500451914140310e-01
8.913500451914140310e-01
8.913500451914140310e-01
8.913500451914140310e-01
8.913500451914140310e-01
8.913500451914140310e-01
8.913500451914140310e-01
8.913500451914140310e-01
8.913500451914140310e-01
8.913500451914140310e-01
8.913500451914140310e-01
8.913500451914140310e-01
8.913500451914140310e-01
8.913500451914140310e-01
8.913500451914140310e-01
8.913500451914140310e-01
8.913500451914140310e-01
8.913500451914140310e-01
8.913500451914140310e-01
8.913500451914140310e-01
8.913500451914140310e-01
8.913500451914140310e-01
8.913500451914140310e-01
8.913500451914140310e-01
8.913500451914140310e-01
8.913500451914140310e-01
8.913500451914140310e-01
8.913500451914140310e-01
8.913500451914140310e-01
8.913500451914140310e-01
8.913500451914140310e-01
8.913500451914140310e-01
8.913500451914140310e-01
8.913500451914140310e-01
8.913500451914140310e-01
8.913500451914140310e-01
8.913500451914140310e-01
8.913500451914140310e-01
8.913500451914140310e-01
8.913500451914140310e-01
8.913500451914140310e-01
8.913500451914140310e-01
8.913500451914140310e-01
8.913500451914140310e-01
8.913500451914140310e-01
8.913500451914140310e-01
8.913500451914140310e-01
8.913500451914140310e-01
8.913500451914140310e-01
8.913500451914140310e-01
8.913500451914140310e-01
8.913500451914140310e-01
8.913500451914140310e-01
8.913500451914140310e-01
8.913500451914140310e-01
8.913500451914140310e-01
8.913500451914140310e-01
8.913500451914140310e-01
8.913500451914140310e-01
8.913500451914140310e-01
8.913500451914140310e-01
8.913500451914140310e-01
8.913500451914140310e-01
8.913500451914140310e-01
8.913500451914140310e-01
8.913500451914140310e-01
8.913500451914140310e-01
8.913500451914140310e-01
8.913500451914140310e-01
8.913500451914140310e-01
8.913500451914140310e-01
8.913500451914140310e-01
8.913500451914140310e-01
8.913500451914140310e-01
8.913500451914140310e-01
8.913500451914140310e-01
8.913500451914140310e-01
8.913500451914140310e-01
8.913500451914140310e-01
8.913500451914140310e-01
8.913500451914140310e-01
8.913500451914140310e-01
8.913500451914140310e-01
8.913500451914140310e-01
8.913500451914140310e-01
8.913500451914140310e-01
8.913500451914140310e-01
8.913500451914140310e-01
8.913500451914140310e-01
8.913500451914140310e-01
8.913500451914140310e-01
8.913500451914140310e-01
8.913500451914140310e-01
8.913500451914140310e-01
8.913500451914140310e-01
8.913500451914140310e-01
8.913500451914140310e-01
8.913500451914140310e-01
8.913500451914140310e-01
8.913500451914140310e-01
8.913500451914140310e-01
8.913500451914140310e-01
8.913500451914140310e-01
8.913500451914140310e-01
8.913500451914140310e-01
8.913500451914140310e-01
8.913500451914140310e-01
8.913500451914140310e-01
8.913500451914140310e-01
8.913500451914140310e-01
8.913500451914140310e-01
8.913500451914140310e-01
8.913500451914140310e-01
8.913500451914140310e-01
8.913500451914140310e-01
8.913500451914140310e-01
8.913500451914140310e-01
8.913500451914140310e-01
8.913500451914140310e-01
8.913500451914140310e-01
8.913500451914140310e-01
8.913500451914140310e-01
8.913500451914140310e-01
8.913500451914140310e-01
8.913500451914140310e-01
8.913500451914140310e-01
8.913500451914140310e-01
8.913500451914140310e-01
8.913500451914140310e-01
8.913500451914140310e-01
8.913500451914140310e-01
8.913500451914140310e-01
8.913500451914140310e-01
8.913500451914140310e-01
8.913500451914140310e-01
8.913500451914140310e-01
8.913500451914140310e-01
8.913500451914140310e-01
8.913500451914140310e-01
8.913500451914140310e-01
8.913500451914140310e-01
8.913500451914140310e-01
8.913500451914140310e-01
8.913500451914140310e-01
8.913500451914140310e-01
8.913500451914140310e-01
8.913500451914140310e-01
8.913500451914140310e-01
8.913500451914140310e-01
8.913500451914140310e-01
8.913500451914140310e-01
8.913500451914140310e-01
8.913500451914140310e-01
8.913500451914140310e-01
8.913500451914140310e-01
8.913500451914140310e-01
8.913500451914140310e-01
8.913500451914140310e-01
8.913500451914140310e-01
8.913500451914140310e-01
8.913500451914140310e-01
8.913500451914140310e-01
8.913500451914140310e-01
8.913500451914140310e-01
8.913500451914140310e-01
8.913500451914140310e-01
8.913500451914140310e-01
8.913500451914140310e-01
8.913500451914140310e-01
8.913500451914140310e-01
8.913500451914140310e-01
8.913500451914140310e-01
8.913500451914140310e-01
8.913500451914140310e-01
8.913500451914140310e-01
8.913500451914140310e-01
8.913500451914140310e-01
8.913500451914140310e-01
8.913500451914140310e-01
8.913500451914140310e-01
8.913500451914140310e-01
8.913500451914140310e-01
8.913500451914140310e-01
8.913500451914140310e-01
8.913500451914140310e-01
8.913500451914140310e-01
8.913500451914140310e-01
8.913500451914140310e-01
8.913500451914140310e-01
8.913500451914140310e-01
8.913500451914140310e-01
8.913500451914140310e-01
8.913500451914140310e-01
8.913500451914140310e-01
8.913500451914140310e-01
8.913500451914140310e-01
8.913500451914140310e-01
8.913500451914140310e-01
8.913500451914140310e-01
8.913500451914140310e-01
8.913500451914140310e-01
8.913500451914140310e-01
8.913500451914140310e-01
8.913500451914140310e-01
8.913500451914140310e-01
8.913500451914140310e-01
8.913500451914140310e-01
8.913500451914140310e-01
8.913500451914140310e-01
8.913500451914140310e-01
8.913500451914140310e-01
8.913500451914140310e-01
8.913500451914140310e-01
8.913500451914140310e-01
8.913500451914140310e-01
8.913500451914140310e-01
8.913500451914140310e-01
8.913500451914140310e-01
8.913500451914140310e-01
8.913500451914140310e-01
8.913500451914140310e-01
8.913500451914140310e-01
8.913500451914140310e-01
8.913500451914140310e-01
8.913500451914140310e-01
8.913500451914140310e-01
8.913500451914140310e-01
8.913500451914140310e-01
8.913500451914140310e-01
8.913500451914140310e-01
8.913500451914140310e-01
8.913500451914140310e-01
8.913500451914140310e-01
8.913500451914140310e-01
8.913500451914140310e-01
8.913500451914140310e-01
8.913500451914140310e-01
8.913500451914140310e-01
8.913500451914140310e-01
8.913500451914140310e-01
8.913500451914140310e-01
8.913500451914140310e-01
8.913500451914140310e-01
8.913500451914140310e-01
8.913500451914140310e-01
8.913500451914140310e-01
8.913500451914140310e-01
8.913500451914140310e-01
8.913500451914140310e-01
8.913500451914140310e-01
8.913500451914140310e-01
8.913500451914140310e-01
8.913500451914140310e-01
8.913500451914140310e-01
8.913500451914140310e-01
8.913500451914140310e-01
8.913500451914140310e-01
8.913500451914140310e-01
8.913500451914140310e-01
8.913500451914140310e-01
8.913500451914140310e-01
8.913500451914140310e-01
8.913500451914140310e-01
8.913500451914140310e-01
8.913500451914140310e-01
8.913500451914140310e-01
8.913500451914140310e-01
8.913500451914140310e-01
8.913500451914140310e-01
8.913500451914140310e-01
8.913500451914140310e-01
8.913500451914140310e-01
8.913500451914140310e-01
8.913500451914140310e-01
8.913500451914140310e-01
8.913500451914140310e-01
8.913500451914140310e-01
8.913500451914140310e-01
8.913500451914140310e-01
8.913500451914140310e-01
8.913500451914140310e-01
8.913500451914140310e-01
8.913500451914140310e-01
8.913500451914140310e-01
8.913500451914140310e-01
8.913500451914140310e-01
8.913500451914140310e-01
8.913500451914140310e-01
8.913500451914140310e-01
8.913500451914140310e-01
8.913500451914140310e-01
8.913500451914140310e-01
8.913500451914140310e-01
8.913500451914140310e-01
8.913500451914140310e-01
8.913500451914140310e-01
8.913500451914140310e-01
8.913500451914140310e-01
8.913500451914140310e-01
8.913500451914140310e-01
8.913500451914140310e-01
8.913500451914140310e-01
8.913500451914140310e-01
8.913500451914140310e-01
8.913500451914140310e-01
8.913500451914140310e-01
8.913500451914140310e-01
8.913500451914140310e-01
8.913500451914140310e-01
8.913500451914140310e-01
8.913500451914140310e-01
8.913500451914140310e-01
8.913500451914140310e-01
8.913500451914140310e-01
8.913500451914140310e-01
8.913500451914140310e-01
8.913500451914140310e-01
8.913500451914140310e-01
8.913500451914140310e-01
8.913500451914140310e-01
8.913500451914140310e-01
8.913500451914140310e-01
8.913500451914140310e-01
8.913500451914140310e-01
8.913500451914140310e-01
8.913500451914140310e-01
8.913500451914140310e-01
8.913500451914140310e-01
8.913500451914140310e-01
8.913500451914140310e-01
8.913500451914140310e-01
8.913500451914140310e-01
8.913500451914140310e-01
8.913500451914140310e-01
8.913500451914140310e-01
8.913500451914140310e-01
8.913500451914140310e-01
8.913500451914140310e-01
8.913500451914140310e-01
8.913500451914140310e-01
8.913500451914140310e-01
8.913500451914140310e-01
8.913500451914140310e-01
8.913500451914140310e-01
8.913500451914140310e-01
8.913500451914140310e-01
8.913500451914140310e-01
8.913500451914140310e-01
8.913500451914140310e-01
8.913500451914140310e-01
8.913500451914140310e-01
8.913500451914140310e-01
8.913500451914140310e-01
8.913500451914140310e-01
8.913500451914140310e-01
8.913500451914140310e-01
8.913500451914140310e-01
8.913500451914140310e-01
8.913500451914140310e-01
8.913500451914140310e-01
8.913500451914140310e-01
8.913500451914140310e-01
8.913500451914140310e-01
8.913500451914140310e-01
8.913500451914140310e-01
8.913500451914140310e-01
8.913500451914140310e-01
8.913500451914140310e-01
8.913500451914140310e-01
8.913500451914140310e-01
8.913500451914140310e-01
8.913500451914140310e-01
8.913500451914140310e-01
8.913500451914140310e-01
8.913500451914140310e-01
8.913500451914140310e-01
8.913500451914140310e-01
8.913500451914140310e-01
8.913500451914140310e-01
8.913500451914140310e-01
8.913500451914140310e-01
8.913500451914140310e-01
8.913500451914140310e-01
8.913500451914140310e-01
8.913500451914140310e-01
8.913500451914140310e-01
8.913500451914140310e-01
8.913500451914140310e-01
8.913500451914140310e-01
8.913500451914140310e-01
8.913500451914140310e-01
8.913500451914140310e-01
8.913500451914140310e-01
8.913500451914140310e-01
8.913500451914140310e-01
8.913500451914140310e-01
8.913500451914140310e-01
8.913500451914140310e-01
8.913500451914140310e-01
8.913500451914140310e-01
8.913500451914140310e-01
8.913500451914140310e-01
8.913500451914140310e-01
8.913500451914140310e-01
8.913500451914140310e-01
8.913500451914140310e-01
8.913500451914140310e-01
8.913500451914140310e-01
8.913500451914140310e-01
8.913500451914140310e-01
8.913500451914140310e-01
8.913500451914140310e-01
8.913500451914140310e-01
8.913500451914140310e-01
8.913500451914140310e-01
8.913500451914140310e-01
8.913500451914140310e-01
8.913500451914140310e-01
8.913500451914140310e-01
8.913500451914140310e-01
8.913500451914140310e-01
8.913500451914140310e-01
8.913500451914140310e-01
8.913500451914140310e-01
8.913500451914140310e-01
8.913500451914140310e-01
8.913500451914140310e-01
8.913500451914140310e-01
8.913500451914140310e-01
8.913500451914140310e-01
8.913500451914140310e-01
8.913500451914140310e-01
8.913500451914140310e-01
8.913500451914140310e-01
8.913500451914140310e-01
8.913500451914140310e-01
8.913500451914140310e-01
8.913500451914140310e-01
8.913500451914140310e-01
8.913500451914140310e-01
8.913500451914140310e-01
8.913500451914140310e-01
8.913500451914140310e-01
8.913500451914140310e-01
8.913500451914140310e-01
8.913500451914140310e-01
8.913500451914140310e-01
8.913500451914140310e-01
8.913500451914140310e-01
8.913500451914140310e-01
8.913500451914140310e-01
8.913500451914140310e-01
8.913500451914140310e-01
8.913500451914140310e-01
8.913500451914140310e-01
8.913500451914140310e-01
8.913500451914140310e-01
8.913500451914140310e-01
8.913500451914140310e-01
8.913500451914140310e-01
8.913500451914140310e-01
8.913500451914140310e-01
8.913500451914140310e-01
8.913500451914140310e-01
8.913500451914140310e-01
8.913500451914140310e-01
8.913500451914140310e-01
8.913500451914140310e-01
8.913500451914140310e-01
8.913500451914140310e-01
8.913500451914140310e-01
8.913500451914140310e-01
8.913500451914140310e-01
8.913500451914140310e-01
8.913500451914140310e-01
8.913500451914140310e-01
8.913500451914140310e-01
8.913500451914140310e-01
8.913500451914140310e-01
8.913500451914140310e-01
8.913500451914140310e-01
8.913500451914140310e-01
8.913500451914140310e-01
8.913500451914140310e-01
8.913500451914140310e-01
8.913500451914140310e-01
8.913500451914140310e-01
8.913500451914140310e-01
8.913500451914140310e-01
8.913500451914140310e-01
8.913500451914140310e-01
8.913500451914140310e-01
8.913500451914140310e-01
8.913500451914140310e-01
8.913500451914140310e-01
8.913500451914140310e-01
8.913500451914140310e-01
8.913500451914140310e-01
8.913500451914140310e-01
8.913500451914140310e-01
8.913500451914140310e-01
8.913500451914140310e-01
8.913500451914140310e-01
8.913500451914140310e-01
8.913500451914140310e-01
8.913500451914140310e-01
8.913500451914140310e-01
8.913500451914140310e-01
8.913500451914140310e-01
8.913500451914140310e-01
8.913500451914140310e-01
8.913500451914140310e-01
8.913500451914140310e-01
8.913500451914140310e-01
8.913500451914140310e-01
8.913500451914140310e-01
8.913500451914140310e-01
8.913500451914140310e-01
8.913500451914140310e-01
8.913500451914140310e-01
8.913500451914140310e-01
8.913500451914140310e-01
8.913500451914140310e-01
8.913500451914140310e-01
8.913500451914140310e-01
8.913500451914140310e-01
8.913500451914140310e-01
8.913500451914140310e-01
8.913500451914140310e-01
8.913500451914140310e-01
8.913500451914140310e-01
8.913500451914140310e-01
8.913500451914140310e-01
8.913500451914140310e-01
8.913500451914140310e-01
8.913500451914140310e-01
8.913500451914140310e-01
8.913500451914140310e-01
8.913500451914140310e-01
8.913500451914140310e-01
8.913500451914140310e-01
8.913500451914140310e-01
8.913500451914140310e-01
8.913500451914140310e-01
8.913500451914140310e-01
8.913500451914140310e-01
8.913500451914140310e-01
8.913500451914140310e-01
8.913500451914140310e-01
8.913500451914140310e-01
8.913500451914140310e-01
8.913500451914140310e-01
8.913500451914140310e-01
8.913500451914140310e-01
8.913500451914140310e-01
8.913500451914140310e-01
8.913500451914140310e-01
8.913500451914140310e-01
8.913500451914140310e-01
8.913500451914140310e-01
8.913500451914140310e-01
8.913500451914140310e-01
8.913500451914140310e-01
8.913500451914140310e-01
8.913500451914140310e-01
8.913500451914140310e-01
8.913500451914140310e-01
8.913500451914140310e-01
8.913500451914140310e-01
8.913500451914140310e-01
8.913500451914140310e-01
8.913500451914140310e-01
8.913500451914140310e-01
8.913500451914140310e-01
8.913500451914140310e-01
8.913500451914140310e-01
8.913500451914140310e-01
8.913500451914140310e-01
8.913500451914140310e-01
8.913500451914140310e-01
8.913500451914140310e-01
8.913500451914140310e-01
8.913500451914140310e-01
8.913500451914140310e-01
8.913500451914140310e-01
8.913500451914140310e-01
8.913500451914140310e-01
8.913500451914140310e-01
8.913500451914140310e-01
8.913500451914140310e-01
8.913500451914140310e-01
8.913500451914140310e-01
8.913500451914140310e-01
8.913500451914140310e-01
8.913500451914140310e-01
8.913500451914140310e-01
8.913500451914140310e-01
8.913500451914140310e-01
8.913500451914140310e-01
8.913500451914140310e-01
8.913500451914140310e-01
8.913500451914140310e-01
8.913500451914140310e-01
8.913500451914140310e-01
8.913500451914140310e-01
8.913500451914140310e-01
8.913500451914140310e-01
8.913500451914140310e-01
8.913500451914140310e-01
8.913500451914140310e-01
8.913500451914140310e-01
8.913500451914140310e-01
8.913500451914140310e-01
8.913500451914140310e-01
8.913500451914140310e-01
8.913500451914140310e-01
8.913500451914140310e-01
8.913500451914140310e-01
8.913500451914140310e-01
8.913500451914140310e-01
8.913500451914140310e-01
8.913500451914140310e-01
8.913500451914140310e-01
8.913500451914140310e-01
8.913500451914140310e-01
8.913500451914140310e-01
8.913500451914140310e-01
8.913500451914140310e-01
8.913500451914140310e-01
8.913500451914140310e-01
8.913500451914140310e-01
8.913500451914140310e-01
8.913500451914140310e-01
8.913500451914140310e-01
8.913500451914140310e-01
8.913500451914140310e-01
8.913500451914140310e-01
8.913500451914140310e-01
8.913500451914140310e-01
8.913500451914140310e-01
8.913500451914140310e-01
8.913500451914140310e-01
8.913500451914140310e-01
8.913500451914140310e-01
8.913500451914140310e-01
8.913500451914140310e-01
8.913500451914140310e-01
8.913500451914140310e-01
8.913500451914140310e-01
8.913500451914140310e-01
8.913500451914140310e-01
8.913500451914140310e-01
8.913500451914140310e-01
8.913500451914140310e-01
8.913500451914140310e-01
8.913500451914140310e-01
8.913500451914140310e-01
8.913500451914140310e-01
8.913500451914140310e-01
8.913500451914140310e-01
8.913500451914140310e-01
8.913500451914140310e-01
8.913500451914140310e-01
8.913500451914140310e-01
8.913500451914140310e-01
8.913500451914140310e-01
8.913500451914140310e-01
8.913500451914140310e-01
8.913500451914140310e-01
8.913500451914140310e-01
8.913500451914140310e-01
8.913500451914140310e-01
8.913500451914140310e-01
8.913500451914140310e-01
8.913500451914140310e-01
8.913500451914140310e-01
8.913500451914140310e-01
8.913500451914140310e-01
8.913500451914140310e-01
8.913500451914140310e-01
8.913500451914140310e-01
8.913500451914140310e-01
8.913500451914140310e-01
8.913500451914140310e-01
8.913500451914140310e-01
8.913500451914140310e-01
8.913500451914140310e-01
8.913500451914140310e-01
8.913500451914140310e-01
8.913500451914140310e-01
8.913500451914140310e-01
8.913500451914140310e-01
8.913500451914140310e-01
8.913500451914140310e-01
8.913500451914140310e-01
8.913500451914140310e-01
8.913500451914140310e-01
8.913500451914140310e-01
8.913500451914140310e-01
8.913500451914140310e-01
8.913500451914140310e-01
8.913500451914140310e-01
8.913500451914140310e-01
8.913500451914140310e-01
8.913500451914140310e-01
8.913500451914140310e-01
8.913500451914140310e-01
8.913500451914140310e-01
8.913500451914140310e-01
8.913500451914140310e-01
8.913500451914140310e-01
8.913500451914140310e-01
8.913500451914140310e-01
8.913500451914140310e-01
8.913500451914140310e-01
8.913500451914140310e-01
8.913500451914140310e-01
8.913500451914140310e-01
8.913500451914140310e-01
8.913500451914140310e-01
8.913500451914140310e-01
8.913500451914140310e-01
8.913500451914140310e-01
8.913500451914140310e-01
8.913500451914140310e-01
8.913500451914140310e-01
8.913500451914140310e-01
8.913500451914140310e-01
8.913500451914140310e-01
8.913500451914140310e-01
8.913500451914140310e-01
8.913500451914140310e-01
8.913500451914140310e-01
8.913500451914140310e-01
8.913500451914140310e-01
8.913500451914140310e-01
8.913500451914140310e-01
8.913500451914140310e-01
8.913500451914140310e-01
8.913500451914140310e-01
8.913500451914140310e-01
8.913500451914140310e-01
8.913500451914140310e-01
8.913500451914140310e-01
8.913500451914140310e-01
8.913500451914140310e-01
8.913500451914140310e-01
8.913500451914140310e-01
8.913500451914140310e-01
8.913500451914140310e-01
8.913500451914140310e-01
8.913500451914140310e-01
8.913500451914140310e-01
8.913500451914140310e-01
8.913500451914140310e-01
8.913500451914140310e-01
8.913500451914140310e-01
8.913500451914140310e-01
8.913500451914140310e-01
8.913500451914140310e-01
8.913500451914140310e-01
8.913500451914140310e-01
8.913500451914140310e-01
8.913500451914140310e-01
8.913500451914140310e-01
8.913500451914140310e-01
8.913500451914140310e-01
8.913500451914140310e-01
8.913500451914140310e-01
8.913500451914140310e-01
8.913500451914140310e-01
8.913500451914140310e-01
8.913500451914140310e-01
8.913500451914140310e-01
8.913500451914140310e-01
8.913500451914140310e-01
8.913500451914140310e-01
8.913500451914140310e-01
8.913500451914140310e-01
8.913500451914140310e-01
8.913500451914140310e-01
8.913500451914140310e-01
8.913500451914140310e-01
8.913500451914140310e-01
8.913500451914140310e-01
8.913500451914140310e-01
8.913500451914140310e-01
8.913500451914140310e-01
8.913500451914140310e-01
8.913500451914140310e-01
8.913500451914140310e-01
8.913500451914140310e-01
8.913500451914140310e-01
8.913500451914140310e-01
8.913500451914140310e-01
8.913500451914140310e-01
8.913500451914140310e-01
8.913500451914140310e-01
8.913500451914140310e-01
8.913500451914140310e-01
8.913500451914140310e-01
8.913500451914140310e-01
8.913500451914140310e-01
8.913500451914140310e-01
8.913500451914140310e-01
8.913500451914140310e-01
8.913500451914140310e-01
