1.000000000000000000e+00
1.000000000000000000e+00
1.000000000000000000e+00
1.000000000000000000e+00
1.000000000000000000e+00
1.000000000000000000e+00
9.829820245914571153e-01
9.619601305415926840e-01
9.250963220470309611e-01
8.809588107652034372e-01
8.146927987256467052e-01
7.750544332340599807e-01
7.118047008847053769e-01
6.683159514775526278e-01
6.117107263810570572e-01
5.562165262636412644e-01
5.270614329382724561e-01
4.799325027502475693e-01
4.413821838198946357e-01
4.041953788629121802e-01
3.789357538468096642e-01
3.566680285357117230e-01
3.121208647372089584e-01
2.874443174152331859e-01
2.624488834923304204e-01
2.624451354779008261e-01
2.360124881200922065e-01
2.375891667451552891e-01
2.165675826934598258e-01
2.125952310893124697e-01
1.882078979107172367e-01
1.793298519822713322e-01
1.740802476108193053e-01
1.647499559114820322e-01
1.589730871329242956e-01
1.632357962859681821e-01
1.544403695439471313e-01
1.512825537746077253e-01
1.464778735901301476e-01
1.457816173518003688e-01
1.400543871837262311e-01
1.356266957683206209e-01
1.284106389634425416e-01
1.195841126597445986e-01
1.144166103641637428e-01
1.178783699138439695e-01
1.129267701079362113e-01
1.027094458105801966e-01
1.017597473252093293e-01
9.804463592176737574e-02
9.757758923938925077e-02
9.298365828300887703e-02
8.164457612905910711e-02
8.366509740100896986e-02
8.026973868501037501e-02
7.780426517144480025e-02
7.455478601705135822e-02
7.774519922018412188e-02
7.617196563178152413e-02
7.693022424817801130e-02
7.541607295580619874e-02
6.993006944691042281e-02
6.846370288929037873e-02
7.343319422256998352e-02
7.210989286968694234e-02
7.210989286968694234e-02
6.445995368850772345e-02
6.378087065368294450e-02
6.244896833561838778e-02
7.052075084867678867e-02
6.793894034587348585e-02
6.730400299542890763e-02
6.859597499299137369e-02
6.797419364087894933e-02
6.552035335428860185e-02
6.431522880764072025e-02
6.372242693474666764e-02
5.381698049351914259e-02
5.381698049351914259e-02
5.324724201704741228e-02
5.041689710626200832e-02
4.985775155949451892e-02
4.930804307845486345e-02
4.822085103410351375e-02
4.822085103410351375e-02
4.768773286965979907e-02
4.716146961952808608e-02
4.664000505482380349e-02
4.612816500249413559e-02
5.485806041009277934e-02
5.578876485395123375e-02
5.528946796172280742e-02
5.528946796172280742e-02
5.480599349228022082e-02
4.559400009927502828e-02
4.559400009927502828e-02
4.512378542678797955e-02
4.512378542678797955e-02
5.105779996406514115e-02
5.105779996406514115e-02
5.105779996406514115e-02
5.061257139279658201e-02
5.061257139279658201e-02
5.017578126425672330e-02
5.035975665845029287e-02
5.035975665845029287e-02
4.956123185633005274e-02
4.871547417772947863e-02
5.651466514146964715e-02
5.651466514146964715e-02
5.651466514146964715e-02
5.651466514146964715e-02
5.651466514146964715e-02
5.651466514146964715e-02
5.651466514146964715e-02
5.572722008006886912e-02
5.533861615699232211e-02
4.660872074939369225e-02
4.622596969908788350e-02
4.584772986653606885e-02
4.547319338349881807e-02
4.509926069973746454e-02
4.509926069973746454e-02
4.509926069973746454e-02
4.570105167493834081e-02
4.534025754673601250e-02
4.534025754673601250e-02
4.534025754673601250e-02
4.498763878281806378e-02
4.463881674305934105e-02
3.869366517529850696e-02
3.800299985962207056e-02
3.868481325684227506e-02
3.834465561700983044e-02
3.774286464180895417e-02
3.774286464180895417e-02
3.774286464180895417e-02
3.741394300928947009e-02
3.741394300928947009e-02
3.741394300928947009e-02
3.676889610616151938e-02
3.676889610616151938e-02
3.676889610616151938e-02
3.676889610616151938e-02
3.676889610616151938e-02
3.676889610616151938e-02
3.615195476586997164e-02
3.584631373973919122e-02
3.584631373973919122e-02
3.584631373973919122e-02
3.584631373973919122e-02
3.554880859817028532e-02
3.525238811677453010e-02
3.525238811677453010e-02
3.496045644620902199e-02
3.496045644620902199e-02
3.496045644620902199e-02
3.496045644620902199e-02
3.496045644620902199e-02
3.467677620120229037e-02
3.411431333410721439e-02
3.411431333410721439e-02
3.971195131847644888e-02
3.943541171672970691e-02
3.943541171672970691e-02
3.943541171672970691e-02
3.943541171672970691e-02
3.943541171672970691e-02
3.943541171672970691e-02
3.943541171672970691e-02
3.943541171672970691e-02
3.943541171672970691e-02
3.943541171672970691e-02
3.943541171672970691e-02
3.943541171672970691e-02
3.943541171672970691e-02
3.943541171672970691e-02
3.943541171672970691e-02
3.943541171672970691e-02
3.918467726897192221e-02
3.918467726897192221e-02
3.918467726897192221e-02
3.918467726897192221e-02
3.918467726897192221e-02
3.918467726897192221e-02
3.918467726897192221e-02
3.918467726897192221e-02
3.918467726897192221e-02
3.918467726897192221e-02
3.918467726897192221e-02
3.894801289025552615e-02
3.894801289025552615e-02
3.894801289025552615e-02
3.894801289025552615e-02
3.894801289025552615e-02
3.894801289025552615e-02
3.894801289025552615e-02
3.871933853552091132e-02
3.871933853552091132e-02
3.871933853552091132e-02
3.849392948317718194e-02
3.849392948317718194e-02
3.849392948317718194e-02
3.849392948317718194e-02
3.849392948317718194e-02
3.849392948317718194e-02
3.849392948317718194e-02
3.849392948317718194e-02
3.827735766192447153e-02
3.827735766192447153e-02
3.827735766192447153e-02
3.827735766192447153e-02
3.827735766192447153e-02
3.827735766192447153e-02
3.827735766192447153e-02
3.827735766192447153e-02
3.827735766192447153e-02
3.827735766192447153e-02
3.827735766192447153e-02
3.827735766192447153e-02
3.827735766192447153e-02
3.827735766192447153e-02
3.807444110100253326e-02
3.807444110100253326e-02
3.807444110100253326e-02
3.807444110100253326e-02
3.787515762291374100e-02
3.787515762291374100e-02
3.767802648639895918e-02
3.767802648639895918e-02
3.767802648639895918e-02
3.767802648639895918e-02
3.767802648639895918e-02
3.767802648639895918e-02
3.767802648639895918e-02
3.767802648639895918e-02
3.767802648639895918e-02
3.767802648639895918e-02
3.767802648639895918e-02
3.767802648639895918e-02
3.749069097638114967e-02
3.749069097638114967e-02
3.749069097638114967e-02
3.749069097638114967e-02
3.730616114140655748e-02
3.730616114140655748e-02
3.730616114140655748e-02
3.730616114140655748e-02
3.712475847248887517e-02
3.694444281862360041e-02
