0.000000000000000000e+00
6.715429521664713353e-02
6.715429521664713353e-02
6.715429521664713353e-02
6.715429521664713353e-02
6.715429521664713353e-02
6.775035119208175360e-02
6.850461080242904732e-02
7.000815452678384176e-02
5.821041177384570636e-02
5.673695080404155683e-02
5.417545190548785777e-02
5.353994179115028479e-02
4.698845925666671891e-02
4.572527369858944701e-02
4.581726064061242276e-02
3.866738609649409547e-02
3.334521590831310278e-02
3.345469939951494637e-02
3.123614065384860625e-02
3.609501168985716074e-02
3.552968181643481604e-02
3.124413838677262203e-02
3.328891804104112950e-02
3.464650023518934391e-02
3.332403828487849606e-02
3.307596980629181477e-02
3.043946112682074934e-02
3.301494380022924890e-02
3.225084075317472682e-02
3.340906970470824272e-02
3.186677453717990521e-02
3.248819262243079348e-02
3.288851943857284271e-02
3.202800296902273691e-02
3.247325406517957008e-02
3.201024323528100374e-02
3.044337350868843439e-02
3.254930397128383973e-02
3.165854024539058176e-02
3.153591932671841874e-02
3.357202778543622729e-02
3.267708472062432618e-02
3.744407855579112016e-02
3.830494811365887931e-02
3.863178856604559258e-02
3.988516451081993569e-02
3.995101632031659855e-02
3.374087599676681148e-02
3.521526324037243388e-02
3.337309567996177284e-02
3.325769057617291441e-02
-3.069475883101022151e-02
-3.040867161089895812e-02
-3.205155659317581590e-02
-3.254298313890716110e-02
-3.376371393815617156e-02
-3.439057814705809291e-02
-3.383940955821781310e-02
-3.346880080000649155e-02
-3.381409070604299988e-02
-3.407098828356377312e-02
-3.572646111853639006e-02
-3.609315401398715401e-02
-3.568604885627473661e-02
-3.550026522077547736e-02
-3.979001725792261079e-02
-3.979001725792261079e-02
-3.464837231533443584e-02
-3.408746271729085064e-02
-3.384898213721890953e-02
-3.346795934960269253e-02
-3.128869502013219284e-02
-3.173896406045388641e-02
-3.173896406045388641e-02
-3.180207515546771418e-02
-3.168429016818345018e-02
-3.150849822357153912e-02
-3.120360905728928116e-02
-3.106802013234696500e-02
-3.094487157479222303e-02
-3.094487157479222303e-02
-3.163822008334932906e-02
-3.452045359368532962e-02
-3.475948831632880154e-02
-3.917436733360262630e-02
-3.962855377720977262e-02
-3.982583175061526343e-02
-4.051675390150398515e-02
-3.542886292120553393e-02
-3.550310454521923842e-02
-3.530140618898821442e-02
-3.551037371618332578e-02
-3.301232465437380775e-02
-3.312415171027525973e-02
-3.347801640881228891e-02
-3.347801640881228891e-02
-3.338613141628237607e-02
-3.332688485142688145e-02
-3.250719503066779731e-02
-3.250719503066779731e-02
-3.250719503066779731e-02
-3.250719503066779731e-02
-3.328395021376142487e-02
-3.328395021376142487e-02
-3.328395021376142487e-02
-3.349776397503471254e-02
-3.330026144072190109e-02
-3.370121516647130167e-02
-3.573789615369515199e-02
-3.564377909188896909e-02
-3.564377909188896909e-02
-3.564377909188896909e-02
-3.530886809576833790e-02
-3.553656384824813858e-02
-3.571252102309060289e-02
-3.318360064983323643e-02
-3.311126951422003334e-02
-3.311126951422003334e-02
-3.335045136779905134e-02
-3.335045136779905134e-02
-3.340356220746973359e-02
-3.316811600674853672e-02
-3.316811600674853672e-02
-3.306510113787037436e-02
-3.302463093808684358e-02
-3.302463093808684358e-02
-3.302463093808684358e-02
-3.552368919246130102e-02
-3.544031210551554234e-02
-3.541622655340025821e-02
-3.557371367438879467e-02
-3.557371367438879467e-02
-3.322817147193240367e-02
-3.330395496977561764e-02
-3.335816806857447997e-02
-3.341560974530410205e-02
-3.341560974530410205e-02
-3.354759187855501507e-02
-3.354759187855501507e-02
-3.354759187855501507e-02
-3.354759187855501507e-02
-3.354759187855501507e-02
-3.354759187855501507e-02
-3.354759187855501507e-02
-3.354759187855501507e-02
-3.611111437554901521e-02
-3.611111437554901521e-02
-3.603965439242533264e-02
-3.603965439242533264e-02
-3.591761529614534432e-02
-3.578720127777978988e-02
-3.326130238373193465e-02
-3.326130238373193465e-02
-3.326130238373193465e-02
-3.326130238373193465e-02
-3.339691624162644673e-02
-3.339691624162644673e-02
-3.344762146049592294e-02
-3.344762146049592294e-02
-3.344762146049592294e-02
-3.344762146049592294e-02
-3.325567731675372479e-02
-3.325567731675372479e-02
-3.333763361381029272e-02
-3.591116961745485087e-02
-3.591116961745485087e-02
-3.591116961745485087e-02
-3.591116961745485087e-02
-3.569610251499898135e-02
-3.557983552311890646e-02
-3.557983552311890646e-02
-3.557983552311890646e-02
-3.303642648477482513e-02
-3.303642648477482513e-02
-3.303642648477482513e-02
-3.303642648477482513e-02
-3.303642648477482513e-02
-3.303642648477482513e-02
-3.303642648477482513e-02
-3.296402803236288259e-02
-3.291539526685881983e-02
-3.284567970447631324e-02
-3.288956435695227637e-02
-3.298793494008786520e-02
-3.298793494008786520e-02
-3.298793494008786520e-02
-3.298793494008786520e-02
-3.298793494008786520e-02
-3.298793494008786520e-02
-3.298793494008786520e-02
-3.298793494008786520e-02
-3.306093665773252727e-02
-3.306093665773252727e-02
-3.306093665773252727e-02
-3.295491884826225876e-02
-3.295491884826225876e-02
-3.295491884826225876e-02
-3.293394657919349738e-02
-3.293394657919349738e-02
-3.293394657919349738e-02
-3.286098130617864238e-02
-3.286098130617864238e-02
-3.286098130617864238e-02
-3.296409562057356357e-02
-3.296409562057356357e-02
-3.296409562057356357e-02
-3.296409562057356357e-02
-3.296409562057356357e-02
-3.296409562057356357e-02
-3.296409562057356357e-02
-3.296409562057356357e-02
-3.296409562057356357e-02
-3.296409562057356357e-02
-3.296409562057356357e-02
-3.296409562057356357e-02
-3.304887196759847406e-02
-3.304887196759847406e-02
-3.304887196759847406e-02
-3.304887196759847406e-02
-3.299355198679092965e-02
-3.299355198679092965e-02
-3.296526821623627784e-02
-3.296526821623627784e-02
-3.296526821623627784e-02
-3.296526821623627784e-02
-3.288058409129216569e-02
-3.288058409129216569e-02
-3.288058409129216569e-02
-3.299467019395384282e-02
-3.299467019395384282e-02
-3.299467019395384282e-02
-3.299467019395384282e-02
-3.299467019395384282e-02
-3.299467019395384282e-02
-3.299467019395384282e-02
-3.299467019395384282e-02
-3.299467019395384282e-02
-3.299467019395384282e-02
-3.299467019395384282e-02
-3.299467019395384282e-02
-3.299467019395384282e-02
-3.299467019395384282e-02
-3.299467019395384282e-02
-3.299467019395384282e-02
-3.299467019395384282e-02
-3.295835055994570523e-02
-3.299198379904498546e-02
-3.296675817727590801e-02
-3.296675817727590801e-02
