0.000000000000000000e+00
7.914127105567572706e-02
7.396585480369545496e-02
7.123423840666158469e-02
7.487092560171564048e-02
6.778995571007559451e-02
6.442239927483869866e-02
6.470694666442357301e-02
6.456388751557086414e-02
6.456388751557086414e-02
6.766650033919131835e-02
6.766650033919131835e-02
6.766650033919131835e-02
6.759782847111718562e-02
6.759782847111718562e-02
6.759782847111718562e-02
6.759782847111718562e-02
6.759782847111718562e-02
6.759782847111718562e-02
6.759782847111718562e-02
6.759782847111718562e-02
6.759782847111718562e-02
6.759782847111718562e-02
6.759782847111718562e-02
6.759782847111718562e-02
6.759782847111718562e-02
6.366094426339496959e-02
6.366094426339496959e-02
6.366094426339496959e-02
6.087991385360373015e-02
5.849520593046192429e-02
6.006621838390342055e-02
5.710645421490223583e-02
5.762057084615828523e-02
5.784368539280695942e-02
5.687014520762578157e-02
5.656485392689933334e-02
5.701452001174579093e-02
5.715513624631849560e-02
5.763007688901910369e-02
5.715893744336397048e-02
5.697305770419042875e-02
5.688258108557373016e-02
5.688258108557373016e-02
5.688258108557373016e-02
5.681462404673082861e-02
5.681462404673082861e-02
5.681462404673082861e-02
5.681462404673082861e-02
5.681462404673082861e-02
5.681462404673082861e-02
5.681462404673082861e-02
5.681462404673082861e-02
5.681462404673082861e-02
5.681462404673082861e-02
5.681462404673082861e-02
5.681462404673082861e-02
6.110937839141988848e-02
6.110937839141988848e-02
6.110937839141988848e-02
6.110937839141988848e-02
6.110937839141988848e-02
6.110937839141988848e-02
6.110937839141988848e-02
6.114002409089477896e-02
6.114002409089477896e-02
6.114002409089477896e-02
6.098728894040319343e-02
6.098728894040319343e-02
6.098728894040319343e-02
6.093685007497728900e-02
6.100136442147226917e-02
6.100136442147226917e-02
6.175057955155846545e-02
6.175057955155846545e-02
6.391705855940120473e-02
6.405394920649477852e-02
6.405394920649477852e-02
6.405394920649477852e-02
6.405394920649477852e-02
6.405394920649477852e-02
6.405394920649477852e-02
6.405394920649477852e-02
6.509457257193149160e-02
6.509457257193149160e-02
6.509457257193149160e-02
6.509457257193149160e-02
6.509457257193149160e-02
6.509457257193149160e-02
6.509457257193149160e-02
6.509457257193149160e-02
6.509457257193149160e-02
6.509457257193149160e-02
6.509457257193149160e-02
6.509457257193149160e-02
6.850059381826641147e-02
6.776074100438871095e-02
6.776074100438871095e-02
6.776074100438871095e-02
6.776074100438871095e-02
6.776074100438871095e-02
6.776074100438871095e-02
6.776074100438871095e-02
7.035531321099609825e-02
7.035531321099609825e-02
7.035531321099609825e-02
7.035531321099609825e-02
7.035531321099609825e-02
7.035531321099609825e-02
7.035531321099609825e-02
7.035531321099609825e-02
7.035531321099609825e-02
6.964239605029697022e-02
6.964239605029697022e-02
6.964239605029697022e-02
6.964239605029697022e-02
6.964239605029697022e-02
6.964239605029697022e-02
6.964239605029697022e-02
6.964239605029697022e-02
6.964239605029697022e-02
6.964239605029697022e-02
6.964239605029697022e-02
6.964239605029697022e-02
6.964239605029697022e-02
7.033346667683122722e-02
7.033346667683122722e-02
7.034411763319796396e-02
7.034411763319796396e-02
7.034411763319796396e-02
7.034411763319796396e-02
7.034411763319796396e-02
7.034411763319796396e-02
7.034411763319796396e-02
7.034411763319796396e-02
7.034411763319796396e-02
7.034411763319796396e-02
7.034411763319796396e-02
7.034411763319796396e-02
7.034411763319796396e-02
7.034411763319796396e-02
7.034411763319796396e-02
7.034411763319796396e-02
7.034411763319796396e-02
7.034411763319796396e-02
7.034411763319796396e-02
7.034411763319796396e-02
7.028216604832160375e-02
7.028216604832160375e-02
7.028216604832160375e-02
7.028216604832160375e-02
7.028216604832160375e-02
7.028216604832160375e-02
7.028216604832160375e-02
7.028216604832160375e-02
7.028216604832160375e-02
7.028216604832160375e-02
7.028216604832160375e-02
7.028216604832160375e-02
7.028216604832160375e-02
7.028216604832160375e-02
7.028216604832160375e-02
7.028216604832160375e-02
7.028216604832160375e-02
7.028216604832160375e-02
7.028216604832160375e-02
7.028216604832160375e-02
7.028216604832160375e-02
7.028216604832160375e-02
7.028216604832160375e-02
7.028216604832160375e-02
7.028216604832160375e-02
7.028216604832160375e-02
7.018525432011667176e-02
7.018525432011667176e-02
7.018525432011667176e-02
7.018525432011667176e-02
7.018525432011667176e-02
7.018525432011667176e-02
7.018525432011667176e-02
7.018525432011667176e-02
7.018525432011667176e-02
7.018525432011667176e-02
7.018525432011667176e-02
7.018525432011667176e-02
7.018525432011667176e-02
7.018525432011667176e-02
7.018525432011667176e-02
7.018525432011667176e-02
7.018525432011667176e-02
7.018525432011667176e-02
7.018525432011667176e-02
7.018525432011667176e-02
7.018525432011667176e-02
7.018525432011667176e-02
7.018525432011667176e-02
7.018525432011667176e-02
7.018525432011667176e-02
7.018525432011667176e-02
7.018525432011667176e-02
7.018525432011667176e-02
7.018525432011667176e-02
7.028216604832160375e-02
7.028216604832160375e-02
7.028216604832160375e-02
7.028216604832160375e-02
7.028216604832160375e-02
6.684444353565445474e-02
6.301044117976951908e-02
6.301044117976951908e-02
6.301044117976951908e-02
6.301044117976951908e-02
6.301044117976951908e-02
6.301044117976951908e-02
6.333410541061558485e-02
6.310630986500785633e-02
6.285684708046766767e-02
6.285684708046766767e-02
6.285684708046766767e-02
6.284296641953217299e-02
6.284296641953217299e-02
6.284296641953217299e-02
6.284296641953217299e-02
6.284296641953217299e-02
6.284296641953217299e-02
6.284296641953217299e-02
6.284296641953217299e-02
6.284296641953217299e-02
6.284296641953217299e-02
6.284296641953217299e-02
6.284296641953217299e-02
6.284296641953217299e-02
6.284296641953217299e-02
6.284296641953217299e-02
6.284296641953217299e-02
6.280771546911198544e-02
6.280771546911198544e-02
6.280771546911198544e-02
6.280771546911198544e-02
6.280771546911198544e-02
6.280771546911198544e-02
6.280771546911198544e-02
6.280771546911198544e-02
6.280771546911198544e-02
6.280771546911198544e-02
6.339964352557993232e-02
6.339964352557993232e-02
6.660323954379822331e-02
6.660323954379822331e-02
6.677224698434916506e-02
