0.000000000000000000e+00
5.834908806563449124e-02
5.834908806563449124e-02
5.834908806563449124e-02
5.834908806563449124e-02
5.834908806563449124e-02
5.834908806563449124e-02
5.834908806563449124e-02
5.834908806563449124e-02
5.834908806563449124e-02
5.834908806563449124e-02
5.834908806563449124e-02
5.938287228233324333e-02
6.077853232787558402e-02
6.189459186196139689e-02
6.209991534817390496e-02
6.000127088668513742e-02
5.831106545630557192e-02
6.287705987618751047e-02
6.410924797496235505e-02
6.419090501030670637e-02
6.431753562627491594e-02
5.426991030106453895e-02
4.666060532581654124e-02
5.125297019572835205e-02
5.054683638904395454e-02
4.871923244270012082e-02
4.644766057196431097e-02
4.135592797451567021e-02
4.509201042568580092e-02
4.732413402783777756e-02
4.932572887548004187e-02
5.418788307010043853e-02
5.235713724089587767e-02
5.171899459880884703e-02
5.323034421451389164e-02
5.497009427948622989e-02
5.720920611112947918e-02
5.722257714770302012e-02
5.729911188543970052e-02
5.940069087644254259e-02
5.926442829363517961e-02
6.111198603364324106e-02
5.949276829604858291e-02
5.976536238522483363e-02
6.151178360995020883e-02
6.335729187144610586e-02
6.354159235242916315e-02
6.378948967634011369e-02
6.281576075016864769e-02
6.457637171036496870e-02
6.557713972562044524e-02
6.612412343092723133e-02
6.200385207610509264e-02
6.111215111217604273e-02
6.139029720433886173e-02
6.191047983617237183e-02
5.967762854827463742e-02
5.673120044314486354e-02
5.736216891143144231e-02
5.457039510741516081e-02
5.217579106750282886e-02
5.149445336341184482e-02
4.872209866207605211e-02
5.052150260300863199e-02
4.899145033138907479e-02
4.929378108413436793e-02
4.835525482917734513e-02
4.714080139907413786e-02
4.478399748619096843e-02
4.586004842318345404e-02
4.552452230533097360e-02
4.502231462774505810e-02
4.602033652116605672e-02
4.596200395822159362e-02
4.636239958503696884e-02
4.624852854381907713e-02
4.752809534430849775e-02
4.981113799699887074e-02
4.917740545169360655e-02
4.950585874541513914e-02
4.994210480493712495e-02
5.150748466763538369e-02
5.005427962625713656e-02
4.999507395912062419e-02
4.976638273652792682e-02
5.102307086260015473e-02
5.153745359706413814e-02
5.087808861488960638e-02
5.279251617602129243e-02
5.463736552133501706e-02
5.475045950435778602e-02
5.480085233699499847e-02
5.536791786430869666e-02
5.639954779838939752e-02
5.664621281044759926e-02
5.758161856593177474e-02
5.818339213170506397e-02
5.827891729782767177e-02
5.801614707325536413e-02
5.696753170954002576e-02
5.739481214867957898e-02
5.739481214867957898e-02
5.877099002739113315e-02
5.867921348586827707e-02
5.951663173646610377e-02
6.048887000520442037e-02
6.133181088110228191e-02
6.146153478336281034e-02
6.215029565502656200e-02
5.995815227545773368e-02
6.021225364891998749e-02
6.021225364891998749e-02
5.751839896713583505e-02
5.751839896713583505e-02
5.722488781901510779e-02
5.718490686579936338e-02
5.558625724386188210e-02
5.514244774009582906e-02
5.615226693781683043e-02
5.590334775127617922e-02
5.557555892245638618e-02
5.689632022232790631e-02
5.689632022232790631e-02
5.711545028905936489e-02
5.643499629027683845e-02
5.630015727546299614e-02
5.673130706208423524e-02
5.688551215272268785e-02
5.517752380804535894e-02
5.495478435567249798e-02
5.495478435567249798e-02
5.495478435567249798e-02
5.565070696668134725e-02
5.520801195767377489e-02
5.520801195767377489e-02
5.507424062688123789e-02
5.510217787832173003e-02
5.471898679062187770e-02
5.522610568981577844e-02
5.522610568981577844e-02
5.567926686623814181e-02
5.624000102128656059e-02
5.519460570138886440e-02
5.548929116560924468e-02
5.485372934223203129e-02
5.562254252318413889e-02
5.604760384495918735e-02
5.682059848049783590e-02
5.734365822973325200e-02
5.748671161318979345e-02
5.743554837307462968e-02
5.751259993427759731e-02
5.754293891366668579e-02
5.739354387916061756e-02
5.735899570243821466e-02
5.866410678649319060e-02
5.866410678649319060e-02
5.854545439208890673e-02
5.819168826871286976e-02
5.803385265282323680e-02
5.803385265282323680e-02
5.790337766922201007e-02
5.784080661043278226e-02
5.743169696698743887e-02
5.743169696698743887e-02
5.662803600438907209e-02
5.673562978575252130e-02
5.673562978575252130e-02
5.673562978575252130e-02
5.708610546126197116e-02
5.730871368536919613e-02
5.730871368536919613e-02
5.721389622652060108e-02
5.776892855338328081e-02
5.795240664710573503e-02
5.827217310353182550e-02
5.814664808078743446e-02
5.810596266053336817e-02
5.727898483341564706e-02
5.727898483341564706e-02
5.727898483341564706e-02
5.717742300169911807e-02
5.730947297910779503e-02
5.662766190148373763e-02
5.662766190148373763e-02
5.689755660698273682e-02
5.535875756610578874e-02
5.535875756610578874e-02
5.541662698665458103e-02
5.636785845350453239e-02
5.594210687972617224e-02
5.662133215153187377e-02
5.650091123987891623e-02
5.660953730517872401e-02
5.591422882864818117e-02
5.585814403107292742e-02
5.585814403107292742e-02
5.577169795593178020e-02
5.562194503265870810e-02
5.562075714602018189e-02
5.562075714602018189e-02
5.562075714602018189e-02
5.562075714602018189e-02
5.567789725302531995e-02
5.567789725302531995e-02
5.567789725302531995e-02
5.559567579696791939e-02
5.629708530376453801e-02
5.677094595097884056e-02
5.662231000767717348e-02
5.642938417220489528e-02
5.601323242148517623e-02
5.601323242148517623e-02
5.601323242148517623e-02
5.568342433964529326e-02
5.591956952411981235e-02
5.591956952411981235e-02
5.591851565440025124e-02
5.591851565440025124e-02
5.591851565440025124e-02
5.577537850501954053e-02
5.577537850501954053e-02
5.577537850501954053e-02
5.577537850501954053e-02
5.577537850501954053e-02
5.577537850501954053e-02
5.578906911743294894e-02
5.597616468355481184e-02
5.597616468355481184e-02
5.597616468355481184e-02
5.597616468355481184e-02
5.573054456241100657e-02
5.578648309902588948e-02
5.578648309902588948e-02
5.578648309902588948e-02
5.471638996841568514e-02
5.471638996841568514e-02
5.557428494394073271e-02
5.519793090052103196e-02
5.519793090052103196e-02
5.519793090052103196e-02
5.521877195106070918e-02
5.521877195106070918e-02
5.581473578017621257e-02
5.667556589591016269e-02
5.667556589591016269e-02
5.646200095593206097e-02
5.646200095593206097e-02
5.546947009091680175e-02
