0.000000000000000000e+00
4.218641784683799939e-02
4.218641784683799939e-02
4.218641784683799939e-02
4.218641784683799939e-02
4.218641784683799939e-02
4.218641784683799939e-02
4.218641784683799939e-02
4.218641784683799939e-02
4.218641784683799939e-02
4.218641784683799939e-02
4.218641784683799939e-02
4.218641784683799939e-02
4.218641784683799939e-02
4.218641784683799939e-02
4.218641784683799939e-02
4.218641784683799939e-02
4.218641784683799939e-02
4.218641784683799939e-02
4.218641784683799939e-02
4.218641784683799939e-02
4.218641784683799939e-02
4.111993194384821332e-02
4.358859304801861873e-02
4.406562702021640104e-02
4.406562702021640104e-02
4.406562702021640104e-02
4.396936406964323946e-02
4.464349065230682756e-02
4.230271757594725873e-02
4.517659408931883752e-02
4.539355281358475880e-02
4.833280013176138867e-02
4.817178234758871108e-02
4.817178234758871108e-02
4.936535681837101591e-02
4.915438422392251483e-02
4.567863048254997005e-02
5.246355805830473645e-02
5.291383755691864144e-02
5.328342173416070887e-02
5.287291128467529883e-02
5.498618787891560583e-02
5.282705563056892123e-02
5.733315841813781816e-02
5.731297488501330833e-02
6.238915346899111952e-02
5.401016951937179927e-02
5.421865336380277123e-02
5.406844832312372034e-02
5.738743928042256554e-02
5.993195270158089422e-02
6.168909832955007250e-02
6.537716114567471148e-02
6.896193708935730027e-02
6.654702436535610277e-02
6.908079242843516432e-02
7.310947279504415031e-02
7.080254499937504997e-02
7.152274046080704661e-02
6.933759132685420046e-02
6.561952530382302029e-02
6.733101783260872497e-02
6.481498632400650717e-02
6.312951744393237308e-02
6.241154229961090594e-02
6.211449577835752994e-02
6.211088511986490729e-02
6.164416134281792276e-02
6.571989325605168131e-02
6.731870419054046539e-02
6.688638483838166282e-02
6.823526973177096444e-02
7.351611091008784793e-02
7.327130184649445488e-02
7.523223735603540296e-02
7.855106239833910264e-02
7.853346276334753628e-02
7.842529985059236430e-02
7.864662487956163017e-02
8.301332842480786678e-02
8.294484571332300105e-02
8.098919257279528494e-02
8.047591788772542887e-02
8.019739305274277419e-02
8.341681681525130176e-02
8.480850393331752779e-02
8.444675080812198698e-02
8.037302775833043977e-02
7.919394426701083234e-02
8.156245738955883451e-02
8.237365326587241243e-02
8.262235308165859216e-02
7.752505503373220697e-02
7.954467274873190663e-02
7.997898748752951814e-02
7.862111159424244045e-02
7.595270730626162148e-02
7.867865292609391159e-02
7.542871421914555674e-02
-7.352176709144188360e-02
-7.335013772030718471e-02
-6.952100473957935345e-02
-6.852565808850472062e-02
-6.842784145508515325e-02
-7.087895421404502572e-02
-6.990022046456005611e-02
-6.806306168591592931e-02
-7.074639907638290148e-02
-6.878962873776851839e-02
-6.852476850315400436e-02
-7.220890560667457547e-02
-7.318671661293403574e-02
-7.708150059640854479e-02
-7.157934948352139004e-02
-6.976772100346395611e-02
-6.694521957613731866e-02
-7.259975920595891641e-02
-7.090740728859484809e-02
-6.929767863473033918e-02
-6.908560278083407391e-02
-6.619488316691657381e-02
-6.138348825116316659e-02
-6.314691635618165100e-02
-6.010123124408608269e-02
-6.804238628120420906e-02
-7.137347363296245306e-02
-7.083812133363116825e-02
-7.134572647053989691e-02
-7.321180792526631176e-02
-7.451879511673788203e-02
-6.908155584144541617e-02
-7.183538228007117776e-02
-7.702239413840684945e-02
-7.319321982966416062e-02
-7.048064902765620310e-02
-7.299176503437010410e-02
-7.249969362171182485e-02
-7.586842189424899963e-02
-6.967743627433206632e-02
-6.930827664591084070e-02
-6.944905686316275861e-02
-6.598868684385460204e-02
-6.760075247113300767e-02
-6.466671950932745272e-02
-6.518456112457270135e-02
-6.926051618008959021e-02
-6.998434840670274271e-02
-7.182691009639984026e-02
-7.523979422355513147e-02
-7.247050695294378342e-02
-7.213590820674078974e-02
-7.064541912042275607e-02
-7.034138158998952395e-02
-7.603902218992174278e-02
-7.316401667648698981e-02
-6.920836833328040949e-02
-6.774051218592962165e-02
-6.813983243065022122e-02
-6.716791837525620812e-02
-6.545489275636118265e-02
-6.279262697896623169e-02
-6.556568521507449843e-02
-6.894761960988650407e-02
-6.731168079323472664e-02
-6.951089752190495186e-02
-6.931528523483301840e-02
-7.425541719246778194e-02
-7.670008827419859398e-02
-8.217837833529874347e-02
-8.148144899598926127e-02
-8.468532395267984458e-02
-8.494921835553946587e-02
-8.980718028039558209e-02
-8.494770869806821112e-02
-9.072102423087370637e-02
-9.292542644498481830e-02
-9.052655640163954909e-02
-9.102144605739226346e-02
-9.213562507000111479e-02
-9.283719074806824623e-02
-9.610171882337205373e-02
-9.610171882337205373e-02
-9.347844767086967155e-02
-8.344618295184669243e-02
-8.463505081315063350e-02
-8.288029551517338278e-02
-8.153219292157787290e-02
-7.367254914389374798e-02
-6.463428881498622935e-02
-6.302564049064138252e-02
-5.902544949661348017e-02
-5.950237321256850870e-02
-5.830702824694847936e-02
-5.956406730096389102e-02
-5.544632790520621218e-02
-5.786611537584458037e-02
-5.235734793012583599e-02
-5.011217241678053713e-02
-4.933097520779481521e-02
-4.851002284551114707e-02
-4.942874663275722419e-02
-5.166202981058141269e-02
-5.293303495224505745e-02
-5.148091884781146738e-02
-5.776526084566605684e-02
-5.563079970967878957e-02
-5.910886044645958376e-02
-6.229825053777082039e-02
-5.612749954412098868e-02
-5.473900295316704717e-02
-5.385768672217992187e-02
-5.208954041046420097e-02
-5.312675047606314066e-02
-5.695116702595556107e-02
-5.459644800351386856e-02
-5.322615308310071208e-02
-5.278118478338503922e-02
-5.450573095180039074e-02
-5.673357293021325659e-02
-5.166232737523662050e-02
-4.634130700199479147e-02
-4.662348333952195251e-02
-4.488527255683622680e-02
-4.724392623297715699e-02
-4.515990497894317723e-02
-4.246208452835201902e-02
-3.751815249531610663e-02
-4.294424388203355730e-02
-4.169483556105849781e-02
-4.673358278872413035e-02
-4.839047109486471765e-02
-5.769504876418792699e-02
-5.733632672449785056e-02
-6.004157845626973550e-02
-5.818740215975869851e-02
-5.741887208532453490e-02
-5.664541546188976012e-02
-5.989713713976197590e-02
-6.276814037692440840e-02
-6.299689885790545063e-02
-6.015019171105114720e-02
-5.839432500197367509e-02
-5.664086647166544780e-02
-5.426886326546984107e-02
-5.593013259208686611e-02
-5.423606165353175856e-02
5.542021837363490105e-02
5.183704310560744571e-02
5.303816146951639832e-02
