-1.899999999999999911e+00 0.000000000000000000e+00
-1.896386430678465906e+00 0.000000000000000000e+00
-1.892772861356932124e+00 0.000000000000000000e+00
-1.889159292035398119e+00 0.000000000000000000e+00
-1.885545722713864114e+00 0.000000000000000000e+00
-1.881932153392330331e+00 0.000000000000000000e+00
-1.878318584070796327e+00 0.000000000000000000e+00
-1.874705014749262544e+00 0.000000000000000000e+00
-1.871091445427728539e+00 0.000000000000000000e+00
-1.867477876106194534e+00 0.000000000000000000e+00
-1.863864306784660752e+00 0.000000000000000000e+00
-1.860250737463126747e+00 0.000000000000000000e+00
-1.856637168141592742e+00 0.000000000000000000e+00
-1.853023598820058959e+00 0.000000000000000000e+00
-1.849410029498524954e+00 0.000000000000000000e+00
-1.845796460176990950e+00 0.000000000000000000e+00
-1.842182890855457167e+00 0.000000000000000000e+00
-1.838569321533923162e+00 0.000000000000000000e+00
-1.834955752212389379e+00 0.000000000000000000e+00
-1.831342182890855375e+00 0.000000000000000000e+00
-1.827728613569321370e+00 0.000000000000000000e+00
-1.824115044247787587e+00 0.000000000000000000e+00
-1.820501474926253582e+00 0.000000000000000000e+00
-1.816887905604719577e+00 0.000000000000000000e+00
-1.813274336283185795e+00 0.000000000000000000e+00
-1.809660766961651790e+00 0.000000000000000000e+00
-1.806047197640118007e+00 0.000000000000000000e+00
-1.802433628318584002e+00 0.000000000000000000e+00
-1.798820058997049998e+00 0.000000000000000000e+00
-1.795206489675516215e+00 0.000000000000000000e+00
-1.791592920353982210e+00 0.000000000000000000e+00
-1.787979351032448205e+00 0.000000000000000000e+00
-1.784365781710914423e+00 0.000000000000000000e+00
-1.780752212389380418e+00 0.000000000000000000e+00
-1.777138643067846413e+00 0.000000000000000000e+00
-1.773525073746312630e+00 0.000000000000000000e+00
-1.769911504424778625e+00 0.000000000000000000e+00
-1.766297935103244843e+00 0.000000000000000000e+00
-1.762684365781710838e+00 0.000000000000000000e+00
-1.759070796460176833e+00 0.000000000000000000e+00
-1.755457227138643050e+00 0.000000000000000000e+00
-1.751843657817109046e+00 0.000000000000000000e+00
-1.748230088495575041e+00 0.000000000000000000e+00
-1.744616519174041258e+00 0.000000000000000000e+00
-1.741002949852507253e+00 0.000000000000000000e+00
-1.737389380530973249e+00 0.000000000000000000e+00
-1.733775811209439466e+00 0.000000000000000000e+00
-1.730162241887905461e+00 0.000000000000000000e+00
-1.726548672566371678e+00 0.000000000000000000e+00
-1.722935103244837673e+00 0.000000000000000000e+00
-1.719321533923303669e+00 0.000000000000000000e+00
-1.715707964601769886e+00 0.000000000000000000e+00
-1.712094395280235881e+00 0.000000000000000000e+00
-1.708480825958701876e+00 0.000000000000000000e+00
-1.704867256637168094e+00 0.000000000000000000e+00
-1.701253687315634089e+00 0.000000000000000000e+00
-1.697640117994100084e+00 0.000000000000000000e+00
-1.694026548672566301e+00 0.000000000000000000e+00
-1.690412979351032297e+00 0.000000000000000000e+00
-1.686799410029498514e+00 0.000000000000000000e+00
-1.683185840707964509e+00 0.000000000000000000e+00
-1.679572271386430504e+00 0.000000000000000000e+00
-1.675958702064896721e+00 0.000000000000000000e+00
-1.672345132743362717e+00 0.000000000000000000e+00
-1.668731563421828712e+00 0.000000000000000000e+00
-1.665117994100294929e+00 0.000000000000000000e+00
-1.661504424778760924e+00 0.000000000000000000e+00
-1.657890855457226920e+00 0.000000000000000000e+00
-1.654277286135693137e+00 0.000000000000000000e+00
-1.650663716814159132e+00 0.000000000000000000e+00
-1.647050147492625349e+00 0.000000000000000000e+00
-1.643436578171091345e+00 0.000000000000000000e+00
-1.639823008849557340e+00 0.000000000000000000e+00
-1.636209439528023557e+00 0.000000000000000000e+00
-1.632595870206489552e+00 0.000000000000000000e+00
-1.628982300884955770e+00 0.000000000000000000e+00
-1.625368731563421765e+00 0.000000000000000000e+00
-1.621755162241887760e+00 0.000000000000000000e+00
-1.618141592920353755e+00 0.000000000000000000e+00
-1.614528023598819972e+00 0.000000000000000000e+00
-1.610914454277285968e+00 0.000000000000000000e+00
-1.607300884955752185e+00 0.000000000000000000e+00
-1.603687315634218180e+00 0.000000000000000000e+00
-1.600073746312684175e+00 0.000000000000000000e+00
-1.596460176991150393e+00 0.000000000000000000e+00
-1.592846607669616388e+00 0.000000000000000000e+00
-1.589233038348082605e+00 0.000000000000000000e+00
-1.585619469026548600e+00 0.000000000000000000e+00
-1.582005899705014595e+00 0.000000000000000000e+00
-1.578392330383480591e+00 0.000000000000000000e+00
-1.574778761061946808e+00 0.000000000000000000e+00
-1.571165191740412803e+00 0.000000000000000000e+00
-1.567551622418879020e+00 0.000000000000000000e+00
-1.563938053097345016e+00 0.000000000000000000e+00
-1.560324483775811011e+00 0.000000000000000000e+00
-1.556710914454277228e+00 0.000000000000000000e+00
-1.553097345132743223e+00 0.000000000000000000e+00
-1.549483775811209441e+00 0.000000000000000000e+00
-1.545870206489675436e+00 0.000000000000000000e+00
-1.542256637168141431e+00 0.000000000000000000e+00
-1.538643067846607426e+00 0.000000000000000000e+00
-1.535029498525073643e+00 0.000000000000000000e+00
-1.531415929203539639e+00 0.000000000000000000e+00
-1.527802359882005856e+00 0.000000000000000000e+00
-1.524188790560471851e+00 0.000000000000000000e+00
-1.520575221238937846e+00 0.000000000000000000e+00
-1.516961651917404064e+00 0.000000000000000000e+00
-1.513348082595870059e+00 0.000000000000000000e+00
-1.509734513274336276e+00 0.000000000000000000e+00
-1.506120943952802271e+00 0.000000000000000000e+00
-1.502507374631268267e+00 0.000000000000000000e+00
-1.498893805309734262e+00 0.000000000000000000e+00
-1.495280235988200479e+00 0.000000000000000000e+00
-1.491666666666666474e+00 0.000000000000000000e+00
-1.488053097345132691e+00 0.000000000000000000e+00
-1.484439528023598687e+00 0.000000000000000000e+00
-1.480825958702064682e+00 0.000000000000000000e+00
-1.477212389380530899e+00 0.000000000000000000e+00
-1.473598820058996894e+00 0.000000000000000000e+00
-1.469985250737463112e+00 0.000000000000000000e+00
-1.466371681415929107e+00 0.000000000000000000e+00
-1.462758112094395102e+00 0.000000000000000000e+00
-1.459144542772861097e+00 0.000000000000000000e+00
-1.455530973451327315e+00 0.000000000000000000e+00
-1.451917404129793310e+00 0.000000000000000000e+00
-1.448303834808259527e+00 0.000000000000000000e+00
-1.444690265486725522e+00 0.000000000000000000e+00
-1.441076696165191517e+00 0.000000000000000000e+00
-1.437463126843657735e+00 0.000000000000000000e+00
-1.433849557522123730e+00 0.000000000000000000e+00
-1.430235988200589947e+00 0.000000000000000000e+00
-1.426622418879055942e+00 0.000000000000000000e+00
-1.423008849557521938e+00 0.000000000000000000e+00
-1.419395280235987933e+00 0.000000000000000000e+00
-1.415781710914454150e+00 0.000000000000000000e+00
-1.412168141592920145e+00 0.000000000000000000e+00
-1.408554572271386363e+00 0.000000000000000000e+00
-1.404941002949852358e+00 0.000000000000000000e+00
-1.401327433628318353e+00 0.000000000000000000e+00
-1.397713864306784570e+00 0.000000000000000000e+00
-1.394100294985250565e+00 0.000000000000000000e+00
-1.390486725663716783e+00 0.000000000000000000e+00
-1.386873156342182778e+00 0.000000000000000000e+00
-1.383259587020648773e+00 0.000000000000000000e+00
-1.379646017699114768e+00 0.000000000000000000e+00
-1.376032448377580986e+00 0.000000000000000000e+00
-1.372418879056047203e+00 0.000000000000000000e+00
-1.368805309734513198e+00 0.000000000000000000e+00
-1.365191740412979193e+00 0.000000000000000000e+00
-1.361578171091445189e+00 0.000000000000000000e+00
-1.357964601769911406e+00 0.000000000000000000e+00
-1.354351032448377401e+00 0.000000000000000000e+00
-1.350737463126843618e+00 0.000000000000000000e+00
-1.347123893805309613e+00 0.000000000000000000e+00
-1.343510324483775609e+00 0.000000000000000000e+00
-1.339896755162241604e+00 0.000000000000000000e+00
-1.336283185840707821e+00 0.000000000000000000e+00
-1.332669616519174038e+00 0.000000000000000000e+00
-1.329056047197640034e+00 0.000000000000000000e+00
-1.325442477876106029e+00 0.000000000000000000e+00
-1.321828908554572024e+00 0.000000000000000000e+00
-1.318215339233038241e+00 0.000000000000000000e+00
-1.314601769911504237e+00 0.000000000000000000e+00
-1.310988200589970454e+00 0.000000000000000000e+00
-1.307374631268436449e+00 0.000000000000000000e+00
-1.303761061946902444e+00 0.000000000000000000e+00
-1.300147492625368439e+00 0.000000000000000000e+00
-1.296533923303834657e+00 0.000000000000000000e+00
-1.292920353982300874e+00 0.000000000000000000e+00
-1.289306784660766869e+00 0.000000000000000000e+00
-1.285693215339232864e+00 0.000000000000000000e+00
-1.282079646017698860e+00 0.000000000000000000e+00
-1.278466076696165077e+00 0.000000000000000000e+00
-1.274852507374631072e+00 0.000000000000000000e+00
-1.271238938053097289e+00 0.000000000000000000e+00
-1.267625368731563285e+00 0.000000000000000000e+00
-1.264011799410029280e+00 0.000000000000000000e+00
-1.260398230088495275e+00 0.000000000000000000e+00
-1.256784660766961492e+00 0.000000000000000000e+00
-1.253171091445427709e+00 0.000000000000000000e+00
-1.249557522123893705e+00 0.000000000000000000e+00
-1.245943952802359700e+00 0.000000000000000000e+00
-1.242330383480825695e+00 0.000000000000000000e+00
-1.238716814159291912e+00 0.000000000000000000e+00
-1.235103244837757908e+00 0.000000000000000000e+00
-1.231489675516224125e+00 0.000000000000000000e+00
-1.227876106194690120e+00 0.000000000000000000e+00
-1.224262536873156115e+00 0.000000000000000000e+00
-1.220648967551622111e+00 0.000000000000000000e+00
-1.217035398230088328e+00 0.000000000000000000e+00
-1.213421828908554545e+00 0.000000000000000000e+00
-1.209808259587020540e+00 0.000000000000000000e+00
-1.206194690265486535e+00 0.000000000000000000e+00
-1.202581120943952531e+00 0.000000000000000000e+00
-1.198967551622418748e+00 0.000000000000000000e+00
-1.195353982300884743e+00 0.000000000000000000e+00
-1.191740412979350960e+00 0.000000000000000000e+00
-1.188126843657816956e+00 0.000000000000000000e+00
-1.184513274336282951e+00 0.000000000000000000e+00
-1.180899705014748946e+00 0.000000000000000000e+00
-1.177286135693215163e+00 0.000000000000000000e+00
-1.173672566371681381e+00 0.000000000000000000e+00
-1.170058997050147376e+00 0.000000000000000000e+00
-1.166445427728613371e+00 0.000000000000000000e+00
-1.162831858407079366e+00 0.000000000000000000e+00
-1.159218289085545583e+00 0.000000000000000000e+00
-1.155604719764011579e+00 0.000000000000000000e+00
-1.151991150442477796e+00 0.000000000000000000e+00
-1.148377581120943791e+00 0.000000000000000000e+00
-1.144764011799409786e+00 0.000000000000000000e+00
-1.141150442477875782e+00 0.000000000000000000e+00
-1.137536873156341999e+00 0.000000000000000000e+00
-1.133923303834808216e+00 0.000000000000000000e+00
-1.130309734513274211e+00 0.000000000000000000e+00
-1.126696165191740207e+00 0.000000000000000000e+00
-1.123082595870206202e+00 0.000000000000000000e+00
-1.119469026548672419e+00 0.000000000000000000e+00
-1.115855457227138636e+00 0.000000000000000000e+00
-1.112241887905604631e+00 0.000000000000000000e+00
-1.108628318584070627e+00 0.000000000000000000e+00
-1.105014749262536622e+00 0.000000000000000000e+00
-1.101401179941002617e+00 0.000000000000000000e+00
-1.097787610619468834e+00 0.000000000000000000e+00
-1.094174041297935052e+00 0.000000000000000000e+00
-1.090560471976401047e+00 0.000000000000000000e+00
-1.086946902654867042e+00 0.000000000000000000e+00
-1.083333333333333037e+00 0.000000000000000000e+00
-1.079719764011799255e+00 0.000000000000000000e+00
-1.076106194690265472e+00 0.000000000000000000e+00
-1.072492625368731467e+00 0.000000000000000000e+00
-1.068879056047197462e+00 0.000000000000000000e+00
-1.065265486725663457e+00 0.000000000000000000e+00
-1.061651917404129453e+00 0.000000000000000000e+00
-1.058038348082595670e+00 0.000000000000000000e+00
-1.054424778761061887e+00 0.000000000000000000e+00
-1.050811209439527882e+00 0.000000000000000000e+00
-1.047197640117993878e+00 0.000000000000000000e+00
-1.043584070796459873e+00 0.000000000000000000e+00
-1.039970501474926090e+00 0.000000000000000000e+00
-1.036356932153392307e+00 0.000000000000000000e+00
-1.032743362831858303e+00 0.000000000000000000e+00
-1.029129793510324298e+00 0.000000000000000000e+00
-1.025516224188790293e+00 0.000000000000000000e+00
-1.021902654867256510e+00 0.000000000000000000e+00
-1.018289085545722505e+00 0.000000000000000000e+00
-1.014675516224188723e+00 0.000000000000000000e+00
-1.011061946902654718e+00 0.000000000000000000e+00
-1.007448377581120713e+00 0.000000000000000000e+00
-1.003834808259586708e+00 0.000000000000000000e+00
-1.000221238938052926e+00 0.000000000000000000e+00
-9.966076696165190318e-01 0.000000000000000000e+00
-9.929941002949850271e-01 0.000000000000000000e+00
-9.893805309734511333e-01 0.000000000000000000e+00
-9.857669616519172395e-01 0.000000000000000000e+00
-9.821533923303833458e-01 0.000000000000000000e+00
-9.785398230088493410e-01 0.000000000000000000e+00
-9.749262536873154472e-01 0.000000000000000000e+00
-9.713126843657815535e-01 0.000000000000000000e+00
-9.676991150442475487e-01 0.000000000000000000e+00
-9.640855457227136549e-01 0.000000000000000000e+00
-9.604719764011797611e-01 0.000000000000000000e+00
-9.568584070796458674e-01 0.000000000000000000e+00
-9.532448377581118626e-01 0.000000000000000000e+00
-9.496312684365779688e-01 0.000000000000000000e+00
-9.460176991150440751e-01 0.000000000000000000e+00
-9.424041297935101813e-01 0.000000000000000000e+00
-9.387905604719761765e-01 0.000000000000000000e+00
-9.351769911504422828e-01 0.000000000000000000e+00
-9.315634218289083890e-01 0.000000000000000000e+00
-9.279498525073743842e-01 0.000000000000000000e+00
-9.243362831858404904e-01 0.000000000000000000e+00
-9.207227138643065967e-01 0.000000000000000000e+00
-9.171091445427727029e-01 0.000000000000000000e+00
-9.134955752212386981e-01 0.000000000000000000e+00
-9.098820058997048044e-01 0.000000000000000000e+00
-9.062684365781709106e-01 0.000000000000000000e+00
-9.026548672566370168e-01 0.000000000000000000e+00
-8.990412979351030121e-01 0.000000000000000000e+00
-8.954277286135692293e-01 0.000000000000000000e+00
-8.918141592920352245e-01 0.000000000000000000e+00
-8.882005899705012197e-01 0.000000000000000000e+00
-8.845870206489674370e-01 0.000000000000000000e+00
-8.809734513274334322e-01 0.000000000000000000e+00
-8.773598820058994274e-01 0.000000000000000000e+00
-8.737463126843656447e-01 0.000000000000000000e+00
-8.701327433628316399e-01 0.000000000000000000e+00
-8.665191740412976351e-01 0.000000000000000000e+00
-8.629056047197638524e-01 0.000000000000000000e+00
-8.592920353982298476e-01 0.000000000000000000e+00
-8.556784660766960648e-01 0.000000000000000000e+00
-8.520648967551620601e-01 0.000000000000000000e+00
-8.484513274336280553e-01 0.000000000000000000e+00
-8.448377581120942725e-01 0.000000000000000000e+00
-8.412241887905602677e-01 0.000000000000000000e+00
-8.376106194690262630e-01 0.000000000000000000e+00
-8.339970501474924802e-01 0.000000000000000000e+00
-8.303834808259584754e-01 0.000000000000000000e+00
-8.267699115044244706e-01 0.000000000000000000e+00
-8.231563421828906879e-01 0.000000000000000000e+00
-8.195427728613566831e-01 0.000000000000000000e+00
-8.159292035398229004e-01 0.000000000000000000e+00
-8.123156342182888956e-01 0.000000000000000000e+00
-8.087020648967548908e-01 0.000000000000000000e+00
-8.050884955752211081e-01 0.000000000000000000e+00
-8.014749262536871033e-01 0.000000000000000000e+00
-7.978613569321530985e-01 0.000000000000000000e+00
-7.942477876106193158e-01 0.000000000000000000e+00
-7.906342182890853110e-01 0.000000000000000000e+00
-7.870206489675513062e-01 0.000000000000000000e+00
-7.834070796460175234e-01 0.000000000000000000e+00
-7.797935103244835187e-01 0.000000000000000000e+00
-7.761799410029497359e-01 0.000000000000000000e+00
-7.725663716814157311e-01 0.000000000000000000e+00
-7.689528023598817263e-01 0.000000000000000000e+00
-7.653392330383479436e-01 0.000000000000000000e+00
-7.617256637168139388e-01 0.000000000000000000e+00
-7.581120943952799340e-01 0.000000000000000000e+00
-7.544985250737461513e-01 0.000000000000000000e+00
-7.508849557522121465e-01 0.000000000000000000e+00
-7.472713864306783638e-01 0.000000000000000000e+00
-7.436578171091443590e-01 0.000000000000000000e+00
-7.400442477876103542e-01 0.000000000000000000e+00
-7.364306784660765715e-01 0.000000000000000000e+00
-7.328171091445425667e-01 0.000000000000000000e+00
-7.292035398230085619e-01 0.000000000000000000e+00
-7.255899705014747791e-01 0.000000000000000000e+00
-7.219764011799407744e-01 0.000000000000000000e+00
-7.183628318584067696e-01 0.000000000000000000e+00
-7.147492625368729868e-01 0.000000000000000000e+00
-7.111356932153389820e-01 0.000000000000000000e+00
-7.075221238938051993e-01 0.000000000000000000e+00
-7.039085545722711945e-01 0.000000000000000000e+00
-7.002949852507371897e-01 0.000000000000000000e+00
-6.966814159292034070e-01 0.000000000000000000e+00
-6.930678466076694022e-01 0.000000000000000000e+00
-6.894542772861353974e-01 0.000000000000000000e+00
-6.858407079646016147e-01 0.000000000000000000e+00
-6.822271386430676099e-01 0.000000000000000000e+00
-6.786135693215336051e-01 0.000000000000000000e+00
-6.749999999999998224e-01 0.000000000000000000e+00
-6.713864306784658176e-01 0.000000000000000000e+00
-6.677728613569320348e-01 0.000000000000000000e+00
-6.641592920353980301e-01 0.000000000000000000e+00
-6.605457227138640253e-01 0.000000000000000000e+00
-6.569321533923302425e-01 0.000000000000000000e+00
-6.533185840707962377e-01 0.000000000000000000e+00
-6.497050147492622330e-01 0.000000000000000000e+00
-6.460914454277284502e-01 0.000000000000000000e+00
-6.424778761061944454e-01 0.000000000000000000e+00
-6.388643067846604406e-01 0.000000000000000000e+00
-6.352507374631266579e-01 0.000000000000000000e+00
-6.316371681415926531e-01 0.000000000000000000e+00
-6.280235988200588704e-01 0.000000000000000000e+00
-6.244100294985248656e-01 0.000000000000000000e+00
-6.207964601769908608e-01 0.000000000000000000e+00
-6.171828908554570781e-01 0.000000000000000000e+00
-6.135693215339230733e-01 0.000000000000000000e+00
-6.099557522123890685e-01 0.000000000000000000e+00
-6.063421828908552857e-01 0.000000000000000000e+00
-6.027286135693212810e-01 0.000000000000000000e+00
-5.991150442477872762e-01 0.000000000000000000e+00
-5.955014749262534934e-01 0.000000000000000000e+00
-5.918879056047194887e-01 0.000000000000000000e+00
-5.882743362831857059e-01 0.000000000000000000e+00
-5.846607669616517011e-01 0.000000000000000000e+00
-5.810471976401176963e-01 0.000000000000000000e+00
-5.774336283185839136e-01 0.000000000000000000e+00
-5.738200589970499088e-01 0.000000000000000000e+00
-5.702064896755159040e-01 0.000000000000000000e+00
-5.665929203539821213e-01 0.000000000000000000e+00
-5.629793510324481165e-01 0.000000000000000000e+00
-5.593657817109143338e-01 0.000000000000000000e+00
-5.557522123893803290e-01 1.431788901875494771e-317
-5.521386430678463242e-01 1.515419674530398216e-299
-5.485250737463125414e-01 1.536739449359507127e-282
-5.449115044247785367e-01 1.704016189296648922e-266
-5.412979351032445319e-01 2.340545395362014778e-251
-5.376843657817107491e-01 4.479674894075688992e-237
-5.340707964601767443e-01 1.335063797642222957e-223
-5.304572271386427396e-01 6.880328623348222259e-211
-5.268436578171089568e-01 6.769111613105805128e-199
-5.232300884955749520e-01 1.395774882165219748e-187
-5.196165191740411693e-01 6.587555803361948344e-177
-5.160029498525071645e-01 7.733372261678954374e-167
-5.123893805309731597e-01 2.442458527439534117e-157
-5.087758112094393770e-01 2.234904499683547009e-148
-5.051622418879053722e-01 6.353510310861851481e-140
-5.015486725663713674e-01 5.994217625854869576e-132
-4.979351032448375847e-01 1.997302503606398676e-124
-4.943215339233035799e-01 2.492611461605743324e-117
-4.907079646017695751e-01 1.231502778692760154e-110
-4.870943952802357924e-01 2.538058029559627055e-104
-4.834808259587017876e-01 2.292393456304386091e-98
-4.798672566371680048e-01 9.506642050035109177e-93
-4.762536873156340000e-01 1.891494547231761201e-87
-4.726401179940999953e-01 1.882077032142818301e-82
-4.690265486725662125e-01 9.739209029843278232e-78
-4.654129793510322077e-01 2.719605792464477958e-73
-4.617994100294982029e-01 4.243482476570175420e-69
-4.581858407079644202e-01 3.823475628879894926e-65
-4.545722713864304154e-01 2.052078745709212305e-61
-4.509587020648964106e-01 6.755385975292166497e-58
-4.473451327433626279e-01 1.402266359808676022e-54
-4.437315634218286231e-01 1.883919069923696553e-51
-4.401179941002948404e-01 1.678935540381595710e-48
-4.365044247787608356e-01 1.015855552829070547e-45
-4.328908554572268308e-01 4.265534837808213368e-43
-4.292772861356930481e-01 1.268935102923225176e-40
-4.256637168141590433e-01 2.727118739866037762e-38
-4.220501474926250385e-01 4.312844406599820766e-36
-4.184365781710912557e-01 5.106977995341714132e-34
-4.148230088495572510e-01 4.602823598517952149e-32
-4.112094395280232462e-01 3.206733211792477716e-30
-4.075958702064894634e-01 1.752340161300594479e-28
-4.039823008849554586e-01 7.615041703877865662e-27
-4.003687315634216759e-01 2.666048568948217210e-25
-3.967551622418876711e-01 7.612560569062577185e-24
-3.931415929203536663e-01 1.793431505648899199e-22
-3.895280235988198836e-01 3.524283594215187942e-21
-3.859144542772858788e-01 5.836626252393267876e-20
-3.823008849557518740e-01 8.225801384171002873e-19
-3.786873156342180913e-01 9.956386660304230497e-18
-3.750737463126840865e-01 1.043973339461426636e-16
-3.714601769911500817e-01 9.560614140794753899e-16
-3.678466076696162990e-01 7.706109363027240528e-15
-3.642330383480822942e-01 5.506716902626904052e-14
-3.606194690265485114e-01 3.512653778955293588e-13
-3.570058997050145067e-01 2.013128136208215767e-12
-3.533923303834805019e-01 1.042918986333435729e-11
-3.497787610619467191e-01 4.912160123716096070e-11
-3.461651917404127143e-01 2.114927556009116167e-10
-3.425516224188787096e-01 8.366509202426368523e-10
-3.389380530973449268e-01 3.055749405565645600e-09
-3.353244837758109220e-01 1.035132174104952064e-08
-3.317109144542771393e-01 3.266226880701553507e-08
-3.280973451327431345e-01 9.638986750554216370e-08
-3.244837758112091297e-01 2.670626097621965609e-07
-3.208702064896753470e-01 6.972032915052675902e-07
-3.172566371681413422e-01 1.720875576462851871e-06
-3.136430678466073374e-01 4.028824995324380169e-06
-3.100294985250735547e-01 8.973508270307635875e-06
-3.064159292035395499e-01 1.906963719099451742e-05
-3.028023598820055451e-01 3.876946405126631363e-05
-2.991887905604717623e-01 7.559773641733638714e-05
-2.955752212389377576e-01 1.417232525462173217e-04
-2.919616519174039748e-01 2.560172732184337022e-04
-2.883480825958699700e-01 4.466012517793228431e-04
-2.847345132743359652e-01 7.538190437537361762e-04
-2.811209439528021825e-01 1.233488361888706534e-03
-2.775073746312681777e-01 1.960203566170124877e-03
-2.738938053097341729e-01 3.030390529325431136e-03
-2.702802359882003902e-01 4.564768176598170413e-03
-2.666666666666663854e-01 6.709861670956048657e-03
-2.630530973451323806e-01 9.638245367404306777e-03
-2.594395280235985979e-01 1.354726933119250118e-02
-2.558259587020645931e-01 1.865613444669246210e-02
-2.522123893805308104e-01 2.520131542932118121e-02
-2.485988200589968056e-01 3.343047248478388939e-02
-2.449852507374628008e-01 4.359512427289696096e-02
-2.413716814159290180e-01 5.594246237954218770e-02
-2.377581120943950133e-01 7.070675968449503801e-02
-2.341445427728610085e-01 8.810085589158039854e-02
-2.305309734513272257e-01 1.083081924459492612e-01
-2.269174041297932209e-01 1.314758202678138754e-01
-2.233038348082592162e-01 1.577087249874904729e-01
-2.196902654867254334e-01 1.870657156610266159e-01
-2.160766961651914286e-01 2.195570149589268771e-01
-2.124631268436576459e-01 2.551435816190571471e-01
-2.088495575221236411e-01 2.937380980122210050e-01
-2.052359882005896363e-01 3.352074732712314042e-01
-2.016224188790558536e-01 3.793766494617267782e-01
-1.980088495575218488e-01 4.260334562915212286e-01
-1.943952802359878440e-01 4.749342384396348371e-01
-1.907817109144540613e-01 5.258099767714521366e-01
-1.871681415929200565e-01 5.783726374906856815e-01
-1.835545722713860517e-01 6.323215081054283093e-01
-1.799410029498522690e-01 6.873493122603182570e-01
-1.763274336283182642e-01 7.431479335037990408e-01
-1.727138643067844814e-01 7.994136178290703887e-01
-1.691002949852504766e-01 8.558515638108039614e-01
-1.654867256637164719e-01 9.121798454196893280e-01
-1.618731563421826891e-01 9.681326447936360324e-01
-1.582595870206486843e-01 1.023462799576016824e+00
-1.546460176991146795e-01 1.077943691559696493e+00
-1.510324483775808968e-01 1.131370520328943696e+00
-1.474188790560468920e-01 1.183561017672701610e+00
-1.438053097345131093e-01 1.234355666241882643e+00
-1.401917404129791045e-01 1.283617489839227188e+00
-1.365781710914450997e-01 1.331231483509738078e+00
-1.329646017699113170e-01 1.377103749888707540e+00
-1.293510324483773122e-01 1.421160404671711897e+00
-1.257374631268433074e-01 1.463346309147701696e+00
-1.221238938053095247e-01 1.503623681960209790e+00
-1.185103244837755199e-01 1.541970636032847564e+00
-1.148967551622415151e-01 1.578379680237595117e+00
-1.112831858407077323e-01 1.612856219147541514e+00
-1.076696165191737276e-01 1.645417078286586676e+00
-1.040560471976399448e-01 1.676089076793993327e+00
-1.004424778761059400e-01 1.704907664444409887e+00
-9.682890855457193524e-02 1.731915635545026699e+00
-9.321533923303815250e-02 1.757161928383233152e+00
-8.960176991150414771e-02 1.780700515609238588e+00
-8.598820058997014293e-02 1.802589388180901642e+00
-8.237463126843636019e-02 1.822889633233052642e+00
-7.876106194690235540e-02 1.841664604415738316e+00
-7.514749262536835062e-02 1.858979181825198834e+00
-7.153392330383456788e-02 1.874899117578677332e+00
-6.792035398230056309e-02 1.889490462310368102e+00
-6.430678466076678035e-02 1.902819067345491444e+00
-6.069321533923277556e-02 1.914950156999125852e+00
-5.707964601769877078e-02 1.925947965309194876e+00
-5.346607669616498804e-02 1.935875431513162326e+00
-4.985250737463098325e-02 1.944793948686574181e+00
-4.623893805309697846e-02 1.952763160152727551e+00
-4.262536873156319572e-02 1.959840798524119299e+00
-3.901179941002919094e-02 1.966082562529920530e+00
-3.539823008849518615e-02 1.971542027104461248e+00
-3.178466076696140341e-02 1.976270582546878929e+00
-2.817109144542739863e-02 1.980317398902210257e+00
-2.455752212389361588e-02 1.983729412051402852e+00
-2.094395280235961110e-02 1.986551328326249033e+00
-1.733038348082560631e-02 1.988825644780304991e+00
-1.371681415929182357e-02 1.990592682546440617e+00
-1.010324483775781879e-02 1.991890630991935529e+00
-6.489675516223814000e-03 1.992755600644027236e+00
-2.876106194690031259e-03 1.993221683099825059e+00
7.374631268439735265e-04 1.993320974425505376e+00
4.351032448377978312e-03 1.993075386772596769e+00
7.964601769911761053e-03 1.992487574130654471e+00
1.157817109144576584e-02 1.991557837258089769e+00
1.519174041297954858e-02 1.990286652979489590e+00
1.880530973451355337e-02 1.988674673777046653e+00
2.241887905604755815e-02 1.986722727231333696e+00
2.603244837758134089e-02 1.984431815312176051e+00
2.964601769911534568e-02 1.981803113520415494e+00
3.325958702064935046e-02 1.978837969881549474e+00
3.687315634218313321e-02 1.975537903792626171e+00
4.048672566371713799e-02 1.971904604723522914e+00
4.410029498525114278e-02 1.967939930774444734e+00
4.771386430678492552e-02 1.963645907091061904e+00
5.132743362831893030e-02 1.959024724139503570e+00
5.494100294985271304e-02 1.954078735842996295e+00
5.855457227138671783e-02 1.948810457582489608e+00
6.216814159292072262e-02 1.943222564063671332e+00
6.578171091445450536e-02 1.937317887052828924e+00
6.939528023598851014e-02 1.931099412984295993e+00
7.300884955752251493e-02 1.924570280442262638e+00
7.662241887905629767e-02 1.917733777520005622e+00
8.023598820059030245e-02 1.910593339059570406e+00
8.384955752212408520e-02 1.903152543775133987e+00
8.746312684365808998e-02 1.895415111263557106e+00
9.107669616519209477e-02 1.887384898905452912e+00
9.469026548672587751e-02 1.879065898660486900e+00
9.830383480825988229e-02 1.870462233760608495e+00
1.019174041297938871e-01 1.861578155305050108e+00
1.055309734513278919e-01 1.852418038760991870e+00
1.091445427728614526e-01 1.842986380374029176e+00
1.127581120943954573e-01 1.833287793492407003e+00
1.163716814159294621e-01 1.823327004809359497e+00
1.199852507374634669e-01 1.813108850527765936e+00
1.235988200589974717e-01 1.802638272451475565e+00
1.272123893805314765e-01 1.791920314007737991e+00
1.308259587020650372e-01 1.780960116205272836e+00
1.344395280235990420e-01 1.769762913532283655e+00
1.380530973451330468e-01 1.758334029799317522e+00
1.416666666666670515e-01 1.746678873931304166e+00
1.452802359882010563e-01 1.734802935713511962e+00
1.488938053097346170e-01 1.722711781496154781e+00
1.525073746312686218e-01 1.710411049862245569e+00
1.561209439528026266e-01 1.697906447263410890e+00
1.597345132743366314e-01 1.685203743628415296e+00
1.633480825958706362e-01 1.672308767949040487e+00
1.669616519174046410e-01 1.659227403848136495e+00
1.705752212389382017e-01 1.645965585134292031e+00
1.741887905604722064e-01 1.632529291348127520e+00
1.778023598820062112e-01 1.618924543304497865e+00
1.814159292035402160e-01 1.605157398635491450e+00
1.850294985250742208e-01 1.591233947338629884e+00
1.886430678466077815e-01 1.577160307334847467e+00
1.922566371681417863e-01 1.562942620040784769e+00
1.958702064896757911e-01 1.548587045959656905e+00
1.994837758112097958e-01 1.534099760295253967e+00
2.030973451327438006e-01 1.519486948593206987e+00
2.067109144542778054e-01 1.504754802413823978e+00
2.103244837758113661e-01 1.489909515040639620e+00
2.139380530973453709e-01 1.474957277228654995e+00
2.175516224188793757e-01 1.459904272996402685e+00
2.211651917404133805e-01 1.444756675465533213e+00
2.247787610619473853e-01 1.429520642751879178e+00
2.283923303834809460e-01 1.414202313911558706e+00
2.320058997050149507e-01 1.398807804945794597e+00
2.356194690265489555e-01 1.383343204867865772e+00
2.392330383480829603e-01 1.367814571835581861e+00
2.428466076696169651e-01 1.352227929352565416e+00
2.464601769911509699e-01 1.336589262541380663e+00
2.500737463126845306e-01 1.320904514491635151e+00
2.536873156342185354e-01 1.305179582685872974e+00
2.573008849557525402e-01 1.289420315506006665e+00
2.609144542772865449e-01 1.273632508823020038e+00
2.645280235988205497e-01 1.257821902672331849e+00
2.681415929203541104e-01 1.241994178017240325e+00
2.717551622418881152e-01 1.226154953602718090e+00
2.753687315634221200e-01 1.210309782901579645e+00
2.789823008849561248e-01 1.194464151155105291e+00
2.825958702064901296e-01 1.178623472509783277e+00
2.862094395280241343e-01 1.162793087252033120e+00
2.898230088495576950e-01 1.146978259142346523e+00
2.934365781710916998e-01 1.131184172850278502e+00
2.970501474926257046e-01 1.115415931491594126e+00
3.006637168141597094e-01 1.099678554268677999e+00
3.042772861356937142e-01 1.083976974215191458e+00
3.078908554572272749e-01 1.068316036045838580e+00
3.115044247787612797e-01 1.052700494111999507e+00
3.151179941002952845e-01 1.037135010463738238e+00
3.187315634218292892e-01 1.021624153018690251e+00
3.223451327433632940e-01 1.006172393838100865e+00
3.259587020648972988e-01 9.907841075102633566e-01
3.295722713864308595e-01 9.754635696412753409e-01
3.331858407079648643e-01 9.602149554531941300e-01
3.367994100294988691e-01 9.450423384892625567e-01
3.404129793510328739e-01 9.299496894259065005e-01
3.440265486725668787e-01 9.149408749910910021e-01
3.476401179941004393e-01 9.000196569884012510e-01
3.512536873156344441e-01 8.851896914261790927e-01
3.548672566371684489e-01 8.704545277509485590e-01
3.584808259587024537e-01 8.558176081841510907e-01
3.620943952802364585e-01 8.412822671612162351e-01
3.657079646017700192e-01 8.268517308717799885e-01
3.693215339233040240e-01 8.125291168999145830e-01
3.729351032448380288e-01 7.983174339629325322e-01
3.765486725663720335e-01 7.842195817474292285e-01
3.801622418879060383e-01 7.702383508409657020e-01
3.837758112094400431e-01 7.563764227578798627e-01
3.873893805309736038e-01 7.426363700574528659e-01
3.910029498525076086e-01 7.290206565527214133e-01
3.946165191740416134e-01 7.155316376080667062e-01
3.982300884955756182e-01 7.021715605236574786e-01
4.018436578171096230e-01 6.889425650047975580e-01
4.054572271386431837e-01 6.758466837140800765e-01
4.090707964601771884e-01 6.628858429042588929e-01
4.126843657817111932e-01 6.500618631297034877e-01
4.162979351032451980e-01 6.373764600341634834e-01
4.199115044247792028e-01 6.248312452126028038e-01
4.235250737463132076e-01 6.124277271447898796e-01
4.271386430678467683e-01 6.001673121982991077e-01
4.307522123893807731e-01 5.880513056984930653e-01
4.343657817109147778e-01 5.760809130631455721e-01
4.379793510324487826e-01 5.642572409991608584e-01
4.415929203539827874e-01 5.525812987589665548e-01
4.452064896755163481e-01 5.410539994541005981e-01
4.488200589970503529e-01 5.296761614233965743e-01
4.524336283185843577e-01 5.184485096533776316e-01
4.560471976401183625e-01 5.073716772481727810e-01
4.596607669616523673e-01 4.964462069465116478e-01
4.632743362831863720e-01 4.856725526832455508e-01
4.668879056047199327e-01 4.750510811927847188e-01
4.705014749262539375e-01 4.645820736520129834e-01
4.741150442477879423e-01 4.542657273600660961e-01
4.777286135693219471e-01 4.441021574524928184e-01
4.813421828908559519e-01 4.340913986472960118e-01
4.849557522123895126e-01 4.242334070203460650e-01
4.885693215339235174e-01 4.145280618077193946e-01
4.921828908554575222e-01 4.049751672325164753e-01
4.957964601769915269e-01 3.955744543537210722e-01
4.994100294985255317e-01 3.863255829347541637e-01
5.030235988200595365e-01 3.772281433293055430e-01
5.066371681415930972e-01 3.682816583821915124e-01
5.102507374631271020e-01 3.594855853428929326e-01
5.138643067846611068e-01 3.508393177895486881e-01
5.174778761061951116e-01 3.423421875612134846e-01
5.210914454277291163e-01 3.339934666961794640e-01
5.247050147492626770e-01 3.257923693742729165e-01
5.283185840707966818e-01 3.177380538610320992e-01
5.319321533923306866e-01 3.098296244517645404e-01
5.355457227138646914e-01 3.020661334134727150e-01
5.391592920353986962e-01 2.944465829227621012e-01
5.427728613569327010e-01 2.869699269978258083e-01
5.463864306784662617e-01 2.796350734227232571e-01
5.500000000000002665e-01 2.724408856621463038e-01
5.536135693215342712e-01 2.653861847650061945e-01
5.572271386430682760e-01 2.584697512551735743e-01
5.608407079646022808e-01 2.516903270077611721e-01
5.644542772861358415e-01 2.450466171094514423e-01
5.680678466076698463e-01 2.385372917013655614e-01
5.716814159292038511e-01 2.321609878030588825e-01
5.752949852507378559e-01 2.259163111163008941e-01
5.789085545722718606e-01 2.198018378073353929e-01
5.825221238938058654e-01 2.138161162663635984e-01
5.861356932153394261e-01 2.079576688431184206e-01
5.897492625368734309e-01 2.022249935573624258e-01
5.933628318584074357e-01 1.966165657832962266e-01
5.969764011799414405e-01 1.911308399068437358e-01
6.005899705014754453e-01 1.857662509549097563e-01
6.042035398230090060e-01 1.805212161957067685e-01
6.078171091445430108e-01 1.753941367093400094e-01
6.114306784660770155e-01 1.703833989279032179e-01
6.150442477876110203e-01 1.654873761443497460e-01
6.186578171091450251e-01 1.607044299895305228e-01
6.222713864306790299e-01 1.560329118767726231e-01
6.258849557522125906e-01 1.514711644134929258e-01
6.294985250737465954e-01 1.470175227793436290e-01
6.331120943952806002e-01 1.426703160704745066e-01
6.367256637168146050e-01 1.384278686095413435e-01
6.403392330383486097e-01 1.342885012211153528e-01
6.439528023598821704e-01 1.302505324722560420e-01
6.475663716814161752e-01 1.263122798779863776e-01
6.511799410029501800e-01 1.224720610715299002e-01
6.547935103244841848e-01 1.187281949391520708e-01
6.584070796460181896e-01 1.150790027195503079e-01
6.620206489675521944e-01 1.115228090677299472e-01
6.656342182890857551e-01 1.080579430833943089e-01
6.692477876106197598e-01 1.046827393038780307e-01
6.728613569321537646e-01 1.013955386617253901e-01
6.764749262536877694e-01 9.819468940702948123e-02
6.800884955752217742e-01 9.507854799470613627e-02
6.837020648967553349e-01 9.204547993689640717e-02
6.873156342182893397e-01 8.909386062073852697e-02
6.909292035398233445e-01 8.622207609177573451e-02
6.945427728613573493e-01 8.342852380330695317e-02
6.981563421828913540e-01 8.071161333200081722e-02
7.017699115044253588e-01 7.806976706015127110e-02
7.053834808259589195e-01 7.550142082494816498e-02
7.089970501474929243e-01 7.300502453518840917e-02
7.126106194690269291e-01 7.057904275586605880e-02
7.162241887905609339e-01 6.822195526110155783e-02
7.198377581120949387e-01 6.593225755590166604e-02
7.234513274336284994e-01 6.370846136725458186e-02
7.270648967551625041e-01 6.154909510508461273e-02
7.306784660766965089e-01 5.945270429361640407e-02
7.342920353982305137e-01 5.741785197370443544e-02
7.379056047197645185e-01 5.544311907670368411e-02
7.415191740412985233e-01 5.352710477047881860e-02
7.451327433628320840e-01 5.166842677814655754e-02
7.487463126843660888e-01 4.986572167017089274e-02
7.523598820059000936e-01 4.811764513043614855e-02
7.559734513274340983e-01 4.642287219692994155e-02
7.595870206489681031e-01 4.478009747767815879e-02
7.632005899705016638e-01 4.318803534258378735e-02
7.668141592920356686e-01 4.164542009181931154e-02
7.704277286135696734e-01 4.015100610143658433e-02
7.740412979351036782e-01 3.870356794685331919e-02
7.776548672566376830e-01 3.730190050488343262e-02
7.812684365781712437e-01 3.594481903497439429e-02
7.848820058997052485e-01 3.463115924032562909e-02
7.884955752212392532e-01 3.335977730954633319e-02
7.921091445427732580e-01 3.212954993952495120e-02
7.957227138643072628e-01 3.093937434017156665e-02
7.993362831858412676e-01 2.978816822169128020e-02
8.029498525073748283e-01 2.867486976505177407e-02
8.065634218289088331e-01 2.759843757628884994e-02
8.101769911504428379e-01 2.655785062530690438e-02
8.137905604719768426e-01 2.555210816980843513e-02
8.174041297935108474e-01 2.458022966499007894e-02
8.210176991150444081e-01 2.364125465963436493e-02
8.246312684365784129e-01 2.273424267921539052e-02
8.282448377581124177e-01 2.185827309663170362e-02
8.318584070796464225e-01 2.101244499117029332e-02
8.354719764011804273e-01 2.019587699629186300e-02
8.390855457227144321e-01 1.940770713682821863e-02
8.426991150442479928e-01 1.864709265615988390e-02
8.463126843657819975e-01 1.791320983394168939e-02
8.499262536873160023e-01 1.720525379492846701e-02
8.535398230088500071e-01 1.652243830944125774e-02
8.571533923303840119e-01 1.586399558600736642e-02
8.607669616519175726e-01 1.522917605668985992e-02
8.643805309734515774e-01 1.461724815561607840e-02
8.679941002949855822e-01 1.402749809119879613e-02
8.716076696165195870e-01 1.345922961253146269e-02
8.752212389380535917e-01 1.291176377042896166e-02
8.788348082595875965e-01 1.238443867357168562e-02
8.824483775811211572e-01 1.187660924019416121e-02
8.860619469026551620e-01 1.138764694575447600e-02
8.896755162241891668e-01 1.091693956700015046e-02
8.932890855457231716e-01 1.046389092283831097e-02
8.969026548672571764e-01 1.002792061240145340e-02
9.005162241887907371e-01 9.608463750692197020e-03
9.041297935103247418e-01 9.204970702169685062e-03
9.077433628318587466e-01 8.816906812637088919e-03
9.113569321533927514e-01 8.443752139768129911e-03
9.149705014749267562e-01 8.085001182602904665e-03
9.185840707964607610e-01 7.740162610330260373e-03
9.221976401179943217e-01 7.408758990658580006e-03
9.258112094395283265e-01 7.090326518068137095e-03
9.294247787610623313e-01 6.784414742223163035e-03
9.330383480825963360e-01 6.490586296810781260e-03
9.366519174041303408e-01 6.208416629062203825e-03
9.402654867256639015e-01 5.937493730199425515e-03
9.438790560471979063e-01 5.677417867038458098e-03
9.474926253687319111e-01 5.427801314970430273e-03
9.511061946902659159e-01 5.188268092528738364e-03
9.547197640117999207e-01 4.958453697740576073e-03
9.583333333333339255e-01 4.738004846450223802e-03
9.619469026548674861e-01 4.526579212790779114e-03
9.655604719764014909e-01 4.323845171970280669e-03
9.691740412979354957e-01 4.129481545529394178e-03
9.727876106194695005e-01 3.943177349215773453e-03
9.764011799410035053e-01 3.764631543613048293e-03
9.800147492625370660e-01 3.593552787651123435e-03
9.836283185840710708e-01 3.429659195116382953e-03
9.872418879056050756e-01 3.272678094271123678e-03
9.908554572271390803e-01 3.122345790682945661e-03
9.944690265486730851e-01 2.978407333356573438e-03
9.980825958702070899e-01 2.840616284252501112e-03
1.001696165191740651e+00 2.708734491268885349e-03
1.005309734513274655e+00 2.582531864755543104e-03
1.008923303834808660e+00 2.461786157621795919e-03
1.012536873156342665e+00 2.346282749092343158e-03
1.016150442477876670e+00 2.235814432159270206e-03
1.019764011799410230e+00 2.130181204770821915e-03
1.023377581120944235e+00 2.029190064792105435e-03
1.026991150442478240e+00 1.932654808766482400e-03
1.030604719764012245e+00 1.840395834500051404e-03
1.034218289085546250e+00 1.752239947487464842e-03
1.037831858407080254e+00 1.668020171190022754e-03
1.041445427728613815e+00 1.587575561173990447e-03
1.045058997050147820e+00 1.510751023110454803e-03
1.048672566371681825e+00 1.437397134634572785e-03
1.052286135693215829e+00 1.367369971057030582e-03
1.055899705014749834e+00 1.300530934916694021e-03
1.059513274336283395e+00 1.236746589359168612e-03
1.063126843657817400e+00 1.175888495322661292e-03
1.066740412979351404e+00 1.117833052508424409e-03
1.070353982300885409e+00 1.062461344110238789e-03
1.073967551622419414e+00 1.009658985273945197e-03
1.077581120943953419e+00 9.593159752552389520e-04
1.081194690265486980e+00 9.113265532410138280e-04
1.084808259587020984e+00 8.655890577971909116e-04
1.088421828908554989e+00 8.220057899033961658e-04
1.092035398230088994e+00 7.804828795326185968e-04
1.095648967551622999e+00 7.409301557320571285e-04
1.099262536873156559e+00 7.032610201593568781e-04
1.102876106194690564e+00 6.673923240266861753e-04
1.106489675516224569e+00 6.332442484036314694e-04
1.110103244837758574e+00 6.007401878282662847e-04
1.113716814159292579e+00 5.698066371746585883e-04
1.117330383480826583e+00 5.403730817236758119e-04
1.120943952802360144e+00 5.123718903831730792e-04
1.124557522123894149e+00 4.857382120024828333e-04
1.128171091445428154e+00 4.604098747255835813e-04
1.131784660766962158e+00 4.363272883263921926e-04
1.135398230088496163e+00 4.134333494692937240e-04
1.139011799410029724e+00 3.916733498374262148e-04
1.142625368731563729e+00 3.709948870709107917e-04
1.146238938053097733e+00 3.513477784569827493e-04
1.149852507374631738e+00 3.326839773137874740e-04
1.153466076696165743e+00 3.149574920095005105e-04
1.157079646017699748e+00 2.981243075584786109e-04
1.160693215339233308e+00 2.821423097362061217e-04
1.164306784660767313e+00 2.669712116549110073e-04
1.167920353982301318e+00 2.525724827420355346e-04
1.171533923303835323e+00 2.389092800639166234e-04
1.175147492625369328e+00 2.259463819374912992e-04
1.178761061946902888e+00 2.136501237731788696e-04
1.182374631268436893e+00 2.019883360925479215e-04
1.185988200589970898e+00 1.909302846649781841e-04
1.189601769911504903e+00 1.804466127079067497e-04
1.193215339233038907e+00 1.705092850960654113e-04
1.196828908554572468e+00 1.610915345255792958e-04
1.200442477876106473e+00 1.521678095795651246e-04
1.204056047197640478e+00 1.437137246425689431e-04
1.207669616519174483e+00 1.357060116119026335e-04
1.211283185840708487e+00 1.281224733547314603e-04
1.214896755162242492e+00 1.209419388605443820e-04
1.218510324483776053e+00 1.141442200394969281e-04
1.222123893805310058e+00 1.077100701178901560e-04
1.225737463126844062e+00 1.016211435829869391e-04
1.229351032448378067e+00 9.585995763017604923e-05
1.232964601769912072e+00 9.040985506642037323e-05
1.236578171091445633e+00 8.525496862481301522e-05
1.240191740412979637e+00 8.038018664597192510e-05
1.243805309734513642e+00 7.577112008292388691e-05
1.247418879056047647e+00 7.141407078705315763e-05
1.251032448377581652e+00 6.729600103360978980e-05
1.254646017699115657e+00 6.340450424620677891e-05
1.258259587020649217e+00 5.972777688066488710e-05
1.261873156342183222e+00 5.625459142948543057e-05
1.265486725663717227e+00 5.297427050917618706e-05
1.269100294985251232e+00 4.987666199355399025e-05
1.272713864306785236e+00 4.695211515709220252e-05
1.276327433628318797e+00 4.419145779327436245e-05
1.279941002949852802e+00 4.158597427384436965e-05
1.283554572271386807e+00 3.912738451572309490e-05
1.287168141592920811e+00 3.680782382326070986e-05
1.290781710914454816e+00 3.461982357438194525e-05
1.294395280235988821e+00 3.255629272004791937e-05
1.298008849557522382e+00 3.061050006731486138e-05
1.301622418879056386e+00 2.877605731713016158e-05
1.305235988200590391e+00 2.704690282883843457e-05
1.308849557522124396e+00 2.541728608419146975e-05
1.312463126843658401e+00 2.388175282447777545e-05
1.316076696165191962e+00 2.243513083517887375e-05
1.319690265486725966e+00 2.107251635334429917e-05
1.323303834808259971e+00 1.978926107365293040e-05
1.326917404129793976e+00 1.858095972987867342e-05
1.330530973451327981e+00 1.744343822922371772e-05
1.334144542772861985e+00 1.637274231770570555e-05
1.337758112094395546e+00 1.536512675549911525e-05
1.341371681415929551e+00 1.441704498182440679e-05
1.344985250737463556e+00 1.352513924966170116e-05
1.348598820058997561e+00 1.268623121122623616e-05
1.352212389380531565e+00 1.189731293579713806e-05
1.355825958702065126e+00 1.115553834212132278e-05
1.359439528023599131e+00 1.045821502823359726e-05
1.363053097345133136e+00 9.802796482137956390e-06
1.366666666666667140e+00 9.186874657379670608e-06
1.370280235988201145e+00 8.608172898111964797e-06
1.373893805309735150e+00 8.064539198817765979e-06
1.377507374631268711e+00 7.553939784386307276e-06
1.381120943952802715e+00 7.074452996773523138e-06
1.384734513274336720e+00 6.624263474985022769e-06
1.388348082595870725e+00 6.201656615619014341e-06
1.391961651917404730e+00 5.805013301686627964e-06
1.395575221238938290e+00 5.432804887898787020e-06
1.399188790560472295e+00 5.083588431059361744e-06
1.402802359882006300e+00 4.756002154647512486e-06
1.406415929203540305e+00 4.448761137096837494e-06
1.410029498525074310e+00 4.160653213693131546e-06
1.413643067846608314e+00 3.890535082412639144e-06
1.417256637168141875e+00 3.637328604409102400e-06
1.420870206489675880e+00 3.400017290233622583e-06
1.424483775811209885e+00 3.177642963232293246e-06
1.428097345132743889e+00 2.969302591917310287e-06
1.431710914454277894e+00 2.774145283444927228e-06
1.435324483775811455e+00 2.591369430660525762e-06
1.438938053097345460e+00 2.420220005485771880e-06
1.442551622418879465e+00 2.259985991727398932e-06
1.446165191740413469e+00 2.109997950680050245e-06
1.449778761061947474e+00 1.969625713178798228e-06
1.453392330383481479e+00 1.838276192029059872e-06
1.457005899705015040e+00 1.715391309004723102e-06
1.460619469026549044e+00 1.600446030857598478e-06
1.464233038348083049e+00 1.492946509025368822e-06
1.467846607669617054e+00 1.392428317958603827e-06
1.471460176991151059e+00 1.298454787213601735e-06
1.475073746312684619e+00 1.210615422674025767e-06
1.478687315634218624e+00 1.128524412472445874e-06
1.482300884955752629e+00 1.051819213383586449e-06
1.485914454277286634e+00 9.801592136526870748e-07
1.489528023598820639e+00 9.132244684073929127e-07
1.493141592920354643e+00 8.507145039786691217e-07
1.496755162241888204e+00 7.923471876262026545e-07
1.500368731563422209e+00 7.378576593267830835e-07
1.503982300884956214e+00 6.869973224409843816e-07
1.507595870206490218e+00 6.395328902225031257e-07
1.511209439528024223e+00 5.952454852791880613e-07
1.514823008849557784e+00 5.539297892315715682e-07
1.518436578171091789e+00 5.153932399469977721e-07
1.522050147492625793e+00 4.794552738533161171e-07
1.525663716814159798e+00 4.459466109569894483e-07
1.529277286135693803e+00 4.147085803058319094e-07
1.532890855457227808e+00 3.855924837472137221e-07
1.536504424778761368e+00 3.584589959379681833e-07
1.540117994100295373e+00 3.331775986633513561e-07
1.543731563421829378e+00 3.096260476187504817e-07
1.547345132743363383e+00 2.876898698999650471e-07
1.550958702064897388e+00 2.672618905358256831e-07
1.554572271386430948e+00 2.482417864809805370e-07
1.558185840707964953e+00 2.305356665666280898e-07
1.561799410029498958e+00 2.140556759836101081e-07
1.565412979351032963e+00 1.987196239450011263e-07
1.569026548672566967e+00 1.844506332449895964e-07
1.572640117994100972e+00 1.711768104969709297e-07
1.576253687315634533e+00 1.588309358969883602e-07
1.579867256637168538e+00 1.473501714187260962e-07
1.583480825958702543e+00 1.366757864035645765e-07
1.587094395280236547e+00 1.267528995636867955e-07
1.590707964601770552e+00 1.175302364681359756e-07
1.594321533923304113e+00 1.089599016310703325e-07
1.597935103244838118e+00 1.009971643684212424e-07
1.601548672566372122e+00 9.360025763382072238e-08
1.605162241887906127e+00 8.673018908708720982e-08
1.608775811209440132e+00 8.035056368891769641e-08
1.612389380530973693e+00 7.442741715375531244e-08
1.616002949852507697e+00 6.892905962919249470e-08
1.619616519174041702e+00 6.382592900486135943e-08
1.623230088495575707e+00 5.909045328655221604e-08
1.626843657817109712e+00 5.469692150246140146e-08
1.630457227138643717e+00 5.062136263800736119e-08
1.634070796460177277e+00 4.684143212368387115e-08
1.637684365781711282e+00 4.333630542699497955e-08
1.641297935103245287e+00 4.008657832471281801e-08
1.644911504424779292e+00 3.707417345556263231e-08
1.648525073746313296e+00 3.428225277608278401e-08
1.652138643067846857e+00 3.169513556382227369e-08
1.655752212389380862e+00 2.929822163233299778e-08
1.659365781710914867e+00 2.707791944163402860e-08
1.662979351032448871e+00 2.502157880599033485e-08
1.666592920353982876e+00 2.311742791807904829e-08
1.670206489675516881e+00 2.135451442486266597e-08
1.673820058997050442e+00 1.972265030590644348e-08
1.677433628318584447e+00 1.821236031940812078e-08
1.681047197640118451e+00 1.681483379498246665e-08
1.684660766961652456e+00 1.552187956522327858e-08
1.688274336283186461e+00 1.432588384035849584e-08
1.691887905604720022e+00 1.321977084190660102e-08
1.695501474926254026e+00 1.219696602219299681e-08
1.699115044247788031e+00 1.125136170692499276e-08
1.702728613569322036e+00 1.037728500778079079e-08
1.706342182890856041e+00 9.569467861168745430e-09
1.709955752212390045e+00 8.823019058003006451e-09
1.713569321533923606e+00 8.133398137524439963e-09
1.717182890855457611e+00 7.496391025917251396e-09
1.720796460176991616e+00 6.908087307749555144e-09
1.724410029498525621e+00 6.364859025121208823e-09
1.728023598820059625e+00 5.863340905861490760e-09
1.731637168141593186e+00 5.400411928205071509e-09
1.735250737463127191e+00 4.973178135100822615e-09
1.738864306784661196e+00 4.578956616703037487e-09
1.742477876106195200e+00 4.215260584667631179e-09
1.746091445427729205e+00 3.879785466653671213e-09
1.749705014749263210e+00 3.570395953921056079e-09
1.753318584070796771e+00 3.285113939140129433e-09
1.756932153392330775e+00 3.022107285501537620e-09
1.760545722713864780e+00 2.779679371947431261e-09
1.764159292035398785e+00 2.556259362854268660e-09
1.767772861356932790e+00 2.350393153794128121e-09
1.771386430678466350e+00 2.160734948096631115e-09
1.775000000000000355e+00 1.986039421843304787e-09
1.778613569321534360e+00 1.825154437653873396e-09
1.782227138643068365e+00 1.677014270187521823e-09
1.785840707964602370e+00 1.540633308686492344e-09
1.789454277286136374e+00 1.415100204144513874e-09
1.793067846607669935e+00 1.299572430798840743e-09
1.796681415929203940e+00 1.193271233628409202e-09
1.800294985250737945e+00 1.095476935400486856e-09
1.803908554572271949e+00 1.005524578551459706e-09
1.807522123893805954e+00 9.227998788211039912e-10
1.811135693215339515e+00 8.467354690895880580e-10
1.814749262536873520e+00 7.768074133001025770e-10
1.818362831858407525e+00 7.125319716920389987e-10
1.821976401179941529e+00 6.534625998257122562e-10
1.825589970501475534e+00 5.991871650561253025e-10
1.829203539823009539e+00 5.493253652130640814e-10
1.832817109144543100e+00 5.035263352745487183e-10
1.836430678466077104e+00 4.614664287832694098e-10
1.840044247787611109e+00 4.228471616559102317e-10
1.843657817109145114e+00 3.873933068768053762e-10
1.847271386430679119e+00 3.548511293540118409e-10
1.850884955752212679e+00 3.249867509508553634e-10
1.854498525073746684e+00 2.975846363925670803e-10
1.858112094395280689e+00 2.724461913890534976e-10
1.861725663716814694e+00 2.493884649135197568e-10
1.865339233038348699e+00 2.282429481357907971e-10
1.868952802359882703e+00 2.088544630309494335e-10
1.872566371681416264e+00 1.910801341707426031e-10
1.876179941002950269e+00 1.747884376594275255e-10
1.879793510324484274e+00 1.598583215994510799e-10
1.883407079646018278e+00 1.461783928672758229e-10
1.887020648967552283e+00 1.336461653480675219e-10
1.890634218289085844e+00 1.221673651211912145e-10
1.894247787610619849e+00 1.116552884083233623e-10
1.897861356932153853e+00 1.020302083940600802e-10
1.901474926253687858e+00 9.321882730640593929e-11
1.905088495575221863e+00 8.515377040308335773e-11
1.908702064896755868e+00 7.777311875023524786e-11
1.912315634218289429e+00 7.101997790409558535e-11
1.915929203539823433e+00 6.484207981465811644e-11
1.919542772861357438e+00 5.919141546435611296e-11
1.923156342182891443e+00 5.402389593511286836e-11
1.926769911504425448e+00 4.929903976495719312e-11
1.930383480825959008e+00 4.497968461134416321e-11
1.933997050147493013e+00 4.103172138334482618e-11
1.937610619469027018e+00 3.742384913962495694e-11
1.941224188790561023e+00 3.412734917432824686e-11
1.944837758112095027e+00 3.111587682930823317e-11
1.948451327433629032e+00 2.836526967916934428e-11
1.952064896755162593e+00 2.585337083588144767e-11
1.955678466076696598e+00 2.355986621283979563e-11
1.959292035398230603e+00 2.146613467467755487e-11
1.962905604719764607e+00 1.955511007931161786e-11
1.966519174041298612e+00 1.781115429311283783e-11
1.970132743362832173e+00 1.621994032907962594e-11
1.973746312684366178e+00 1.476834482189248400e-11
1.977359882005900182e+00 1.344434911303825755e-11
1.980973451327434187e+00 1.223694827418255137e-11
1.984587020648968192e+00 1.113606744792306214e-11
1.988200589970502197e+00 1.013248493226512618e-11
1.991814159292035757e+00 9.217761478891843723e-12
1.995427728613569762e+00 8.384175315796376583e-12
1.999041297935103767e+00 7.624662442346031702e-12
2.002654867256637772e+00 6.932761779550741664e-12
2.006268436578171777e+00 6.302564790441138101e-12
2.009882005899705337e+00 5.728669215179786914e-12
2.013495575221239342e+00 5.206136593030325524e-12
2.017109144542773347e+00 4.730453268740454679e-12
2.020722713864307352e+00 4.297494604413202769e-12
2.024336283185841356e+00 3.903492139681833443e-12
2.027949852507374917e+00 3.545003463100517696e-12
2.031563421828908922e+00 3.218884576232444514e-12
2.035176991150442927e+00 2.922264549076043609e-12
2.038790560471976931e+00 2.652522281316672852e-12
2.042404129793510936e+00 2.407265198528238649e-12
2.046017699115044941e+00 2.184309725962907150e-12
2.049631268436578502e+00 1.981663395040895721e-12
2.053244837758112507e+00 1.797508449166027051e-12
2.056858407079646511e+00 1.630186826115777919e-12
2.060471976401180516e+00 1.478186404054682779e-12
2.064085545722714521e+00 1.340128407258967441e-12
2.067699115044248082e+00 1.214755875975588656e-12
2.071312684365782086e+00 1.100923112523006463e-12
2.074926253687316091e+00 9.975860228246288079e-13
2.078539823008850096e+00 9.037932790926296638e-13
2.082153392330384101e+00 8.186782353944143696e-13
2.085766961651918106e+00 7.414515333735518733e-13
2.089380530973451666e+00 6.713943404991629393e-13
2.092994100294985671e+00 6.078521679154372849e-13
2.096607669616519676e+00 5.502292192877146767e-13
2.100221238938053236e+00 4.979832260218195916e-13
2.103834808259587685e+00 4.506207278959676720e-13
2.107448377581121246e+00 4.076927615144261463e-13
2.111061946902655695e+00 3.687909220911718328e-13
2.114675516224189256e+00 3.335437669224344703e-13
2.118289085545722816e+00 3.016135315270846874e-13
2.121902654867257265e+00 2.726931318433562448e-13
2.125516224188790826e+00 2.465034280836661318e-13
2.129129793510325275e+00 2.227907278837591348e-13
2.132743362831858835e+00 2.013245082512325999e-13
2.136356932153393284e+00 1.818953375345375137e-13
2.139970501474926845e+00 1.643129802098905194e-13
2.143584070796460406e+00 1.484046687302889513e-13
2.147197640117994855e+00 1.340135280090993628e-13
2.150811209439528415e+00 1.209971393294557343e-13
2.154424778761062864e+00 1.092262315889658322e-13
2.158038348082596425e+00 9.858348881515083521e-14
2.161651917404129986e+00 8.896246382773691593e-14
2.165265486725664434e+00 8.026658878668839859e-14
2.168879056047197995e+00 7.240827415568123182e-14
2.172492625368732444e+00 6.530808833555767976e-14
2.176106194690266005e+00 5.889401088661893360e-14
2.179719764011799565e+00 5.310075286711076929e-14
2.183333333333334014e+00 4.786913837275803853e-14
2.186946902654867575e+00 4.314554187269218726e-14
2.190560471976402024e+00 3.888137640455963397e-14
2.194174041297935585e+00 3.503262811951468350e-14
2.197787610619469145e+00 3.155943305942496259e-14
2.201401179941003594e+00 2.842569240699989511e-14
2.205014749262537155e+00 2.559872277741336203e-14
2.208628318584071604e+00 2.304893841986645419e-14
2.212241887905605164e+00 2.074956247181943335e-14
2.215855457227138725e+00 1.867636465931894835e-14
2.219469026548673174e+00 1.680742306610962350e-14
2.223082595870206735e+00 1.512290780366720278e-14
2.226696165191741184e+00 1.360488460572223397e-14
2.230309734513274744e+00 1.223713654572483589e-14
2.233923303834809193e+00 1.100500223539722770e-14
2.237536873156342754e+00 9.895229008410779599e-15
2.241150442477876314e+00 8.895839726367095021e-15
2.244764011799410763e+00 7.996011965839930163e-15
2.248377581120944324e+00 7.185968456164776572e-15
2.251991150442478773e+00 6.456877738891893916e-15
2.255604719764012334e+00 5.800764112168558969e-15
2.259218289085545894e+00 5.210426007534975009e-15
2.262831858407080343e+00 4.679362023433125031e-15
2.266445427728613904e+00 4.201703909746509512e-15
2.270058997050148353e+00 3.772155861519880261e-15
2.273672566371681913e+00 3.385939538183181190e-15
2.277286135693215474e+00 3.038744277599343393e-15
2.280899705014749923e+00 2.726682022547893318e-15
2.284513274336283484e+00 2.446246521227510262e-15
2.288126843657817933e+00 2.194276403409878171e-15
2.291740412979351493e+00 1.967921770336271597e-15
2.295353982300885054e+00 1.764613969632308350e-15
2.298967551622419503e+00 1.582038256721582907e-15
2.302581120943953064e+00 1.418109071696473433e-15
2.306194690265487512e+00 1.270947685603142436e-15
2.309808259587021073e+00 1.138861992835560295e-15
2.313421828908555522e+00 1.020328247006211211e-15
2.317035398230089083e+00 9.139745564601051220e-16
2.320648967551622643e+00 8.185659726817132639e-16
2.324262536873157092e+00 7.329910203735792995e-16
2.327876106194690653e+00 6.562495320924153407e-16
2.331489675516225102e+00 5.874416631439560639e-16
2.335103244837758663e+00 5.257579740792515676e-16
2.338716814159292223e+00 4.704704787033433576e-16
2.342330383480826672e+00 4.209245651046537003e-16
2.345943952802360233e+00 3.765317059230534574e-16
2.349557522123894682e+00 3.367628819795901836e-16
2.353171091445428242e+00 3.011426505634754704e-16
2.356784660766961803e+00 2.692437961779315606e-16
2.360398230088496252e+00 2.406825074480921540e-16
2.364011799410029813e+00 2.151140292451069749e-16
2.367625368731564262e+00 1.922287439320808057e-16
2.371238938053097822e+00 1.717486400351932578e-16
2.374852507374631383e+00 1.534241306284355701e-16
2.378466076696165832e+00 1.370311873315945047e-16
2.382079646017699393e+00 1.223687590921926319e-16
2.385693215339233841e+00 1.092564478849217186e-16
2.389306784660767402e+00 9.753241614504115727e-17
2.392920353982301851e+00 8.705150318118621618e-17
2.396533923303835412e+00 7.768353001179253874e-17
2.400147492625368972e+00 6.931177405907149931e-17
2.403761061946903421e+00 6.183159693501721000e-17
2.407374631268436982e+00 5.514921018263790315e-17
2.410988200589971431e+00 4.918056530874129518e-17
2.414601769911504991e+00 4.385035577687339737e-17
2.418215339233038552e+00 3.909111983329780816e-17
2.421828908554573001e+00 3.484243412775225256e-17
2.425442477876106562e+00 3.105018907458861263e-17
2.429056047197641011e+00 2.766593778896277199e-17
2.432669616519174571e+00 2.464631123598178057e-17
2.436283185840708132e+00 2.195249295609664548e-17
2.439896755162242581e+00 1.954974738519906078e-17
2.443510324483776142e+00 1.740699637934316301e-17
2.447123893805310590e+00 1.549643908792849922e-17
2.450737463126844151e+00 1.379321080109391730e-17
2.454351032448377712e+00 1.227507683184928210e-17
2.457964601769912161e+00 1.092215788577069378e-17
2.461578171091445721e+00 9.716683724904881601e-18
2.465191740412980170e+00 8.642772251600019479e-18
2.468805309734513731e+00 7.686231425694129115e-18
2.472418879056048180e+00 6.834381687815780091e-18
2.476032448377581741e+00 6.075896795311750360e-18
2.479646017699115301e+00 5.400661187924925302e-18
2.483259587020649750e+00 4.799642190117563334e-18
2.486873156342183311e+00 4.264775527850066584e-18
2.490486725663717760e+00 3.788862791560820943e-18
2.494100294985251320e+00 3.365479615693323003e-18
2.497713864306784881e+00 2.988893469882354171e-18
2.501327433628319330e+00 2.653990069216381230e-18
2.504941002949852891e+00 2.356207512047002287e-18
2.508554572271387340e+00 2.091477344733990965e-18
2.512168141592920900e+00 1.856171834504966592e-18
2.515781710914454461e+00 1.647056805155037327e-18
2.519395280235988910e+00 1.461249456454973249e-18
2.523008849557522471e+00 1.296180647590129713e-18
2.526622418879056919e+00 1.149561178395352626e-18
2.530235988200590480e+00 1.019351650177740199e-18
2.533849557522124041e+00 9.037355310673084919e-19
2.537463126843658490e+00 8.010950895993074811e-19
2.541076696165192050e+00 7.099898950436638899e-19
2.544690265486726499e+00 6.291376142583004297e-19
2.548303834808260060e+00 5.573968629086832457e-19
2.551917404129794509e+00 4.937518940866771114e-19
2.555530973451328070e+00 4.372989299705633183e-19
2.559144542772861630e+00 3.872339624525005015e-19
2.562758112094396079e+00 3.428418668577151483e-19
2.566371681415929640e+00 3.034866892011797573e-19
2.569985250737464089e+00 2.686029820636960207e-19
2.573598820058997649e+00 2.376880772921669494e-19
2.577212389380531210e+00 2.102951954912258879e-19
2.580825958702065659e+00 1.860273028160005983e-19
2.584439528023599220e+00 1.645316350218283178e-19
2.588053097345133668e+00 1.454948171896350532e-19
2.591666666666667229e+00 1.286385151257375042e-19
2.595280235988200790e+00 1.137155612230574628e-19
2.598893805309735239e+00 1.005065036487577031e-19
2.602507374631268799e+00 8.881653316402576470e-20
2.606120943952803248e+00 7.847274675154758495e-20
2.609734513274336809e+00 6.932171158371604432e-20
2.613348082595870370e+00 6.122729676327245494e-20
2.616961651917404819e+00 5.406874375538483960e-20
2.620575221238938379e+00 4.773894954895890885e-20
2.624188790560472828e+00 4.214293937365439400e-20
2.627802359882006389e+00 3.719650829219835550e-20
2.631415929203539950e+00 3.282501321579175896e-20
2.635029498525074398e+00 2.896229888186391973e-20
2.638643067846607959e+00 2.554974311250529529e-20
2.642256637168142408e+00 2.253540826131329588e-20
2.645870206489675969e+00 1.987328717588406303e-20
2.649483775811210418e+00 1.752263327068879482e-20
2.653097345132743978e+00 1.544736543676576243e-20
2.656710914454277539e+00 1.361553952475985198e-20
2.660324483775811988e+00 1.199887903933969536e-20
2.663938053097345549e+00 1.057235848738620947e-20
2.667551622418879997e+00 9.313833539934122601e-21
2.671165191740413558e+00 8.203712807886937109e-21
2.674778761061947119e+00 7.224666602278955543e-21
2.678392330383481568e+00 6.361368558759138115e-21
2.682005899705015128e+00 5.600266459593218967e-21
2.685619469026549577e+00 4.929378990788171134e-21
2.689233038348083138e+00 4.338115532215842520e-21
2.692846607669616699e+00 3.817116399569440869e-21
2.696460176991151148e+00 3.358111242897031132e-21
2.700073746312684708e+00 2.953793561063681967e-21
2.703687315634219157e+00 2.597709518206538048e-21
2.707300884955752718e+00 2.284159450074403144e-21
2.710914454277286278e+00 2.008110627777592883e-21
2.714528023598820727e+00 1.765120006336622326e-21
2.718141592920354288e+00 1.551265827646942599e-21
2.721755162241888737e+00 1.363087073999759966e-21
2.725368731563422298e+00 1.197529880829205894e-21
2.728982300884956747e+00 1.051900117414578980e-21
2.732595870206490307e+00 9.238214332309370999e-22
2.736209439528023868e+00 8.111981467123085220e-22
2.739823008849558317e+00 7.121824234707895890e-22
2.743436578171091877e+00 6.251452534555785087e-22
2.747050147492626326e+00 5.486507920084946824e-22
2.750663716814159887e+00 4.814336790456565456e-22
2.754277286135693448e+00 4.223789943477855151e-22
2.757890855457227897e+00 3.705045457919033303e-22
2.761504424778761457e+00 3.249452218425399061e-22
2.765117994100295906e+00 2.849391702283258674e-22
2.768731563421829467e+00 2.498155918906421988e-22
2.772345132743363028e+00 2.189839633867725406e-22
2.775958702064897476e+00 1.919245223051090145e-22
2.779572271386431037e+00 1.681798692057858845e-22
2.783185840707965486e+00 1.473475564085454132e-22
2.786799410029499047e+00 1.290735488509767216e-22
2.790412979351032607e+00 1.130464554477104671e-22
2.794026548672567056e+00 9.899244108609947014e-23
2.797640117994100617e+00 8.667073976436483956e-23
2.801253687315635066e+00 7.586969856508979481e-23
2.804867256637168627e+00 6.640329029386658217e-23
2.808480825958703075e+00 5.810803981800840980e-23
2.812094395280236636e+00 5.084031551971628745e-23
2.815707964601770197e+00 4.447394292478785497e-23
2.819321533923304646e+00 3.889810256574694556e-23
2.822935103244838206e+00 3.401547856031461072e-23
2.826548672566372655e+00 2.974062829848901272e-23
2.830162241887906216e+00 2.599854709198402302e-23
2.833775811209439777e+00 2.272340470003206863e-23
2.837389380530974226e+00 1.985743335152378081e-23
2.841002949852507786e+00 1.734994927548836713e-23
2.844616519174042235e+00 1.515649186619293305e-23
2.848230088495575796e+00 1.323806647749654591e-23
2.851843657817109357e+00 1.156047849182331182e-23
2.855457227138643805e+00 1.009374776732234617e-23
2.859070796460177366e+00 8.811593854644299419e-24
2.862684365781711815e+00 7.690983511992515245e-24
2.866297935103245376e+00 6.711733051118688815e-24
2.869911504424778936e+00 5.856158933163753012e-24
2.873525073746313385e+00 5.108770815385628755e-24
2.877138643067846946e+00 4.456001939931224412e-24
2.880752212389381395e+00 3.885972364641286852e-24
2.884365781710914955e+00 3.388281072886674753e-24
2.887979351032449404e+00 2.953823472994946054e-24
2.891592920353982965e+00 2.574631215383815494e-24
2.895206489675516526e+00 2.243731623591614489e-24
2.898820058997050975e+00 1.955024359821950398e-24
2.902433628318584535e+00 1.703173231494341559e-24
2.906047197640118984e+00 1.483511297167510321e-24
2.909660766961652545e+00 1.291957652071792210e-24
2.913274336283186106e+00 1.124944468886951504e-24
2.916887905604720554e+00 9.793530414668030867e-25
2.920501474926254115e+00 8.524577306887471795e-25
2.924115044247788564e+00 7.418768449435847995e-25
2.927728613569322125e+00 6.455296051232750916e-25
2.931342182890855685e+00 5.615984472116299591e-25
2.934955752212390134e+00 4.884960064139311760e-25
2.938569321533923695e+00 4.248362066518310168e-25
2.942182890855458144e+00 3.694089495045007038e-25
2.945796460176991705e+00 3.211579584493038315e-25
2.949410029498525265e+00 2.791613885543531288e-25
2.953023598820059714e+00 2.426148595017268881e-25
2.956637168141593275e+00 2.108166117572762307e-25
2.960250737463127724e+00 1.831545225487844900e-25
2.963864306784661284e+00 1.590947506801150018e-25
2.967477876106195733e+00 1.381718076336709391e-25
2.971091445427729294e+00 1.199798773734047025e-25
2.974705014749262855e+00 1.041652291728996705e-25
2.978318584070797304e+00 9.041958702716579286e-26
2.981932153392330864e+00 7.847433608607539399e-26
2.985545722713865313e+00 6.809546135814767262e-26
2.989159292035398874e+00 5.907912692613378381e-26
2.992772861356932435e+00 5.124781531196741039e-26
2.996386430678466883e+00 4.444695662223612588e-26
3.000000000000000000e+00 3.854198586764085848e-26
