0.000000000000000000e+00
2.759659426672969595e-02
2.759451877239062559e-02
2.760859411178753775e-02
2.756723677050991125e-02
2.760679059456051451e-02
2.760704415669703801e-02
2.758468133952192078e-02
2.761446489072321223e-02
2.756112394485521130e-02
2.747588917361887609e-02
2.749480619561673819e-02
2.760744510386134096e-02
2.778774898784993827e-02
2.760995513880718302e-02
2.747138294461770949e-02
2.746574948347211068e-02
2.742524395153557101e-02
2.758754120708775681e-02
2.755906616202917145e-02
2.767237623090551893e-02
2.766888170596576088e-02
2.737766918493293386e-02
2.713602438784387672e-02
2.742180612213824045e-02
2.732906472350251151e-02
2.698963720879453757e-02
2.694719808250842577e-02
2.710844212484847873e-02
2.713109056523575410e-02
2.687443908922780914e-02
2.692555227554406863e-02
2.717269663848886907e-02
2.694261182581479674e-02
2.707668304243399104e-02
2.672862146509639991e-02
2.671258941836889000e-02
2.712328354093748728e-02
2.714170328027440404e-02
2.645983584821090875e-02
2.616188846248152997e-02
2.629969571184712085e-02
2.591416312510022232e-02
2.520573909741428628e-02
2.508051846530210890e-02
2.512379278903223087e-02
2.486857240762747542e-02
2.493443401474043988e-02
2.456463534115569183e-02
2.456266666285342529e-02
2.505793521832584692e-02
2.542227065791971552e-02
2.519472957723746173e-02
2.529554940839011737e-02
2.554884012781156663e-02
2.579006512565364118e-02
2.556392076126899962e-02
2.552015956172530922e-02
2.580047106434288709e-02
2.556924515483124938e-02
2.526176975333086980e-02
2.554031529729233752e-02
2.549688045647290416e-02
2.562375395173334056e-02
2.517437955469755198e-02
2.473112214584966342e-02
2.496734226577307716e-02
2.463569755558727217e-02
2.515832252021047918e-02
2.518251292561888080e-02
2.438876401373296643e-02
2.439381021688649676e-02
2.425278915920615549e-02
2.437409343624885247e-02
2.410406643807904911e-02
2.407354919959155126e-02
2.388217599836540972e-02
2.352957771911556861e-02
2.306486566613992831e-02
2.270386193661842397e-02
2.282700151464704327e-02
2.280878199690547156e-02
2.261181005044696213e-02
2.214660891250901445e-02
2.278024644263361431e-02
2.332553550715844512e-02
2.281995755177299023e-02
2.316132480438485783e-02
2.241666640173488670e-02
2.219338434985691777e-02
2.237372663888313740e-02
2.299567560007747050e-02
2.370040630609980201e-02
2.364843976735018019e-02
2.333134668158816025e-02
2.277227018629981656e-02
2.224960797395398107e-02
2.228439262917001826e-02
2.248401718341243305e-02
2.169067317844699735e-02
2.142484759657276028e-02
2.206947327902981579e-02
2.177657280034393447e-02
2.228205572787378755e-02
2.253697024921319167e-02
2.233025221686759862e-02
2.202725448203724304e-02
2.241087456376915019e-02
2.155246894258045290e-02
2.189829353807382431e-02
2.202095716211625517e-02
2.214355295457876363e-02
2.224776403266889857e-02
2.198484297777883456e-02
2.162408903379012606e-02
2.175105562085191679e-02
2.117855874592677531e-02
2.013298444486047792e-02
2.006137869314685018e-02
2.068295938793757519e-02
2.034080804865107811e-02
2.064524740528311114e-02
2.129607853772805259e-02
2.130399466243533199e-02
2.136252069093444450e-02
2.141352985696728592e-02
2.208165356687064387e-02
2.192389792492031517e-02
2.193960363399757862e-02
2.229304043440330507e-02
2.220967320173120041e-02
2.205573873470925705e-02
2.250063089731581256e-02
2.253981056634363211e-02
2.262018661861756388e-02
2.252954339748193188e-02
2.265824064413959546e-02
2.279760057967510425e-02
2.278476447948830919e-02
2.281883743953874374e-02
2.233168105194653988e-02
2.254968089651250909e-02
2.289672704902288858e-02
2.318487424510022946e-02
2.327685272592444968e-02
2.298837903792842752e-02
2.307521592122705259e-02
2.271239592982008185e-02
2.308048516835531014e-02
2.267931520515105437e-02
2.295987017856884402e-02
2.288180286832434615e-02
2.283965048160759362e-02
2.319941977695270940e-02
2.308809875666208503e-02
2.312244750390346146e-02
2.328104865566650236e-02
2.351681968008386900e-02
2.391400232502613118e-02
2.375673545296037512e-02
2.408354005737785297e-02
2.468875576327549462e-02
2.493508089213987769e-02
2.471767969477860205e-02
2.461352331753333469e-02
2.462354710879735217e-02
2.428898368145906636e-02
2.439760774972309088e-02
2.368223143369434236e-02
2.370784761401968990e-02
2.367541226077832239e-02
2.378366451119036731e-02
2.398833876172888277e-02
2.351457777290546017e-02
2.338318667295113951e-02
2.340169906749712050e-02
2.343989718233448552e-02
2.330008796762487663e-02
2.320314651168576062e-02
2.328505105488254401e-02
2.299207470261818362e-02
2.266764150606314851e-02
2.281491808361674548e-02
2.222907801903530392e-02
2.239188831707256133e-02
2.174413871424106873e-02
2.187949922114092172e-02
2.163990571170790189e-02
2.175141411921168930e-02
2.159954712060613638e-02
2.212281186840489577e-02
2.212282658798640778e-02
2.212902375371872746e-02
2.215669402889222303e-02
2.230321909926954657e-02
2.229902101948122439e-02
2.270376210590227886e-02
2.245686168989660322e-02
2.241493026318326642e-02
2.259849513862963177e-02
2.279089640701149888e-02
2.275503757608899127e-02
2.261087919820062297e-02
2.256001812909933305e-02
2.263207796262094521e-02
2.302685544345396337e-02
2.347552641656902583e-02
2.397578389607996421e-02
2.361938169571142776e-02
2.370404661356141640e-02
2.341742098195379387e-02
2.324755360692595460e-02
2.318863753292990659e-02
2.281355373383353244e-02
2.294343135360925323e-02
2.300371616273982900e-02
2.303789051419195821e-02
2.306068766571507320e-02
2.298037865706948138e-02
2.339430138883488719e-02
2.399054475165811676e-02
2.372651133358368372e-02
2.336523910380938762e-02
2.389466337696415088e-02
2.437498033992269511e-02
2.469355237825012275e-02
2.487767904682089762e-02
2.442134915855449784e-02
2.458108148298061846e-02
2.432575107331762590e-02
2.402648397449742845e-02
2.434950602782924925e-02
2.457664265590085717e-02
2.484558139573445068e-02
2.449174128794786090e-02
2.427616801278680361e-02
2.447556551695189223e-02
2.417750588137478410e-02
2.427265051524546413e-02
2.439276268558521546e-02
2.422010683737203449e-02
2.412727820110359758e-02
2.438578889852679663e-02
2.457783257222545190e-02
2.480596443641884877e-02
2.488749644190006369e-02
2.477343377833411339e-02
2.464476157797668154e-02
2.501748532919192622e-02
2.503063261278263077e-02
2.478292983528706042e-02
2.419878275273064025e-02
2.403664812092105862e-02
2.431470476238511633e-02
2.425358319883270594e-02
2.427422692228907095e-02
2.460736966382095006e-02
2.410403953024438037e-02
2.390834168443209048e-02
2.365473829502155734e-02
2.356658373346189050e-02
2.364994680478751943e-02
2.379600060895619915e-02
2.370878419765888243e-02
2.319318541085672522e-02
2.378663006015133141e-02
2.348822387684454394e-02
2.306625411051829375e-02
2.304430956339638750e-02
2.294911559098334122e-02
2.287125503108186977e-02
2.330943341860670578e-02
2.336543362849606564e-02
2.367854862690626713e-02
2.489547761875476536e-02
2.481775996942661364e-02
2.475437608253565000e-02
2.481556899504845995e-02
2.470225273069846447e-02
2.457676296425523668e-02
2.502424390217054817e-02
2.503739637398159912e-02
2.497989403292963720e-02
2.530103203313885385e-02
2.502185614227131483e-02
2.472049484803635552e-02
2.476622586069197884e-02
2.494417148405556409e-02
2.474158481744758928e-02
2.521139590068584291e-02
2.529603965119233897e-02
2.514536393128025127e-02
2.498997828511204458e-02
2.481805318969612997e-02
2.460068347390311980e-02
2.472060174189312856e-02
2.464416623644262103e-02
2.480848162139720828e-02
2.492406200122686266e-02
2.548301858865774025e-02
2.554997083474815425e-02
2.611439708548183095e-02
2.600867198247283976e-02
2.595133218498974978e-02
2.607769343059441677e-02
2.628294850734027091e-02
2.615128697239274200e-02
2.645562074755705359e-02
2.672757486737100882e-02
2.676293699245153868e-02
2.667923515283120509e-02
2.667017824284204433e-02
2.675995655917282057e-02
2.700682249567729412e-02
2.715846605981414238e-02
2.719034339786829957e-02
2.720890651872323249e-02
2.745977708832538985e-02
2.771142850985120962e-02
2.789656018658580316e-02
2.762233558877795481e-02
2.723643700394797959e-02
2.718388553105779981e-02
2.681537880708981247e-02
2.701714851653016711e-02
2.697444252572782364e-02
2.677242303187870806e-02
2.653946934360737128e-02
2.640053829343226230e-02
2.674113647775968813e-02
2.661980892394699358e-02
2.606750597852939763e-02
2.612799098374491910e-02
2.622306743088491376e-02
2.599437429986016859e-02
2.561061718383706234e-02
2.607555782233346442e-02
2.600892966639076556e-02
2.632178957259240573e-02
2.691021936586329363e-02
2.671217650245196265e-02
2.671165878582223985e-02
2.662315194464316692e-02
2.649434703712098479e-02
2.644270752895386267e-02
2.644281274957190411e-02
2.649100787111187752e-02
2.627271958540622690e-02
2.621277493037793907e-02
2.651600148193035411e-02
2.604393772555383887e-02
2.584441443195411095e-02
2.557367480672073645e-02
2.549934655681253270e-02
2.538434588641991230e-02
2.499640188576727692e-02
2.482884691970147287e-02
2.507280976119140303e-02
2.507954999962317202e-02
2.495814830150900818e-02
2.494290476959313760e-02
2.479702896967647327e-02
2.485902165949801720e-02
2.522712205822802076e-02
2.561815280930536051e-02
2.565824027132010063e-02
2.591130895176850871e-02
2.596706027190001653e-02
2.599245737053929028e-02
2.645926291299485755e-02
2.654667692934568890e-02
2.633376877279081096e-02
2.615171795601448426e-02
2.612034783899440729e-02
2.613753989818962467e-02
2.610684825434854417e-02
2.619445883482840812e-02
2.648016279381235419e-02
2.661230824248147706e-02
2.659676496896198547e-02
2.694741404955184119e-02
2.695956767366066917e-02
2.708055885985266933e-02
2.723092721705968819e-02
2.740087899491176759e-02
2.733712927268509840e-02
2.706913092198741377e-02
2.736884201020474763e-02
2.724277102646079432e-02
2.716818055388398392e-02
2.657183442307560831e-02
2.655591072086776680e-02
2.649540639979575118e-02
2.669174751226750450e-02
2.637396236623511594e-02
2.639204821240327681e-02
2.649403231807202774e-02
2.665646938330331825e-02
2.639934501636918840e-02
2.624088489678559274e-02
2.632235274664562752e-02
2.622296673559265309e-02
2.611000245207676165e-02
2.582746749126831054e-02
2.519152341885677257e-02
2.511981489027440353e-02
2.510536486536619691e-02
2.570963557401152386e-02
2.574606763788200858e-02
2.575021201151632758e-02
2.625153754481116333e-02
2.595261412265627635e-02
2.561771206908344464e-02
2.534068828688294805e-02
2.536823778278093564e-02
2.574262558283091709e-02
2.583550969841357306e-02
2.541232836225067182e-02
2.597448727604593013e-02
2.586075526758457865e-02
2.584698159983924923e-02
2.600596107691062822e-02
2.585438494290202838e-02
2.583624586233036410e-02
2.577872129399050652e-02
2.546037382867953613e-02
2.558304113043186404e-02
2.580365682113954992e-02
2.587569067268234366e-02
2.593699814336062823e-02
2.558882132245640650e-02
2.555071386765145336e-02
2.517172059179139179e-02
2.499312978606460164e-02
2.506391781781582007e-02
2.493164754681717610e-02
2.492181089383823170e-02
2.537546313173244181e-02
2.551754179065033809e-02
2.536973565593547350e-02
2.509933392036610422e-02
2.501954732311367433e-02
2.488597387849209377e-02
2.487378229998210913e-02
2.502446689012721714e-02
2.512960224132592887e-02
2.521213437261353094e-02
2.515731835287346105e-02
2.489558409425723581e-02
2.444631274972126553e-02
2.453438745224806664e-02
2.426013049930669796e-02
2.411654203945835448e-02
2.418688461760007402e-02
2.453387184322683087e-02
2.444178959250991809e-02
2.421332514090375129e-02
2.438032869606713074e-02
2.426240247728211549e-02
2.407994843269384289e-02
2.370233761090491040e-02
2.397363327145886000e-02
2.379698722972556357e-02
2.394526275137305246e-02
2.413751764407594258e-02
2.430958782709433455e-02
2.442219740506862760e-02
2.439435046403055918e-02
2.462166417954037359e-02
2.442385904594416082e-02
2.476566181315491277e-02
2.488650586548787555e-02
2.509861917709460891e-02
2.499750445521504646e-02
2.490696892437248636e-02
2.493981346796307272e-02
2.491570983112245674e-02
2.518000059381625411e-02
2.503201073264925414e-02
2.494976605660067723e-02
2.513413831641074861e-02
2.517882090621128069e-02
2.510114650507300205e-02
2.521401354085618662e-02
2.534251107399250816e-02
2.529818955214842638e-02
2.544532676213571640e-02
2.539707317829148492e-02
2.535549241626784342e-02
2.541518463355785240e-02
2.511405047755701017e-02
2.556984281271669837e-02
2.544708540279539202e-02
2.551721814162234703e-02
2.539460978576156547e-02
2.506866059263935034e-02
2.456769488964349532e-02
2.465004483310424821e-02
2.574530647393405772e-02
2.566585540213011177e-02
2.578999713549779207e-02
2.562756787799788313e-02
2.579255772155842133e-02
2.587191041674522310e-02
2.586350080671231608e-02
2.572817963114062620e-02
2.547612133290595368e-02
2.560819021874216617e-02
2.560942294879100037e-02
2.590730366866836332e-02
2.582298097048136079e-02
2.589736113309218032e-02
2.586540318859166868e-02
2.584434511190152051e-02
2.573105001197890582e-02
2.568883468673976989e-02
2.563772118114050758e-02
2.563641563361778938e-02
2.545505270141576459e-02
2.537026290838098608e-02
2.542309059367329691e-02
2.529806508998514239e-02
2.524162705456435216e-02
2.517701656505390295e-02
2.548078320030535207e-02
2.542158565933827497e-02
2.528385737764802729e-02
2.537553144664997026e-02
2.552274894978677142e-02
2.535697039969946054e-02
2.540467022006010281e-02
2.507134256837878841e-02
2.484008372072290041e-02
2.484813361600194184e-02
2.479198741663039482e-02
2.463091136833030215e-02
2.453673466146653881e-02
2.465412344921806206e-02
2.450144502681009598e-02
2.477780418287988881e-02
2.474836627209381010e-02
2.470624784649752548e-02
2.515868697581843949e-02
2.517844257674318673e-02
2.521919604766583931e-02
2.519340892733713810e-02
2.485312828756345779e-02
2.479446649104716238e-02
2.469992735858752772e-02
2.469950961532243680e-02
2.467561099957970086e-02
2.502756784327608494e-02
2.502386131445316977e-02
2.470756961727152770e-02
2.465287564005587406e-02
2.461102147039430366e-02
2.454457098357723868e-02
2.454605026943791277e-02
2.430593551430620600e-02
2.438356310698879328e-02
2.448193294832121461e-02
2.434998289152857931e-02
2.454277869584208308e-02
2.442547417370621518e-02
2.484003103249138658e-02
2.485651174631511515e-02
2.480902350995740913e-02
2.494935243587256476e-02
2.515238563785771042e-02
2.505057317687839347e-02
2.503940788405123463e-02
2.484872927208857732e-02
2.485357864691794053e-02
2.483048642598296649e-02
2.496832182111692264e-02
2.502751046120572573e-02
2.493577070036184437e-02
2.483921457518052309e-02
2.463184683669774125e-02
2.458312144936050311e-02
2.460043548078353140e-02
2.445688576975739784e-02
2.466780313576475217e-02
2.446595552749028166e-02
2.438368117925015024e-02
2.440411700951898230e-02
2.422402527737567771e-02
2.406561333905136643e-02
2.413098918750422595e-02
2.409040398950542880e-02
2.378953911212301764e-02
2.387702293099119855e-02
2.361170089735191782e-02
2.365793412959477093e-02
2.386460640998218363e-02
2.391429727726827881e-02
2.395021193820866257e-02
2.383861803464612170e-02
2.398095311051562373e-02
2.398992072952189913e-02
2.412963628457097387e-02
2.394557731474019138e-02
2.374234319117346503e-02
2.384388351726339159e-02
2.423757891416168306e-02
2.419456835103044046e-02
2.428310486324683840e-02
2.418516307973975210e-02
2.404189156024174809e-02
2.420536734744522037e-02
2.426773197283600345e-02
2.431998316199465715e-02
2.433289402929764492e-02
2.423797726470920330e-02
2.396348716129604803e-02
2.397111502792677665e-02
2.389742439386005612e-02
2.371973748969842880e-02
2.384554468476745778e-02
2.390708918728627966e-02
2.386587398514983249e-02
2.369634928234464269e-02
2.357442396631094159e-02
2.337484231322047371e-02
2.330960580875710356e-02
2.327565846961605900e-02
2.334733691330296776e-02
2.402541813332246048e-02
2.398946606681409341e-02
2.402679354582234680e-02
2.416363631504252554e-02
2.399849245350955951e-02
2.385975127050585579e-02
2.418992509904043312e-02
2.434087212801375535e-02
2.436034168183619578e-02
2.438895014755621329e-02
2.414117669336171904e-02
2.437991758817614762e-02
2.437393226090580831e-02
2.451768171096353408e-02
2.458448660428811175e-02
2.471085833550051847e-02
2.482600946119084898e-02
2.448985248542320456e-02
2.484192970780498000e-02
2.491744713546707388e-02
2.496245044798444182e-02
2.477544089145211278e-02
2.471570035694152859e-02
2.464190757926721861e-02
2.463417037823810787e-02
2.463674620374511903e-02
2.443813827770578359e-02
2.448643657302207455e-02
2.444453001825195107e-02
2.448964661928024200e-02
2.445542065968150588e-02
2.443858532024836827e-02
2.446608014734109535e-02
2.445994510086582641e-02
2.435840633567394262e-02
2.451918636998240072e-02
2.448691544111925023e-02
2.482236227349024493e-02
2.486497331856354909e-02
2.470611966841344820e-02
2.473013794374899488e-02
2.480053707699058849e-02
2.480092376376539717e-02
2.473871785503656620e-02
2.470612227855051302e-02
2.452167330461494169e-02
2.412919615764419837e-02
2.412884537812895469e-02
2.412408726910724235e-02
2.383237738187538382e-02
2.399691723889557995e-02
2.387518032670510673e-02
2.401035302854184761e-02
2.398892502509884436e-02
2.395588493573101371e-02
2.401644222628780689e-02
2.424612373310294777e-02
2.420052445298041463e-02
2.417212767315567168e-02
2.424015174168451733e-02
2.421273100529752406e-02
2.429684101647021366e-02
2.416721742592243746e-02
2.398374969261173051e-02
2.401717004131391150e-02
2.401129238502920649e-02
2.417936660228528142e-02
2.419389012554729393e-02
2.412052203297326836e-02
2.406781192218525670e-02
2.386292727956764240e-02
2.383316133480051224e-02
2.384644849882079989e-02
2.377471231105085861e-02
2.310387260982535093e-02
2.340294211993304910e-02
2.336647496287561424e-02
2.344400909513199086e-02
2.364308051489518933e-02
2.357599614866620966e-02
2.371822277977450599e-02
2.372095177340904568e-02
2.366446418194403933e-02
2.348001956787057476e-02
2.356855883463873300e-02
2.337328343621504489e-02
2.354264615872350697e-02
2.343949214262679506e-02
2.329235384030546238e-02
2.331970596363095935e-02
2.325364991619984292e-02
2.328764519272339892e-02
2.329467892762630485e-02
2.322001275068018636e-02
2.311941783303941844e-02
2.326518665896847374e-02
2.313980720498040600e-02
2.293266936902328690e-02
2.286562200529766720e-02
2.301363506824613894e-02
2.308379141064210646e-02
2.293163900317378434e-02
2.282853263163072896e-02
2.262465771793039856e-02
2.255432432041286350e-02
2.239113094765377010e-02
2.232076267708288375e-02
2.229474404300864354e-02
2.240249002297367911e-02
2.262596998161278336e-02
2.280449951170561429e-02
2.276817690571487571e-02
2.269452092459672832e-02
2.278521183996025032e-02
2.316882150835631801e-02
2.310367966043460827e-02
2.303109312214365878e-02
2.325780322742698400e-02
2.335058696189954222e-02
2.339138155971195662e-02
2.342498328695690954e-02
2.340609479825427053e-02
2.318698493374724001e-02
2.315722240271031462e-02
2.322733327998335526e-02
2.323883029468478897e-02
2.326667522081372549e-02
2.332838186995174826e-02
2.330321959352419856e-02
2.328477522265607128e-02
2.306696860290212078e-02
2.315649142486271225e-02
2.324144866221737604e-02
2.311292801952042134e-02
2.316810567414619160e-02
2.304052495702123282e-02
2.312908463681033824e-02
2.306324029502987427e-02
2.308765575887835805e-02
2.310989570310214777e-02
2.295668387837908678e-02
2.267942556330434026e-02
2.250192838637622705e-02
2.245074887798835864e-02
2.235351435188382210e-02
2.236074708044484896e-02
2.230303068617585371e-02
2.235821333935128497e-02
2.230683156280787241e-02
2.251931932741813372e-02
2.264947648012079207e-02
2.257007660846633082e-02
2.264908115314466161e-02
2.267506294653167873e-02
2.278212276211655229e-02
2.293279458704717763e-02
2.319620328998605804e-02
2.285518093274175114e-02
2.285036470121168395e-02
2.263130273963375946e-02
2.272651366939301351e-02
2.282582644195192342e-02
2.280558351215379587e-02
2.266915514126318851e-02
2.289632893879234299e-02
2.301742425724502203e-02
2.288490331095424657e-02
2.287553381829831797e-02
2.291427475797249910e-02
2.283221673063322646e-02
2.316425268491326128e-02
2.330593041153268541e-02
2.333746724420285301e-02
2.332702350027453589e-02
2.333740939958415736e-02
2.336597997481599034e-02
2.348543319049070655e-02
2.344423831732220589e-02
2.336956710075692098e-02
2.366997213940157455e-02
2.360808716283565103e-02
2.370940701065039555e-02
2.341769125451869868e-02
2.339780122724370928e-02
2.331449542805570305e-02
2.365686178574475176e-02
2.360686758874583693e-02
2.369120915749492462e-02
2.354198940383361513e-02
2.358894476576864352e-02
2.369482250332305071e-02
2.379335128344857789e-02
2.387220356170256796e-02
2.375973515622131771e-02
2.373918642928210879e-02
2.418600030484739649e-02
2.435818158281040022e-02
2.435715641827282743e-02
2.459470206962365360e-02
2.462026906576387023e-02
2.471567619816775196e-02
2.461279273756885114e-02
2.454263246413751487e-02
2.448292736601609398e-02
2.462896847023088309e-02
2.439784365974321731e-02
2.440431022664546826e-02
2.440431022664546826e-02
2.455902469902066995e-02
2.454154521917056853e-02
2.477986459692651730e-02
2.462879776212501329e-02
2.469083767764361156e-02
2.470740386405466046e-02
2.464792933158072366e-02
2.474187279876726223e-02
2.485455422114970017e-02
2.487110276732045974e-02
2.487154030362077536e-02
2.483037255779156974e-02
2.490408721806632031e-02
2.465836092616551303e-02
2.467722913906569490e-02
2.449826086557587226e-02
2.449311506396502705e-02
2.448857969647721955e-02
2.452186323899403775e-02
2.463959698038540799e-02
2.448487658960589800e-02
2.465713841996783340e-02
2.462089885815632942e-02
2.471647788438662008e-02
2.430222939875607488e-02
2.432301704507795759e-02
2.430152099267878993e-02
2.438059846420572926e-02
2.427249207780550130e-02
2.438583583306186409e-02
2.417223933112168030e-02
2.418269539533391896e-02
2.406405981274995984e-02
2.412561332168219885e-02
2.451441812664484701e-02
2.436919182662141206e-02
2.436205861794022917e-02
2.455454549795763053e-02
2.436711280106166125e-02
2.436132914196519061e-02
2.437850555151589368e-02
2.434333604326596387e-02
2.428118315293659180e-02
2.421675156498029335e-02
2.411731718435191144e-02
2.405728833098236263e-02
2.404739124655928470e-02
2.421934090554247673e-02
2.422357220013017509e-02
2.417162957713796592e-02
2.422210702401607005e-02
2.418114035102001888e-02
2.437708324353388134e-02
2.439373102869366039e-02
2.449741175180207217e-02
2.464003301380989289e-02
2.484027129807302170e-02
2.455744440928397596e-02
2.479470911830293847e-02
2.487349266548139273e-02
2.490926560764624917e-02
2.475746776476210262e-02
2.472940927360892105e-02
2.478528724414341342e-02
2.474274318164972064e-02
2.476409265301498727e-02
2.424603163714112233e-02
2.417073659312287195e-02
2.397722060835501268e-02
2.401353930870528050e-02
2.420735774116122840e-02
2.430007820206052729e-02
2.435878193142841999e-02
2.472721162389465710e-02
2.480972238682726747e-02
2.473962626154213931e-02
2.460694201223309271e-02
2.443989656963050164e-02
2.438635101047649523e-02
2.441094205592918634e-02
2.460146516368123468e-02
2.462548364760071273e-02
2.473611541745019196e-02
2.473611541745019196e-02
2.468029770569747650e-02
2.503148976682269614e-02
2.466056733281862812e-02
2.465188284383189321e-02
2.468742997645509418e-02
2.464416893252777477e-02
2.476498056723162519e-02
2.490858586563551511e-02
2.526912592329789639e-02
2.519404848232919061e-02
2.499902561270489140e-02
2.505572755609637367e-02
2.492005949351951480e-02
2.483425148780471145e-02
2.481115711765330759e-02
2.462463949427161347e-02
2.459557207939756796e-02
2.452464478858800215e-02
2.444426353956416845e-02
2.430058530751972798e-02
2.427544481324377459e-02
2.443866841028369263e-02
2.445114462167558358e-02
2.434264367395179776e-02
2.442029932705994458e-02
2.444362892777869958e-02
2.455415576696262300e-02
2.471994095926599230e-02
2.471994095926599230e-02
2.459282539128190490e-02
2.463986762966577024e-02
2.475519464983942999e-02
2.483448280858067958e-02
2.482113744453615101e-02
2.464312051186388561e-02
2.475266203580251886e-02
2.475905199719208305e-02
2.472750321991416464e-02
2.463674800177183266e-02
2.471386475236808655e-02
2.475168306496499174e-02
2.481442053253639021e-02
2.468409264782457993e-02
2.474720070890290904e-02
2.471910536522878288e-02
2.483092259147184899e-02
2.486541475733474935e-02
2.469579536647957194e-02
2.473234990276866260e-02
2.459241231311494122e-02
2.456618837804662447e-02
2.470309558494637389e-02
2.468128858655159810e-02
2.464832867917636505e-02
2.478015632787272660e-02
2.478447364214697926e-02
2.483470418658585352e-02
2.470263929256872118e-02
2.439683633764365422e-02
2.436737502689062529e-02
2.447450069828245936e-02
2.443867501702840297e-02
2.449474457974335981e-02
2.455325483055817090e-02
2.438691885054080147e-02
2.446951343693265155e-02
2.454649653697900044e-02
2.439425571318434502e-02
2.439425571318434502e-02
2.409124322812183569e-02
2.413152396876293640e-02
2.413152396876293640e-02
2.412895366904741976e-02
2.412895366904741976e-02
2.420842063418658999e-02
2.420264025592371374e-02
2.424744596816467632e-02
2.433526169988869947e-02
2.408620258492177868e-02
2.408171538830928063e-02
2.405147870361974347e-02
2.394758575593646313e-02
2.401631835565925729e-02
2.394893548569798636e-02
2.393332339099322678e-02
2.384780887422703263e-02
2.384108513466913840e-02
2.384634497686616630e-02
2.390163314108864276e-02
2.383616552753320406e-02
2.407038535610596386e-02
2.429922211583325845e-02
2.404419629375803558e-02
2.404419629375803558e-02
2.400360660985790748e-02
2.414944383706552414e-02
2.415347697545029704e-02
2.411390918410203851e-02
2.409410653289280335e-02
2.399032526988773006e-02
2.390414540271072405e-02
2.367199637589232145e-02
2.370604738075440809e-02
2.373654700800992279e-02
2.378811087118084047e-02
2.378811087118084047e-02
2.369213584463389019e-02
2.375528448459092098e-02
2.367368561894949916e-02
2.390778787025215832e-02
2.392767607455893730e-02
2.401433056353185005e-02
2.404820061318204902e-02
2.416062375248042779e-02
2.417308360975586531e-02
2.425862705073129552e-02
2.414616917493252191e-02
2.416158859511569404e-02
2.407146617804149444e-02
2.426492489036496947e-02
2.431853491747652807e-02
2.416800343373341417e-02
2.410243051531638439e-02
2.415825629268509786e-02
2.443255702453070444e-02
2.445988130517391668e-02
2.439554239112129777e-02
2.432804332516863566e-02
2.433072471746014140e-02
2.440566600007587628e-02
2.470464356611129508e-02
2.458496787367204714e-02
2.457632602782904019e-02
2.458941331441140757e-02
2.469385154104028479e-02
2.468152120241995373e-02
2.469005879930444292e-02
2.487937487507561538e-02
2.502742133095972599e-02
2.519122427361166969e-02
2.515847451111364805e-02
2.520851053447261889e-02
2.516024860598155624e-02
2.518526335562741233e-02
2.518526335562741233e-02
2.504577187637784322e-02
2.507664556565361927e-02
2.474284448928389460e-02
2.461817862033207835e-02
2.472633118242812192e-02
2.467824810985852838e-02
2.464051706523402718e-02
2.467355574354953771e-02
2.468379692355842162e-02
2.477185870861866798e-02
2.492425183848607714e-02
2.470346242523113744e-02
2.486760585404366661e-02
2.495620601357503507e-02
2.497975561316233273e-02
2.507753833877829699e-02
2.494519436556631373e-02
2.505632308191114641e-02
2.486600549073099756e-02
2.473607972787657608e-02
2.476910223970302596e-02
2.475659959674118837e-02
2.479239099612734823e-02
2.479263582273042929e-02
2.449399094169690816e-02
2.463905918258004271e-02
2.467355810146349207e-02
2.467355810146349207e-02
2.447521858533307712e-02
2.449113312546281548e-02
2.447322427730111785e-02
2.450449504620840976e-02
2.458471630971727218e-02
2.458471630971727218e-02
2.453400893429117172e-02
2.435910050371052626e-02
2.437522853466283015e-02
2.425914053470890411e-02
2.424230774425397902e-02
2.416700926682014208e-02
2.415759326589275377e-02
2.416046737205928760e-02
2.408014312044065228e-02
2.414485687165419947e-02
2.419352560177859615e-02
2.416654371128683712e-02
2.406352392923451211e-02
2.398190436109899973e-02
2.398170530291842892e-02
2.380423354262878322e-02
2.401542035426439126e-02
2.415676294376387437e-02
2.438513159920141851e-02
2.427053121634288949e-02
2.431815490231706289e-02
2.431266809585277966e-02
2.440792184055234557e-02
2.419567622130159093e-02
2.418090595001778573e-02
2.413637469542100414e-02
2.407422857176867367e-02
2.405314994372503845e-02
2.404131486687154443e-02
2.407731783749690255e-02
2.408041641585205103e-02
2.410349195389502319e-02
2.405877541984908011e-02
2.395743704404356203e-02
2.405816721192065646e-02
2.398619818459871503e-02
2.405168423367523567e-02
2.421728847336348731e-02
2.421350638445876960e-02
2.420014473989623091e-02
2.424807358474202756e-02
2.421083869706589994e-02
2.421083869706589994e-02
2.415230583526734032e-02
2.420372636038950476e-02
2.410282910263659636e-02
2.414828615423732575e-02
2.417068929372345742e-02
2.417178950155848827e-02
2.409666005218915816e-02
2.394895363274403624e-02
2.387631322412899285e-02
2.387631322412899285e-02
2.384723321653445596e-02
2.379409558082987500e-02
2.367274309566904170e-02
2.362613621742032724e-02
2.359007159068953266e-02
2.351610899649955733e-02
2.340589513947384515e-02
2.350385600264316352e-02
2.329802188190597048e-02
2.323872307844944765e-02
2.325721822395573901e-02
2.329122175077533510e-02
2.329122175077533510e-02
2.333108397338798726e-02
2.328361661803628538e-02
2.328361661803628538e-02
2.340223117503617209e-02
2.340780158348454085e-02
2.330531825693345563e-02
2.346649308592588593e-02
2.329573550363671017e-02
2.332248012883581315e-02
2.323189874537577929e-02
2.324512438932290967e-02
2.298585404651440692e-02
2.297642910359780355e-02
2.300031509081042549e-02
2.305208816984709308e-02
2.283060933434775952e-02
2.283168379646788662e-02
2.273747014178291448e-02
2.269355660289122320e-02
2.275306028811955802e-02
2.297265928779543623e-02
2.301944524642737452e-02
2.301944524642737452e-02
2.300589316863237144e-02
2.294848708508118520e-02
2.293507446517089807e-02
2.301633578928409529e-02
2.310693495927388166e-02
2.310323432232809504e-02
2.312385575616813724e-02
2.314451816097777212e-02
2.314451816097777212e-02
2.312834900281744363e-02
2.299178968990651592e-02
2.299178968990651592e-02
2.306957383692155236e-02
2.318974571706933566e-02
2.317478000418478692e-02
2.317372594144095563e-02
2.314084899473403678e-02
2.303728796306020801e-02
2.303591542669976636e-02
2.297015041068384278e-02
2.301007877105515700e-02
2.293315049627244265e-02
2.300545979843547639e-02
2.300545979843547639e-02
2.298368232173944939e-02
2.292023552776889517e-02
2.281238676909359830e-02
2.293856679601571913e-02
2.258351314712298344e-02
2.275032326797804885e-02
2.273644957687425208e-02
2.274848370472530579e-02
2.274848370472530579e-02
2.271912651765848126e-02
2.273564536668619754e-02
2.280307144427930199e-02
2.304080763999996964e-02
2.316768232705382000e-02
2.315357619479535903e-02
2.319336565317649257e-02
2.319262092114297846e-02
2.337470591236970666e-02
2.336443543123349620e-02
2.349523912944523688e-02
2.350182313296182712e-02
2.357280551524058854e-02
2.358246597096370911e-02
2.381598216276965482e-02
2.381513587578758598e-02
2.384115439208783424e-02
2.397398986642805888e-02
2.394104970670330942e-02
2.393376886503030543e-02
2.384894817696241523e-02
2.399954293559444438e-02
2.406865052770365554e-02
2.404296042898289645e-02
2.414027369461067829e-02
2.418532238740865939e-02
2.432760891577477602e-02
2.432760891577477602e-02
2.433746422620164732e-02
2.439326593885946318e-02
