-1.899999999999999911e+00 0.000000000000000000e+00
-1.896386430678465906e+00 0.000000000000000000e+00
-1.892772861356932124e+00 0.000000000000000000e+00
-1.889159292035398119e+00 0.000000000000000000e+00
-1.885545722713864114e+00 0.000000000000000000e+00
-1.881932153392330331e+00 0.000000000000000000e+00
-1.878318584070796327e+00 0.000000000000000000e+00
-1.874705014749262544e+00 0.000000000000000000e+00
-1.871091445427728539e+00 0.000000000000000000e+00
-1.867477876106194534e+00 0.000000000000000000e+00
-1.863864306784660752e+00 0.000000000000000000e+00
-1.860250737463126747e+00 0.000000000000000000e+00
-1.856637168141592742e+00 0.000000000000000000e+00
-1.853023598820058959e+00 0.000000000000000000e+00
-1.849410029498524954e+00 0.000000000000000000e+00
-1.845796460176990950e+00 0.000000000000000000e+00
-1.842182890855457167e+00 0.000000000000000000e+00
-1.838569321533923162e+00 0.000000000000000000e+00
-1.834955752212389379e+00 0.000000000000000000e+00
-1.831342182890855375e+00 0.000000000000000000e+00
-1.827728613569321370e+00 0.000000000000000000e+00
-1.824115044247787587e+00 0.000000000000000000e+00
-1.820501474926253582e+00 0.000000000000000000e+00
-1.816887905604719577e+00 0.000000000000000000e+00
-1.813274336283185795e+00 0.000000000000000000e+00
-1.809660766961651790e+00 0.000000000000000000e+00
-1.806047197640118007e+00 0.000000000000000000e+00
-1.802433628318584002e+00 0.000000000000000000e+00
-1.798820058997049998e+00 0.000000000000000000e+00
-1.795206489675516215e+00 0.000000000000000000e+00
-1.791592920353982210e+00 0.000000000000000000e+00
-1.787979351032448205e+00 0.000000000000000000e+00
-1.784365781710914423e+00 0.000000000000000000e+00
-1.780752212389380418e+00 0.000000000000000000e+00
-1.777138643067846413e+00 0.000000000000000000e+00
-1.773525073746312630e+00 0.000000000000000000e+00
-1.769911504424778625e+00 0.000000000000000000e+00
-1.766297935103244843e+00 0.000000000000000000e+00
-1.762684365781710838e+00 0.000000000000000000e+00
-1.759070796460176833e+00 0.000000000000000000e+00
-1.755457227138643050e+00 0.000000000000000000e+00
-1.751843657817109046e+00 0.000000000000000000e+00
-1.748230088495575041e+00 0.000000000000000000e+00
-1.744616519174041258e+00 0.000000000000000000e+00
-1.741002949852507253e+00 0.000000000000000000e+00
-1.737389380530973249e+00 0.000000000000000000e+00
-1.733775811209439466e+00 0.000000000000000000e+00
-1.730162241887905461e+00 0.000000000000000000e+00
-1.726548672566371678e+00 0.000000000000000000e+00
-1.722935103244837673e+00 0.000000000000000000e+00
-1.719321533923303669e+00 0.000000000000000000e+00
-1.715707964601769886e+00 0.000000000000000000e+00
-1.712094395280235881e+00 0.000000000000000000e+00
-1.708480825958701876e+00 0.000000000000000000e+00
-1.704867256637168094e+00 0.000000000000000000e+00
-1.701253687315634089e+00 0.000000000000000000e+00
-1.697640117994100084e+00 0.000000000000000000e+00
-1.694026548672566301e+00 0.000000000000000000e+00
-1.690412979351032297e+00 0.000000000000000000e+00
-1.686799410029498514e+00 0.000000000000000000e+00
-1.683185840707964509e+00 0.000000000000000000e+00
-1.679572271386430504e+00 0.000000000000000000e+00
-1.675958702064896721e+00 0.000000000000000000e+00
-1.672345132743362717e+00 0.000000000000000000e+00
-1.668731563421828712e+00 0.000000000000000000e+00
-1.665117994100294929e+00 0.000000000000000000e+00
-1.661504424778760924e+00 0.000000000000000000e+00
-1.657890855457226920e+00 0.000000000000000000e+00
-1.654277286135693137e+00 0.000000000000000000e+00
-1.650663716814159132e+00 0.000000000000000000e+00
-1.647050147492625349e+00 0.000000000000000000e+00
-1.643436578171091345e+00 0.000000000000000000e+00
-1.639823008849557340e+00 0.000000000000000000e+00
-1.636209439528023557e+00 0.000000000000000000e+00
-1.632595870206489552e+00 0.000000000000000000e+00
-1.628982300884955770e+00 0.000000000000000000e+00
-1.625368731563421765e+00 0.000000000000000000e+00
-1.621755162241887760e+00 0.000000000000000000e+00
-1.618141592920353755e+00 0.000000000000000000e+00
-1.614528023598819972e+00 0.000000000000000000e+00
-1.610914454277285968e+00 0.000000000000000000e+00
-1.607300884955752185e+00 0.000000000000000000e+00
-1.603687315634218180e+00 0.000000000000000000e+00
-1.600073746312684175e+00 0.000000000000000000e+00
-1.596460176991150393e+00 0.000000000000000000e+00
-1.592846607669616388e+00 0.000000000000000000e+00
-1.589233038348082605e+00 0.000000000000000000e+00
-1.585619469026548600e+00 0.000000000000000000e+00
-1.582005899705014595e+00 0.000000000000000000e+00
-1.578392330383480591e+00 0.000000000000000000e+00
-1.574778761061946808e+00 0.000000000000000000e+00
-1.571165191740412803e+00 0.000000000000000000e+00
-1.567551622418879020e+00 0.000000000000000000e+00
-1.563938053097345016e+00 0.000000000000000000e+00
-1.560324483775811011e+00 0.000000000000000000e+00
-1.556710914454277228e+00 0.000000000000000000e+00
-1.553097345132743223e+00 0.000000000000000000e+00
-1.549483775811209441e+00 0.000000000000000000e+00
-1.545870206489675436e+00 0.000000000000000000e+00
-1.542256637168141431e+00 0.000000000000000000e+00
-1.538643067846607426e+00 0.000000000000000000e+00
-1.535029498525073643e+00 0.000000000000000000e+00
-1.531415929203539639e+00 0.000000000000000000e+00
-1.527802359882005856e+00 0.000000000000000000e+00
-1.524188790560471851e+00 0.000000000000000000e+00
-1.520575221238937846e+00 0.000000000000000000e+00
-1.516961651917404064e+00 0.000000000000000000e+00
-1.513348082595870059e+00 0.000000000000000000e+00
-1.509734513274336276e+00 0.000000000000000000e+00
-1.506120943952802271e+00 0.000000000000000000e+00
-1.502507374631268267e+00 0.000000000000000000e+00
-1.498893805309734262e+00 0.000000000000000000e+00
-1.495280235988200479e+00 0.000000000000000000e+00
-1.491666666666666474e+00 0.000000000000000000e+00
-1.488053097345132691e+00 0.000000000000000000e+00
-1.484439528023598687e+00 0.000000000000000000e+00
-1.480825958702064682e+00 0.000000000000000000e+00
-1.477212389380530899e+00 0.000000000000000000e+00
-1.473598820058996894e+00 0.000000000000000000e+00
-1.469985250737463112e+00 0.000000000000000000e+00
-1.466371681415929107e+00 0.000000000000000000e+00
-1.462758112094395102e+00 0.000000000000000000e+00
-1.459144542772861097e+00 0.000000000000000000e+00
-1.455530973451327315e+00 0.000000000000000000e+00
-1.451917404129793310e+00 0.000000000000000000e+00
-1.448303834808259527e+00 0.000000000000000000e+00
-1.444690265486725522e+00 0.000000000000000000e+00
-1.441076696165191517e+00 0.000000000000000000e+00
-1.437463126843657735e+00 0.000000000000000000e+00
-1.433849557522123730e+00 0.000000000000000000e+00
-1.430235988200589947e+00 0.000000000000000000e+00
-1.426622418879055942e+00 0.000000000000000000e+00
-1.423008849557521938e+00 0.000000000000000000e+00
-1.419395280235987933e+00 0.000000000000000000e+00
-1.415781710914454150e+00 0.000000000000000000e+00
-1.412168141592920145e+00 0.000000000000000000e+00
-1.408554572271386363e+00 0.000000000000000000e+00
-1.404941002949852358e+00 0.000000000000000000e+00
-1.401327433628318353e+00 0.000000000000000000e+00
-1.397713864306784570e+00 0.000000000000000000e+00
-1.394100294985250565e+00 0.000000000000000000e+00
-1.390486725663716783e+00 0.000000000000000000e+00
-1.386873156342182778e+00 0.000000000000000000e+00
-1.383259587020648773e+00 0.000000000000000000e+00
-1.379646017699114768e+00 0.000000000000000000e+00
-1.376032448377580986e+00 0.000000000000000000e+00
-1.372418879056047203e+00 0.000000000000000000e+00
-1.368805309734513198e+00 0.000000000000000000e+00
-1.365191740412979193e+00 0.000000000000000000e+00
-1.361578171091445189e+00 0.000000000000000000e+00
-1.357964601769911406e+00 0.000000000000000000e+00
-1.354351032448377401e+00 0.000000000000000000e+00
-1.350737463126843618e+00 0.000000000000000000e+00
-1.347123893805309613e+00 0.000000000000000000e+00
-1.343510324483775609e+00 0.000000000000000000e+00
-1.339896755162241604e+00 0.000000000000000000e+00
-1.336283185840707821e+00 0.000000000000000000e+00
-1.332669616519174038e+00 0.000000000000000000e+00
-1.329056047197640034e+00 0.000000000000000000e+00
-1.325442477876106029e+00 0.000000000000000000e+00
-1.321828908554572024e+00 0.000000000000000000e+00
-1.318215339233038241e+00 0.000000000000000000e+00
-1.314601769911504237e+00 0.000000000000000000e+00
-1.310988200589970454e+00 0.000000000000000000e+00
-1.307374631268436449e+00 0.000000000000000000e+00
-1.303761061946902444e+00 0.000000000000000000e+00
-1.300147492625368439e+00 0.000000000000000000e+00
-1.296533923303834657e+00 0.000000000000000000e+00
-1.292920353982300874e+00 0.000000000000000000e+00
-1.289306784660766869e+00 0.000000000000000000e+00
-1.285693215339232864e+00 0.000000000000000000e+00
-1.282079646017698860e+00 0.000000000000000000e+00
-1.278466076696165077e+00 0.000000000000000000e+00
-1.274852507374631072e+00 0.000000000000000000e+00
-1.271238938053097289e+00 0.000000000000000000e+00
-1.267625368731563285e+00 0.000000000000000000e+00
-1.264011799410029280e+00 0.000000000000000000e+00
-1.260398230088495275e+00 0.000000000000000000e+00
-1.256784660766961492e+00 0.000000000000000000e+00
-1.253171091445427709e+00 0.000000000000000000e+00
-1.249557522123893705e+00 0.000000000000000000e+00
-1.245943952802359700e+00 0.000000000000000000e+00
-1.242330383480825695e+00 0.000000000000000000e+00
-1.238716814159291912e+00 0.000000000000000000e+00
-1.235103244837757908e+00 0.000000000000000000e+00
-1.231489675516224125e+00 0.000000000000000000e+00
-1.227876106194690120e+00 0.000000000000000000e+00
-1.224262536873156115e+00 0.000000000000000000e+00
-1.220648967551622111e+00 0.000000000000000000e+00
-1.217035398230088328e+00 0.000000000000000000e+00
-1.213421828908554545e+00 0.000000000000000000e+00
-1.209808259587020540e+00 0.000000000000000000e+00
-1.206194690265486535e+00 0.000000000000000000e+00
-1.202581120943952531e+00 0.000000000000000000e+00
-1.198967551622418748e+00 0.000000000000000000e+00
-1.195353982300884743e+00 0.000000000000000000e+00
-1.191740412979350960e+00 0.000000000000000000e+00
-1.188126843657816956e+00 0.000000000000000000e+00
-1.184513274336282951e+00 0.000000000000000000e+00
-1.180899705014748946e+00 0.000000000000000000e+00
-1.177286135693215163e+00 0.000000000000000000e+00
-1.173672566371681381e+00 0.000000000000000000e+00
-1.170058997050147376e+00 0.000000000000000000e+00
-1.166445427728613371e+00 0.000000000000000000e+00
-1.162831858407079366e+00 0.000000000000000000e+00
-1.159218289085545583e+00 0.000000000000000000e+00
-1.155604719764011579e+00 0.000000000000000000e+00
-1.151991150442477796e+00 0.000000000000000000e+00
-1.148377581120943791e+00 0.000000000000000000e+00
-1.144764011799409786e+00 0.000000000000000000e+00
-1.141150442477875782e+00 0.000000000000000000e+00
-1.137536873156341999e+00 0.000000000000000000e+00
-1.133923303834808216e+00 0.000000000000000000e+00
-1.130309734513274211e+00 0.000000000000000000e+00
-1.126696165191740207e+00 0.000000000000000000e+00
-1.123082595870206202e+00 0.000000000000000000e+00
-1.119469026548672419e+00 0.000000000000000000e+00
-1.115855457227138636e+00 0.000000000000000000e+00
-1.112241887905604631e+00 0.000000000000000000e+00
-1.108628318584070627e+00 0.000000000000000000e+00
-1.105014749262536622e+00 0.000000000000000000e+00
-1.101401179941002617e+00 0.000000000000000000e+00
-1.097787610619468834e+00 0.000000000000000000e+00
-1.094174041297935052e+00 0.000000000000000000e+00
-1.090560471976401047e+00 0.000000000000000000e+00
-1.086946902654867042e+00 0.000000000000000000e+00
-1.083333333333333037e+00 0.000000000000000000e+00
-1.079719764011799255e+00 0.000000000000000000e+00
-1.076106194690265472e+00 0.000000000000000000e+00
-1.072492625368731467e+00 0.000000000000000000e+00
-1.068879056047197462e+00 0.000000000000000000e+00
-1.065265486725663457e+00 0.000000000000000000e+00
-1.061651917404129453e+00 0.000000000000000000e+00
-1.058038348082595670e+00 0.000000000000000000e+00
-1.054424778761061887e+00 0.000000000000000000e+00
-1.050811209439527882e+00 0.000000000000000000e+00
-1.047197640117993878e+00 0.000000000000000000e+00
-1.043584070796459873e+00 0.000000000000000000e+00
-1.039970501474926090e+00 0.000000000000000000e+00
-1.036356932153392307e+00 0.000000000000000000e+00
-1.032743362831858303e+00 0.000000000000000000e+00
-1.029129793510324298e+00 0.000000000000000000e+00
-1.025516224188790293e+00 0.000000000000000000e+00
-1.021902654867256510e+00 0.000000000000000000e+00
-1.018289085545722505e+00 0.000000000000000000e+00
-1.014675516224188723e+00 0.000000000000000000e+00
-1.011061946902654718e+00 0.000000000000000000e+00
-1.007448377581120713e+00 0.000000000000000000e+00
-1.003834808259586708e+00 0.000000000000000000e+00
-1.000221238938052926e+00 0.000000000000000000e+00
-9.966076696165190318e-01 0.000000000000000000e+00
-9.929941002949850271e-01 0.000000000000000000e+00
-9.893805309734511333e-01 0.000000000000000000e+00
-9.857669616519172395e-01 0.000000000000000000e+00
-9.821533923303833458e-01 0.000000000000000000e+00
-9.785398230088493410e-01 0.000000000000000000e+00
-9.749262536873154472e-01 0.000000000000000000e+00
-9.713126843657815535e-01 0.000000000000000000e+00
-9.676991150442475487e-01 0.000000000000000000e+00
-9.640855457227136549e-01 0.000000000000000000e+00
-9.604719764011797611e-01 0.000000000000000000e+00
-9.568584070796458674e-01 0.000000000000000000e+00
-9.532448377581118626e-01 0.000000000000000000e+00
-9.496312684365779688e-01 0.000000000000000000e+00
-9.460176991150440751e-01 0.000000000000000000e+00
-9.424041297935101813e-01 0.000000000000000000e+00
-9.387905604719761765e-01 0.000000000000000000e+00
-9.351769911504422828e-01 0.000000000000000000e+00
-9.315634218289083890e-01 0.000000000000000000e+00
-9.279498525073743842e-01 0.000000000000000000e+00
-9.243362831858404904e-01 0.000000000000000000e+00
-9.207227138643065967e-01 0.000000000000000000e+00
-9.171091445427727029e-01 0.000000000000000000e+00
-9.134955752212386981e-01 0.000000000000000000e+00
-9.098820058997048044e-01 0.000000000000000000e+00
-9.062684365781709106e-01 0.000000000000000000e+00
-9.026548672566370168e-01 0.000000000000000000e+00
-8.990412979351030121e-01 0.000000000000000000e+00
-8.954277286135692293e-01 0.000000000000000000e+00
-8.918141592920352245e-01 0.000000000000000000e+00
-8.882005899705012197e-01 0.000000000000000000e+00
-8.845870206489674370e-01 0.000000000000000000e+00
-8.809734513274334322e-01 0.000000000000000000e+00
-8.773598820058994274e-01 0.000000000000000000e+00
-8.737463126843656447e-01 0.000000000000000000e+00
-8.701327433628316399e-01 0.000000000000000000e+00
-8.665191740412976351e-01 0.000000000000000000e+00
-8.629056047197638524e-01 0.000000000000000000e+00
-8.592920353982298476e-01 0.000000000000000000e+00
-8.556784660766960648e-01 0.000000000000000000e+00
-8.520648967551620601e-01 0.000000000000000000e+00
-8.484513274336280553e-01 0.000000000000000000e+00
-8.448377581120942725e-01 0.000000000000000000e+00
-8.412241887905602677e-01 0.000000000000000000e+00
-8.376106194690262630e-01 0.000000000000000000e+00
-8.339970501474924802e-01 0.000000000000000000e+00
-8.303834808259584754e-01 0.000000000000000000e+00
-8.267699115044244706e-01 0.000000000000000000e+00
-8.231563421828906879e-01 0.000000000000000000e+00
-8.195427728613566831e-01 0.000000000000000000e+00
-8.159292035398229004e-01 0.000000000000000000e+00
-8.123156342182888956e-01 0.000000000000000000e+00
-8.087020648967548908e-01 0.000000000000000000e+00
-8.050884955752211081e-01 0.000000000000000000e+00
-8.014749262536871033e-01 0.000000000000000000e+00
-7.978613569321530985e-01 0.000000000000000000e+00
-7.942477876106193158e-01 0.000000000000000000e+00
-7.906342182890853110e-01 0.000000000000000000e+00
-7.870206489675513062e-01 0.000000000000000000e+00
-7.834070796460175234e-01 0.000000000000000000e+00
-7.797935103244835187e-01 0.000000000000000000e+00
-7.761799410029497359e-01 0.000000000000000000e+00
-7.725663716814157311e-01 0.000000000000000000e+00
-7.689528023598817263e-01 0.000000000000000000e+00
-7.653392330383479436e-01 0.000000000000000000e+00
-7.617256637168139388e-01 0.000000000000000000e+00
-7.581120943952799340e-01 0.000000000000000000e+00
-7.544985250737461513e-01 0.000000000000000000e+00
-7.508849557522121465e-01 0.000000000000000000e+00
-7.472713864306783638e-01 0.000000000000000000e+00
-7.436578171091443590e-01 0.000000000000000000e+00
-7.400442477876103542e-01 0.000000000000000000e+00
-7.364306784660765715e-01 0.000000000000000000e+00
-7.328171091445425667e-01 0.000000000000000000e+00
-7.292035398230085619e-01 0.000000000000000000e+00
-7.255899705014747791e-01 0.000000000000000000e+00
-7.219764011799407744e-01 0.000000000000000000e+00
-7.183628318584067696e-01 0.000000000000000000e+00
-7.147492625368729868e-01 0.000000000000000000e+00
-7.111356932153389820e-01 0.000000000000000000e+00
-7.075221238938051993e-01 0.000000000000000000e+00
-7.039085545722711945e-01 0.000000000000000000e+00
-7.002949852507371897e-01 0.000000000000000000e+00
-6.966814159292034070e-01 0.000000000000000000e+00
-6.930678466076694022e-01 0.000000000000000000e+00
-6.894542772861353974e-01 0.000000000000000000e+00
-6.858407079646016147e-01 0.000000000000000000e+00
-6.822271386430676099e-01 0.000000000000000000e+00
-6.786135693215336051e-01 0.000000000000000000e+00
-6.749999999999998224e-01 0.000000000000000000e+00
-6.713864306784658176e-01 0.000000000000000000e+00
-6.677728613569320348e-01 0.000000000000000000e+00
-6.641592920353980301e-01 0.000000000000000000e+00
-6.605457227138640253e-01 0.000000000000000000e+00
-6.569321533923302425e-01 0.000000000000000000e+00
-6.533185840707962377e-01 0.000000000000000000e+00
-6.497050147492622330e-01 0.000000000000000000e+00
-6.460914454277284502e-01 0.000000000000000000e+00
-6.424778761061944454e-01 0.000000000000000000e+00
-6.388643067846604406e-01 0.000000000000000000e+00
-6.352507374631266579e-01 0.000000000000000000e+00
-6.316371681415926531e-01 0.000000000000000000e+00
-6.280235988200588704e-01 0.000000000000000000e+00
-6.244100294985248656e-01 0.000000000000000000e+00
-6.207964601769908608e-01 0.000000000000000000e+00
-6.171828908554570781e-01 0.000000000000000000e+00
-6.135693215339230733e-01 0.000000000000000000e+00
-6.099557522123890685e-01 0.000000000000000000e+00
-6.063421828908552857e-01 0.000000000000000000e+00
-6.027286135693212810e-01 0.000000000000000000e+00
-5.991150442477872762e-01 0.000000000000000000e+00
-5.955014749262534934e-01 0.000000000000000000e+00
-5.918879056047194887e-01 0.000000000000000000e+00
-5.882743362831857059e-01 0.000000000000000000e+00
-5.846607669616517011e-01 0.000000000000000000e+00
-5.810471976401176963e-01 0.000000000000000000e+00
-5.774336283185839136e-01 0.000000000000000000e+00
-5.738200589970499088e-01 0.000000000000000000e+00
-5.702064896755159040e-01 0.000000000000000000e+00
-5.665929203539821213e-01 0.000000000000000000e+00
-5.629793510324481165e-01 0.000000000000000000e+00
-5.593657817109143338e-01 0.000000000000000000e+00
-5.557522123893803290e-01 4.717046477493516489e-315
-5.521386430678463242e-01 4.872334452845629036e-297
-5.485250737463125414e-01 4.822181097490865820e-280
-5.449115044247785367e-01 5.218931563162023835e-264
-5.412979351032445319e-01 6.997041983226346102e-249
-5.376843657817107491e-01 1.307247370627809800e-234
-5.340707964601767443e-01 3.803215666128037960e-221
-5.304572271386427396e-01 1.913458328305706183e-208
-5.268436578171089568e-01 1.837913642482414182e-196
-5.232300884955749520e-01 3.700109632927760616e-185
-5.196165191740411693e-01 1.705104452640322204e-174
-5.160029498525071645e-01 1.954538598163307061e-164
-5.123893805309731597e-01 6.027981208243184814e-155
-5.087758112094393770e-01 5.386333625602342684e-146
-5.051622418879053722e-01 1.495400009066194812e-137
-5.015486725663713674e-01 1.377859163541126722e-129
-4.979351032448375847e-01 4.483980711501493859e-122
-4.943215339233035799e-01 5.465633419489795623e-115
-4.907079646017695751e-01 2.637578355140977110e-108
-4.870943952802357924e-01 5.309739487029052942e-102
-4.834808259587017876e-01 4.684678060220341972e-96
-4.798672566371680048e-01 1.897813363104977744e-90
-4.762536873156340000e-01 3.688787890285970410e-85
-4.726401179940999953e-01 3.585785518253069154e-80
-4.690265486725662125e-01 1.812819884033014482e-75
-4.654129793510322077e-01 4.945797818201239484e-71
-4.617994100294982029e-01 7.539929377231409925e-67
-4.581858407079644202e-01 6.637925128969284446e-63
-4.545722713864304154e-01 3.481060480191653601e-59
-4.509587020648964106e-01 1.119760854759158678e-55
-4.473451327433626279e-01 2.271312674302328579e-52
-4.437315634218286231e-01 2.981902017179143661e-49
-4.401179941002948404e-01 2.596946416852759357e-46
-4.365044247787608356e-01 1.535576984638285366e-43
-4.328908554572268308e-01 6.301389730047554472e-41
-4.292772861356930481e-01 1.832051740057063272e-38
-4.256637168141590433e-01 3.848130900045668575e-36
-4.220501474926250385e-01 5.947969996143839845e-34
-4.184365781710912557e-01 6.883980279473658391e-32
-4.148230088495572510e-01 6.064315984617461346e-30
-4.112094395280232462e-01 4.129649002980424649e-28
-4.075958702064894634e-01 2.205831126894431367e-26
-4.039823008849554586e-01 9.370011977728883229e-25
-4.003687315634216759e-01 3.206713620055600783e-23
-3.967551622418876711e-01 8.950703250009067064e-22
-3.931415929203536663e-01 2.061366755274189748e-20
-3.895280235988198836e-01 3.959998084706946972e-19
-3.859144542772858788e-01 6.411343330002783221e-18
-3.823008849557518740e-01 8.833596364535778205e-17
-3.786873156342180913e-01 1.045303067451877991e-15
-3.750737463126840865e-01 1.071568095335029585e-14
-3.714601769911500817e-01 9.594329191673162298e-14
-3.678466076696162990e-01 7.560853474349223151e-13
-3.642330383480822942e-01 5.282547550922593697e-12
-3.606194690265485114e-01 3.294647981577305824e-11
-3.570058997050145067e-01 1.846187954367664211e-10
-3.533923303834805019e-01 9.351763624562354757e-10
-3.497787610619467191e-01 4.306866054937577995e-09
-3.461651917404127143e-01 1.813165789303868120e-08
-3.425516224188787096e-01 7.013690003633629320e-08
-3.389380530973449268e-01 2.504881332073541606e-07
-3.353244837758109220e-01 8.297343523262283505e-07
-3.317109144542771393e-01 2.560176719548109517e-06
-3.280973451327431345e-01 7.388249894232644150e-06
-3.244837758112091297e-01 2.001777942687075042e-05
-3.208702064896753470e-01 5.110467176369524529e-05
-3.172566371681413422e-01 1.233543418226636242e-04
-3.136430678466073374e-01 2.824179079593032589e-04
-3.100294985250735547e-01 6.151621175971638215e-04
-3.064159292035395499e-01 1.278460557185059085e-03
-3.028023598820055451e-01 2.541884091208582684e-03
-2.991887905604717623e-01 4.847283670958827534e-03
-2.955752212389377576e-01 8.887019110589236895e-03
-2.919616519174039748e-01 1.570037557259954669e-02
-2.883480825958699700e-01 2.678460948659545579e-02
-2.847345132743359652e-01 4.421340372405160174e-02
-2.811209439528021825e-01 7.075183478439565909e-02
-2.775073746312681777e-01 1.099539410194034922e-01
-2.738938053097341729e-01 1.662273021700187703e-01
-2.702802359882003902e-01 2.448492072683415288e-01
-2.666666666666663854e-01 3.519212211149411185e-01
-2.630530973451323806e-01 4.942531218864830156e-01
-2.594395280235985979e-01 6.791727885384628571e-01
-2.558259587020645931e-01 9.142649174535674161e-01
-2.522123893805308104e-01 1.207047567808142707e+00
-2.485988200589968056e-01 1.564600629819218103e+00
-2.449852507374628008e-01 1.993163708996466665e+00
-2.413716814159290180e-01 2.497722229712900699e+00
-2.377581120943950133e-01 3.081599716762257746e+00
-2.341445427728610085e-01 3.746071471509716311e+00
-2.305309734513272257e-01 4.490010755662957820e+00
-2.269174041297932209e-01 5.309573876637461609e+00
-2.233038348082592162e-01 6.197926117881141117e+00
-2.196902654867254334e-01 7.145007236527716188e+00
-2.160766961651914286e-01 8.137334256791715958e+00
-2.124631268436576459e-01 9.157841530098043137e+00
-2.088495575221236411e-01 1.018576450938305555e+01
-2.052359882005896363e-01 1.119658532202317325e+01
-2.016224188790558536e-01 1.216207573098193961e+01
-1.980088495575218488e-01 1.305049661627621660e+01
-1.943952802359878440e-01 1.382704172881059534e+01
-1.907817109144540613e-01 1.445464411385548686e+01
-1.871681415929200565e-01 1.489528975421021784e+01
-1.835545722713860517e-01 1.511199302942389444e+01
-1.799410029498522690e-01 1.507156449672396192e+01
-1.763274336283182642e-01 1.474821910046679996e+01
-1.727138643067844814e-01 1.412790602313502930e+01
-1.691002949852504766e-01 1.321297279211295717e+01
-1.654867256637164719e-01 1.202641798711945675e+01
-1.618731563421826891e-01 1.061460810926777754e+01
-1.582595870206486843e-01 9.047085276248349572e+00
-1.546460176991146795e-01 7.412199465919696806e+00
-1.510324483775808968e-01 5.807992133800728318e+00
-1.474188790560468920e-01 4.329112412026056234e+00
-1.438053097345131093e-01 3.052281042634808816e+00
-1.401917404129791045e-01 2.024197994777868548e+00
-1.365781710914450997e-01 1.255858999143872889e+00
-1.329646017699113170e-01 7.254332164764230040e-01
-1.293510324483773122e-01 3.886493739097698352e-01
-1.257374631268433074e-01 1.926532686277945272e-01
-1.221238938053095247e-01 8.831251477939995598e-02
-1.185103244837755199e-01 3.750265602595704434e-02
-1.148967551622415151e-01 1.481832543719002401e-02
-1.112831858407077323e-01 5.487148724870483801e-03
-1.076696165191737276e-01 1.923138651754483300e-03
-1.040560471976399448e-01 6.459050482336794238e-04
-1.004424778761059400e-01 2.108862564240462760e-04
-9.682890855457193524e-02 6.798573132319074726e-05
-9.321533923303815250e-02 2.198997915143011806e-05
-8.960176991150414771e-02 7.248069349231589600e-06
-8.598820058997014293e-02 2.469593196101050104e-06
-8.237463126843636019e-02 8.807148221063722751e-07
-7.876106194690235540e-02 3.320881591851794513e-07
-7.514749262536835062e-02 1.334107776336675591e-07
-7.153392330383456788e-02 5.739362021737393514e-08
-6.792035398230056309e-02 2.651239404465329657e-08
-6.430678466076678035e-02 1.315770952353732289e-08
-6.069321533923277556e-02 7.005824540450961983e-09
-5.707964601769877078e-02 3.990054810913276478e-09
-5.346607669616498804e-02 2.420253078025657874e-09
-4.985250737463098325e-02 1.555286022920784220e-09
-4.623893805309697846e-02 1.052650853629388260e-09
-4.262536873156319572e-02 7.458617999482358664e-10
-3.901179941002919094e-02 5.500113966152190966e-10
-3.539823008849518615e-02 4.197952029563663685e-10
-3.178466076696140341e-02 3.299976217896548283e-10
-2.817109144542739863e-02 2.660226613971322368e-10
-2.455752212389361588e-02 2.191089562771566595e-10
-2.094395280235961110e-02 1.838179455819309066e-10
-1.733038348082560631e-02 1.566674836378319535e-10
-1.371681415929182357e-02 1.353634384896664100e-10
-1.010324483775781879e-02 1.183540181038340854e-10
-6.489675516223814000e-03 1.045637579964931775e-10
-2.876106194690031259e-03 9.323046353531419843e-11
7.374631268439735265e-04 8.380275823222643324e-11
4.351032448377978312e-03 7.587390373877131903e-11
7.964601769911761053e-03 6.913835685025764702e-11
1.157817109144576584e-02 6.336351866192978158e-11
1.519174041297954858e-02 5.836991239834057452e-11
1.880530973451355337e-02 5.401732301852186357e-11
2.241887905604755815e-02 5.019499609280921094e-11
2.603244837758134089e-02 4.681459260847763136e-11
2.964601769911534568e-02 4.380504510705282729e-11
3.325958702064935046e-02 4.110874605617934194e-11
3.687315634218313321e-02 3.867868387735848534e-11
4.048672566371713799e-02 3.647626304703766515e-11
4.410029498525114278e-02 3.446962510726268295e-11
4.771386430678492552e-02 3.263234155527765541e-11
5.132743362831893030e-02 3.094238646940680561e-11
5.494100294985271304e-02 2.938132216919452122e-11
5.855457227138671783e-02 2.793364897416894969e-11
6.216814159292072262e-02 2.658628266317580132e-11
6.578171091445450536e-02 2.532813225050848093e-11
6.939528023598851014e-02 2.414975718521090960e-11
7.300884955752251493e-02 2.304308788619355517e-11
7.662241887905629767e-02 2.200119708584831735e-11
8.023598820059030245e-02 2.101811214434875014e-11
8.384955752212408520e-02 2.008866054449470838e-11
8.746312684365808998e-02 1.920834236898538345e-11
9.107669616519209477e-02 1.837322477754392114e-11
9.469026548672587751e-02 1.757985448667721805e-11
9.830383480825988229e-02 1.682518501116247043e-11
1.019174041297938871e-01 1.610651604057907850e-11
1.055309734513278919e-01 1.542144281291285095e-11
1.091445427728614526e-01 1.476781374085555145e-11
1.127581120943954573e-01 1.414369486428392714e-11
1.163716814159294621e-01 1.354733995991087610e-11
1.199852507374634669e-01 1.297716534826803109e-11
1.235988200589974717e-01 1.243172860848320285e-11
1.272123893805314765e-01 1.190971055025466668e-11
1.308259587020650372e-01 1.140989990598430400e-11
1.344395280235990420e-01 1.093118029901448463e-11
1.380530973451330468e-01 1.047251912016697088e-11
1.416666666666670515e-01 1.003295800741592920e-11
1.452802359882010563e-01 9.611604675059065293e-12
1.488938053097346170e-01 9.207625881207833843e-12
1.525073746312686218e-01 8.820241357458351904e-12
1.561209439528026266e-01 8.448718553567538643e-12
1.597345132743366314e-01 8.092368073936816720e-12
1.633480825958706362e-01 7.750539702590125893e-12
1.669616519174046410e-01 7.422618929848552196e-12
1.705752212389382017e-01 7.108023907644186944e-12
1.741887905604722064e-01 6.806202771869437032e-12
1.778023598820062112e-01 6.516631279715934589e-12
1.814159292035402160e-01 6.238810717953859219e-12
1.850294985250742208e-01 5.972266044798198885e-12
1.886430678466077815e-01 5.716544233630486876e-12
1.922566371681417863e-01 5.471212791565020048e-12
1.958702064896757911e-01 5.235858429830823399e-12
1.994837758112097958e-01 5.010085866292281155e-12
2.030973451327438006e-01 4.793516743268701946e-12
2.067109144542778054e-01 4.585788646211933675e-12
2.103244837758113661e-01 4.386554210835706683e-12
2.139380530973453709e-01 4.195480308018507895e-12
2.175516224188793757e-01 4.012247297272155492e-12
2.211651917404133805e-01 3.836548340819478721e-12
2.247787610619473853e-01 3.668088771395796835e-12
2.283923303834809460e-01 3.506585507800800814e-12
2.320058997050149507e-01 3.351766513012467845e-12
2.356194690265489555e-01 3.203370290344137828e-12
2.392330383480829603e-01 3.061145413704456473e-12
2.428466076696169651e-01 2.924850088515157460e-12
2.464601769911509699e-01 2.794251740270414398e-12
2.500737463126845306e-01 2.669126628090616196e-12
2.536873156342185354e-01 2.549259480942720868e-12
2.573008849557525402e-01 2.434443154476359047e-12
2.609144542772865449e-01 2.324478306664857571e-12
2.645280235988205497e-01 2.219173090648217796e-12
2.681415929203541104e-01 2.118342863357718920e-12
2.717551622418881152e-01 2.021809908658760840e-12
2.753687315634221200e-01 1.929403173887460305e-12
2.789823008849561248e-01 1.840958018776942875e-12
2.825958702064901296e-01 1.756315975874782707e-12
2.862094395280241343e-01 1.675324521646346417e-12
2.898230088495576950e-01 1.597836857539650495e-12
2.934365781710916998e-01 1.523711700359309354e-12
2.970501474926257046e-01 1.452813081360767994e-12
3.006637168141597094e-01 1.385010153530782335e-12
3.042772861356937142e-01 1.320177006570639746e-12
3.078908554572272749e-01 1.258192489141420105e-12
3.115044247787612797e-01 1.198940037969853492e-12
3.151179941002952845e-01 1.142307513447614742e-12
3.187315634218292892e-01 1.088187041387721957e-12
3.223451327433632940e-01 1.036474860628808104e-12
3.259587020648972988e-01 9.870711762028070702e-13
3.295722713864308595e-01 9.398800178033108130e-13
3.331858407079648643e-01 8.948091033112889986e-13
3.367994100294988691e-01 8.517697071530031931e-13
3.404129793510328739e-01 8.106765332800860584e-13
3.440265486725668787e-01 7.714475925766383778e-13
3.476401179941004393e-01 7.340040845108268912e-13
3.512536873156344441e-01 6.982702828600694728e-13
3.548672566371684489e-01 6.641734253497223546e-13
3.584808259587024537e-01 6.316436070544605947e-13
3.620943952802364585e-01 6.006136774205773577e-13
3.657079646017700192e-01 5.710191407751910718e-13
3.693215339233040240e-01 5.427980601957451837e-13
3.729351032448380288e-01 5.158909646197319939e-13
3.765486725663720335e-01 4.902407590807773222e-13
3.801622418879060383e-01 4.657926379627538196e-13
3.837758112094400431e-01 4.424940011688272612e-13
3.873893805309736038e-01 4.202943731070216752e-13
3.910029498525076086e-01 3.991453243983341447e-13
3.946165191740416134e-01 3.790003962175640057e-13
3.982300884955756182e-01 3.598150271806678967e-13
4.018436578171096230e-01 3.415464826961642796e-13
4.054572271386431837e-01 3.241537867011636545e-13
4.090707964601771884e-01 3.075976557059273866e-13
4.126843657817111932e-01 2.918404350735247900e-13
4.162979351032451980e-01 2.768460374639316753e-13
4.199115044247792028e-01 2.625798833744613968e-13
4.235250737463132076e-01 2.490088437107681980e-13
4.271386430678467683e-01 2.361011843249511813e-13
4.307522123893807731e-01 2.238265124593514467e-13
4.343657817109147778e-01 2.121557250367440380e-13
4.379793510324487826e-01 2.010609587394524341e-13
4.415929203539827874e-01 1.905155418217756848e-13
4.452064896755163481e-01 1.804939476018631556e-13
4.488200589970503529e-01 1.709717495807850049e-13
4.524336283185843577e-01 1.619255781381882596e-13
4.560471976401183625e-01 1.533330787553687516e-13
4.596607669616523673e-01 1.451728717181016681e-13
4.632743362831863720e-01 1.374245132529576506e-13
4.668879056047199327e-01 1.300684580521379832e-13
4.705014749262539375e-01 1.230860231432029919e-13
4.741150442477879423e-01 1.164593530612786390e-13
4.777286135693219471e-01 1.101713862825484707e-13
4.813421828908559519e-01 1.042058228789882255e-13
4.849557522123895126e-01 9.854709335544395582e-14
4.885693215339235174e-01 9.318032863121901048e-14
4.921828908554575222e-01 8.809133112942127761e-14
4.957964601769915269e-01 8.326654693832602598e-14
4.994100294985255317e-01 7.869303901000955216e-14
5.030235988200595365e-01 7.435846136249071540e-14
5.066371681415930972e-01 7.025103425254213779e-14
5.102507374631271020e-01 6.635952028725837735e-14
5.138643067846611068e-01 6.267320144335884726e-14
5.174778761061951116e-01 5.918185696406977775e-14
5.210914454277291163e-01 5.587574210428601132e-14
5.247050147492626770e-01 5.274556769551791531e-14
5.283185840707966818e-01 4.978248050296465467e-14
5.319321533923306866e-01 4.697804434781822456e-14
5.355457227138646914e-01 4.432422196866940255e-14
5.391592920353986962e-01 4.181335759665266945e-14
5.427728613569327010e-01 3.943816021968455685e-14
5.463864306784662617e-01 3.719168751185930525e-14
5.500000000000002665e-01 3.506733040478031105e-14
5.536135693215342712e-01 3.305879827826606027e-14
5.572271386430682760e-01 3.116010474854976280e-14
5.608407079646022808e-01 2.936555403272870078e-14
5.644542772861358415e-01 2.766972786886297736e-14
5.680678466076698463e-01 2.606747297173473530e-14
5.716814159292038511e-01 2.455388900488857467e-14
5.752949852507378559e-01 2.312431705015977349e-14
5.789085545722718606e-01 2.177432855647606843e-14
5.825221238938058654e-01 2.049971475028176248e-14
5.861356932153394261e-01 1.929647649047570105e-14
5.897492625368734309e-01 1.816081455130009497e-14
5.933628318584074357e-01 1.708912031713236778e-14
5.969764011799414405e-01 1.607796687364322885e-14
6.005899705014754453e-01 1.512410048028588919e-14
6.042035398230090060e-01 1.422443240956042170e-14
6.078171091445430108e-01 1.337603113897498760e-14
6.114306784660770155e-01 1.257611488208444884e-14
6.150442477876110203e-01 1.182204444543492968e-14
6.186578171091450251e-01 1.111131639868233321e-14
6.222713864306790299e-01 1.044155654558037822e-14
6.258849557522125906e-01 9.810513683943430732e-15
6.294985250737465954e-01 9.216053643099244849e-15
6.331120943952806002e-01 8.656153587737429578e-15
6.367256637168146050e-01 8.128896577440699195e-15
6.403392330383486097e-01 7.632466371560376943e-15
6.439528023598821704e-01 7.165142469458525735e-15
6.475663716814161752e-01 6.725295376490011413e-15
6.511799410029501800e-01 6.311382086441246542e-15
6.547935103244841848e-01 5.921941771472567262e-15
6.584070796460181896e-01 5.555591670935462530e-15
6.620206489675521944e-01 5.211023170746833789e-15
6.656342182890857551e-01 4.886998065309362340e-15
6.692477876106197598e-01 4.582344994258731187e-15
6.728613569321537646e-01 4.295956046606883255e-15
6.764749262536877694e-01 4.026783525126395717e-15
6.800884955752217742e-01 3.773836864091127690e-15
6.837020648967553349e-01 3.536179693747778627e-15
6.873156342182893397e-01 3.312927045145987895e-15
6.909292035398233445e-01 3.103242689199696098e-15
6.945427728613573493e-01 2.906336604087512392e-15
6.981563421828913540e-01 2.721462565330479256e-15
7.017699115044253588e-01 2.547915853107141818e-15
7.053834808259589195e-01 2.385031071579020501e-15
7.089970501474929243e-01 2.232180075208192129e-15
7.126106194690269291e-01 2.088769997248803632e-15
7.162241887905609339e-01 1.954241375787161431e-15
7.198377581120949387e-01 1.828066372893279904e-15
7.234513274336284994e-01 1.709747082626374686e-15
7.270648967551625041e-01 1.598813923812026283e-15
7.306784660766965089e-01 1.494824113676399820e-15
7.342920353982305137e-01 1.397360218585463584e-15
7.379056047197645185e-01 1.306028778293955632e-15
7.415191740412985233e-01 1.220459000259587400e-15
7.451327433628320840e-01 1.140301520723537832e-15
7.487463126843660888e-01 1.065227229398499931e-15
7.523598820059000936e-01 9.949261547408598625e-16
7.559734513274340983e-01 9.291064069132362662e-16
7.595870206489681031e-01 8.674931756690451034e-16
7.632005899705016638e-01 8.098277805113836102e-16
7.668141592920356686e-01 7.558667705940371932e-16
7.704277286135696734e-01 7.053810719443898225e-16
7.740412979351036782e-01 6.581551796946509845e-16
7.776548672566376830e-01 6.139863931114726155e-16
7.812684365781712437e-01 5.726840913122888733e-16
7.848820058997052485e-01 5.340690476525114577e-16
7.884955752212392532e-01 4.979727808584388082e-16
7.921091445427732580e-01 4.642369410687892672e-16
7.957227138643072628e-01 4.327127290315238346e-16
7.993362831858412676e-01 4.032603467837480276e-16
8.029498525073748283e-01 3.757484782194636477e-16
8.065634218289088331e-01 3.500537980244087911e-16
8.101769911504428379e-01 3.260605075283158411e-16
8.137905604719768426e-01 3.036598960929717216e-16
8.174041297935108474e-01 2.827499267198933531e-16
8.210176991150444081e-01 2.632348446238855714e-16
8.246312684365784129e-01 2.450248075786331204e-16
8.282448377581124177e-01 2.280355368977917384e-16
8.318584070796464225e-01 2.121879879698402008e-16
8.354719764011804273e-01 1.974080393174278909e-16
8.390855457227144321e-01 1.836261992020654508e-16
8.426991150442479928e-01 1.707773288430006600e-16
8.463126843657819975e-01 1.588003813648588304e-16
8.499262536873160023e-01 1.476381556325102819e-16
8.535398230088500071e-01 1.372370641733198195e-16
8.571533923303840119e-01 1.275469144269658771e-16
8.607669616519175726e-01 1.185207026010534496e-16
8.643805309734515774e-01 1.101144194471724371e-16
8.679941002949855822e-01 1.022868673067287736e-16
8.716076696165195870e-01 9.499948780896530805e-17
8.752212389380535917e-01 8.821619963518926582e-17
8.788348082595875965e-01 8.190324579327809945e-17
8.824483775811211572e-01 7.602904987519843141e-17
8.860619469026551620e-01 7.056408079764651007e-17
8.896755162241891668e-01 6.548072555186230048e-17
8.932890855457231716e-01 6.075316951349594319e-17
8.969026548672571764e-01 5.635728388697785806e-17
9.005162241887907371e-01 5.227051988127205993e-17
9.041297935103247418e-01 4.847180923526587802e-17
9.077433628318587466e-01 4.494147073135316405e-17
9.113569321533927514e-01 4.166112235507533393e-17
9.149705014749267562e-01 3.861359877705312136e-17
9.185840707964607610e-01 3.578287385088753769e-17
9.221976401179943217e-01 3.315398783729102326e-17
9.258112094395283265e-01 3.071297908044311326e-17
9.294247787610623313e-01 2.844681987754729543e-17
9.330383480825963360e-01 2.634335629672686277e-17
9.366519174041303408e-01 2.439125171190327899e-17
9.402654867256639015e-01 2.257993383606599859e-17
9.438790560471979063e-01 2.089954504647953044e-17
9.474926253687319111e-01 1.934089580687141570e-17
9.511061946902659159e-01 1.789542100255004688e-17
9.547197640117999207e-01 1.655513901473926826e-17
9.583333333333339255e-01 1.531261337020769380e-17
9.619469026548674861e-01 1.416091681155216385e-17
9.655604719764014909e-01 1.309359764227870929e-17
9.691740412979354957e-01 1.210464820915367079e-17
9.727876106194695005e-01 1.118847539216154236e-17
9.764011799410035053e-01 1.033987297987391272e-17
9.800147492625370660e-01 9.553995815076729397e-18
9.836283185840710708e-01 8.826335602178067890e-18
9.872418879056050756e-01 8.152698274229661873e-18
9.908554572271390803e-01 7.529182823352173021e-18
9.944690265486730851e-01 6.952161503998766927e-18
9.980825958702070899e-01 6.418261323814059269e-18
1.001696165191740651e+00 5.924346741877335027e-18
1.005309734513274655e+00 5.467503498872282712e-18
1.008923303834808660e+00 5.045023508212551055e-18
1.012536873156342665e+00 4.654390741387154185e-18
1.016150442477876670e+00 4.293268044788002688e-18
1.019764011799410230e+00 3.959484829052682434e-18
1.023377581120944235e+00 3.651025575512881172e-18
1.026991150442478240e+00 3.366019107695473367e-18
1.030604719764012245e+00 3.102728578982082352e-18
1.034218289085546250e+00 2.859542130519035871e-18
1.037831858407080254e+00 2.634964176274605129e-18
1.041445427728613815e+00 2.427607274789219796e-18
1.045058997050147820e+00 2.236184549656481663e-18
1.048672566371681825e+00 2.059502623119499824e-18
1.052286135693215829e+00 1.896455029376917311e-18
1.055899705014749834e+00 1.746016076272662599e-18
1.059513274336283395e+00 1.607235125999962472e-18
1.063126843657817400e+00 1.479231267291139202e-18
1.066740412979351404e+00 1.361188353295448821e-18
1.070353982300885409e+00 1.252350380975341263e-18
1.073967551622419414e+00 1.152017189381511741e-18
1.077581120943953419e+00 1.059540455604817326e-18
1.081194690265486980e+00 9.743199685547206365e-19
1.084808259587020984e+00 8.958001619824642784e-19
1.088421828908554989e+00 8.234668893597570489e-19
1.092035398230088994e+00 7.568444243418564939e-19
1.095648967551622999e+00 6.954926715954461331e-19
1.099262536873156559e+00 6.390045737564936429e-19
1.102876106194690564e+00 5.870037012087302160e-19
1.106489675516224569e+00 5.391420122408049259e-19
1.110103244837758574e+00 4.950977719534633997e-19
1.113716814159292579e+00 4.545736190512152665e-19
1.117330383480826583e+00 4.172947703677083321e-19
1.120943952802360144e+00 3.830073536440342401e-19
1.124557522123894149e+00 3.514768597069523937e-19
1.128171091445428154e+00 3.224867057820902620e-19
1.131784660766962158e+00 2.958369022275556208e-19
1.135398230088496163e+00 2.713428154891631132e-19
1.139011799410029724e+00 2.488340205608365355e-19
1.142625368731563729e+00 2.281532366853961175e-19
1.146238938053097733e+00 2.091553404533749783e-19
1.149852507374631738e+00 1.917064508526477038e-19
1.153466076696165743e+00 1.756830811912656842e-19
1.157079646017699748e+00 1.609713531613302786e-19
1.160693215339233308e+00 1.474662686347355008e-19
1.164306784660767313e+00 1.350710350833417533e-19
1.167920353982301318e+00 1.236964407982129719e-19
1.171533923303835323e+00 1.132602763457894485e-19
1.175147492625369328e+00 1.036867989449960582e-19
1.178761061946902888e+00 9.490623667878311004e-20
1.182374631268436893e+00 8.685432966805409633e-20
1.185988200589970898e+00 7.947190553593530047e-20
1.189601769911504903e+00 7.270448667699542273e-20
1.193215339233038907e+00 6.650192702015455663e-20
1.196828908554572468e+00 6.081807613633770833e-20
1.200442477876106473e+00 5.561046869338356692e-20
1.204056047197640478e+00 5.084003740178719277e-20
1.207669616519174483e+00 4.647084772639952561e-20
1.211283185840708487e+00 4.246985276175520397e-20
1.214896755162242492e+00 3.880666678283384730e-20
1.218510324483776053e+00 3.545335608940325550e-20
1.222123893805310058e+00 3.238424586105992403e-20
1.225737463126844062e+00 2.957574183226275699e-20
1.229351032448378067e+00 2.700616568239879712e-20
1.232964601769912072e+00 2.465560311575270859e-20
1.236578171091445633e+00 2.250576368048275184e-20
1.240191740412979637e+00 2.053985144475928719e-20
1.243805309734513642e+00 1.874244571244903766e-20
1.247418879056047647e+00 1.709939102040318717e-20
1.251032448377581652e+00 1.559769571491366690e-20
1.254646017699115657e+00 1.422543845644964734e-20
1.258259587020649217e+00 1.297168204969889373e-20
1.261873156342183222e+00 1.182639404042169726e-20
1.265486725663717227e+00 1.078037356196214155e-20
1.269100294985251232e+00 9.825183952607265965e-21
1.272713864306785236e+00 8.953090700607626758e-21
1.276327433628318797e+00 8.157004306715744310e-21
1.279941002949852802e+00 7.430427684760424691e-21
1.283554572271386807e+00 6.767407749224132342e-21
1.287168141592920811e+00 6.162490865161822824e-21
1.290781710914454816e+00 5.610681860268425772e-21
1.294395280235988821e+00 5.107406321569177987e-21
1.298008849557522382e+00 4.648475920228030907e-21
1.301622418879056386e+00 4.230056527438541112e-21
1.305235988200590391e+00 3.848638902405259856e-21
1.308849557522124396e+00 3.501011750130210210e-21
1.312463126843658401e+00 3.184236962194180514e-21
1.316076696165191962e+00 2.895626868047148683e-21
1.319690265486725966e+00 2.632723337580697481e-21
1.323303834808259971e+00 2.393278588028867951e-21
1.326917404129793976e+00 2.175237559593337494e-21
1.330530973451327981e+00 1.976721734693884275e-21
1.334144542772861985e+00 1.796014285455148256e-21
1.337758112094395546e+00 1.631546443022538281e-21
1.341371681415929551e+00 1.481884990599898326e-21
1.344985250737463556e+00 1.345720789775841760e-21
1.348598820058997561e+00 1.221858256793597745e-21
1.352212389380531565e+00 1.109205711969742317e-21
1.355825958702065126e+00 1.006766531515983997e-21
1.359439528023599131e+00 9.136310366046377525e-22
1.363053097345133136e+00 8.289690596757388125e-22
1.366666666666667140e+00 7.520231327439540245e-22
1.370280235988201145e+00 6.821022468569224797e-22
1.373893805309735150e+00 6.185761359099449657e-22
1.377507374631268711e+00 5.608700417608231322e-22
1.381120943952802715e+00 5.084599210370761957e-22
1.384734513274336720e+00 4.608680572075318400e-22
1.388348082595870725e+00 4.176590444210961240e-22
1.391961651917404730e+00 3.784361123174192935e-22
1.395575221238938290e+00 3.428377635034232390e-22
1.399188790560472295e+00 3.105346976831888040e-22
1.402802359882006300e+00 2.812269985413102249e-22
1.406415929203540305e+00 2.546415614250079115e-22
1.410029498525074310e+00 2.305297416616279373e-22
1.413643067846608314e+00 2.086652049968264378e-22
1.417256637168141875e+00 1.888419631561205161e-22
1.420870206489675880e+00 1.708725789286673930e-22
1.424483775811209885e+00 1.545865264565269711e-22
1.428097345132743889e+00 1.398286935939448880e-22
1.431710914454277894e+00 1.264580142874736877e-22
1.435324483775811455e+00 1.143462199263687967e-22
1.438938053097345460e+00 1.033766995306837063e-22
1.442551622418879465e+00 9.344345948797959163e-23
1.446165191740413469e+00 8.445017432460366230e-23
1.449778761061947474e+00 7.630932070949203238e-23
1.453392330383481479e+00 6.894138754221236515e-23
1.457005899705015040e+00 6.227415557737835539e-23
1.460619469026549044e+00 5.624204058868325124e-23
1.464233038348083049e+00 5.078549458169598672e-23
1.467846607669617054e+00 4.585046002867540245e-23
1.471460176991151059e+00 4.138787252460769087e-23
1.475073746312684619e+00 3.735320765426002221e-23
1.478687315634218624e+00 3.370606821827711556e-23
1.482300884955752629e+00 3.040980829482961181e-23
1.485914454277286634e+00 2.743119091438996633e-23
1.489528023598820639e+00 2.474007640117784432e-23
1.493141592920354643e+00 2.230913868767625501e-23
1.496755162241888204e+00 2.011360714026223899e-23
1.500368731563422209e+00 1.813103164617162846e-23
1.503982300884956214e+00 1.634106890632262769e-23
1.507595870206490218e+00 1.472528805640919942e-23
1.511209439528024223e+00 1.326699390151168757e-23
1.514823008849557784e+00 1.195106619850287058e-23
1.518436578171091789e+00 1.076381355688379862e-23
1.522050147492625793e+00 9.692840653420833515e-24
1.525663716814159798e+00 8.726927570054700492e-24
1.529277286135693803e+00 7.855920168875704980e-24
1.532890855457227808e+00 7.070630513341634339e-24
1.536504424778761368e+00 6.362746432107527510e-24
1.540117994100295373e+00 5.724749401504393802e-24
1.543731563421829378e+00 5.149839995512385786e-24
1.547345132743363383e+00 4.631870218570173595e-24
1.550958702064897388e+00 4.165282097306149433e-24
1.554572271386430948e+00 3.745051962737371468e-24
1.558185840707964953e+00 3.366639905115459520e-24
1.561799410029498958e+00 3.025943929818218149e-24
1.565412979351032963e+00 2.719258384860510921e-24
1.569026548672566967e+00 2.443236269079596882e-24
1.572640117994100972e+00 2.194855065155329850e-24
1.576253687315634533e+00 1.971385773638143108e-24
1.579867256637168538e+00 1.770364853352027393e-24
1.583480825958702543e+00 1.589568800153158176e-24
1.587094395280236547e+00 1.426991120280688422e-24
1.590707964601770552e+00 1.280821476643876911e-24
1.594321533923304113e+00 1.149426806529243255e-24
1.597935103244838118e+00 1.031334227556733953e-24
1.601548672566372122e+00 9.252155654246134923e-25
1.605162241887906127e+00 8.298733521951091132e-25
1.608775811209440132e+00 7.442281577240772894e-25
1.612389380530973693e+00 6.673071294447680770e-25
1.616002949852507697e+00 5.982336271871056531e-25
1.619616519174041702e+00 5.362178501519990629e-25
1.623230088495575707e+00 4.805483626540524231e-25
1.626843657817109712e+00 4.305844338813413250e-25
1.630457227138643717e+00 3.857491147716486794e-25
1.634070796460177277e+00 3.455229822426853439e-25
1.637684365781711282e+00 3.094384875008325928e-25
1.641297935103245287e+00 2.770748510487406506e-25
1.644911504424779292e+00 2.480534523679233307e-25
1.648525073746313296e+00 2.220336671180914100e-25
1.652138643067846857e+00 1.987091091136733870e-25
1.655752212389380862e+00 1.778042383501351046e-25
1.659365781710914867e+00 1.590712999950334477e-25
1.662979351032448871e+00 1.422875625647894968e-25
1.666592920353982876e+00 1.272528265081615410e-25
1.670206489675516881e+00 1.137871771393626486e-25
1.673820058997050442e+00 1.017289583326895706e-25
1.677433628318584447e+00 9.093294562985183033e-26
1.681047197640118451e+00 8.126869944156759938e-26
1.684660766961652456e+00 7.261908086559925849e-26
1.688274336283186461e+00 6.487891431186865089e-26
1.691887905604720022e+00 5.795378263709938496e-26
1.695501474926254026e+00 5.175894186122654876e-26
1.699115044247788031e+00 4.621834377865495781e-26
1.702728613569322036e+00 4.126375590121191430e-26
1.706342182890856041e+00 3.683396918715034608e-26
1.709955752212390045e+00 3.287408493182180924e-26
1.713569321533923606e+00 2.933487302938058014e-26
1.717182890855457611e+00 2.617219456946204009e-26
1.720796460176991616e+00 2.334648241545789766e-26
1.724410029498525621e+00 2.082227402857343043e-26
1.728023598820059625e+00 1.856779136037678431e-26
1.731637168141593186e+00 1.655456314159454851e-26
1.735250737463127191e+00 1.475708535149501030e-26
1.738864306784661196e+00 1.315251606489890763e-26
1.742477876106195200e+00 1.172040124681142756e-26
1.746091445427729205e+00 1.044242840165278309e-26
1.749705014749263210e+00 9.302205288464118822e-27
1.753318584070796771e+00 8.285061188402109055e-27
1.756932153392330775e+00 7.377868459088390516e-27
1.760545722713864780e+00 6.568882334524022080e-27
1.764159292035398785e+00 5.847597131579233680e-27
1.767772861356932790e+00 5.204617206651636739e-27
1.771386430678466350e+00 4.631541170828974424e-27
1.775000000000000355e+00 4.120858020490808953e-27
1.778613569321534360e+00 3.665853974333700427e-27
1.782227138643068365e+00 3.260528928663110045e-27
1.785840707964602370e+00 2.899521551773353380e-27
1.789454277286136374e+00 2.578042136461785836e-27
1.793067846607669935e+00 2.291812418252820006e-27
1.796681415929203940e+00 2.037011646667979229e-27
1.800294985250737945e+00 1.810228268744374135e-27
1.803908554572271949e+00 1.608416648720751188e-27
1.807522123893805954e+00 1.428858306102225648e-27
1.811135693215339515e+00 1.269127206786117540e-27
1.814749262536873520e+00 1.127058689173110410e-27
1.818362831858407525e+00 1.000721649701372725e-27
1.821976401179941529e+00 8.883936504968806635e-28
1.825589970501475534e+00 7.885386462490615084e-28
1.829203539823009539e+00 6.997870583782988969e-28
1.832817109144543100e+00 6.209179524012685670e-28
1.836430678466077104e+00 5.508430994295328796e-28
1.840044247787611109e+00 4.885927252404426756e-28
1.843657817109145114e+00 4.333027705813894086e-28
1.847271386430679119e+00 3.842035045427378695e-28
1.850884955752212679e+00 3.406093491613460745e-28
1.854498525073746684e+00 3.019097880828258266e-28
1.858112094395280689e+00 2.675612452817890275e-28
1.861725663716814694e+00 2.370798316655688088e-28
1.865339233038348699e+00 2.100348680041702093e-28
1.868952802359882703e+00 1.860431021583256971e-28
1.872566371681416264e+00 1.647635471289880368e-28
1.876179941002950269e+00 1.458928741240832891e-28
1.879793510324484274e+00 1.291613017207939144e-28
1.883407079646018278e+00 1.143289283742404169e-28
1.887020648967552283e+00 1.011824610583899531e-28
1.890634218289085844e+00 8.953229778718153268e-29
1.894247787610619849e+00 7.920992621157318916e-29
1.897861356932153853e+00 7.006560447439559230e-29
1.901474926253687858e+00 6.196629407610660645e-29
1.905088495575221863e+00 5.479381770412158773e-29
1.908702064896755868e+00 4.844321784382973638e-29
1.912315634218289429e+00 4.282129455552619243e-29
1.915929203539823433e+00 3.784530309879948597e-29
1.919542772861357438e+00 3.344179414249470230e-29
1.923156342182891443e+00 2.954558113878602443e-29
1.926769911504425448e+00 2.609882108678492182e-29
1.930383480825959008e+00 2.305019638438516957e-29
1.933997050147493013e+00 2.035418678486712222e-29
1.937610619469027018e+00 1.797042165325314484e-29
1.941224188790561023e+00 1.586310377106499406e-29
1.944837758112095027e+00 1.400049688009509066e-29
1.948451327433629032e+00 1.235446999762255550e-29
1.952064896755162593e+00 1.090009228779726354e-29
1.955678466076696598e+00 9.615272946009037270e-30
1.959292035398230603e+00 8.480441153405556722e-30
1.962905604719764607e+00 7.478261694873549155e-30
1.966519174041298612e+00 6.593382312561217725e-30
1.970132743362832173e+00 5.812209294379774284e-30
1.973746312684366178e+00 5.122708178416737313e-30
1.977359882005900182e+00 4.514226794602114507e-30
1.980973451327434187e+00 3.977338168712561365e-30
1.984587020648968192e+00 3.503701084742518959e-30
1.988200589970502197e+00 3.085936343323419959e-30
1.991814159292035757e+00 2.717516969359602610e-30
1.995427728613569762e+00 2.392670814163914862e-30
1.999041297935103767e+00 2.106294168622631284e-30
2.002654867256637772e+00 1.853875156532216354e-30
2.006268436578171777e+00 1.631425813235570695e-30
2.009882005899705337e+00 1.435421875831168269e-30
2.013495575221239342e+00 1.262749419129768031e-30
2.017109144542773347e+00 1.110657567620931781e-30
2.020722713864307352e+00 9.767165992673605709e-31
2.024336283185841356e+00 8.587808331032471449e-31
2.027949852507374917e+00 7.549557603937079242e-31
2.031563421828908922e+00 6.635689394305293614e-31
2.035176991150442927e+00 5.831442276982544039e-31
2.038790560471976931e+00 5.123789728794379275e-31
2.042404129793510936e+00 4.501238266171243435e-31
2.046017699115044941e+00 3.953648826978298448e-31
2.049631268436578502e+00 3.472078748751092182e-31
2.053244837758112507e+00 3.048641993783462227e-31
2.056858407079646511e+00 2.676385536569734253e-31
2.060471976401180516e+00 2.349180064592847487e-31
2.064085545722714521e+00 2.061623352649359021e-31
2.067699115044248082e+00 1.808954856698236787e-31
2.071312684365782086e+00 1.586980238212315932e-31
2.074926253687316091e+00 1.392004676486653836e-31
2.078539823008850096e+00 1.220773956383786668e-31
2.082153392330384101e+00 1.070422434390977075e-31
2.085766961651918106e+00 9.384270882518442352e-32
2.089380530973451666e+00 8.225669462739050747e-32
2.092994100294985671e+00 7.208872729833211522e-32
2.096607669616519676e+00 6.316679592467693890e-32
2.100221238938053236e+00 5.533956283345354417e-32
2.103834808259587685e+00 4.847390255564726691e-32
2.107448377581121246e+00 4.245273088788368388e-32
2.111061946902655695e+00 3.717309020371317447e-32
2.114675516224189256e+00 3.254446107394198619e-32
2.118289085545722816e+00 2.848727371693838068e-32
2.121902654867257265e+00 2.493159586575790211e-32
2.125516224188790826e+00 2.181597635346125976e-32
2.129129793510325275e+00 1.908642612131902107e-32
2.132743362831858835e+00 1.669552048192145511e-32
2.136356932153393284e+00 1.460160835168729215e-32
2.139970501474926845e+00 1.276811583308114571e-32
2.143584070796460406e+00 1.116293300031289592e-32
2.147197640117994855e+00 9.757874045691481496e-33
2.150811209439528415e+00 8.528202096309407719e-33
2.154424778761062864e+00 7.452211029755289712e-33
2.158038348082596425e+00 6.510857518326748372e-33
2.161651917404129986e+00 5.687437327341501562e-33
2.165265486725664434e+00 4.967300596616716439e-33
2.168879056047197995e+00 4.337601455706562455e-33
2.172492625368732444e+00 3.787077872465776705e-33
2.176106194690266005e+00 3.305858119353807403e-33
2.179719764011799565e+00 2.885290669978425688e-33
2.183333333333334014e+00 2.517794716324561928e-33
2.186946902654867575e+00 2.196728830676930346e-33
2.190560471976402024e+00 1.916275590639132356e-33
2.194174041297935585e+00 1.671340245375445403e-33
2.197787610619469145e+00 1.457461730328821151e-33
2.201401179941003594e+00 1.270734539757060828e-33
2.205014749262537155e+00 1.107740144623950602e-33
2.208628318584071604e+00 9.654868005018641318e-34
2.212241887905605164e+00 8.413567286315780591e-34
2.215855457227138725e+00 7.330597753396886932e-34
2.219469026548673174e+00 6.385927625737053255e-34
2.223082595870206735e+00 5.562038370583532417e-34
2.226696165191741184e+00 4.843612090424592097e-34
2.230309734513274744e+00 4.217257451058911098e-34
2.233923303834809193e+00 3.671269442112322179e-34
2.237536873156342754e+00 3.195418831609749736e-34
2.241150442477876314e+00 2.780767677631232093e-34
2.244764011799410763e+00 2.419507701398903969e-34
2.248377581120944324e+00 2.104818714388789012e-34
2.251991150442478773e+00 1.830744633597614050e-34
2.255604719764012334e+00 1.592084919506196098e-34
2.259218289085545894e+00 1.384299535409455117e-34
2.262831858407080343e+00 1.203425759036090096e-34
2.266445427728613904e+00 1.046005381506140218e-34
2.270058997050148353e+00 9.090210080924094584e-35
2.273672566371681913e+00 7.898403328940966388e-35
2.277286135693215474e+00 6.861673980247692536e-35
2.280899705014749923e+00 5.959999695682949667e-35
2.284513274336283484e+00 5.175922693877656952e-35
2.288126843657817933e+00 4.494223956751213249e-35
2.291740412979351493e+00 3.901638474756555327e-35
2.295353982300885054e+00 3.386606406981814756e-35
2.298967551622419503e+00 2.939055665479390768e-35
2.302581120943953064e+00 2.550211989666374133e-35
2.306194690265487512e+00 2.212433064812569279e-35
2.309808259587021073e+00 1.919063666771938222e-35
2.313421828908555522e+00 1.664309190538083364e-35
2.317035398230089083e+00 1.443125249376939622e-35
2.320648967551622643e+00 1.251121319800723375e-35
2.324262536873157092e+00 1.084476660513729910e-35
2.327876106194690653e+00 9.398669550379701679e-36
2.331489675516225102e+00 8.144003218274253916e-36
2.335103244837758663e+00 7.055615057144480541e-36
2.338716814159292223e+00 6.111632134248150092e-36
2.342330383480826672e+00 5.293036862762269004e-36
2.345943952802360233e+00 4.583297173085539845e-36
2.349557522123894682e+00 3.968044199869949796e-36
2.353171091445428242e+00 3.434791430451169967e-36
2.356784660766961803e+00 2.972690025153997650e-36
2.360398230088496252e+00 2.572315689076972996e-36
2.364011799410029813e+00 2.225483060135052748e-36
2.367625368731564262e+00 1.925084089863636624e-36
2.371238938053097822e+00 1.664947340885997734e-36
2.374852507374631383e+00 1.439715516011914887e-36
2.378466076696165832e+00 1.244738875739474429e-36
2.382079646017699393e+00 1.075982499570421357e-36
2.385693215339233841e+00 9.299456074822992539e-37
2.389306784660767402e+00 8.035913857940657526e-37
2.392920353982301851e+00 6.942859607044016390e-37
2.396533923303835412e+00 5.997453365631858499e-37
2.400147492625368972e+00 5.179892676577773273e-37
2.403761061946903421e+00 4.473011647125911095e-37
2.407374631268436982e+00 3.861932528641766600e-37
2.410988200589971431e+00 3.333762987013316967e-37
2.414601769911504991e+00 2.877333119155407311e-37
2.418215339233038552e+00 2.482967038234036874e-37
2.421828908554573001e+00 2.142284519178359986e-37
2.425442477876106562e+00 1.848028779318968948e-37
2.429056047197641011e+00 1.593916977400553093e-37
2.432669616519174571e+00 1.374510457333404304e-37
2.436283185840708132e+00 1.185102149157489550e-37
2.439896755162242581e+00 1.021618876102332642e-37
2.443510324483776142e+00 8.805366096213264545e-38
2.447123893805310590e+00 7.588069694912926007e-38
2.450737463126844151e+00 6.537934882483064080e-38
2.454351032448377712e+00 5.632163526903813602e-38
2.457964601769912161e+00 4.851045035464275317e-38
2.461578171091445721e+00 4.177541209420498027e-38
2.465191740412980170e+00 3.596926507873649154e-38
2.468805309734513731e+00 3.096476381267261633e-38
2.472418879056048180e+00 2.665197299553088522e-38
2.476032448377581741e+00 2.293592938993880157e-38
2.479646017699115301e+00 1.973461720952520543e-38
2.483259587020649750e+00 1.697721530063530653e-38
2.486873156342183311e+00 1.460257990253060362e-38
2.490486725663717760e+00 1.255793155943584865e-38
2.494100294985251320e+00 1.079771891813940385e-38
2.497713864306784881e+00 9.282635758873418398e-39
2.501327433628319330e+00 7.978770745964657951e-39
2.504941002949852891e+00 6.856872110001003224e-39
2.508554572271387340e+00 5.891711839600576170e-39
2.512168141592920900e+00 5.061536014556184195e-39
2.515781710914454461e+00 4.347589694656386747e-39
2.519395280235988910e+00 3.733706325015851134e-39
2.523008849557522471e+00 3.205952960521435548e-39
2.526622418879056919e+00 2.752323775754510847e-39
2.530235988200590480e+00 2.362475335996533098e-39
2.533849557522124041e+00 2.027497979994555866e-39
2.537463126843658490e+00 1.739718423765564890e-39
2.541076696165192050e+00 1.492529352202562340e-39
2.544690265486726499e+00 1.280242335025345768e-39
2.548303834808260060e+00 1.097960897289572792e-39
2.551917404129794509e+00 9.414710022876678314e-40
2.555530973451328070e+00 8.071465750702334987e-40
2.559144542772861630e+00 6.918680155211200934e-40
2.562758112094396079e+00 5.929519276205872562e-40
2.566371681415929640e+00 5.080905318663718228e-40
2.569985250737464089e+00 4.352994358719863344e-40
2.573598820058997649e+00 3.728726181479908283e-40
2.577212389380531210e+00 3.193436358158840245e-40
2.580825958702065659e+00 2.734522017021146014e-40
2.584439528023599220e+00 2.341153927560162115e-40
2.588053097345133668e+00 2.004028524699738052e-40
2.591666666666667229e+00 1.715154370609843302e-40
2.595280235988200790e+00 1.467668304426288611e-40
2.598893805309735239e+00 1.255677180662704201e-40
2.602507374631268799e+00 1.074121659123930075e-40
2.606120943952803248e+00 9.186589946836013545e-41
2.609734513274336809e+00 7.855621946294802581e-41
2.613348082595870370e+00 6.716332734491131539e-41
2.616961651917404819e+00 5.741286475900481826e-41
2.620575221238938379e+00 4.906949826491520086e-41
2.624188790560472828e+00 4.193140384163383656e-41
2.627802359882006389e+00 3.582552582162429048e-41
2.631415929203539950e+00 3.060350224399540887e-41
2.635029498525074398e+00 2.613816357722702720e-41
2.638643067846607959e+00 2.232052466514592351e-41
2.642256637168142408e+00 1.905720087689388310e-41
2.645870206489675969e+00 1.626818903385230353e-41
2.649483775811210418e+00 1.388496195581170014e-41
2.653097345132743978e+00 1.184883259430332434e-41
2.656710914454277539e+00 1.010954986171392099e-41
2.660324483775811988e+00 8.624093554805555325e-42
2.663938053097345549e+00 7.355640327636438950e-42
2.667551622418879997e+00 6.272676593162290148e-42
2.671165191740413558e+00 5.348237611401234904e-42
2.674778761061947119e+00 4.559254930872128651e-42
2.678392330383481568e+00 3.885996853532738827e-42
2.682005899705015128e+00 3.311588747996139389e-42
2.685619469026549577e+00 2.821601889524471253e-42
2.689233038348083138e+00 2.403701100016069283e-42
2.692846607669616699e+00 2.047342832737719506e-42
2.696460176991151148e+00 1.743516526090796216e-42
2.700073746312684708e+00 1.484523064735925216e-42
2.703687315634219157e+00 1.263785058142037844e-42
2.707300884955752718e+00 1.075684395875018989e-42
2.710914454277286278e+00 9.154231827236828215e-43
2.714528023598820727e+00 7.789047099097184748e-43
2.718141592920354288e+00 6.626315937713090306e-43
2.721755162241888737e+00 5.636186213695050174e-43
2.725368731563422298e+00 4.793181928753868405e-43
2.728982300884956747e+00 4.075565514187023482e-43
2.732595870206490307e+00 3.464792493061655610e-43
2.736209439528023868e+00 2.945045211204852357e-43
2.739823008849558317e+00 2.502834243707782943e-43
2.743436578171091877e+00 2.126657714917422375e-43
2.747050147492626326e+00 1.806710169217630568e-43
2.750663716814159887e+00 1.534633829790821308e-43
2.754277286135693448e+00 1.303306111573110476e-43
2.757890855457227897e+00 1.106658136557911441e-43
2.761504424778761457e+00 9.395197557282315233e-44
2.765117994100295906e+00 7.974872297129767889e-44
2.768731563421829467e+00 6.768102754158358580e-44
2.772345132743363028e+00 5.742956613927555557e-44
2.775958702064897476e+00 4.872249420495481642e-44
2.779572271386431037e+00 4.132842695191694106e-44
2.783185840707965486e+00 3.505045207048327606e-44
2.786799410029499047e+00 2.972102325914048743e-44
2.790412979351032607e+00 2.519760577374009644e-44
2.794026548672567056e+00 2.135896390557731798e-44
2.797640117994100617e+00 1.810199631857033997e-44
2.801253687315635066e+00 1.533903887662460127e-44
2.804867256637168627e+00 1.299556631107596498e-44
2.808480825958703075e+00 1.100823409812174340e-44
2.812094395280236636e+00 9.323210483037818444e-45
2.815707964601770197e+00 7.894755910724873592e-45
2.819321533923304646e+00 6.684013380316479415e-45
2.822935103244838206e+00 5.657978589011184408e-45
2.826548672566372655e+00 4.788623298798371179e-45
2.830162241887906216e+00 4.052149261919138898e-45
2.833775811209439777e+00 3.428353373414828316e-45
2.837389380530974226e+00 2.900087564516656326e-45
2.841002949852507786e+00 2.452799379985780468e-45
2.844616519174042235e+00 2.074141255660009494e-45
2.848230088495575796e+00 1.753638282100290942e-45
2.851843657817109357e+00 1.482405749817688881e-45
2.855457227138643805e+00 1.252909059550067344e-45
2.859070796460177366e+00 1.058759679494817561e-45
2.862684365781711815e+00 8.945417682048298254e-46
2.866297935103245376e+00 7.556648805195204492e-46
2.869911504424778936e+00 6.382388547784574501e-46
2.873525073746313385e+00 5.389675598383517350e-46
2.877138643067846946e+00 4.550586749338523990e-46
2.880752212389381395e+00 3.841470967199314827e-46
2.884365781710914955e+00 3.242299267260932444e-46
2.887979351032449404e+00 2.736112981201746145e-46
2.891592920353982965e+00 2.308555609543750896e-46
2.895206489675516526e+00 1.947475666656104441e-46
2.898820058997050975e+00 1.642589812344575152e-46
2.902433628318584535e+00 1.385197169402730581e-46
2.906047197640118984e+00 1.167937092540996147e-46
2.909660766961652545e+00 9.845838163024435363e-47
2.913274336283186106e+00 8.298723980847391184e-47
2.916887905604720554e+00 6.993512131422821242e-47
2.920501474926254115e+00 5.892569732595733552e-47
2.924115044247788564e+00 4.964088485729866979e-47
2.927728613569322125e+00 4.181187885378955160e-47
2.931342182890855685e+00 3.521155770725347612e-47
2.934955752212390134e+00 2.964805299101662606e-47
2.938569321533923695e+00 2.495930590698500274e-47
2.942182890855458144e+00 2.100845985270884653e-47
2.945796460176991705e+00 1.767996137203474277e-47
2.949410029498525265e+00 1.487626116162323763e-47
2.953023598820059714e+00 1.251502328019723066e-47
2.956637168141593275e+00 1.052676469109206337e-47
2.960250737463127724e+00 8.852859135427574605e-48
2.963864306784661284e+00 7.443849401153429073e-48
2.967477876106195733e+00 6.258020594540056308e-48
2.971091445427729294e+00 5.260194264316327760e-48
2.974705014749262855e+00 4.420709371692185134e-48
2.978318584070797304e+00 3.714561307742287501e-48
2.981932153392330864e+00 3.120674574306539262e-48
2.985545722713865313e+00 2.621288486660038341e-48
2.989159292035398874e+00 2.201438426667054606e-48
2.992772861356932435e+00 1.848517861687447392e-48
2.996386430678466883e+00 1.551908619889577477e-48
3.000000000000000000e+00 1.302668839941687957e-48
