0.000000000000000000e+00
6.132970661774559545e-02
6.132970661774559545e-02
6.643067775955080467e-02
7.108936580085414847e-02
7.304846720096998258e-02
7.016083973803510787e-02
7.047295402290555677e-02
7.089605953077796063e-02
7.173408348882857888e-02
7.190661417386133569e-02
7.107383349275891993e-02
7.107383349275891993e-02
7.107271516612345685e-02
7.123475657412452200e-02
7.163515059451881772e-02
7.163515059451881772e-02
7.163515059451881772e-02
7.178155868750317470e-02
7.178155868750317470e-02
7.178155868750317470e-02
7.179544471055072929e-02
7.179544471055072929e-02
7.179382540496108411e-02
7.179382540496108411e-02
7.179382540496108411e-02
7.179382540496108411e-02
7.179382540496108411e-02
7.174604005811675844e-02
7.174604005811675844e-02
7.174604005811675844e-02
7.174604005811675844e-02
7.174604005811675844e-02
7.175328566922563323e-02
7.175328566922563323e-02
7.175328566922563323e-02
7.175328566922563323e-02
7.175328566922563323e-02
7.175328566922563323e-02
7.175328566922563323e-02
7.175328566922563323e-02
7.175328566922563323e-02
7.175328566922563323e-02
7.175328566922563323e-02
7.175328566922563323e-02
7.175328566922563323e-02
7.175328566922563323e-02
7.175328566922563323e-02
7.175328566922563323e-02
7.175328566922563323e-02
7.175328566922563323e-02
7.175328566922563323e-02
7.175328566922563323e-02
7.175328566922563323e-02
7.175328566922563323e-02
7.175328566922563323e-02
7.175328566922563323e-02
7.175328566922563323e-02
7.175328566922563323e-02
7.175328566922563323e-02
7.175328566922563323e-02
7.175328566922563323e-02
7.175328566922563323e-02
7.175328566922563323e-02
7.175328566922563323e-02
7.175328566922563323e-02
7.175328566922563323e-02
7.175328566922563323e-02
7.175328566922563323e-02
7.175328566922563323e-02
7.175328566922563323e-02
7.175328566922563323e-02
7.175328566922563323e-02
7.175328566922563323e-02
7.175328566922563323e-02
7.175328566922563323e-02
7.175328566922563323e-02
7.175328566922563323e-02
7.175328566922563323e-02
7.175328566922563323e-02
7.175328566922563323e-02
7.175328566922563323e-02
7.175328566922563323e-02
7.175328566922563323e-02
7.175328566922563323e-02
7.175328566922563323e-02
7.175328566922563323e-02
7.175328566922563323e-02
7.175328566922563323e-02
7.175328566922563323e-02
7.175328566922563323e-02
7.175328566922563323e-02
7.175328566922563323e-02
7.175328566922563323e-02
7.175328566922563323e-02
7.175328566922563323e-02
7.175328566922563323e-02
7.175328566922563323e-02
7.175328566922563323e-02
7.175328566922563323e-02
7.175328566922563323e-02
7.175328566922563323e-02
7.175328566922563323e-02
7.175328566922563323e-02
7.175328566922563323e-02
7.175328566922563323e-02
7.175328566922563323e-02
7.175328566922563323e-02
7.175328566922563323e-02
7.175328566922563323e-02
7.175328566922563323e-02
7.175328566922563323e-02
7.175328566922563323e-02
7.175328566922563323e-02
7.175328566922563323e-02
7.175328566922563323e-02
7.175328566922563323e-02
7.175328566922563323e-02
7.175328566922563323e-02
7.175328566922563323e-02
7.175328566922563323e-02
7.175328566922563323e-02
7.175328566922563323e-02
7.175328566922563323e-02
7.175328566922563323e-02
7.175328566922563323e-02
7.175328566922563323e-02
7.175328566922563323e-02
7.175328566922563323e-02
7.175328566922563323e-02
7.175328566922563323e-02
7.175328566922563323e-02
7.175328566922563323e-02
7.175328566922563323e-02
7.175328566922563323e-02
7.175328566922563323e-02
7.175328566922563323e-02
7.175328566922563323e-02
7.175328566922563323e-02
7.175328566922563323e-02
7.175328566922563323e-02
7.175328566922563323e-02
7.175328566922563323e-02
7.175328566922563323e-02
7.175328566922563323e-02
7.175328566922563323e-02
7.175328566922563323e-02
7.175328566922563323e-02
7.175328566922563323e-02
7.175328566922563323e-02
7.175328566922563323e-02
7.175328566922563323e-02
7.175328566922563323e-02
7.175328566922563323e-02
7.175328566922563323e-02
7.175328566922563323e-02
7.175328566922563323e-02
7.175328566922563323e-02
7.175328566922563323e-02
7.175328566922563323e-02
7.175328566922563323e-02
7.175328566922563323e-02
7.175328566922563323e-02
7.175328566922563323e-02
7.175328566922563323e-02
7.175328566922563323e-02
7.175328566922563323e-02
7.175328566922563323e-02
7.175328566922563323e-02
7.175328566922563323e-02
7.175328566922563323e-02
7.175328566922563323e-02
7.175328566922563323e-02
7.175328566922563323e-02
7.175328566922563323e-02
7.175328566922563323e-02
7.175328566922563323e-02
7.175328566922563323e-02
7.175328566922563323e-02
7.175328566922563323e-02
7.175328566922563323e-02
7.175328566922563323e-02
7.175328566922563323e-02
7.175328566922563323e-02
7.175328566922563323e-02
7.175328566922563323e-02
7.175328566922563323e-02
7.175328566922563323e-02
7.175328566922563323e-02
7.175328566922563323e-02
7.175328566922563323e-02
7.175328566922563323e-02
7.175328566922563323e-02
7.175328566922563323e-02
7.175328566922563323e-02
7.175328566922563323e-02
7.175328566922563323e-02
7.175328566922563323e-02
7.175328566922563323e-02
7.175328566922563323e-02
7.175328566922563323e-02
7.175328566922563323e-02
7.175328566922563323e-02
7.175328566922563323e-02
7.175328566922563323e-02
7.175328566922563323e-02
7.175328566922563323e-02
7.175328566922563323e-02
7.175328566922563323e-02
7.175328566922563323e-02
7.175328566922563323e-02
7.175328566922563323e-02
7.175328566922563323e-02
7.175328566922563323e-02
7.175328566922563323e-02
7.175328566922563323e-02
7.175328566922563323e-02
7.175328566922563323e-02
7.175328566922563323e-02
7.175328566922563323e-02
7.175328566922563323e-02
7.175328566922563323e-02
7.175328566922563323e-02
7.175328566922563323e-02
7.175328566922563323e-02
7.175328566922563323e-02
7.175328566922563323e-02
7.175328566922563323e-02
7.175328566922563323e-02
7.175328566922563323e-02
7.175328566922563323e-02
7.175328566922563323e-02
7.175328566922563323e-02
7.175328566922563323e-02
7.175328566922563323e-02
7.175328566922563323e-02
7.175328566922563323e-02
7.175328566922563323e-02
7.175328566922563323e-02
7.175328566922563323e-02
7.175328566922563323e-02
7.175328566922563323e-02
7.175328566922563323e-02
7.175328566922563323e-02
7.175328566922563323e-02
7.175328566922563323e-02
7.175328566922563323e-02
7.175328566922563323e-02
7.175328566922563323e-02
7.175328566922563323e-02
