1.000000000000000000e+00
9.999962576862863051e-01
9.997618414965900868e-01
9.996373273648503366e-01
9.995543983880242900e-01
9.994768708174470717e-01
9.982520102967317177e-01
9.978564135273527702e-01
9.955873071887141323e-01
9.942910115714485020e-01
9.940062393536268637e-01
9.940062393536268637e-01
9.938217625195023830e-01
9.938217625195023830e-01
9.927956964883012381e-01
9.919790432117424617e-01
9.870863991296369155e-01
9.859219535128820322e-01
9.849371848427965759e-01
9.834965908117679900e-01
9.830059945696423274e-01
9.822489838172494547e-01
9.822489838172494547e-01
9.818660678298999356e-01
9.809566441203102505e-01
9.798288729116880758e-01
9.796626489774964419e-01
9.793014848526586658e-01
9.792827584717206379e-01
9.722768032877104893e-01
9.710343089878187284e-01
9.699286202967974946e-01
9.699286202967974946e-01
9.699286202967974946e-01
9.696323024370191446e-01
9.689650415248384219e-01
9.668931781143984550e-01
9.657217852181678719e-01
9.653860027412803912e-01
9.648666476568292794e-01
9.647270951273675399e-01
9.647270951273675399e-01
9.628832088239502873e-01
9.628832088239502873e-01
9.609166220533922331e-01
9.609166220533922331e-01
9.609166220533922331e-01
9.609166220533922331e-01
9.609166220533922331e-01
9.609166220533922331e-01
9.604228421198129917e-01
9.572733776538817629e-01
9.572733776538817629e-01
9.572733776538817629e-01
9.566776296713873640e-01
9.566776296713873640e-01
9.566026660074602450e-01
9.566026660074602450e-01
9.566026660074602450e-01
9.566026660074602450e-01
9.568233052508623437e-01
9.561533336201450961e-01
9.561533336201450961e-01
9.548433275832970413e-01
9.535971667157262521e-01
9.535971667157262521e-01
9.535971667157262521e-01
9.535971667157262521e-01
9.523024575031848737e-01
9.518569911714506171e-01
9.518569911714506171e-01
9.518569911714506171e-01
9.506402564081253281e-01
9.506402564081253281e-01
9.506402564081253281e-01
9.506402564081253281e-01
9.474102476703216702e-01
9.449606581148979334e-01
9.449606581148979334e-01
9.424718338966714404e-01
9.424718338966714404e-01
9.416874951132404581e-01
9.416874951132404581e-01
9.416874951132404581e-01
9.416874951132404581e-01
9.406853496680236404e-01
9.393183389019164053e-01
9.393183389019164053e-01
9.390203213423109485e-01
9.378828455652735707e-01
9.380673223993979404e-01
9.370720173535797004e-01
9.370720173535797004e-01
9.370720173535797004e-01
9.363168417657279363e-01
9.363168417657279363e-01
9.363168417657279363e-01
9.363168417657279363e-01
9.363168417657279363e-01
9.363168417657279363e-01
9.363168417657279363e-01
9.362077100991244016e-01
9.362077100991244016e-01
9.362077100991244016e-01
9.362077100991244016e-01
9.362077100991244016e-01
9.362077100991244016e-01
9.362077100991244016e-01
9.362077100991244016e-01
9.362077100991244016e-01
9.362077100991244016e-01
9.362077100991244016e-01
9.362077100991244016e-01
9.337233435173071250e-01
9.337233435173071250e-01
9.337233435173071250e-01
9.337233435173071250e-01
9.337233435173071250e-01
9.337233435173071250e-01
9.337233435173071250e-01
9.337233435173071250e-01
9.337233435173071250e-01
9.337233435173071250e-01
9.337233435173071250e-01
9.337233435173071250e-01
9.337233435173071250e-01
9.337233435173071250e-01
9.337233435173071250e-01
9.337233435173071250e-01
9.337233435173071250e-01
9.337233435173071250e-01
9.337233435173071250e-01
9.314488955324602415e-01
9.314488955324602415e-01
9.314488955324602415e-01
9.314488955324602415e-01
9.314488955324602415e-01
9.314488955324602415e-01
9.314488955324602415e-01
9.314488955324602415e-01
9.314488955324602415e-01
9.314488955324602415e-01
9.314488955324602415e-01
9.314488955324602415e-01
9.314488955324602415e-01
9.314488955324602415e-01
9.314488955324602415e-01
9.314488955324602415e-01
9.314488955324602415e-01
9.314488955324602415e-01
9.314488955324602415e-01
9.314488955324602415e-01
9.314488955324602415e-01
9.314488955324602415e-01
9.314488955324602415e-01
9.314488955324602415e-01
9.314488955324602415e-01
9.314488955324602415e-01
9.314488955324602415e-01
9.314488955324602415e-01
9.314488955324602415e-01
9.314488955324602415e-01
9.314488955324602415e-01
9.314488955324602415e-01
9.314488955324602415e-01
9.314488955324602415e-01
9.314488955324602415e-01
9.314488955324602415e-01
9.314488955324602415e-01
9.314488955324602415e-01
9.314488955324602415e-01
9.314488955324602415e-01
9.314488955324602415e-01
9.314488955324602415e-01
9.314488955324602415e-01
9.314488955324602415e-01
9.294651464335090818e-01
9.294651464335090818e-01
9.294651464335090818e-01
9.294651464335090818e-01
9.294651464335090818e-01
9.294651464335090818e-01
9.294651464335090818e-01
9.294651464335090818e-01
9.294651464335090818e-01
9.294651464335090818e-01
9.294651464335090818e-01
9.294651464335090818e-01
9.294651464335090818e-01
9.294651464335090818e-01
9.294651464335090818e-01
9.294651464335090818e-01
9.294651464335090818e-01
9.294651464335090818e-01
9.294651464335090818e-01
9.294651464335090818e-01
9.294651464335090818e-01
9.294651464335090818e-01
9.294651464335090818e-01
9.294651464335090818e-01
9.294651464335090818e-01
9.294651464335090818e-01
9.294651464335090818e-01
9.294651464335090818e-01
9.294651464335090818e-01
9.294651464335090818e-01
9.294651464335090818e-01
9.294651464335090818e-01
9.294651464335090818e-01
9.294651464335090818e-01
9.294651464335090818e-01
9.294651464335090818e-01
9.294651464335090818e-01
9.294651464335090818e-01
9.294651464335090818e-01
9.294651464335090818e-01
9.294651464335090818e-01
9.294651464335090818e-01
9.294651464335090818e-01
9.294651464335090818e-01
9.294651464335090818e-01
9.294651464335090818e-01
9.294651464335090818e-01
9.192888703502501979e-01
9.192888703502501979e-01
9.192888703502501979e-01
9.192888703502501979e-01
9.192888703502501979e-01
9.192888703502501979e-01
9.192888703502501979e-01
9.192888703502501979e-01
9.192888703502501979e-01
9.192888703502501979e-01
9.192888703502501979e-01
9.192888703502501979e-01
9.192888703502501979e-01
9.192888703502501979e-01
9.192888703502501979e-01
9.192888703502501979e-01
9.192888703502501979e-01
9.192888703502501979e-01
9.192888703502501979e-01
9.192888703502501979e-01
9.192888703502501979e-01
9.192888703502501979e-01
9.192888703502501979e-01
9.192888703502501979e-01
9.192888703502501979e-01
9.192888703502501979e-01
9.192888703502501979e-01
9.192888703502501979e-01
9.192888703502501979e-01
9.192888703502501979e-01
9.192888703502501979e-01
9.192888703502501979e-01
9.192888703502501979e-01
9.192888703502501979e-01
9.192888703502501979e-01
9.192888703502501979e-01
9.192888703502501979e-01
9.192888703502501979e-01
9.192888703502501979e-01
9.192888703502501979e-01
9.192888703502501979e-01
9.192888703502501979e-01
9.192888703502501979e-01
9.192888703502501979e-01
9.192888703502501979e-01
9.192888703502501979e-01
9.192888703502501979e-01
9.192888703502501979e-01
9.192888703502501979e-01
9.192888703502501979e-01
9.192888703502501979e-01
9.192888703502501979e-01
9.192888703502501979e-01
9.192888703502501979e-01
9.192888703502501979e-01
9.192888703502501979e-01
9.192888703502501979e-01
9.192888703502501979e-01
9.192888703502501979e-01
9.192888703502501979e-01
9.192888703502501979e-01
9.192888703502501979e-01
9.192888703502501979e-01
9.192888703502501979e-01
9.192888703502501979e-01
9.192888703502501979e-01
9.192888703502501979e-01
9.192888703502501979e-01
9.192888703502501979e-01
9.192888703502501979e-01
9.192888703502501979e-01
9.192888703502501979e-01
9.192888703502501979e-01
9.192888703502501979e-01
9.192888703502501979e-01
9.192888703502501979e-01
9.192888703502501979e-01
9.192888703502501979e-01
9.192888703502501979e-01
9.192888703502501979e-01
9.192888703502501979e-01
9.192888703502501979e-01
9.192888703502501979e-01
9.192888703502501979e-01
9.192888703502501979e-01
9.192888703502501979e-01
9.192888703502501979e-01
9.192888703502501979e-01
9.192888703502501979e-01
9.192888703502501979e-01
9.192888703502501979e-01
9.192888703502501979e-01
9.192888703502501979e-01
9.192888703502501979e-01
9.192888703502501979e-01
9.192888703502501979e-01
9.192888703502501979e-01
9.192888703502501979e-01
9.192888703502501979e-01
9.192888703502501979e-01
9.192888703502501979e-01
9.192888703502501979e-01
9.192888703502501979e-01
9.192888703502501979e-01
9.192888703502501979e-01
9.192888703502501979e-01
9.192888703502501979e-01
9.192888703502501979e-01
9.192888703502501979e-01
9.192888703502501979e-01
9.192888703502501979e-01
9.192888703502501979e-01
9.192888703502501979e-01
9.192888703502501979e-01
9.192888703502501979e-01
9.192888703502501979e-01
9.192888703502501979e-01
9.192888703502501979e-01
9.192888703502501979e-01
9.192888703502501979e-01
9.192888703502501979e-01
9.192888703502501979e-01
9.192888703502501979e-01
9.192888703502501979e-01
9.192888703502501979e-01
9.192888703502501979e-01
9.192888703502501979e-01
9.192888703502501979e-01
9.192888703502501979e-01
9.192888703502501979e-01
9.192888703502501979e-01
9.192888703502501979e-01
9.192888703502501979e-01
9.192888703502501979e-01
9.192888703502501979e-01
9.192888703502501979e-01
9.192888703502501979e-01
9.192888703502501979e-01
9.192888703502501979e-01
9.192888703502501979e-01
9.192888703502501979e-01
9.192888703502501979e-01
9.192888703502501979e-01
9.192888703502501979e-01
9.192888703502501979e-01
9.192888703502501979e-01
9.192888703502501979e-01
9.192888703502501979e-01
9.192888703502501979e-01
9.192888703502501979e-01
9.192888703502501979e-01
9.192888703502501979e-01
9.192888703502501979e-01
9.192888703502501979e-01
9.192888703502501979e-01
9.192888703502501979e-01
9.192888703502501979e-01
9.192888703502501979e-01
9.192888703502501979e-01
9.192888703502501979e-01
9.192888703502501979e-01
9.192888703502501979e-01
9.192888703502501979e-01
9.192888703502501979e-01
9.192888703502501979e-01
9.192888703502501979e-01
9.192888703502501979e-01
9.192888703502501979e-01
9.192888703502501979e-01
9.192888703502501979e-01
9.192888703502501979e-01
9.192888703502501979e-01
9.192888703502501979e-01
9.192888703502501979e-01
9.192888703502501979e-01
9.192888703502501979e-01
9.192888703502501979e-01
9.192888703502501979e-01
9.192888703502501979e-01
9.192888703502501979e-01
9.192888703502501979e-01
9.192888703502501979e-01
9.192888703502501979e-01
9.192888703502501979e-01
9.192888703502501979e-01
9.192888703502501979e-01
9.192888703502501979e-01
9.192888703502501979e-01
9.192888703502501979e-01
9.192888703502501979e-01
9.192888703502501979e-01
9.192888703502501979e-01
9.192888703502501979e-01
9.192888703502501979e-01
9.192888703502501979e-01
9.192888703502501979e-01
9.192888703502501979e-01
9.192888703502501979e-01
9.192888703502501979e-01
9.192888703502501979e-01
9.192888703502501979e-01
9.192888703502501979e-01
9.192888703502501979e-01
9.192888703502501979e-01
9.192888703502501979e-01
9.192888703502501979e-01
9.192888703502501979e-01
9.192888703502501979e-01
9.192888703502501979e-01
9.192888703502501979e-01
9.192888703502501979e-01
9.192888703502501979e-01
9.192888703502501979e-01
9.192888703502501979e-01
9.192888703502501979e-01
9.192888703502501979e-01
9.192888703502501979e-01
9.192888703502501979e-01
9.192888703502501979e-01
9.192888703502501979e-01
9.192888703502501979e-01
9.192888703502501979e-01
9.192888703502501979e-01
9.192888703502501979e-01
9.192888703502501979e-01
9.192888703502501979e-01
9.192888703502501979e-01
9.192888703502501979e-01
9.192888703502501979e-01
9.192888703502501979e-01
9.192888703502501979e-01
9.192888703502501979e-01
9.192888703502501979e-01
9.192888703502501979e-01
9.192888703502501979e-01
9.192888703502501979e-01
9.192888703502501979e-01
9.192888703502501979e-01
9.192888703502501979e-01
9.192888703502501979e-01
9.192888703502501979e-01
9.192888703502501979e-01
9.192888703502501979e-01
9.192888703502501979e-01
9.192888703502501979e-01
9.192888703502501979e-01
9.192888703502501979e-01
9.192888703502501979e-01
9.192888703502501979e-01
9.192888703502501979e-01
9.192888703502501979e-01
9.192888703502501979e-01
9.192888703502501979e-01
9.192888703502501979e-01
9.192888703502501979e-01
9.192888703502501979e-01
9.192888703502501979e-01
9.192888703502501979e-01
9.192888703502501979e-01
9.192888703502501979e-01
9.192888703502501979e-01
9.192888703502501979e-01
9.192888703502501979e-01
9.192888703502501979e-01
9.192888703502501979e-01
9.192888703502501979e-01
9.192888703502501979e-01
9.192888703502501979e-01
9.192888703502501979e-01
9.192888703502501979e-01
9.192888703502501979e-01
9.192888703502501979e-01
9.192888703502501979e-01
9.192888703502501979e-01
9.192888703502501979e-01
9.192888703502501979e-01
9.192888703502501979e-01
9.192888703502501979e-01
9.192888703502501979e-01
9.192888703502501979e-01
9.192888703502501979e-01
9.192888703502501979e-01
9.192888703502501979e-01
9.192888703502501979e-01
9.192888703502501979e-01
9.192888703502501979e-01
9.192888703502501979e-01
9.192888703502501979e-01
9.192888703502501979e-01
9.192888703502501979e-01
9.192888703502501979e-01
9.192888703502501979e-01
9.192888703502501979e-01
9.192888703502501979e-01
9.192888703502501979e-01
9.192888703502501979e-01
9.192888703502501979e-01
9.192888703502501979e-01
9.192888703502501979e-01
9.192888703502501979e-01
9.192888703502501979e-01
9.192888703502501979e-01
9.192888703502501979e-01
9.192888703502501979e-01
9.192888703502501979e-01
9.192888703502501979e-01
9.192888703502501979e-01
9.192888703502501979e-01
9.192888703502501979e-01
9.192888703502501979e-01
9.192888703502501979e-01
9.192888703502501979e-01
9.192888703502501979e-01
9.192888703502501979e-01
9.192888703502501979e-01
9.192888703502501979e-01
9.192888703502501979e-01
9.192888703502501979e-01
9.192888703502501979e-01
9.192888703502501979e-01
9.192888703502501979e-01
9.192888703502501979e-01
9.192888703502501979e-01
9.192888703502501979e-01
9.192888703502501979e-01
9.192888703502501979e-01
9.192888703502501979e-01
9.192888703502501979e-01
9.192888703502501979e-01
9.192888703502501979e-01
9.192888703502501979e-01
9.192888703502501979e-01
9.192888703502501979e-01
9.192888703502501979e-01
9.192888703502501979e-01
9.192888703502501979e-01
9.192888703502501979e-01
9.192888703502501979e-01
9.192888703502501979e-01
9.192888703502501979e-01
9.192888703502501979e-01
9.192888703502501979e-01
9.192888703502501979e-01
9.192888703502501979e-01
9.192888703502501979e-01
9.192888703502501979e-01
9.192888703502501979e-01
9.192888703502501979e-01
9.192888703502501979e-01
9.192888703502501979e-01
9.192888703502501979e-01
9.192888703502501979e-01
9.192888703502501979e-01
9.192888703502501979e-01
9.192888703502501979e-01
9.192888703502501979e-01
9.192888703502501979e-01
9.192888703502501979e-01
9.192888703502501979e-01
9.192888703502501979e-01
9.192888703502501979e-01
9.192888703502501979e-01
9.192888703502501979e-01
9.192888703502501979e-01
9.192888703502501979e-01
9.192888703502501979e-01
9.192888703502501979e-01
9.192888703502501979e-01
9.192888703502501979e-01
9.192888703502501979e-01
9.192888703502501979e-01
9.192888703502501979e-01
9.192888703502501979e-01
9.192888703502501979e-01
9.192888703502501979e-01
9.192888703502501979e-01
9.192888703502501979e-01
9.192888703502501979e-01
9.192888703502501979e-01
9.192888703502501979e-01
9.192888703502501979e-01
9.192888703502501979e-01
9.192888703502501979e-01
9.192888703502501979e-01
9.192888703502501979e-01
9.192888703502501979e-01
9.192888703502501979e-01
9.192888703502501979e-01
9.192888703502501979e-01
9.192888703502501979e-01
9.192888703502501979e-01
9.192888703502501979e-01
9.192888703502501979e-01
9.192888703502501979e-01
9.192888703502501979e-01
9.192888703502501979e-01
9.192888703502501979e-01
9.192888703502501979e-01
9.192888703502501979e-01
9.192888703502501979e-01
9.192888703502501979e-01
9.192888703502501979e-01
9.192888703502501979e-01
9.192888703502501979e-01
9.192888703502501979e-01
9.192888703502501979e-01
9.192888703502501979e-01
9.192888703502501979e-01
9.192888703502501979e-01
9.192888703502501979e-01
9.192888703502501979e-01
9.192888703502501979e-01
9.192888703502501979e-01
9.192888703502501979e-01
9.192888703502501979e-01
9.192888703502501979e-01
9.192888703502501979e-01
9.192888703502501979e-01
9.192888703502501979e-01
9.192888703502501979e-01
9.192888703502501979e-01
9.192888703502501979e-01
9.192888703502501979e-01
9.192888703502501979e-01
9.192888703502501979e-01
9.192888703502501979e-01
9.192888703502501979e-01
9.192888703502501979e-01
9.192888703502501979e-01
9.192888703502501979e-01
9.192888703502501979e-01
9.192888703502501979e-01
9.192888703502501979e-01
9.192888703502501979e-01
9.192888703502501979e-01
9.192888703502501979e-01
9.192888703502501979e-01
9.192888703502501979e-01
9.192888703502501979e-01
9.192888703502501979e-01
9.192888703502501979e-01
9.192888703502501979e-01
9.192888703502501979e-01
9.192888703502501979e-01
9.192888703502501979e-01
9.192888703502501979e-01
9.192888703502501979e-01
9.192888703502501979e-01
9.192888703502501979e-01
9.192888703502501979e-01
9.192888703502501979e-01
9.192888703502501979e-01
9.192888703502501979e-01
9.192888703502501979e-01
9.192888703502501979e-01
9.192888703502501979e-01
9.192888703502501979e-01
9.192888703502501979e-01
9.192888703502501979e-01
9.192888703502501979e-01
9.192888703502501979e-01
9.192888703502501979e-01
9.192888703502501979e-01
9.192888703502501979e-01
9.192888703502501979e-01
9.192888703502501979e-01
9.192888703502501979e-01
9.192888703502501979e-01
9.192888703502501979e-01
9.192888703502501979e-01
9.192888703502501979e-01
9.192888703502501979e-01
9.192888703502501979e-01
9.192888703502501979e-01
9.192888703502501979e-01
9.192888703502501979e-01
9.192888703502501979e-01
9.192888703502501979e-01
9.192888703502501979e-01
9.192888703502501979e-01
9.192888703502501979e-01
9.192888703502501979e-01
9.192888703502501979e-01
9.192888703502501979e-01
9.192888703502501979e-01
9.192888703502501979e-01
9.192888703502501979e-01
9.192888703502501979e-01
9.192888703502501979e-01
9.192888703502501979e-01
9.192888703502501979e-01
9.192888703502501979e-01
9.192888703502501979e-01
9.192888703502501979e-01
9.192888703502501979e-01
9.192888703502501979e-01
9.192888703502501979e-01
9.192888703502501979e-01
9.192888703502501979e-01
9.192888703502501979e-01
9.192888703502501979e-01
9.192888703502501979e-01
9.192888703502501979e-01
9.192888703502501979e-01
9.192888703502501979e-01
9.192888703502501979e-01
9.192888703502501979e-01
9.192888703502501979e-01
9.192888703502501979e-01
9.192888703502501979e-01
9.192888703502501979e-01
9.192888703502501979e-01
9.192888703502501979e-01
9.192888703502501979e-01
9.192888703502501979e-01
9.192888703502501979e-01
9.192888703502501979e-01
9.192888703502501979e-01
9.192888703502501979e-01
9.192888703502501979e-01
9.192888703502501979e-01
9.192888703502501979e-01
9.192888703502501979e-01
9.192888703502501979e-01
9.192888703502501979e-01
9.192888703502501979e-01
9.192888703502501979e-01
9.192888703502501979e-01
9.192888703502501979e-01
9.192888703502501979e-01
9.192888703502501979e-01
9.192888703502501979e-01
9.192888703502501979e-01
9.192888703502501979e-01
9.192888703502501979e-01
9.192888703502501979e-01
9.192888703502501979e-01
9.192888703502501979e-01
9.192888703502501979e-01
9.192888703502501979e-01
9.192888703502501979e-01
9.192888703502501979e-01
9.192888703502501979e-01
9.192888703502501979e-01
9.192888703502501979e-01
9.192888703502501979e-01
9.192888703502501979e-01
9.192888703502501979e-01
9.192888703502501979e-01
9.192888703502501979e-01
9.192888703502501979e-01
9.192888703502501979e-01
9.192888703502501979e-01
9.192888703502501979e-01
9.192888703502501979e-01
9.192888703502501979e-01
9.192888703502501979e-01
9.192888703502501979e-01
9.192888703502501979e-01
9.192888703502501979e-01
9.192888703502501979e-01
9.192888703502501979e-01
9.192888703502501979e-01
9.192888703502501979e-01
9.192888703502501979e-01
9.192888703502501979e-01
9.192888703502501979e-01
9.192888703502501979e-01
9.192888703502501979e-01
9.192888703502501979e-01
9.192888703502501979e-01
9.192888703502501979e-01
9.192888703502501979e-01
9.192888703502501979e-01
9.192888703502501979e-01
9.192888703502501979e-01
9.192888703502501979e-01
9.192888703502501979e-01
9.192888703502501979e-01
9.192888703502501979e-01
9.192888703502501979e-01
9.192888703502501979e-01
9.192888703502501979e-01
9.192888703502501979e-01
9.192888703502501979e-01
9.192888703502501979e-01
9.192888703502501979e-01
9.192888703502501979e-01
9.192888703502501979e-01
9.192888703502501979e-01
9.192888703502501979e-01
9.192888703502501979e-01
9.192888703502501979e-01
9.192888703502501979e-01
9.192888703502501979e-01
9.192888703502501979e-01
9.192888703502501979e-01
9.192888703502501979e-01
9.192888703502501979e-01
9.192888703502501979e-01
9.192888703502501979e-01
9.192888703502501979e-01
9.192888703502501979e-01
9.192888703502501979e-01
9.192888703502501979e-01
9.192888703502501979e-01
9.192888703502501979e-01
9.192888703502501979e-01
9.192888703502501979e-01
9.192888703502501979e-01
9.192888703502501979e-01
9.192888703502501979e-01
9.192888703502501979e-01
9.192888703502501979e-01
9.192888703502501979e-01
9.192888703502501979e-01
9.192888703502501979e-01
9.192888703502501979e-01
9.192888703502501979e-01
9.192888703502501979e-01
9.192888703502501979e-01
9.192888703502501979e-01
9.192888703502501979e-01
9.192888703502501979e-01
9.192888703502501979e-01
9.192888703502501979e-01
9.192888703502501979e-01
9.192888703502501979e-01
9.192888703502501979e-01
9.192888703502501979e-01
9.192888703502501979e-01
9.192888703502501979e-01
9.192888703502501979e-01
9.192888703502501979e-01
9.192888703502501979e-01
9.192888703502501979e-01
9.192888703502501979e-01
9.192888703502501979e-01
9.192888703502501979e-01
9.192888703502501979e-01
9.192888703502501979e-01
9.192888703502501979e-01
9.192888703502501979e-01
9.192888703502501979e-01
9.192888703502501979e-01
9.192888703502501979e-01
9.192888703502501979e-01
9.192888703502501979e-01
9.192888703502501979e-01
9.192888703502501979e-01
9.192888703502501979e-01
9.192888703502501979e-01
9.192888703502501979e-01
9.192888703502501979e-01
9.192888703502501979e-01
9.192888703502501979e-01
9.192888703502501979e-01
9.192888703502501979e-01
9.192888703502501979e-01
9.192888703502501979e-01
9.192888703502501979e-01
9.192888703502501979e-01
9.192888703502501979e-01
9.192888703502501979e-01
9.192888703502501979e-01
9.192888703502501979e-01
9.192888703502501979e-01
9.192888703502501979e-01
9.192888703502501979e-01
9.192888703502501979e-01
9.192888703502501979e-01
9.192888703502501979e-01
9.192888703502501979e-01
9.192888703502501979e-01
9.192888703502501979e-01
9.192888703502501979e-01
9.192888703502501979e-01
9.192888703502501979e-01
9.192888703502501979e-01
9.192888703502501979e-01
9.192888703502501979e-01
9.192888703502501979e-01
9.192888703502501979e-01
9.192888703502501979e-01
9.192888703502501979e-01
9.192888703502501979e-01
9.192888703502501979e-01
9.192888703502501979e-01
9.192888703502501979e-01
9.192888703502501979e-01
9.192888703502501979e-01
9.192888703502501979e-01
9.192888703502501979e-01
9.192888703502501979e-01
9.192888703502501979e-01
9.192888703502501979e-01
9.192888703502501979e-01
9.192888703502501979e-01
9.192888703502501979e-01
9.192888703502501979e-01
9.192888703502501979e-01
9.192888703502501979e-01
9.192888703502501979e-01
9.192888703502501979e-01
9.192888703502501979e-01
9.192888703502501979e-01
9.192888703502501979e-01
9.192888703502501979e-01
9.192888703502501979e-01
9.192888703502501979e-01
9.192888703502501979e-01
9.192888703502501979e-01
9.192888703502501979e-01
9.192888703502501979e-01
9.192888703502501979e-01
9.192888703502501979e-01
9.192888703502501979e-01
9.192888703502501979e-01
9.192888703502501979e-01
9.192888703502501979e-01
9.192888703502501979e-01
9.192888703502501979e-01
9.192888703502501979e-01
9.192888703502501979e-01
9.192888703502501979e-01
9.192888703502501979e-01
9.192888703502501979e-01
9.192888703502501979e-01
9.192888703502501979e-01
9.192888703502501979e-01
9.192888703502501979e-01
9.192888703502501979e-01
9.192888703502501979e-01
9.192888703502501979e-01
9.192888703502501979e-01
9.192888703502501979e-01
9.192888703502501979e-01
9.192888703502501979e-01
9.192888703502501979e-01
9.192888703502501979e-01
9.192888703502501979e-01
9.192888703502501979e-01
9.192888703502501979e-01
9.192888703502501979e-01
9.192888703502501979e-01
9.192888703502501979e-01
9.192888703502501979e-01
9.192888703502501979e-01
9.192888703502501979e-01
9.192888703502501979e-01
9.192888703502501979e-01
9.192888703502501979e-01
9.192888703502501979e-01
9.192888703502501979e-01
9.192888703502501979e-01
9.192888703502501979e-01
9.192888703502501979e-01
9.192888703502501979e-01
9.192888703502501979e-01
9.192888703502501979e-01
9.192888703502501979e-01
9.192888703502501979e-01
9.192888703502501979e-01
9.192888703502501979e-01
9.192888703502501979e-01
9.192888703502501979e-01
9.192888703502501979e-01
9.192888703502501979e-01
9.192888703502501979e-01
9.192888703502501979e-01
9.192888703502501979e-01
9.192888703502501979e-01
9.192888703502501979e-01
9.192888703502501979e-01
9.192888703502501979e-01
9.192888703502501979e-01
9.192888703502501979e-01
9.192888703502501979e-01
9.192888703502501979e-01
9.192888703502501979e-01
9.192888703502501979e-01
9.192888703502501979e-01
9.192888703502501979e-01
9.192888703502501979e-01
9.192888703502501979e-01
9.192888703502501979e-01
9.192888703502501979e-01
9.192888703502501979e-01
9.192888703502501979e-01
9.192888703502501979e-01
9.192888703502501979e-01
9.192888703502501979e-01
9.192888703502501979e-01
9.192888703502501979e-01
9.192888703502501979e-01
9.192888703502501979e-01
9.192888703502501979e-01
9.192888703502501979e-01
9.192888703502501979e-01
9.192888703502501979e-01
9.192888703502501979e-01
9.192888703502501979e-01
9.192888703502501979e-01
9.192888703502501979e-01
9.192888703502501979e-01
9.192888703502501979e-01
9.192888703502501979e-01
9.192888703502501979e-01
9.192888703502501979e-01
9.192888703502501979e-01
9.192888703502501979e-01
9.192888703502501979e-01
9.192888703502501979e-01
9.192888703502501979e-01
9.192888703502501979e-01
9.192888703502501979e-01
9.192888703502501979e-01
9.192888703502501979e-01
9.192888703502501979e-01
9.192888703502501979e-01
9.192888703502501979e-01
9.192888703502501979e-01
9.192888703502501979e-01
9.192888703502501979e-01
9.192888703502501979e-01
9.192888703502501979e-01
9.192888703502501979e-01
9.192888703502501979e-01
9.192888703502501979e-01
9.192888703502501979e-01
9.192888703502501979e-01
9.192888703502501979e-01
9.192888703502501979e-01
9.192888703502501979e-01
9.192888703502501979e-01
9.192888703502501979e-01
9.192888703502501979e-01
9.192888703502501979e-01
9.192888703502501979e-01
9.192888703502501979e-01
9.192888703502501979e-01
9.192888703502501979e-01
9.192888703502501979e-01
9.192888703502501979e-01
9.192888703502501979e-01
9.192888703502501979e-01
9.192888703502501979e-01
9.192888703502501979e-01
9.192888703502501979e-01
9.192888703502501979e-01
9.192888703502501979e-01
9.192888703502501979e-01
9.192888703502501979e-01
9.192888703502501979e-01
9.192888703502501979e-01
9.192888703502501979e-01
9.192888703502501979e-01
9.192888703502501979e-01
9.192888703502501979e-01
9.192888703502501979e-01
9.192888703502501979e-01
9.192888703502501979e-01
9.192888703502501979e-01
9.192888703502501979e-01
9.192888703502501979e-01
9.192888703502501979e-01
9.192888703502501979e-01
9.192888703502501979e-01
9.192888703502501979e-01
9.192888703502501979e-01
9.192888703502501979e-01
9.192888703502501979e-01
9.192888703502501979e-01
9.192888703502501979e-01
9.192888703502501979e-01
9.192888703502501979e-01
9.192888703502501979e-01
9.192888703502501979e-01
9.192888703502501979e-01
9.192888703502501979e-01
9.192888703502501979e-01
9.192888703502501979e-01
9.192888703502501979e-01
9.192888703502501979e-01
9.192888703502501979e-01
9.192888703502501979e-01
9.192888703502501979e-01
9.192888703502501979e-01
9.192888703502501979e-01
9.192888703502501979e-01
9.192888703502501979e-01
9.192888703502501979e-01
9.192888703502501979e-01
9.192888703502501979e-01
9.192888703502501979e-01
9.192888703502501979e-01
9.192888703502501979e-01
9.192888703502501979e-01
9.192888703502501979e-01
9.192888703502501979e-01
9.192888703502501979e-01
9.192888703502501979e-01
9.192888703502501979e-01
9.192888703502501979e-01
9.192888703502501979e-01
9.192888703502501979e-01
9.192888703502501979e-01
9.192888703502501979e-01
9.192888703502501979e-01
9.192888703502501979e-01
9.192888703502501979e-01
9.192888703502501979e-01
9.192888703502501979e-01
9.192888703502501979e-01
9.192888703502501979e-01
9.192888703502501979e-01
9.192888703502501979e-01
9.192888703502501979e-01
9.192888703502501979e-01
9.192888703502501979e-01
9.192888703502501979e-01
9.192888703502501979e-01
9.192888703502501979e-01
9.192888703502501979e-01
9.192888703502501979e-01
9.192888703502501979e-01
9.192888703502501979e-01
9.192888703502501979e-01
9.192888703502501979e-01
9.192888703502501979e-01
9.192888703502501979e-01
9.192888703502501979e-01
9.192888703502501979e-01
9.192888703502501979e-01
9.192888703502501979e-01
9.192888703502501979e-01
9.192888703502501979e-01
9.192888703502501979e-01
9.192888703502501979e-01
9.192888703502501979e-01
9.192888703502501979e-01
9.192888703502501979e-01
9.192888703502501979e-01
9.192888703502501979e-01
9.192888703502501979e-01
9.192888703502501979e-01
9.192888703502501979e-01
9.192888703502501979e-01
9.192888703502501979e-01
9.192888703502501979e-01
9.192888703502501979e-01
9.192888703502501979e-01
9.192888703502501979e-01
9.192888703502501979e-01
9.192888703502501979e-01
9.192888703502501979e-01
9.192888703502501979e-01
9.192888703502501979e-01
9.192888703502501979e-01
9.192888703502501979e-01
9.192888703502501979e-01
9.192888703502501979e-01
9.192888703502501979e-01
9.192888703502501979e-01
9.192888703502501979e-01
9.192888703502501979e-01
9.192888703502501979e-01
9.192888703502501979e-01
9.192888703502501979e-01
9.192888703502501979e-01
9.192888703502501979e-01
9.192888703502501979e-01
9.192888703502501979e-01
9.192888703502501979e-01
9.192888703502501979e-01
9.192888703502501979e-01
9.192888703502501979e-01
9.192888703502501979e-01
9.192888703502501979e-01
9.192888703502501979e-01
9.192888703502501979e-01
9.192888703502501979e-01
9.192888703502501979e-01
9.192888703502501979e-01
9.192888703502501979e-01
9.192888703502501979e-01
9.192888703502501979e-01
9.192888703502501979e-01
9.192888703502501979e-01
9.192888703502501979e-01
9.192888703502501979e-01
9.192888703502501979e-01
9.192888703502501979e-01
9.192888703502501979e-01
9.192888703502501979e-01
9.192888703502501979e-01
9.192888703502501979e-01
9.192888703502501979e-01
9.192888703502501979e-01
9.192888703502501979e-01
9.192888703502501979e-01
9.192888703502501979e-01
9.192888703502501979e-01
9.192888703502501979e-01
9.192888703502501979e-01
9.192888703502501979e-01
9.192888703502501979e-01
9.192888703502501979e-01
9.192888703502501979e-01
9.192888703502501979e-01
9.192888703502501979e-01
9.192888703502501979e-01
9.192888703502501979e-01
9.192888703502501979e-01
9.192888703502501979e-01
9.192888703502501979e-01
9.192888703502501979e-01
9.192888703502501979e-01
9.192888703502501979e-01
9.192888703502501979e-01
9.192888703502501979e-01
9.192888703502501979e-01
9.192888703502501979e-01
9.192888703502501979e-01
9.192888703502501979e-01
9.192888703502501979e-01
9.192888703502501979e-01
