0.000000000000000000e+00
7.465490107666471198e-02
7.465490107666471198e-02
7.465490107666471198e-02
7.465490107666471198e-02
7.465490107666471198e-02
7.465490107666471198e-02
7.465490107666471198e-02
7.465490107666471198e-02
7.465490107666471198e-02
7.465490107666471198e-02
7.465490107666471198e-02
7.465490107666471198e-02
7.465490107666471198e-02
7.465490107666471198e-02
7.465490107666471198e-02
7.465490107666471198e-02
7.465490107666471198e-02
7.465490107666471198e-02
7.465490107666471198e-02
7.465490107666471198e-02
7.465490107666471198e-02
7.465490107666471198e-02
7.465490107666471198e-02
7.465490107666471198e-02
7.465490107666471198e-02
7.465490107666471198e-02
7.465490107666471198e-02
7.465490107666471198e-02
7.465490107666471198e-02
7.465490107666471198e-02
7.465490107666471198e-02
7.465490107666471198e-02
7.465490107666471198e-02
7.465490107666471198e-02
7.465490107666471198e-02
7.465490107666471198e-02
7.465490107666471198e-02
7.465490107666471198e-02
7.465490107666471198e-02
7.465490107666471198e-02
7.465490107666471198e-02
7.465490107666471198e-02
7.465490107666471198e-02
7.465490107666471198e-02
7.465490107666471198e-02
7.465490107666471198e-02
7.465490107666471198e-02
7.465490107666471198e-02
7.465490107666471198e-02
7.465490107666471198e-02
7.465490107666471198e-02
7.465490107666471198e-02
7.465490107666471198e-02
7.465490107666471198e-02
7.154294219170916069e-02
7.154294219170916069e-02
7.154294219170916069e-02
7.154294219170916069e-02
7.154294219170916069e-02
7.154294219170916069e-02
6.972873037583099398e-02
6.972873037583099398e-02
6.972873037583099398e-02
6.972873037583099398e-02
6.972873037583099398e-02
6.972873037583099398e-02
6.972873037583099398e-02
6.972873037583099398e-02
7.040140101967522213e-02
7.040140101967522213e-02
7.232633137399512024e-02
7.232633137399512024e-02
7.126899905462981410e-02
7.126899905462981410e-02
7.126899905462981410e-02
7.126899905462981410e-02
7.126899905462981410e-02
7.126899905462981410e-02
7.431037973649105843e-02
7.431037973649105843e-02
7.383111685621825127e-02
7.383111685621825127e-02
7.383111685621825127e-02
7.311094312729292388e-02
7.231701895978324968e-02
7.358145477801601719e-02
7.667366479731127504e-02
7.667366479731127504e-02
7.414585957081018530e-02
7.633274860370047044e-02
7.578341789204590118e-02
7.131508258674724987e-02
7.131508258674724987e-02
7.131508258674724987e-02
7.131508258674724987e-02
7.131508258674724987e-02
7.115380259242558292e-02
7.320259006711185568e-02
7.181096800931725810e-02
6.926329823935542529e-02
6.966856257947760811e-02
6.680653943732878242e-02
6.759229364450947131e-02
6.516420261191795127e-02
6.516420261191795127e-02
6.516420261191795127e-02
6.514433714488855609e-02
6.317886332187791498e-02
6.170319106526601233e-02
5.972685618178619205e-02
5.909252822690928136e-02
5.909252822690928136e-02
5.909252822690928136e-02
5.909252822690928136e-02
5.753062760583788071e-02
5.406801079912449542e-02
5.366255879726161693e-02
5.366255879726161693e-02
5.327954131526064369e-02
5.184833019810181076e-02
5.158764631462135070e-02
5.191720249136747012e-02
5.154039086782304796e-02
5.154039086782304796e-02
5.024031003560889413e-02
4.936402826546334305e-02
4.936903930605444218e-02
5.023763540354650448e-02
5.023763540354650448e-02
5.031440542284695838e-02
5.127556403098007531e-02
5.212873881206601251e-02
5.212873881206601251e-02
5.252282970166243653e-02
5.108803709865819553e-02
4.978233066799404166e-02
4.978233066799404166e-02
4.986125416541487693e-02
4.889632056372796715e-02
4.731530287415634112e-02
4.849005147391845932e-02
4.718696364317592762e-02
4.444542836385603768e-02
4.362797610377919244e-02
4.470018492771832275e-02
4.378791692563541865e-02
4.245553233095988171e-02
4.099021270239532749e-02
4.049966103083618707e-02
3.796463040153126578e-02
3.733112007325721515e-02
3.632351713642915925e-02
3.708469072570628328e-02
3.607247385840851167e-02
3.584326834984269405e-02
3.584326834984269405e-02
3.288390856566086179e-02
3.288390856566086179e-02
3.115629953765382612e-02
3.059421203567549638e-02
3.059421203567549638e-02
3.006726847009770151e-02
3.006726847009770151e-02
2.889379228153363469e-02
2.905264252814448653e-02
2.949828334746444278e-02
2.949828334746444278e-02
2.949828334746444278e-02
2.886846174227600606e-02
2.946657232818699138e-02
2.974243439102122397e-02
3.037765458803934684e-02
3.123724797309174531e-02
3.123724797309174531e-02
3.059452545919228231e-02
3.052299177837694208e-02
3.068383131006418088e-02
3.064618795135350474e-02
3.043974543127922483e-02
2.956521991957917692e-02
2.905717904668917925e-02
2.894996885562345357e-02
2.757075981651249674e-02
2.833887059470187320e-02
2.833887059470187320e-02
2.587598577904278926e-02
2.534461668746903693e-02
2.534461668746903693e-02
2.474618563168992300e-02
2.474618563168992300e-02
2.500632577376363588e-02
2.485159861184010888e-02
2.432295413014510729e-02
2.432295413014510729e-02
2.407749592963766630e-02
2.407749592963766630e-02
2.393061459389192805e-02
2.384153243788377993e-02
2.387999804097851522e-02
2.321762921005126115e-02
2.330450037370589145e-02
2.220326729055472834e-02
2.035015668832883956e-02
1.991553036152720821e-02
1.998603995799371966e-02
1.862611451726490369e-02
1.811554623808329587e-02
1.811554623808329587e-02
1.762390362754267040e-02
1.806552167153429797e-02
1.808988401583121533e-02
1.808988401583121533e-02
1.795383951602003494e-02
1.795383951602003494e-02
1.810038440409475133e-02
1.837569175367765803e-02
1.878754414624352748e-02
1.837749260537849955e-02
1.871545670000019507e-02
1.847117679881781979e-02
1.847117679881781979e-02
1.871401703190894023e-02
1.874378679608267734e-02
1.942561269674200966e-02
1.882764986180840081e-02
1.882764986180840081e-02
1.882764986180840081e-02
1.941708101151962476e-02
1.941708101151962476e-02
1.963527562311377997e-02
1.963527562311377997e-02
1.963527562311377997e-02
1.963527562311377997e-02
1.923520721269884881e-02
1.923520721269884881e-02
1.923520721269884881e-02
1.923520721269884881e-02
1.923520721269884881e-02
1.989717083296210429e-02
1.989717083296210429e-02
1.966090141230435531e-02
2.043396755105746782e-02
2.043840583645906844e-02
2.007036706347800972e-02
2.074289447294608638e-02
2.074289447294608638e-02
1.974233040049795315e-02
1.982319954403310644e-02
1.982319954403310644e-02
2.079765020534944664e-02
2.079765020534944664e-02
2.079765020534944664e-02
2.280340122809401682e-02
2.263967349332652104e-02
2.263967349332652104e-02
2.263967349332652104e-02
2.263967349332652104e-02
2.256861193792575673e-02
2.284658353787296162e-02
2.319114123026009069e-02
2.332813355798299057e-02
2.370039931970127633e-02
2.370039931970127633e-02
2.419522306035833126e-02
2.423668742828915049e-02
2.499133956781450852e-02
2.499133956781450852e-02
2.499133956781450852e-02
2.499133956781450852e-02
2.493991199689016280e-02
2.493991199689016280e-02
2.493991199689016280e-02
2.583924106490012584e-02
2.113979426683280580e-02
2.124198547160327522e-02
2.124198547160327522e-02
2.026236322735143133e-02
2.045166098391281925e-02
2.045166098391281925e-02
2.002944935642692742e-02
2.002944935642692742e-02
1.854923142359723998e-02
1.763306097453061841e-02
1.741014859934307199e-02
1.784150351493845113e-02
1.748152328708430306e-02
1.472698403474589912e-02
1.472698403474589912e-02
1.521356444153183080e-02
1.497177758224553512e-02
1.529664554568253149e-02
1.577899082778386544e-02
1.577899082778386544e-02
1.694054119574892395e-02
1.714060410216764960e-02
1.649615840131275421e-02
1.649615840131275421e-02
1.557332679979861294e-02
1.557332679979861294e-02
1.557332679979861294e-02
1.557332679979861294e-02
1.549717504434779125e-02
1.448115039909240488e-02
1.451591796448054895e-02
1.427148838158835698e-02
1.427148838158835698e-02
1.427148838158835698e-02
1.404814180604649874e-02
1.355499921664182587e-02
1.282162084835000541e-02
1.282162084835000541e-02
1.228713174518184827e-02
1.228713174518184827e-02
1.203314846333814435e-02
1.282621606499427525e-02
1.272602830065425704e-02
1.272602830065425704e-02
1.250408536961984673e-02
1.266062750237199712e-02
1.218711385021705763e-02
1.239692327516004472e-02
1.410423224069945643e-02
1.428430241848576039e-02
1.407682514811316177e-02
1.407682514811316177e-02
1.438559403530363136e-02
1.438559403530363136e-02
1.438559403530363136e-02
1.482336068477887146e-02
1.482336068477887146e-02
1.537830097841303735e-02
1.537830097841303735e-02
1.537830097841303735e-02
1.523046126746034450e-02
1.785965739579014472e-02
1.785965739579014472e-02
1.805520561421368464e-02
1.805520561421368464e-02
1.805520561421368464e-02
1.861394965929938014e-02
1.782206478221861831e-02
1.782206478221861831e-02
1.782206478221861831e-02
1.678039214353555311e-02
1.655630620632474875e-02
1.655630620632474875e-02
1.721346519182326631e-02
1.721346519182326631e-02
1.721346519182326631e-02
2.007592989665943697e-02
2.071370034918852687e-02
2.068943660836753892e-02
1.989638034262196029e-02
1.990213199785206485e-02
1.990213199785206485e-02
2.386487382973022375e-02
2.386487382973022375e-02
2.353404644471021254e-02
2.353404644471021254e-02
2.321030959980511024e-02
2.250851436346647597e-02
2.317130513263361211e-02
2.317130513263361211e-02
2.319541081198333091e-02
2.319541081198333091e-02
2.346908737813261162e-02
2.346908737813261162e-02
2.290941625360927436e-02
2.290941625360927436e-02
2.290941625360927436e-02
2.292838913614654583e-02
2.276308001718080343e-02
2.276308001718080343e-02
2.562249604915629517e-02
2.562249604915629517e-02
2.562249604915629517e-02
2.562249604915629517e-02
2.498088120813021784e-02
2.427167828971154781e-02
2.555756199423760144e-02
2.540488782298184686e-02
2.567990913345762419e-02
2.577595122976774830e-02
2.577595122976774830e-02
2.577595122976774830e-02
2.557248748164656429e-02
2.474863733655297340e-02
2.474863733655297340e-02
2.385340795157103733e-02
2.363516907091028560e-02
2.377454232723645935e-02
2.377454232723645935e-02
2.346731685367262413e-02
2.338817334097154088e-02
2.338817334097154088e-02
2.338817334097154088e-02
2.177831806574219431e-02
2.234624970125983698e-02
2.234624970125983698e-02
2.240994896767124420e-02
2.244654147865560515e-02
2.247156193556761050e-02
2.247156193556761050e-02
2.247156193556761050e-02
2.258810858640815725e-02
2.258810858640815725e-02
2.258810858640815725e-02
2.258810858640815725e-02
2.258810858640815725e-02
2.258810858640815725e-02
2.132870902283065528e-02
2.132870902283065528e-02
2.132870902283065528e-02
2.132870902283065528e-02
2.490985807942959138e-02
2.532074900879554766e-02
2.486638519867161515e-02
2.467449699493838924e-02
2.467449699493838924e-02
2.382707504635628651e-02
2.382707504635628651e-02
2.300602956287602086e-02
2.300602956287602086e-02
2.300602956287602086e-02
2.298494805635355187e-02
2.122908916396985812e-02
2.122908916396985812e-02
2.115078707284935924e-02
2.163384389791286541e-02
2.163743346295806877e-02
2.325603331983397415e-02
2.470643540193539003e-02
2.470643540193539003e-02
2.436800250517072094e-02
2.436800250517072094e-02
2.488052797549032691e-02
2.417546395321873431e-02
2.417546395321873431e-02
2.417546395321873431e-02
2.417546395321873431e-02
2.243708454192243351e-02
2.289476634672716129e-02
2.289476634672716129e-02
2.289476634672716129e-02
2.241847104622077605e-02
2.241847104622077605e-02
2.253617868422741477e-02
2.271005449464035333e-02
2.271005449464035333e-02
2.329780997681954804e-02
2.329780997681954804e-02
2.329780997681954804e-02
2.281260229645396334e-02
2.281260229645396334e-02
2.265915072221693152e-02
2.265915072221693152e-02
2.282743647496161474e-02
2.213643668366008233e-02
2.341099685230200664e-02
2.341099685230200664e-02
2.341099685230200664e-02
2.341099685230200664e-02
2.363866401139475340e-02
2.363866401139475340e-02
2.363866401139475340e-02
2.370450086363311629e-02
2.370450086363311629e-02
2.370450086363311629e-02
2.370450086363311629e-02
2.370450086363311629e-02
2.305833648591782206e-02
2.305833648591782206e-02
2.305833648591782206e-02
2.305833648591782206e-02
2.305833648591782206e-02
2.305833648591782206e-02
2.305833648591782206e-02
2.305833648591782206e-02
2.305833648591782206e-02
2.284580200359521626e-02
2.210081780804608667e-02
2.210081780804608667e-02
2.210081780804608667e-02
2.210081780804608667e-02
2.272494926885726060e-02
2.272494926885726060e-02
2.293053914760279435e-02
2.293053914760279435e-02
2.293053914760279435e-02
2.293053914760279435e-02
2.293053914760279435e-02
2.207990871224943530e-02
2.207990871224943530e-02
2.207990871224943530e-02
2.137519009695409630e-02
2.137519009695409630e-02
2.150789587618359353e-02
2.171724527111321482e-02
2.156115848341357000e-02
2.156115848341357000e-02
2.156115848341357000e-02
2.156115848341357000e-02
2.156115848341357000e-02
2.156115848341357000e-02
2.245356502470390037e-02
2.372928517072198096e-02
2.372928517072198096e-02
2.308904331690892278e-02
2.371306825091973325e-02
2.371306825091973325e-02
2.371306825091973325e-02
2.351324543334885886e-02
2.351324543334885886e-02
2.351324543334885886e-02
2.351324543334885886e-02
2.385629140037369422e-02
2.385629140037369422e-02
2.014438342641919344e-02
2.014438342641919344e-02
2.014438342641919344e-02
2.014438342641919344e-02
2.014438342641919344e-02
2.014438342641919344e-02
2.020321714351622916e-02
2.020321714351622916e-02
2.020321714351622916e-02
2.020321714351622916e-02
2.052149010825035300e-02
2.052149010825035300e-02
2.000352648833781180e-02
2.000352648833781180e-02
1.980470996759253755e-02
2.207301918035545554e-02
2.207301918035545554e-02
2.207301918035545554e-02
2.207301918035545554e-02
2.207301918035545554e-02
2.207301918035545554e-02
2.194898321439571823e-02
2.194898321439571823e-02
2.106475648331584613e-02
1.724997198810252971e-02
1.682113758315452456e-02
1.457325227012051111e-02
1.457325227012051111e-02
1.457325227012051111e-02
1.457325227012051111e-02
1.137405458445982752e-02
1.041606119462259138e-02
1.041606119462259138e-02
1.041606119462259138e-02
1.051001266962056473e-02
1.051001266962056473e-02
1.264614211493873645e-02
1.386634543851291389e-02
1.386634543851291389e-02
1.538948953287557105e-02
1.478443760436706778e-02
1.658465651258986609e-02
1.658465651258986609e-02
1.658465651258986609e-02
1.632722964689234738e-02
1.632722964689234738e-02
1.632722964689234738e-02
1.632722964689234738e-02
1.640943997669644036e-02
1.778637505166681329e-02
1.751868878334846349e-02
1.751868878334846349e-02
1.751868878334846349e-02
1.754252734276265033e-02
1.754252734276265033e-02
1.754252734276265033e-02
1.754252734276265033e-02
1.754252734276265033e-02
1.754252734276265033e-02
1.770535403072533501e-02
1.812665914197709657e-02
1.812665914197709657e-02
1.790490226086152367e-02
1.790490226086152367e-02
1.573743657582433661e-02
1.607609456683126853e-02
1.369696962222947435e-02
1.369696962222947435e-02
1.350112175550266524e-02
1.350112175550266524e-02
1.322131452287983455e-02
1.048469162593086007e-02
1.048469162593086007e-02
1.048469162593086007e-02
1.048469162593086007e-02
1.048469162593086007e-02
1.073572771540937110e-02
1.073572771540937110e-02
1.073572771540937110e-02
1.096811380702747418e-02
1.096811380702747418e-02
1.096811380702747418e-02
1.078503693511209498e-02
1.078503693511209498e-02
1.067324539227292035e-02
1.067324539227292035e-02
9.691548244092891215e-03
9.691548244092891215e-03
9.691548244092891215e-03
9.691548244092891215e-03
9.691548244092891215e-03
1.048923198498393633e-02
1.082035109593543903e-02
1.082035109593543903e-02
1.072342429606768649e-02
1.072342429606768649e-02
1.072342429606768649e-02
1.138700148140298594e-02
1.138700148140298594e-02
1.138700148140298594e-02
1.138700148140298594e-02
1.138700148140298594e-02
1.291937569009354338e-02
1.291937569009354338e-02
1.286272036078681645e-02
1.307902835746325813e-02
1.199340549087315848e-02
1.259280271340897615e-02
1.255309574151586803e-02
1.255309574151586803e-02
1.173633432432800994e-02
1.173633432432800994e-02
1.242679222500504832e-02
1.242679222500504832e-02
1.237757926643201500e-02
1.237262888493933198e-02
1.286383714038804443e-02
1.292526407146548512e-02
1.309259327270116853e-02
1.309259327270116853e-02
1.309259327270116853e-02
1.309259327270116853e-02
1.309259327270116853e-02
1.309259327270116853e-02
1.309259327270116853e-02
1.309259327270116853e-02
1.309259327270116853e-02
1.496428208857477661e-02
1.515488421260401640e-02
1.515488421260401640e-02
1.515488421260401640e-02
1.515488421260401640e-02
1.515488421260401640e-02
1.515488421260401640e-02
1.502074144201986060e-02
1.502074144201986060e-02
1.502074144201986060e-02
1.502074144201986060e-02
1.444673864908514911e-02
1.444673864908514911e-02
1.457115624921039021e-02
1.457115624921039021e-02
1.461715841277398849e-02
1.461715841277398849e-02
1.461715841277398849e-02
1.461715841277398849e-02
1.461715841277398849e-02
1.461715841277398849e-02
1.461715841277398849e-02
1.461715841277398849e-02
1.428608165208992802e-02
1.428608165208992802e-02
1.428608165208992802e-02
1.428608165208992802e-02
1.428608165208992802e-02
1.428608165208992802e-02
1.428608165208992802e-02
1.428608165208992802e-02
1.398207568754906809e-02
1.419677650321045197e-02
1.419677650321045197e-02
1.301937890987776673e-02
1.301937890987776673e-02
1.301937890987776673e-02
1.301937890987776673e-02
1.301937890987776673e-02
1.301937890987776673e-02
1.311501417055891544e-02
1.297333932737837654e-02
1.297333932737837654e-02
1.297333932737837654e-02
1.297333932737837654e-02
1.297333932737837654e-02
1.297333932737837654e-02
1.297333932737837654e-02
1.297333932737837654e-02
1.283856586167590741e-02
1.289060582917808846e-02
1.289060582917808846e-02
1.415481518364486609e-02
1.412788630634390086e-02
1.412788630634390086e-02
1.411222180980198186e-02
1.411222180980198186e-02
1.411222180980198186e-02
1.411222180980198186e-02
1.424834149957577602e-02
1.424834149957577602e-02
1.479081480955154321e-02
1.495765825496210566e-02
1.452126955410335679e-02
1.458625737146523015e-02
1.455100556962433435e-02
1.455100556962433435e-02
1.455100556962433435e-02
1.455100556962433435e-02
1.455100556962433435e-02
1.455100556962433435e-02
1.455100556962433435e-02
1.455100556962433435e-02
1.461863297683941264e-02
1.448496055800414968e-02
1.448496055800414968e-02
1.448496055800414968e-02
1.448496055800414968e-02
1.082543750326359078e-02
1.082543750326359078e-02
1.082286334967774710e-02
1.082286334967774710e-02
1.081788129466526756e-02
1.081788129466526756e-02
1.076243402503012508e-02
1.076243402503012508e-02
1.129271344084916556e-02
1.129271344084916556e-02
1.129271344084916556e-02
1.129271344084916556e-02
1.129271344084916556e-02
1.129271344084916556e-02
1.129271344084916556e-02
1.129271344084916556e-02
1.129271344084916556e-02
1.129271344084916556e-02
1.129271344084916556e-02
1.088383967825307108e-02
1.088383967825307108e-02
1.088383967825307108e-02
1.088383967825307108e-02
1.010802332677428368e-02
9.659346095752313274e-03
9.659346095752313274e-03
9.659346095752313274e-03
9.643096027224172875e-03
9.643096027224172875e-03
9.643096027224172875e-03
9.643096027224172875e-03
9.643096027224172875e-03
9.643096027224172875e-03
9.643096027224172875e-03
9.643096027224172875e-03
1.020512491692815091e-02
1.020512491692815091e-02
1.020512491692815091e-02
9.848023889129276301e-03
9.910093002067051418e-03
9.910093002067051418e-03
9.910093002067051418e-03
9.910093002067051418e-03
9.910093002067051418e-03
9.910093002067051418e-03
9.910093002067051418e-03
9.910093002067051418e-03
9.910093002067051418e-03
1.049856386301740128e-02
1.049856386301740128e-02
1.049856386301740128e-02
1.049856386301740128e-02
1.054463731181510579e-02
1.054463731181510579e-02
1.054463731181510579e-02
1.054463731181510579e-02
1.054463731181510579e-02
1.060189709270789420e-02
1.060189709270789420e-02
1.060189709270789420e-02
1.060189709270789420e-02
1.022090210035691248e-02
1.022090210035691248e-02
1.022090210035691248e-02
1.022090210035691248e-02
1.022090210035691248e-02
1.022090210035691248e-02
1.054105333424337938e-02
1.054105333424337938e-02
1.054105333424337938e-02
9.028532010467011509e-03
9.028532010467011509e-03
8.654722354167190476e-03
8.590613865882218772e-03
6.907034738377483551e-03
6.907034738377483551e-03
6.738836668301051436e-03
6.738836668301051436e-03
6.738836668301051436e-03
6.209919631502774928e-03
6.209919631502774928e-03
6.209919631502774928e-03
6.209919631502774928e-03
6.209919631502774928e-03
6.258800616189545696e-03
6.258800616189545696e-03
6.258800616189545696e-03
6.258800616189545696e-03
6.258800616189545696e-03
6.632218250683087624e-03
6.632218250683087624e-03
6.632218250683087624e-03
6.632218250683087624e-03
5.508311548198602074e-03
5.733013847588644581e-03
5.733013847588644581e-03
5.733013847588644581e-03
5.733013847588644581e-03
5.733013847588644581e-03
5.733013847588644581e-03
5.733013847588644581e-03
5.733013847588644581e-03
5.733013847588644581e-03
5.733013847588644581e-03
5.733013847588644581e-03
5.733013847588644581e-03
5.733013847588644581e-03
5.733013847588644581e-03
5.733013847588644581e-03
5.733013847588644581e-03
5.733013847588644581e-03
5.733013847588644581e-03
5.733013847588644581e-03
5.733013847588644581e-03
5.733013847588644581e-03
5.733013847588644581e-03
5.730855039853763495e-03
5.730855039853763495e-03
5.730855039853763495e-03
5.730855039853763495e-03
5.990752997634210715e-03
5.990752997634210715e-03
5.990752997634210715e-03
5.990752997634210715e-03
5.990752997634210715e-03
5.990752997634210715e-03
5.990752997634210715e-03
5.990752997634210715e-03
5.990752997634210715e-03
5.990752997634210715e-03
5.990752997634210715e-03
5.990752997634210715e-03
5.990752997634210715e-03
5.990752997634210715e-03
5.990752997634210715e-03
5.642683483727373162e-03
5.771062379582977443e-03
5.771062379582977443e-03
5.771062379582977443e-03
5.771062379582977443e-03
5.771062379582977443e-03
5.771062379582977443e-03
5.771062379582977443e-03
5.771062379582977443e-03
5.771062379582977443e-03
5.771062379582977443e-03
5.771062379582977443e-03
5.771062379582977443e-03
5.771062379582977443e-03
5.771062379582977443e-03
5.771062379582977443e-03
5.771062379582977443e-03
6.080094202047328818e-03
6.080094202047328818e-03
6.080094202047328818e-03
6.080094202047328818e-03
6.684869383853171872e-03
6.684869383853171872e-03
7.472616189974397825e-03
7.472616189974397825e-03
7.472616189974397825e-03
7.472616189974397825e-03
7.472616189974397825e-03
7.472616189974397825e-03
7.472616189974397825e-03
7.469073225048545456e-03
7.469073225048545456e-03
7.469073225048545456e-03
7.469073225048545456e-03
7.469073225048545456e-03
7.469073225048545456e-03
7.469073225048545456e-03
7.546388417782799903e-03
7.359091222352526045e-03
7.359091222352526045e-03
7.359091222352526045e-03
7.526456260784970820e-03
7.526456260784970820e-03
7.526456260784970820e-03
7.526456260784970820e-03
7.538720125498047341e-03
7.538720125498047341e-03
7.538720125498047341e-03
8.202264117763894899e-03
8.202264117763894899e-03
8.771722741913840285e-03
8.682103359751522018e-03
8.682103359751522018e-03
8.682103359751522018e-03
8.682103359751522018e-03
8.682103359751522018e-03
8.682103359751522018e-03
8.710821044959260809e-03
8.710821044959260809e-03
8.710821044959260809e-03
8.710821044959260809e-03
8.710821044959260809e-03
8.710821044959260809e-03
8.710821044959260809e-03
8.710821044959260809e-03
8.710821044959260809e-03
8.710821044959260809e-03
8.710821044959260809e-03
8.710821044959260809e-03
8.710821044959260809e-03
8.710821044959260809e-03
8.764922923081232622e-03
8.764922923081232622e-03
8.764922923081232622e-03
8.764922923081232622e-03
8.764922923081232622e-03
8.764922923081232622e-03
8.189245324826602626e-03
8.189245324826602626e-03
7.562053266844449319e-03
7.562053266844449319e-03
7.562053266844449319e-03
7.562053266844449319e-03
7.562053266844449319e-03
7.562053266844449319e-03
7.562053266844449319e-03
7.657962882438092145e-03
7.957548138908416072e-03
7.957548138908416072e-03
7.957548138908416072e-03
7.957548138908416072e-03
7.957548138908416072e-03
7.957548138908416072e-03
7.957548138908416072e-03
7.957548138908416072e-03
7.957548138908416072e-03
7.957548138908416072e-03
7.957548138908416072e-03
7.957548138908416072e-03
7.957548138908416072e-03
7.957548138908416072e-03
7.957548138908416072e-03
7.957548138908416072e-03
7.957548138908416072e-03
7.903500449687945670e-03
7.903500449687945670e-03
7.903500449687945670e-03
7.903500449687945670e-03
7.903500449687945670e-03
7.903500449687945670e-03
7.903500449687945670e-03
7.903500449687945670e-03
7.903500449687945670e-03
7.903500449687945670e-03
7.903500449687945670e-03
7.745387760699128099e-03
7.685302571809432028e-03
7.685302571809432028e-03
7.924698804961095161e-03
7.924698804961095161e-03
7.797822329324740481e-03
7.797822329324740481e-03
7.604334088045117991e-03
7.604334088045117991e-03
7.604334088045117991e-03
7.604334088045117991e-03
7.604334088045117991e-03
7.875634644831923381e-03
7.875634644831923381e-03
7.875634644831923381e-03
7.797395418342270047e-03
7.797395418342270047e-03
7.797395418342270047e-03
7.797395418342270047e-03
7.797395418342270047e-03
7.138961998915511163e-03
7.138961998915511163e-03
6.314123388441669066e-03
6.314123388441669066e-03
6.314123388441669066e-03
5.803493751285523222e-03
6.922885149654831212e-03
6.922885149654831212e-03
6.922885149654831212e-03
6.922885149654831212e-03
6.904889180416488165e-03
6.904889180416488165e-03
6.904889180416488165e-03
6.904889180416488165e-03
6.904889180416488165e-03
6.904889180416488165e-03
6.904889180416488165e-03
6.904889180416488165e-03
8.734868693570397094e-03
8.734868693570397094e-03
8.734868693570397094e-03
7.200775724988472438e-03
7.200775724988472438e-03
7.200775724988472438e-03
7.200775724988472438e-03
7.200775724988472438e-03
8.648493215442264875e-03
8.647535318080415770e-03
8.647535318080415770e-03
8.647535318080415770e-03
8.647535318080415770e-03
8.647535318080415770e-03
8.647535318080415770e-03
8.647535318080415770e-03
8.647535318080415770e-03
8.647535318080415770e-03
8.647535318080415770e-03
8.647535318080415770e-03
8.647535318080415770e-03
8.688863753361185729e-03
8.688863753361185729e-03
8.688863753361185729e-03
8.688863753361185729e-03
8.688863753361185729e-03
1.138585611047740996e-02
1.143576713752408706e-02
1.143576713752408706e-02
1.143576713752408706e-02
1.143576713752408706e-02
1.143576713752408706e-02
1.143576713752408706e-02
1.143576713752408706e-02
1.141249490770500884e-02
1.141249490770500884e-02
1.141249490770500884e-02
9.007976392059391033e-03
8.984721120698970984e-03
1.020863610085934702e-02
1.049070486474066970e-02
1.130899677114765439e-02
1.130899677114765439e-02
1.130899677114765439e-02
1.310367726030258785e-02
1.310367726030258785e-02
1.326211917172849357e-02
1.326211917172849357e-02
1.326211917172849357e-02
1.326211917172849357e-02
1.326211917172849357e-02
1.326211917172849357e-02
1.326211917172849357e-02
1.326211917172849357e-02
1.326211917172849357e-02
1.318913822137648788e-02
1.228706762780639415e-02
1.300521301135266171e-02
1.360343973611731309e-02
1.360343973611731309e-02
1.360343973611731309e-02
1.445516679869901684e-02
1.445516679869901684e-02
1.445516679869901684e-02
1.445516679869901684e-02
1.442944280544659376e-02
1.390805954342932103e-02
1.641069562701669496e-02
1.689147478464116461e-02
1.689147478464116461e-02
1.689147478464116461e-02
1.689147478464116461e-02
1.689147478464116461e-02
1.689147478464116461e-02
1.409834900819503106e-02
1.409834900819503106e-02
1.409834900819503106e-02
1.409834900819503106e-02
1.409834900819503106e-02
1.409834900819503106e-02
1.391729615484424941e-02
1.296778643614534404e-02
1.296778643614534404e-02
-1.293720757187828176e-02
-1.293720757187828176e-02
-1.293720757187828176e-02
-1.293720757187828176e-02
-1.293720757187828176e-02
-1.293720757187828176e-02
-1.293720757187828176e-02
-1.293720757187828176e-02
-1.307524612224460030e-02
-1.307524612224460030e-02
-1.059117322193818718e-02
-1.059117322193818718e-02
-1.051784976156934330e-02
-1.051784976156934330e-02
-1.051784976156934330e-02
-1.051784976156934330e-02
-1.051784976156934330e-02
-1.051784976156934330e-02
-1.051784976156934330e-02
-1.051784976156934330e-02
-1.051784976156934330e-02
-1.051784976156934330e-02
-1.051784976156934330e-02
-1.051784976156934330e-02
-1.051784976156934330e-02
-1.051784976156934330e-02
-1.051784976156934330e-02
-1.051784976156934330e-02
-1.051784976156934330e-02
-1.051784976156934330e-02
-1.051784976156934330e-02
-1.051784976156934330e-02
-1.059893110371603470e-02
-1.059893110371603470e-02
-1.059893110371603470e-02
-1.059893110371603470e-02
-1.059893110371603470e-02
-9.429814774423707358e-03
-9.092034574322643836e-03
-9.018747609524929362e-03
-9.018747609524929362e-03
-9.091897072354991616e-03
-9.577465035234626264e-03
-9.453867736286439283e-03
-9.373344492493941929e-03
-8.836347556085170571e-03
-8.836347556085170571e-03
-8.836347556085170571e-03
-8.836347556085170571e-03
-1.049966034966229485e-02
-9.134070832823521294e-03
-9.134070832823521294e-03
-8.808337410259731853e-03
-9.359304407895358696e-03
-9.359304407895358696e-03
-1.201873781235481171e-02
-1.201873781235481171e-02
-1.201873781235481171e-02
-1.231026079096697763e-02
-1.231026079096697763e-02
-1.231026079096697763e-02
-1.231026079096697763e-02
-1.231026079096697763e-02
-1.231026079096697763e-02
-1.231026079096697763e-02
-1.231026079096697763e-02
-1.215087661505639439e-02
-1.215087661505639439e-02
-1.215087661505639439e-02
-1.227583295211631502e-02
-1.183564113807095142e-02
-1.253583574783479447e-02
-1.253583574783479447e-02
-1.253583574783479447e-02
-1.253583574783479447e-02
-1.253583574783479447e-02
-1.193553089588421899e-02
-1.193553089588421899e-02
-1.193553089588421899e-02
-1.193553089588421899e-02
-1.193553089588421899e-02
-1.193553089588421899e-02
-1.193553089588421899e-02
-1.148458351725726266e-02
-1.265448018382076163e-02
-1.265448018382076163e-02
-1.383769603582903247e-02
-1.383769603582903247e-02
-1.531399299113690715e-02
-1.531399299113690715e-02
-1.506004768294792913e-02
-1.547426346387721120e-02
-1.547426346387721120e-02
-1.518124303387868336e-02
-1.613157367902391323e-02
-1.613157367902391323e-02
-1.613157367902391323e-02
-1.613157367902391323e-02
-1.613157367902391323e-02
-1.613157367902391323e-02
-1.613157367902391323e-02
-1.613157367902391323e-02
-1.833193445911724187e-02
-1.841955637087144479e-02
-1.841955637087144479e-02
-1.841475433982258519e-02
-1.843941042163064342e-02
-1.843941042163064342e-02
-1.843941042163064342e-02
-1.909948828376548113e-02
-1.902519696889272069e-02
-1.914691452589120657e-02
-1.914691452589120657e-02
-1.914691452589120657e-02
-1.914691452589120657e-02
-1.914691452589120657e-02
-1.884845094298690307e-02
-1.884845094298690307e-02
-1.913397957070646707e-02
-1.913397957070646707e-02
-1.932570421911968331e-02
-1.932570421911968331e-02
-1.932570421911968331e-02
-1.932570421911968331e-02
-1.932570421911968331e-02
-1.932570421911968331e-02
-1.932570421911968331e-02
-1.932570421911968331e-02
-1.932570421911968331e-02
-1.932570421911968331e-02
-2.029620031450470735e-02
-2.021419607279596395e-02
-2.021419607279596395e-02
-2.021419607279596395e-02
-2.021419607279596395e-02
-2.021419607279596395e-02
-2.021419607279596395e-02
-2.018478821486268185e-02
-2.162189334200448690e-02
-2.128089710193453374e-02
-2.128089710193453374e-02
-2.128089710193453374e-02
-2.248676726856118843e-02
-1.746668975511561639e-02
-1.746668975511561639e-02
-1.819220650898737204e-02
-1.819220650898737204e-02
-1.754614969818183573e-02
-1.746086549264307120e-02
-1.746086549264307120e-02
-1.746086549264307120e-02
-1.518183348185279252e-02
-1.518183348185279252e-02
-1.631012643185192346e-02
-1.631012643185192346e-02
-1.631012643185192346e-02
