0.000000000000000000e+00
6.128595412297870720e-02
6.128595412297870720e-02
6.128595412297870720e-02
6.128595412297870720e-02
6.128595412297870720e-02
6.128595412297870720e-02
5.839289618374993163e-02
5.545461873144832271e-02
5.490512922052544903e-02
5.590569898159709200e-02
5.159449447725247828e-02
5.185868881154515053e-02
5.626867441355187099e-02
5.278575185209408854e-02
4.971081165730712598e-02
4.608470858556274613e-02
5.252713342109149863e-02
5.117949710623826559e-02
5.961957197724101348e-02
6.003908414028994583e-02
5.779036500517192171e-02
5.967120230514316725e-02
5.992121786720075449e-02
6.153303746099986204e-02
5.936537016908206149e-02
5.307494214299173646e-02
4.887559707584169383e-02
5.193102750713276400e-02
5.331893001407694843e-02
5.468191977129258086e-02
5.764952036483619174e-02
5.973452266519462678e-02
5.933876118085052581e-02
5.506718004992073451e-02
5.917220475766254983e-02
6.485812949981144271e-02
6.603281298691345003e-02
6.293217912961365790e-02
6.085444679865966572e-02
5.999092471254285214e-02
5.875684791155729586e-02
5.844698866738313320e-02
5.366160435895098862e-02
5.259775235621776818e-02
5.147911030376491753e-02
4.817168536091755854e-02
4.279548352360134506e-02
4.475732817682479686e-02
4.221383483073266191e-02
4.485231574848155128e-02
4.728946575866272567e-02
4.511398031166117401e-02
4.344014323449422316e-02
3.822663376939208074e-02
4.111969165159105877e-02
4.120654238260052643e-02
4.496788362551398799e-02
4.792640683669779217e-02
4.920897490033695337e-02
5.084033767712470980e-02
5.466709026151386763e-02
6.047346544947559965e-02
5.997710527729980395e-02
5.702039200272638469e-02
5.624612978770283239e-02
5.493161497414317945e-02
5.602851312087115537e-02
5.625356026246509239e-02
5.733774009504011976e-02
5.802541316835135854e-02
5.801687130817369947e-02
5.882056398019652049e-02
5.467840838021175570e-02
5.537379803398970873e-02
5.621971043085335212e-02
5.581991780870566161e-02
5.242321203157418452e-02
4.967820817179077753e-02
5.094657199308941925e-02
5.024003636475343065e-02
5.092522963679680520e-02
4.985371654605991881e-02
5.061137588279588512e-02
5.003331573331370324e-02
5.493641124449025887e-02
5.457326534996310291e-02
5.462468531204816430e-02
5.454556219256301297e-02
5.408242773073504428e-02
5.477519146250674903e-02
5.489590113039044539e-02
5.756955209449085564e-02
6.005629708880073220e-02
6.061100984924480684e-02
5.970644727904584476e-02
5.815993415281759532e-02
5.477411125438252232e-02
5.512258041917984103e-02
5.107204455745329580e-02
5.047572849266945827e-02
5.018574348364761989e-02
5.054965047135648315e-02
5.017589120165311112e-02
5.034963037041290113e-02
4.942846655999303535e-02
4.926805631989808476e-02
4.921662247972299897e-02
5.073135784588238967e-02
5.060389350184583274e-02
4.991369686991450894e-02
5.060063295223182073e-02
5.342542328904150567e-02
5.538089582235374703e-02
5.652613932419054549e-02
5.719601649071573424e-02
5.832514305123462361e-02
5.952283779090489224e-02
5.943468510896552509e-02
5.961929773049493009e-02
5.986728376535068591e-02
5.777140136490572370e-02
5.715970677721893961e-02
5.896773431430257090e-02
5.896841439258323353e-02
5.888664339110424861e-02
5.853541276967078738e-02
5.796968310239378197e-02
5.796968310239378197e-02
5.787229743939930476e-02
5.884456929388331287e-02
5.801487404499049844e-02
5.773503092128539488e-02
5.904821300183437510e-02
5.824736307349819703e-02
5.900765647831141686e-02
6.027831959648973642e-02
5.937708614009825497e-02
5.803405646423973746e-02
5.737264639615510808e-02
5.588473618512984631e-02
5.726417736912345346e-02
5.712964519848196671e-02
5.712964519848196671e-02
5.656879580515062483e-02
5.688730074157787725e-02
5.755606303809857743e-02
5.771999848289285917e-02
5.603302951881878463e-02
5.526040559557337389e-02
5.540783989578656338e-02
5.512788688774777207e-02
5.543872685498612424e-02
5.618393969082437905e-02
5.685496043616166534e-02
5.716691914525023205e-02
5.594887649552268694e-02
5.609403561980356306e-02
5.582361261932358709e-02
5.582361261932358709e-02
5.535103184297523321e-02
5.633384124495784823e-02
5.702242023935633758e-02
5.649478563113238816e-02
5.680399807237201254e-02
5.742394337858591769e-02
5.849494368597144694e-02
5.809599000052945161e-02
5.760115615713962828e-02
5.795876432473607426e-02
5.902827725316540236e-02
5.917661735078774687e-02
5.939011435292956137e-02
5.800785025270063788e-02
5.693930232398042302e-02
5.599730285876560604e-02
5.579203605999185495e-02
5.526943027794638946e-02
5.526889767446404450e-02
5.526889767446404450e-02
5.445973128446016803e-02
5.495149291403372133e-02
5.494922519747227896e-02
5.505865614530150443e-02
5.464014894830734187e-02
5.498031424716817023e-02
5.684861079528109179e-02
5.666577863264572051e-02
5.601608020527498732e-02
5.625530267066738976e-02
5.620531657013929511e-02
5.612823271525008151e-02
5.589550835925649608e-02
5.589550835925649608e-02
5.589550835925649608e-02
5.615381045678391470e-02
5.597018828043155009e-02
5.532689429255645969e-02
5.507549408598991225e-02
5.517829686898440000e-02
5.505207991162957420e-02
5.545256130102704101e-02
5.456481004542321211e-02
5.456481004542321211e-02
5.532295254823485497e-02
5.595279170344644865e-02
5.638515807527064161e-02
5.561180201562592601e-02
5.561180201562592601e-02
5.555750470928583901e-02
5.587011707483869466e-02
5.596497215354465787e-02
5.605530303623811744e-02
5.613160518190338233e-02
5.605930034920059146e-02
5.605930034920059146e-02
5.796802681222417569e-02
5.786986491141232064e-02
5.752030154783219912e-02
5.795479001030306304e-02
5.795479001030306304e-02
5.786139399583072745e-02
5.786502990965611964e-02
5.815841303178753002e-02
5.815841303178753002e-02
5.815841303178753002e-02
5.783159979531853762e-02
5.764247067234573585e-02
5.745014468947196723e-02
5.576958553446244998e-02
5.603610617398499527e-02
5.604154212442141736e-02
5.604154212442141736e-02
5.600722029387741885e-02
5.600722029387741885e-02
5.582851341403295004e-02
5.582851341403295004e-02
5.582851341403295004e-02
5.582851341403295004e-02
5.582851341403295004e-02
5.536914907038512079e-02
5.566168276692343847e-02
5.718832980240323716e-02
5.722998679902357305e-02
5.765593597699574663e-02
5.765593597699574663e-02
5.768683954923134460e-02
5.768683954923134460e-02
5.768683954923134460e-02
5.768358263439244543e-02
