0.000000000000000000e+00
8.415140739357268584e-02
8.283611082934690117e-02
8.446510688353860152e-02
8.214765745357946458e-02
7.550578940038288334e-02
8.274951747716761952e-02
8.288345693721803353e-02
8.102891202537973458e-02
7.801659999281952695e-02
8.038546467777500648e-02
8.001006341055244553e-02
8.050101218434090045e-02
8.150066305392909827e-02
8.149543575304736553e-02
8.259968174007713271e-02
8.253777678094961767e-02
8.173085412166694597e-02
8.173085412166694597e-02
8.121580127174592156e-02
8.143346401586749883e-02
8.121580127174592156e-02
8.121580127174592156e-02
8.143346401586749883e-02
8.166836379908785915e-02
8.166836379908785915e-02
8.166836379908785915e-02
8.166836379908785915e-02
8.166836379908785915e-02
8.166836379908785915e-02
8.166836379908785915e-02
8.166836379908785915e-02
8.166836379908785915e-02
8.166836379908785915e-02
8.166836379908785915e-02
8.166836379908785915e-02
8.166836379908785915e-02
8.166836379908785915e-02
8.166836379908785915e-02
8.166836379908785915e-02
8.166836379908785915e-02
8.166836379908785915e-02
8.166836379908785915e-02
8.166836379908785915e-02
8.166836379908785915e-02
8.166836379908785915e-02
8.166836379908785915e-02
8.166836379908785915e-02
8.166836379908785915e-02
8.166836379908785915e-02
8.166836379908785915e-02
8.166836379908785915e-02
8.166836379908785915e-02
8.166836379908785915e-02
8.166836379908785915e-02
8.166836379908785915e-02
8.166836379908785915e-02
8.166836379908785915e-02
8.166836379908785915e-02
8.166836379908785915e-02
8.166836379908785915e-02
8.166836379908785915e-02
8.166836379908785915e-02
8.166836379908785915e-02
8.166836379908785915e-02
8.166836379908785915e-02
8.166836379908785915e-02
8.166836379908785915e-02
8.166836379908785915e-02
8.166836379908785915e-02
8.166836379908785915e-02
8.166836379908785915e-02
8.166836379908785915e-02
8.166836379908785915e-02
8.166836379908785915e-02
8.166836379908785915e-02
8.166836379908785915e-02
8.166836379908785915e-02
8.166836379908785915e-02
8.166836379908785915e-02
8.166836379908785915e-02
8.166836379908785915e-02
8.166836379908785915e-02
8.166836379908785915e-02
8.166836379908785915e-02
8.166836379908785915e-02
8.166836379908785915e-02
8.166836379908785915e-02
8.166836379908785915e-02
8.166836379908785915e-02
8.166836379908785915e-02
8.166836379908785915e-02
8.166836379908785915e-02
8.166836379908785915e-02
8.166836379908785915e-02
8.166836379908785915e-02
8.166836379908785915e-02
8.166836379908785915e-02
8.166836379908785915e-02
8.166836379908785915e-02
8.166836379908785915e-02
8.166836379908785915e-02
8.166836379908785915e-02
8.166836379908785915e-02
8.166836379908785915e-02
8.166836379908785915e-02
8.166836379908785915e-02
8.166836379908785915e-02
8.166836379908785915e-02
8.166836379908785915e-02
8.166836379908785915e-02
8.166836379908785915e-02
8.166836379908785915e-02
8.166836379908785915e-02
8.166836379908785915e-02
8.166836379908785915e-02
8.166836379908785915e-02
8.166836379908785915e-02
8.166836379908785915e-02
8.166836379908785915e-02
8.166836379908785915e-02
8.166836379908785915e-02
8.166836379908785915e-02
8.166836379908785915e-02
8.166836379908785915e-02
8.166836379908785915e-02
8.166836379908785915e-02
8.166836379908785915e-02
8.166836379908785915e-02
8.166836379908785915e-02
8.166836379908785915e-02
8.166836379908785915e-02
8.166836379908785915e-02
8.166836379908785915e-02
8.166836379908785915e-02
8.166836379908785915e-02
8.166836379908785915e-02
8.166836379908785915e-02
8.166836379908785915e-02
8.166836379908785915e-02
8.166836379908785915e-02
8.166836379908785915e-02
8.166836379908785915e-02
8.166836379908785915e-02
8.166836379908785915e-02
8.166836379908785915e-02
8.166836379908785915e-02
8.166836379908785915e-02
8.166836379908785915e-02
8.166836379908785915e-02
8.166836379908785915e-02
8.166836379908785915e-02
8.166836379908785915e-02
8.166836379908785915e-02
8.166836379908785915e-02
8.166836379908785915e-02
8.166836379908785915e-02
8.166836379908785915e-02
8.166836379908785915e-02
8.166836379908785915e-02
8.166836379908785915e-02
8.166836379908785915e-02
8.166836379908785915e-02
8.166836379908785915e-02
8.166836379908785915e-02
8.166836379908785915e-02
8.166836379908785915e-02
8.166836379908785915e-02
8.166836379908785915e-02
8.166836379908785915e-02
8.166836379908785915e-02
8.166836379908785915e-02
8.166836379908785915e-02
8.166836379908785915e-02
8.166836379908785915e-02
8.166836379908785915e-02
8.166836379908785915e-02
8.166836379908785915e-02
8.166836379908785915e-02
8.166836379908785915e-02
8.166836379908785915e-02
8.166836379908785915e-02
8.166836379908785915e-02
8.166836379908785915e-02
8.166836379908785915e-02
8.166836379908785915e-02
8.166836379908785915e-02
8.166836379908785915e-02
8.166836379908785915e-02
8.166836379908785915e-02
8.166836379908785915e-02
8.166836379908785915e-02
8.166836379908785915e-02
8.166836379908785915e-02
8.166836379908785915e-02
8.166836379908785915e-02
8.166836379908785915e-02
8.166836379908785915e-02
8.166836379908785915e-02
8.166836379908785915e-02
8.166836379908785915e-02
8.166836379908785915e-02
8.166836379908785915e-02
8.166836379908785915e-02
8.166836379908785915e-02
8.166836379908785915e-02
8.166836379908785915e-02
8.166836379908785915e-02
8.166836379908785915e-02
8.166836379908785915e-02
8.166836379908785915e-02
8.166836379908785915e-02
8.166836379908785915e-02
8.166836379908785915e-02
8.166836379908785915e-02
8.166836379908785915e-02
8.166836379908785915e-02
8.166836379908785915e-02
8.166836379908785915e-02
8.166836379908785915e-02
8.166836379908785915e-02
8.166836379908785915e-02
8.166836379908785915e-02
8.166836379908785915e-02
8.166836379908785915e-02
8.166836379908785915e-02
8.166836379908785915e-02
8.166836379908785915e-02
8.166836379908785915e-02
8.166836379908785915e-02
8.166836379908785915e-02
8.166836379908785915e-02
8.166836379908785915e-02
8.166836379908785915e-02
8.166836379908785915e-02
8.166836379908785915e-02
8.166836379908785915e-02
8.166836379908785915e-02
8.166836379908785915e-02
8.166836379908785915e-02
8.166836379908785915e-02
8.166836379908785915e-02
8.166836379908785915e-02
8.166836379908785915e-02
8.166836379908785915e-02
8.166836379908785915e-02
8.166836379908785915e-02
8.166836379908785915e-02
8.166836379908785915e-02
8.166836379908785915e-02
