0.000000000000000000e+00
6.603783622653119911e-02
6.603783622653119911e-02
6.603783622653119911e-02
6.688380506424421168e-02
6.860974024185144404e-02
6.630835277264512939e-02
6.674452786180946895e-02
6.162073321819686728e-02
6.188351425493538588e-02
4.937323366881774672e-02
4.525088665799179011e-02
4.257488428536632119e-02
3.723131659702680341e-02
2.542995288478299212e-02
2.768435759225951198e-02
2.281210918607516971e-02
2.347033805569067114e-02
2.172816582274099753e-02
2.218720695318920910e-02
2.014812847740362484e-02
2.155364486582574124e-02
2.197564635813417655e-02
1.454610348697185640e-02
1.354425682911103261e-02
1.559476493806033481e-02
1.542957121622708094e-02
1.428650353125965854e-02
1.151636277479464558e-02
1.034440401911339118e-02
1.385475634353785894e-02
1.669083520955976299e-02
1.843476069375515891e-02
1.657402001834675648e-02
1.571838928723609877e-02
1.921783774669386449e-02
1.785752270736143746e-02
1.849882527210890484e-02
2.405797030075286502e-02
2.345967596172279443e-02
2.259889125795397705e-02
2.276926921889805069e-02
2.322704643055890916e-02
2.425730474383097982e-02
2.024297051496260283e-02
1.924696214505211903e-02
1.834026087292081955e-02
1.934904418101527843e-02
2.022738449690361998e-02
2.057535708055908616e-02
2.105779354613735929e-02
1.829333714092454960e-02
1.636948048003327924e-02
1.449820572754204062e-02
1.492271484089359966e-02
1.503135542442243962e-02
1.170919562452536582e-02
1.013456730452418249e-02
9.127157893364877192e-03
1.009856585760878465e-02
1.004571221868573623e-02
1.051570883811897388e-02
1.007662359450915181e-02
1.039464443737633630e-02
1.215843681752921783e-02
1.282388260054138397e-02
1.313325359284279494e-02
1.237611979727131634e-02
1.184655016772623477e-02
1.240282026435691326e-02
1.169688569816747757e-02
1.141680129482093402e-02
1.085054746089940576e-02
1.066580116606481027e-02
8.421974970463546803e-03
6.294926573331558611e-03
6.110706780065052086e-03
6.107414791219474733e-03
6.194218677649253151e-03
6.287233781501950537e-03
6.788469551936887787e-03
6.126194682271039749e-03
5.391372956602118009e-03
5.439770465234670255e-03
5.439770465234670255e-03
5.334781229243628665e-03
4.036181257180921321e-03
4.036181257180921321e-03
4.036181257180921321e-03
3.841396363952247640e-03
3.699958984601429621e-03
3.699958984601429621e-03
2.867844430632012723e-03
2.772379353176843836e-03
2.772379353176843836e-03
2.506025507458764078e-03
2.506219173250670822e-03
2.549122333072155380e-03
2.437868422708686349e-03
2.437868422708686349e-03
2.154838426860713509e-03
2.331827836779850130e-03
2.391519108700620923e-03
2.391519108700620923e-03
2.391519108700620923e-03
1.683169384298063842e-03
1.810342252151831690e-03
1.810342252151831690e-03
4.392213934547546834e-03
4.392213934547546834e-03
4.499904953103639298e-03
4.477319715123531142e-03
4.185365920406073324e-03
4.185365920406073324e-03
4.185365920406073324e-03
4.185365920406073324e-03
4.185365920406073324e-03
4.052979523633899218e-03
4.052979523633899218e-03
3.764060681440804454e-03
3.764060681440804454e-03
3.917769838019742774e-03
3.917769838019742774e-03
3.917769838019742774e-03
3.917769838019742774e-03
4.008502654693912523e-03
4.031731823254914963e-03
4.031731823254914963e-03
4.031731823254914963e-03
3.986721202200014906e-03
3.986721202200014906e-03
4.171701995862977033e-03
4.171701995862977033e-03
4.174399744650105978e-03
4.174399744650105978e-03
4.222349436888362534e-03
4.222349436888362534e-03
4.266382674260133824e-03
4.266382674260133824e-03
4.246419974251974642e-03
4.246419974251974642e-03
4.246419974251974642e-03
4.282560407509854346e-03
4.282560407509854346e-03
4.282560407509854346e-03
4.175149295838348137e-03
4.175149295838348137e-03
4.175149295838348137e-03
4.202298786991226671e-03
4.202298786991226671e-03
4.202298786991226671e-03
4.202298786991226671e-03
4.202298786991226671e-03
4.008147628876840458e-03
4.024312047624927814e-03
4.076596281659997448e-03
4.139563827391852698e-03
4.139563827391852698e-03
4.152317247167021212e-03
4.152317247167021212e-03
4.152317247167021212e-03
4.177216753376351843e-03
4.145050097902241819e-03
4.145050097902241819e-03
4.365933415431926500e-03
4.394338474857000312e-03
4.429386179130321254e-03
4.474868232375154610e-03
4.474868232375154610e-03
4.474868232375154610e-03
4.289769953623027467e-03
4.289769953623027467e-03
4.289769953623027467e-03
4.289769953623027467e-03
4.289769953623027467e-03
4.289769953623027467e-03
4.282133726833268518e-03
4.308985546867308801e-03
4.308985546867308801e-03
2.550605497967228710e-03
2.550605497967228710e-03
2.550605497967228710e-03
2.550605497967228710e-03
2.530678817848631881e-03
2.530678817848631881e-03
2.530678817848631881e-03
2.519449256189706162e-03
2.533246786059770075e-03
2.533246786059770075e-03
2.533246786059770075e-03
2.533246786059770075e-03
2.533246786059770075e-03
2.533246786059770075e-03
2.533246786059770075e-03
-7.649392045850821054e-03
-7.649392045850821054e-03
-7.649392045850821054e-03
-7.649392045850821054e-03
-7.649392045850821054e-03
-7.649392045850821054e-03
-7.649392045850821054e-03
-7.618984838764063933e-03
-7.618984838764063933e-03
-7.610643450048388582e-03
-7.610643450048388582e-03
-7.044025493574379050e-03
-7.044025493574379050e-03
-7.025759255024621557e-03
-7.025759255024621557e-03
-7.025759255024621557e-03
-7.038639967231350748e-03
-7.038639967231350748e-03
-7.038639967231350748e-03
-7.279140505900311142e-03
-7.912965149902426512e-03
-7.912965149902426512e-03
3.854074283586029093e-03
3.854074283586029093e-03
3.854074283586029093e-03
-4.479870373093151371e-03
-4.461805289527959011e-03
-5.682015637336296915e-03
-5.682015637336296915e-03
-5.660362526545606975e-03
-5.298308789943564391e-03
-5.298308789943564391e-03
-5.229825044270803615e-03
3.584270315488165617e-03
3.584270315488165617e-03
3.584270315488165617e-03
3.572101888257062357e-03
2.928858973048049583e-03
3.086316191902218047e-03
3.086316191902218047e-03
3.086316191902218047e-03
3.086316191902218047e-03
3.495971041128806151e-03
-6.132567330902373437e-03
-6.096989702622744416e-03
-6.096989702622744416e-03
4.574261907670620561e-03
4.574261907670620561e-03
-5.246758233616400334e-03
-5.246758233616400334e-03
-4.340292743287168728e-03
-4.340292743287168728e-03
-4.267711917693128507e-03
-4.144990585239212433e-03
-4.144990585239212433e-03
-4.724641640391795926e-03
