1.000000000000000000e+00
1.000000000000000000e+00
1.000000000000000000e+00
1.000000000000000000e+00
9.899427962018598759e-01
9.816160082109454121e-01
9.554098280556611034e-01
9.095253021635797408e-01
8.567233445516859724e-01
7.633345500700208230e-01
6.590516803562107562e-01
5.787266481242977489e-01
5.212635631074591380e-01
4.539322130311497783e-01
3.780852687648563193e-01
3.365002985750057962e-01
2.810196669460297003e-01
2.415243268365744878e-01
2.014701129283971159e-01
1.884105403410538671e-01
1.658833589251779150e-01
1.444107454140338698e-01
1.349905935096164245e-01
1.477910350865097033e-01
1.239869400150778039e-01
1.154092930152989527e-01
1.068758904491639572e-01
1.030467455069246779e-01
1.025433267384652791e-01
1.021367508430032212e-01
1.146642297428797641e-01
1.146845012147459236e-01
1.112035672054855207e-01
1.087861599777216887e-01
1.033510857144610551e-01
9.467289879399963526e-02
1.000595161542001954e-01
1.166126552058195376e-01
1.230261547931338628e-01
1.066634802593848519e-01
1.035299329204178997e-01
9.840517352138945795e-02
9.424502148524371847e-02
9.006510858207915360e-02
8.021109106632230701e-02
8.193233241494375652e-02
7.849006264387946297e-02
6.994631766371596504e-02
5.864844688432537673e-02
5.247460474432660837e-02
5.025598793406735321e-02
4.680144736472965916e-02
5.340058305512880577e-02
5.913414192899445893e-02
5.845243688205490479e-02
5.687991098552587499e-02
5.189104793614918165e-02
4.983929526588710274e-02
4.597395689889036824e-02
5.677637638401862585e-02
5.630507164907833095e-02
5.150491303392138592e-02
4.985992153875710986e-02
4.806993001465195009e-02
3.998582520298248760e-02
4.014251435377086397e-02
3.903241827453522023e-02
3.875840918698458121e-02
4.030479804098807683e-02
3.845300808685461758e-02
3.632394839460894448e-02
3.677674634682326360e-02
2.689217181503184007e-02
2.488186171022452320e-02
1.578195033790563695e-02
1.731278237730716346e-02
1.650484209570760377e-02
1.602574304193942964e-02
1.611644502986183183e-02
1.620806829362704884e-02
1.945478869427457597e-02
2.178373697659592712e-02
1.764113932723776479e-02
1.720052348717407420e-02
1.720052348717407420e-02
1.565105850427717799e-02
1.695351696514022302e-02
1.695351696514022302e-02
1.695351696514022302e-02
1.653920460666862685e-02
1.572450376773188579e-02
1.572450376773188579e-02
1.435182825256248011e-02
1.599116184800553758e-02
1.599116184800553758e-02
1.494722382408612479e-02
1.482872571410792303e-02
1.444976417595665932e-02
1.482011241590997820e-02
1.482011241590997820e-02
1.341791732475444178e-02
1.203623735356850605e-02
1.167746576103058202e-02
1.167746576103058202e-02
1.167746576103058202e-02
1.022323664430477459e-02
9.877053713388121367e-03
9.877053713388121367e-03
1.328532367045426321e-02
1.328532367045426321e-02
1.389146164735091497e-02
1.356017565190927553e-02
1.323284318566353250e-02
1.323284318566353250e-02
1.323284318566353250e-02
1.323284318566353250e-02
1.323284318566353250e-02
1.217678387910626006e-02
1.217678387910626006e-02
1.186821288776665831e-02
1.186821288776665831e-02
1.527203532261859134e-02
1.527203532261859134e-02
1.527203532261859134e-02
1.527203532261859134e-02
1.497976768817147093e-02
1.437362971127481744e-02
1.437362971127481744e-02
1.437362971127481744e-02
1.487553872466063597e-02
1.487553872466063597e-02
1.383160070074122318e-02
1.383160070074122318e-02
1.367594143145103337e-02
1.367594143145103337e-02
1.340549382491776527e-02
1.340549382491776527e-02
1.290358481153194847e-02
1.290358481153194847e-02
1.305924408082213828e-02
1.305924408082213828e-02
1.305924408082213828e-02
1.280116687348440210e-02
1.280116687348440210e-02
1.280116687348440210e-02
1.254889969130324953e-02
1.254889969130324953e-02
1.254889969130324953e-02
1.230231151932132706e-02
1.230231151932132706e-02
1.230231151932132706e-02
1.230231151932132706e-02
1.230231151932132706e-02
1.206353854642907945e-02
1.166953752216533767e-02
1.143286178478506582e-02
1.119817695825739423e-02
1.119817695825739423e-02
1.096633429980953429e-02
1.096633429980953429e-02
1.096633429980953429e-02
1.073979281387109873e-02
1.089545208316128853e-02
1.089545208316128853e-02
1.105140735022651713e-02
1.082916997896079224e-02
1.060948427620710469e-02
1.039028297685716876e-02
1.039028297685716876e-02
1.039028297685716876e-02
1.001132143870590852e-02
1.001132143870590852e-02
1.001132143870590852e-02
1.001132143870590852e-02
1.001132143870590852e-02
1.001132143870590852e-02
9.804033950234528408e-03
9.648374680944336867e-03
9.648374680944336867e-03
5.831625267722013832e-03
5.831625267722013832e-03
5.831625267722013832e-03
5.831625267722013832e-03
5.987284537012204505e-03
5.987284537012204505e-03
5.987284537012204505e-03
5.791168038452780206e-03
5.400500284661662216e-03
5.400500284661662216e-03
5.400500284661662216e-03
5.400500284661662216e-03
5.400500284661662216e-03
5.400500284661662216e-03
5.400500284661662216e-03
-1.605453415027338192e-03
-1.605453415027338192e-03
-1.605453415027338192e-03
-1.605453415027338192e-03
-1.605453415027338192e-03
-1.605453415027338192e-03
-1.605453415027338192e-03
-1.943135922408037019e-03
-1.943135922408037019e-03
-2.122728887328913412e-03
-2.122728887328913412e-03
-4.151378776639714184e-03
-4.151378776639714184e-03
-4.328032203755959907e-03
-4.328032203755959907e-03
-4.328032203755959907e-03
-4.172372934465770102e-03
-4.172372934465770102e-03
-4.172372934465770102e-03
-7.150564074310875907e-03
-5.121914185000074268e-03
-5.121914185000074268e-03
1.695726386929004726e-03
1.695726386929004726e-03
1.695726386929004726e-03
-5.683323822008573946e-04
-7.340820028095409533e-04
-2.650887001988270868e-03
-2.650887001988270868e-03
-2.814622296151944678e-03
-1.546495734142062191e-03
-1.546495734142062191e-03
-1.288418526804325148e-03
9.756402423255365391e-04
9.756402423255365391e-04
9.756402423255365391e-04
8.165931840031336996e-04
2.733398183181863939e-03
2.475320975844127330e-03
2.475320975844127330e-03
2.475320975844127330e-03
2.475320975844127330e-03
9.338214830558296464e-04
-2.616390485194986307e-03
-2.876511686191592044e-04
-2.876511686191592044e-04
1.422413409216063572e-03
1.422413409216063572e-03
-1.490689774482491714e-03
-1.490689774482491714e-03
-4.983680992192783543e-03
-4.983680992192783543e-03
-5.677940708139749340e-03
-5.181090527909763821e-03
-5.181090527909763821e-03
-4.521271940560975776e-03
