0.000000000000000000e+00
5.947839613883537657e-02
5.871914660717602458e-02
5.910950279348090725e-02
6.178028060016935163e-02
6.087736916572217272e-02
6.131047387162503332e-02
6.175012071680652248e-02
6.250062138428739977e-02
6.266732495738897013e-02
6.270419849402873724e-02
6.330730995435730757e-02
6.334528255306740019e-02
6.334174137601840393e-02
6.299840917127823292e-02
6.329425797258300679e-02
6.329425797258300679e-02
6.330390833020506369e-02
6.324484773728672460e-02
6.312406106793018445e-02
6.312406106793018445e-02
6.323944131442534033e-02
6.323944131442534033e-02
6.323944131442534033e-02
6.323932676424050270e-02
6.323932676424050270e-02
6.323932676424050270e-02
6.323932676424050270e-02
6.323932676424050270e-02
6.323932676424050270e-02
6.323932676424050270e-02
6.323932676424050270e-02
6.323932676424050270e-02
6.323932676424050270e-02
6.323932676424050270e-02
6.323932676424050270e-02
6.323932676424050270e-02
6.323932676424050270e-02
6.323932676424050270e-02
6.323932676424050270e-02
6.323932676424050270e-02
6.323932676424050270e-02
6.323932676424050270e-02
6.323932676424050270e-02
6.323932676424050270e-02
6.323932676424050270e-02
6.323932676424050270e-02
6.323932676424050270e-02
6.323932676424050270e-02
6.323932676424050270e-02
6.323932676424050270e-02
6.323932676424050270e-02
6.323932676424050270e-02
6.323932676424050270e-02
6.323932676424050270e-02
6.323932676424050270e-02
6.323932676424050270e-02
6.323932676424050270e-02
6.323932676424050270e-02
6.323932676424050270e-02
6.323932676424050270e-02
6.323932676424050270e-02
6.323932676424050270e-02
6.323932676424050270e-02
6.323932676424050270e-02
6.323932676424050270e-02
6.323932676424050270e-02
6.323932676424050270e-02
6.323932676424050270e-02
6.323932676424050270e-02
6.323932676424050270e-02
6.323932676424050270e-02
6.323932676424050270e-02
6.323932676424050270e-02
6.323932676424050270e-02
6.323932676424050270e-02
6.323932676424050270e-02
6.323932676424050270e-02
6.323932676424050270e-02
6.323932676424050270e-02
6.323932676424050270e-02
6.323932676424050270e-02
6.323932676424050270e-02
6.323932676424050270e-02
6.323932676424050270e-02
6.323932676424050270e-02
6.323932676424050270e-02
6.323932676424050270e-02
6.323932676424050270e-02
6.323932676424050270e-02
6.323932676424050270e-02
6.323932676424050270e-02
6.323932676424050270e-02
6.323932676424050270e-02
6.323932676424050270e-02
6.323932676424050270e-02
6.323932676424050270e-02
6.323932676424050270e-02
6.323932676424050270e-02
6.323932676424050270e-02
6.323932676424050270e-02
6.323932676424050270e-02
6.323932676424050270e-02
6.323932676424050270e-02
6.323932676424050270e-02
6.323932676424050270e-02
6.323932676424050270e-02
6.323932676424050270e-02
6.323932676424050270e-02
6.323932676424050270e-02
6.323932676424050270e-02
6.323932676424050270e-02
6.323932676424050270e-02
6.323932676424050270e-02
6.323932676424050270e-02
6.323932676424050270e-02
6.323932676424050270e-02
6.323932676424050270e-02
6.323932676424050270e-02
6.323932676424050270e-02
6.323932676424050270e-02
6.323932676424050270e-02
6.323932676424050270e-02
6.323932676424050270e-02
6.323932676424050270e-02
6.323932676424050270e-02
6.323932676424050270e-02
6.323932676424050270e-02
6.323932676424050270e-02
6.323932676424050270e-02
6.323932676424050270e-02
6.323932676424050270e-02
6.323932676424050270e-02
6.323932676424050270e-02
6.323932676424050270e-02
6.323932676424050270e-02
6.323932676424050270e-02
6.323932676424050270e-02
6.323932676424050270e-02
6.323932676424050270e-02
6.323932676424050270e-02
6.323932676424050270e-02
6.323932676424050270e-02
6.323932676424050270e-02
6.323932676424050270e-02
6.323932676424050270e-02
6.323932676424050270e-02
6.323932676424050270e-02
6.323932676424050270e-02
6.323932676424050270e-02
6.323932676424050270e-02
6.323932676424050270e-02
6.323932676424050270e-02
6.323932676424050270e-02
6.323932676424050270e-02
6.323932676424050270e-02
6.323932676424050270e-02
6.323932676424050270e-02
6.323932676424050270e-02
6.323932676424050270e-02
6.323932676424050270e-02
6.323932676424050270e-02
6.323932676424050270e-02
6.323932676424050270e-02
6.323932676424050270e-02
6.323932676424050270e-02
6.323932676424050270e-02
6.323932676424050270e-02
6.323932676424050270e-02
6.323932676424050270e-02
6.323932676424050270e-02
6.323932676424050270e-02
6.323932676424050270e-02
6.323932676424050270e-02
6.323932676424050270e-02
6.323932676424050270e-02
6.323932676424050270e-02
6.323932676424050270e-02
6.323932676424050270e-02
6.323932676424050270e-02
6.323932676424050270e-02
6.323932676424050270e-02
6.323932676424050270e-02
6.323932676424050270e-02
6.323932676424050270e-02
6.323932676424050270e-02
6.323932676424050270e-02
6.323932676424050270e-02
6.323932676424050270e-02
6.323932676424050270e-02
6.323932676424050270e-02
6.323932676424050270e-02
6.323932676424050270e-02
6.323932676424050270e-02
6.323932676424050270e-02
6.323932676424050270e-02
6.323932676424050270e-02
6.323932676424050270e-02
6.323932676424050270e-02
6.323932676424050270e-02
6.323932676424050270e-02
6.323932676424050270e-02
6.323932676424050270e-02
6.323932676424050270e-02
6.323932676424050270e-02
6.323932676424050270e-02
6.323932676424050270e-02
6.323932676424050270e-02
6.323932676424050270e-02
6.323932676424050270e-02
6.323932676424050270e-02
6.323932676424050270e-02
6.323932676424050270e-02
6.323932676424050270e-02
6.323932676424050270e-02
6.323932676424050270e-02
6.323932676424050270e-02
6.323932676424050270e-02
6.323932676424050270e-02
6.323932676424050270e-02
6.323932676424050270e-02
6.323932676424050270e-02
6.323932676424050270e-02
6.323932676424050270e-02
6.323932676424050270e-02
6.323932676424050270e-02
6.323932676424050270e-02
6.323932676424050270e-02
6.323932676424050270e-02
6.323932676424050270e-02
6.323932676424050270e-02
6.323932676424050270e-02
6.323932676424050270e-02
6.323932676424050270e-02
6.323932676424050270e-02
6.323932676424050270e-02
6.323932676424050270e-02
6.323932676424050270e-02
6.323932676424050270e-02
6.323932676424050270e-02
6.323932676424050270e-02
6.323932676424050270e-02
6.323932676424050270e-02
6.323932676424050270e-02
6.323932676424050270e-02
6.323932676424050270e-02
6.323932676424050270e-02
6.323932676424050270e-02
6.323932676424050270e-02
6.323932676424050270e-02
