1.000000000000000000e+00
9.999845805548642774e-01
9.998938438339219914e-01
9.997770013082859508e-01
9.997770013082859508e-01
9.997123591039308588e-01
9.994252538627054205e-01
9.990996014719291107e-01
9.990550779963175421e-01
9.984034819708236252e-01
9.980746284351377229e-01
9.980746284351377229e-01
9.976980333551369595e-01
9.970933051513193313e-01
9.967753168012640774e-01
9.967753168012640774e-01
9.967753168012640774e-01
9.967753168012640774e-01
9.963955401071327156e-01
9.954480639661973385e-01
9.951554692635289356e-01
9.947051252591905257e-01
9.945594340214565232e-01
9.945594340214565232e-01
9.941695902016908226e-01
9.938525843861789610e-01
9.938525843861789610e-01
9.938525843861789610e-01
9.936480122515296554e-01
9.928984470259254458e-01
9.914690777193109206e-01
9.914690777193109206e-01
9.896054184263300968e-01
9.896054184263300968e-01
9.887278486893101848e-01
9.886304407602352073e-01
9.886304407602352073e-01
9.882794001535618600e-01
9.882794001535618600e-01
9.882794001535618600e-01
9.882794001535618600e-01
9.882794001535618600e-01
9.882794001535618600e-01
9.882794001535618600e-01
9.882794001535618600e-01
9.882794001535618600e-01
9.882794001535618600e-01
9.882794001535618600e-01
9.882794001535618600e-01
9.882794001535618600e-01
9.882794001535618600e-01
9.882794001535618600e-01
9.882794001535618600e-01
9.882794001535618600e-01
9.882794001535618600e-01
9.882794001535618600e-01
9.882794001535618600e-01
9.882794001535618600e-01
9.882794001535618600e-01
9.882794001535618600e-01
9.882794001535618600e-01
9.882794001535618600e-01
9.882794001535618600e-01
9.881445647984786751e-01
9.881445647984786751e-01
9.881445647984786751e-01
9.881445647984786751e-01
9.881445647984786751e-01
9.881445647984786751e-01
9.881445647984786751e-01
9.881445647984786751e-01
9.881445647984786751e-01
9.881445647984786751e-01
9.881445647984786751e-01
9.881445647984786751e-01
9.881445647984786751e-01
9.881445647984786751e-01
9.881445647984786751e-01
9.881445647984786751e-01
9.881445647984786751e-01
9.881445647984786751e-01
9.881445647984786751e-01
9.881445647984786751e-01
9.881445647984786751e-01
9.881445647984786751e-01
9.881445647984786751e-01
9.881445647984786751e-01
9.881445647984786751e-01
9.881445647984786751e-01
9.881445647984786751e-01
9.881445647984786751e-01
9.881445647984786751e-01
9.881445647984786751e-01
9.881445647984786751e-01
9.881445647984786751e-01
9.881445647984786751e-01
9.881445647984786751e-01
9.881445647984786751e-01
9.881445647984786751e-01
9.881445647984786751e-01
9.881445647984786751e-01
9.881445647984786751e-01
9.881445647984786751e-01
9.881445647984786751e-01
9.881445647984786751e-01
9.881445647984786751e-01
9.881445647984786751e-01
9.881445647984786751e-01
9.881445647984786751e-01
9.881445647984786751e-01
9.881445647984786751e-01
9.881445647984786751e-01
9.881445647984786751e-01
9.881445647984786751e-01
9.881445647984786751e-01
9.881445647984786751e-01
9.881445647984786751e-01
9.881445647984786751e-01
9.881445647984786751e-01
9.881445647984786751e-01
9.881445647984786751e-01
9.881445647984786751e-01
9.881445647984786751e-01
9.881445647984786751e-01
9.881445647984786751e-01
9.881445647984786751e-01
9.881445647984786751e-01
9.881445647984786751e-01
9.881445647984786751e-01
9.881445647984786751e-01
9.881445647984786751e-01
9.881445647984786751e-01
9.881445647984786751e-01
9.881445647984786751e-01
9.881445647984786751e-01
9.881445647984786751e-01
9.881445647984786751e-01
9.881445647984786751e-01
9.881445647984786751e-01
9.881445647984786751e-01
9.881445647984786751e-01
9.881445647984786751e-01
9.881445647984786751e-01
9.881445647984786751e-01
9.881445647984786751e-01
9.881445647984786751e-01
9.881445647984786751e-01
9.881445647984786751e-01
9.881445647984786751e-01
9.881445647984786751e-01
9.881445647984786751e-01
9.881445647984786751e-01
9.881445647984786751e-01
9.881445647984786751e-01
9.881445647984786751e-01
9.881445647984786751e-01
9.881445647984786751e-01
9.881445647984786751e-01
9.881445647984786751e-01
9.881445647984786751e-01
9.881445647984786751e-01
9.881445647984786751e-01
9.881445647984786751e-01
9.881445647984786751e-01
9.881445647984786751e-01
9.881445647984786751e-01
9.881445647984786751e-01
9.881445647984786751e-01
9.881445647984786751e-01
9.881445647984786751e-01
9.881445647984786751e-01
9.881445647984786751e-01
9.881445647984786751e-01
9.881445647984786751e-01
9.881445647984786751e-01
9.881445647984786751e-01
9.881445647984786751e-01
9.881445647984786751e-01
9.881445647984786751e-01
9.881445647984786751e-01
9.881445647984786751e-01
9.881445647984786751e-01
9.881445647984786751e-01
9.881445647984786751e-01
9.881445647984786751e-01
9.881445647984786751e-01
9.881445647984786751e-01
9.881445647984786751e-01
9.881445647984786751e-01
9.881445647984786751e-01
9.881445647984786751e-01
9.881445647984786751e-01
9.881445647984786751e-01
9.881445647984786751e-01
9.881445647984786751e-01
9.881445647984786751e-01
9.881445647984786751e-01
9.881445647984786751e-01
9.881445647984786751e-01
9.881445647984786751e-01
9.881445647984786751e-01
9.881445647984786751e-01
9.881445647984786751e-01
9.881445647984786751e-01
9.881445647984786751e-01
9.881445647984786751e-01
9.881445647984786751e-01
9.881445647984786751e-01
9.881445647984786751e-01
9.881445647984786751e-01
9.881445647984786751e-01
9.881445647984786751e-01
9.881445647984786751e-01
9.881445647984786751e-01
9.881445647984786751e-01
9.881445647984786751e-01
9.881445647984786751e-01
9.881445647984786751e-01
9.881445647984786751e-01
9.881445647984786751e-01
9.881445647984786751e-01
9.881445647984786751e-01
9.881445647984786751e-01
9.881445647984786751e-01
9.881445647984786751e-01
9.881445647984786751e-01
9.881445647984786751e-01
9.881445647984786751e-01
9.881445647984786751e-01
9.881445647984786751e-01
9.881445647984786751e-01
9.881445647984786751e-01
9.881445647984786751e-01
9.881445647984786751e-01
9.881445647984786751e-01
9.881445647984786751e-01
9.881445647984786751e-01
9.881445647984786751e-01
9.881445647984786751e-01
9.881445647984786751e-01
9.881445647984786751e-01
9.881445647984786751e-01
9.881445647984786751e-01
9.881445647984786751e-01
9.881445647984786751e-01
9.881445647984786751e-01
9.881445647984786751e-01
9.881445647984786751e-01
9.881445647984786751e-01
9.881445647984786751e-01
9.881445647984786751e-01
9.881445647984786751e-01
9.881445647984786751e-01
9.881445647984786751e-01
9.881445647984786751e-01
9.881445647984786751e-01
9.881445647984786751e-01
9.881445647984786751e-01
9.881445647984786751e-01
9.881445647984786751e-01
9.881445647984786751e-01
9.881445647984786751e-01
9.881445647984786751e-01
9.881445647984786751e-01
9.881445647984786751e-01
9.881445647984786751e-01
9.881445647984786751e-01
9.881445647984786751e-01
9.881445647984786751e-01
9.881445647984786751e-01
9.881445647984786751e-01
9.881445647984786751e-01
9.881445647984786751e-01
9.881445647984786751e-01
9.881445647984786751e-01
9.881445647984786751e-01
9.881445647984786751e-01
9.881445647984786751e-01
9.881445647984786751e-01
9.881445647984786751e-01
9.881445647984786751e-01
9.881445647984786751e-01
9.881445647984786751e-01
9.881445647984786751e-01
9.881445647984786751e-01
9.881445647984786751e-01
9.881445647984786751e-01
9.881445647984786751e-01
9.881445647984786751e-01
9.881445647984786751e-01
9.881445647984786751e-01
9.881445647984786751e-01
9.881445647984786751e-01
9.881445647984786751e-01
9.881445647984786751e-01
9.881445647984786751e-01
9.881445647984786751e-01
9.881445647984786751e-01
9.881445647984786751e-01
9.881445647984786751e-01
9.881445647984786751e-01
9.881445647984786751e-01
9.881445647984786751e-01
9.881445647984786751e-01
9.881445647984786751e-01
9.881445647984786751e-01
9.881445647984786751e-01
9.881445647984786751e-01
9.881445647984786751e-01
9.881445647984786751e-01
9.881445647984786751e-01
9.881445647984786751e-01
9.881445647984786751e-01
9.881445647984786751e-01
9.881445647984786751e-01
9.881445647984786751e-01
9.881445647984786751e-01
9.881445647984786751e-01
9.881445647984786751e-01
9.881445647984786751e-01
9.881445647984786751e-01
9.881445647984786751e-01
9.881445647984786751e-01
9.881445647984786751e-01
9.881445647984786751e-01
9.881445647984786751e-01
9.881445647984786751e-01
9.881445647984786751e-01
9.881445647984786751e-01
9.881445647984786751e-01
9.881445647984786751e-01
9.881445647984786751e-01
9.881445647984786751e-01
9.881445647984786751e-01
9.881445647984786751e-01
9.881445647984786751e-01
9.881445647984786751e-01
9.881445647984786751e-01
9.881445647984786751e-01
9.881445647984786751e-01
9.881445647984786751e-01
9.881445647984786751e-01
9.881445647984786751e-01
9.881445647984786751e-01
9.881445647984786751e-01
9.881445647984786751e-01
9.881445647984786751e-01
9.881445647984786751e-01
9.881445647984786751e-01
9.881445647984786751e-01
9.881445647984786751e-01
9.881445647984786751e-01
9.881445647984786751e-01
9.881445647984786751e-01
9.881445647984786751e-01
9.881445647984786751e-01
9.881445647984786751e-01
9.881445647984786751e-01
9.881445647984786751e-01
9.881445647984786751e-01
9.881445647984786751e-01
9.881445647984786751e-01
9.881445647984786751e-01
9.881445647984786751e-01
9.881445647984786751e-01
9.881445647984786751e-01
9.881445647984786751e-01
9.881445647984786751e-01
9.881445647984786751e-01
9.881445647984786751e-01
9.881445647984786751e-01
9.881445647984786751e-01
9.881445647984786751e-01
9.881445647984786751e-01
9.881445647984786751e-01
9.881445647984786751e-01
9.881445647984786751e-01
9.881445647984786751e-01
9.881445647984786751e-01
9.881445647984786751e-01
9.881445647984786751e-01
9.881445647984786751e-01
9.881445647984786751e-01
9.881445647984786751e-01
9.881445647984786751e-01
9.881445647984786751e-01
9.881445647984786751e-01
9.881445647984786751e-01
9.881445647984786751e-01
9.881445647984786751e-01
9.881445647984786751e-01
9.881445647984786751e-01
9.881445647984786751e-01
9.881445647984786751e-01
9.881445647984786751e-01
9.881445647984786751e-01
9.881445647984786751e-01
9.881445647984786751e-01
9.881445647984786751e-01
9.881445647984786751e-01
9.881445647984786751e-01
9.881445647984786751e-01
9.881445647984786751e-01
9.881445647984786751e-01
9.881445647984786751e-01
9.881445647984786751e-01
9.881445647984786751e-01
9.881445647984786751e-01
9.881445647984786751e-01
9.881445647984786751e-01
9.881445647984786751e-01
9.881445647984786751e-01
9.881445647984786751e-01
9.881445647984786751e-01
9.881445647984786751e-01
9.881445647984786751e-01
9.881445647984786751e-01
9.881445647984786751e-01
9.881445647984786751e-01
9.881445647984786751e-01
9.881445647984786751e-01
9.881445647984786751e-01
9.881445647984786751e-01
9.881445647984786751e-01
9.881445647984786751e-01
9.881445647984786751e-01
9.881445647984786751e-01
9.881445647984786751e-01
9.881445647984786751e-01
9.881445647984786751e-01
9.881445647984786751e-01
9.881445647984786751e-01
9.881445647984786751e-01
9.881445647984786751e-01
9.881445647984786751e-01
9.881445647984786751e-01
9.881445647984786751e-01
9.881445647984786751e-01
9.881445647984786751e-01
9.881445647984786751e-01
9.881445647984786751e-01
9.881445647984786751e-01
9.881445647984786751e-01
9.881445647984786751e-01
9.881445647984786751e-01
9.881445647984786751e-01
9.881445647984786751e-01
9.881445647984786751e-01
9.881445647984786751e-01
9.881445647984786751e-01
9.881445647984786751e-01
9.881445647984786751e-01
9.881445647984786751e-01
9.881445647984786751e-01
9.881445647984786751e-01
9.881445647984786751e-01
9.881445647984786751e-01
9.881445647984786751e-01
9.881445647984786751e-01
9.881445647984786751e-01
9.881445647984786751e-01
9.881445647984786751e-01
9.881445647984786751e-01
9.881445647984786751e-01
9.881445647984786751e-01
9.881445647984786751e-01
9.881445647984786751e-01
9.881445647984786751e-01
9.881445647984786751e-01
9.881445647984786751e-01
9.881445647984786751e-01
9.881445647984786751e-01
9.881445647984786751e-01
9.881445647984786751e-01
9.881445647984786751e-01
9.881445647984786751e-01
9.881445647984786751e-01
9.881445647984786751e-01
9.881445647984786751e-01
9.881445647984786751e-01
9.881445647984786751e-01
9.881445647984786751e-01
9.881445647984786751e-01
9.881445647984786751e-01
9.881445647984786751e-01
9.881445647984786751e-01
9.881445647984786751e-01
9.881445647984786751e-01
9.881445647984786751e-01
9.881445647984786751e-01
9.881445647984786751e-01
9.881445647984786751e-01
9.881445647984786751e-01
9.881445647984786751e-01
9.881445647984786751e-01
9.881445647984786751e-01
9.881445647984786751e-01
9.881445647984786751e-01
9.881445647984786751e-01
9.881445647984786751e-01
9.881445647984786751e-01
9.881445647984786751e-01
9.881445647984786751e-01
9.881445647984786751e-01
9.881445647984786751e-01
9.881445647984786751e-01
9.881445647984786751e-01
9.881445647984786751e-01
9.881445647984786751e-01
9.881445647984786751e-01
9.881445647984786751e-01
9.881445647984786751e-01
9.881445647984786751e-01
9.881445647984786751e-01
9.881445647984786751e-01
9.881445647984786751e-01
9.881445647984786751e-01
9.881445647984786751e-01
9.881445647984786751e-01
9.881445647984786751e-01
9.881445647984786751e-01
9.881445647984786751e-01
9.881445647984786751e-01
9.881445647984786751e-01
9.881445647984786751e-01
9.881445647984786751e-01
9.881445647984786751e-01
9.881445647984786751e-01
9.881445647984786751e-01
9.881445647984786751e-01
9.881445647984786751e-01
9.881445647984786751e-01
9.881445647984786751e-01
9.881445647984786751e-01
9.881445647984786751e-01
9.881445647984786751e-01
9.881445647984786751e-01
9.881445647984786751e-01
9.881445647984786751e-01
9.881445647984786751e-01
9.881445647984786751e-01
9.881445647984786751e-01
9.881445647984786751e-01
9.881445647984786751e-01
9.881445647984786751e-01
9.881445647984786751e-01
9.881445647984786751e-01
9.881445647984786751e-01
9.881445647984786751e-01
9.881445647984786751e-01
9.881445647984786751e-01
9.881445647984786751e-01
9.881445647984786751e-01
9.881445647984786751e-01
9.881445647984786751e-01
9.881445647984786751e-01
9.881445647984786751e-01
9.881445647984786751e-01
9.881445647984786751e-01
9.881445647984786751e-01
9.881445647984786751e-01
9.881445647984786751e-01
9.881445647984786751e-01
9.881445647984786751e-01
9.881445647984786751e-01
9.881445647984786751e-01
9.881445647984786751e-01
9.881445647984786751e-01
9.881445647984786751e-01
9.881445647984786751e-01
9.881445647984786751e-01
9.881445647984786751e-01
9.881445647984786751e-01
9.881445647984786751e-01
9.881445647984786751e-01
9.881445647984786751e-01
9.881445647984786751e-01
9.881445647984786751e-01
9.881445647984786751e-01
9.881445647984786751e-01
9.881445647984786751e-01
9.881445647984786751e-01
9.881445647984786751e-01
9.881445647984786751e-01
9.881445647984786751e-01
9.881445647984786751e-01
9.881445647984786751e-01
9.881445647984786751e-01
9.881445647984786751e-01
9.881445647984786751e-01
9.881445647984786751e-01
9.881445647984786751e-01
9.881445647984786751e-01
9.881445647984786751e-01
9.881445647984786751e-01
9.881445647984786751e-01
9.881445647984786751e-01
9.881445647984786751e-01
9.881445647984786751e-01
9.881445647984786751e-01
9.881445647984786751e-01
9.881445647984786751e-01
9.881445647984786751e-01
9.881445647984786751e-01
9.881445647984786751e-01
9.881445647984786751e-01
9.881445647984786751e-01
9.881445647984786751e-01
9.881445647984786751e-01
9.881445647984786751e-01
9.881445647984786751e-01
9.881445647984786751e-01
9.881445647984786751e-01
9.881445647984786751e-01
9.881445647984786751e-01
9.881445647984786751e-01
9.881445647984786751e-01
9.881445647984786751e-01
9.881445647984786751e-01
9.881445647984786751e-01
9.881445647984786751e-01
9.881445647984786751e-01
9.881445647984786751e-01
9.881445647984786751e-01
9.881445647984786751e-01
9.881445647984786751e-01
9.881445647984786751e-01
9.881445647984786751e-01
9.881445647984786751e-01
9.881445647984786751e-01
9.881445647984786751e-01
9.881445647984786751e-01
9.881445647984786751e-01
9.881445647984786751e-01
9.881445647984786751e-01
9.881445647984786751e-01
9.881445647984786751e-01
9.881445647984786751e-01
9.881445647984786751e-01
9.881445647984786751e-01
9.881445647984786751e-01
9.881445647984786751e-01
9.881445647984786751e-01
9.881445647984786751e-01
9.881445647984786751e-01
9.881445647984786751e-01
9.881445647984786751e-01
9.881445647984786751e-01
9.881445647984786751e-01
9.881445647984786751e-01
9.881445647984786751e-01
9.881445647984786751e-01
9.881445647984786751e-01
9.881445647984786751e-01
9.881445647984786751e-01
9.881445647984786751e-01
9.881445647984786751e-01
9.881445647984786751e-01
9.881445647984786751e-01
9.881445647984786751e-01
9.881445647984786751e-01
9.881445647984786751e-01
9.881445647984786751e-01
9.881445647984786751e-01
9.881445647984786751e-01
9.881445647984786751e-01
9.881445647984786751e-01
9.881445647984786751e-01
9.881445647984786751e-01
9.881445647984786751e-01
9.881445647984786751e-01
9.881445647984786751e-01
9.881445647984786751e-01
9.881445647984786751e-01
9.881445647984786751e-01
9.881445647984786751e-01
9.881445647984786751e-01
9.881445647984786751e-01
9.881445647984786751e-01
9.881445647984786751e-01
9.881445647984786751e-01
9.881445647984786751e-01
9.881445647984786751e-01
9.881445647984786751e-01
9.881445647984786751e-01
9.881445647984786751e-01
9.881445647984786751e-01
9.881445647984786751e-01
9.881445647984786751e-01
9.881445647984786751e-01
9.881445647984786751e-01
9.881445647984786751e-01
9.881445647984786751e-01
9.881445647984786751e-01
9.881445647984786751e-01
9.881445647984786751e-01
9.881445647984786751e-01
9.881445647984786751e-01
9.881445647984786751e-01
9.881445647984786751e-01
9.881445647984786751e-01
9.881445647984786751e-01
9.881445647984786751e-01
9.881445647984786751e-01
9.881445647984786751e-01
9.881445647984786751e-01
9.881445647984786751e-01
9.881445647984786751e-01
9.881445647984786751e-01
9.881445647984786751e-01
9.881445647984786751e-01
9.881445647984786751e-01
9.881445647984786751e-01
9.881445647984786751e-01
9.881445647984786751e-01
9.881445647984786751e-01
9.881445647984786751e-01
9.881445647984786751e-01
9.881445647984786751e-01
9.881445647984786751e-01
9.881445647984786751e-01
9.881445647984786751e-01
9.881445647984786751e-01
9.881445647984786751e-01
9.881445647984786751e-01
9.881445647984786751e-01
9.881445647984786751e-01
9.881445647984786751e-01
9.881445647984786751e-01
9.881445647984786751e-01
9.881445647984786751e-01
9.881445647984786751e-01
9.881445647984786751e-01
9.881445647984786751e-01
9.881445647984786751e-01
9.881445647984786751e-01
9.881445647984786751e-01
9.881445647984786751e-01
9.881445647984786751e-01
9.881445647984786751e-01
9.881445647984786751e-01
9.881445647984786751e-01
9.881445647984786751e-01
9.881445647984786751e-01
9.881445647984786751e-01
9.881445647984786751e-01
9.881445647984786751e-01
9.881445647984786751e-01
9.881445647984786751e-01
9.881445647984786751e-01
9.881445647984786751e-01
9.881445647984786751e-01
9.881445647984786751e-01
9.881445647984786751e-01
9.881445647984786751e-01
9.881445647984786751e-01
9.881445647984786751e-01
9.881445647984786751e-01
9.881445647984786751e-01
9.881445647984786751e-01
9.881445647984786751e-01
9.881445647984786751e-01
9.881445647984786751e-01
9.881445647984786751e-01
9.881445647984786751e-01
9.881445647984786751e-01
9.881445647984786751e-01
9.881445647984786751e-01
9.881445647984786751e-01
9.881445647984786751e-01
9.881445647984786751e-01
9.881445647984786751e-01
9.881445647984786751e-01
9.881445647984786751e-01
9.881445647984786751e-01
9.881445647984786751e-01
9.881445647984786751e-01
9.881445647984786751e-01
9.881445647984786751e-01
9.881445647984786751e-01
9.881445647984786751e-01
9.881445647984786751e-01
9.881445647984786751e-01
9.881445647984786751e-01
9.881445647984786751e-01
9.881445647984786751e-01
9.881445647984786751e-01
9.881445647984786751e-01
9.881445647984786751e-01
9.881445647984786751e-01
9.881445647984786751e-01
9.881445647984786751e-01
9.881445647984786751e-01
9.881445647984786751e-01
9.881445647984786751e-01
9.881445647984786751e-01
9.881445647984786751e-01
9.881445647984786751e-01
9.881445647984786751e-01
9.881445647984786751e-01
9.881445647984786751e-01
9.881445647984786751e-01
9.881445647984786751e-01
9.881445647984786751e-01
9.881445647984786751e-01
9.881445647984786751e-01
9.881445647984786751e-01
9.881445647984786751e-01
9.881445647984786751e-01
9.881445647984786751e-01
9.881445647984786751e-01
9.881445647984786751e-01
9.881445647984786751e-01
9.881445647984786751e-01
9.881445647984786751e-01
9.881445647984786751e-01
9.881445647984786751e-01
9.881445647984786751e-01
9.881445647984786751e-01
9.881445647984786751e-01
9.881445647984786751e-01
9.881445647984786751e-01
9.881445647984786751e-01
9.881445647984786751e-01
9.881445647984786751e-01
9.881445647984786751e-01
9.881445647984786751e-01
9.881445647984786751e-01
9.881445647984786751e-01
9.881445647984786751e-01
9.881445647984786751e-01
9.881445647984786751e-01
9.881445647984786751e-01
9.881445647984786751e-01
9.881445647984786751e-01
9.881445647984786751e-01
9.881445647984786751e-01
9.881445647984786751e-01
9.881445647984786751e-01
9.881445647984786751e-01
9.881445647984786751e-01
9.881445647984786751e-01
9.881445647984786751e-01
9.881445647984786751e-01
9.881445647984786751e-01
9.881445647984786751e-01
9.881445647984786751e-01
9.881445647984786751e-01
9.881445647984786751e-01
9.881445647984786751e-01
9.881445647984786751e-01
9.881445647984786751e-01
9.881445647984786751e-01
9.881445647984786751e-01
9.881445647984786751e-01
9.881445647984786751e-01
9.881445647984786751e-01
9.881445647984786751e-01
9.881445647984786751e-01
9.881445647984786751e-01
9.881445647984786751e-01
9.881445647984786751e-01
9.881445647984786751e-01
9.881445647984786751e-01
9.881445647984786751e-01
9.881445647984786751e-01
9.881445647984786751e-01
9.881445647984786751e-01
9.881445647984786751e-01
9.881445647984786751e-01
9.881445647984786751e-01
9.881445647984786751e-01
9.881445647984786751e-01
9.881445647984786751e-01
9.881445647984786751e-01
9.881445647984786751e-01
9.881445647984786751e-01
9.881445647984786751e-01
9.881445647984786751e-01
9.881445647984786751e-01
9.881445647984786751e-01
9.881445647984786751e-01
9.881445647984786751e-01
9.881445647984786751e-01
9.881445647984786751e-01
9.881445647984786751e-01
9.881445647984786751e-01
9.881445647984786751e-01
9.881445647984786751e-01
9.881445647984786751e-01
9.881445647984786751e-01
9.881445647984786751e-01
9.881445647984786751e-01
9.881445647984786751e-01
9.881445647984786751e-01
9.881445647984786751e-01
9.881445647984786751e-01
9.881445647984786751e-01
9.881445647984786751e-01
9.881445647984786751e-01
9.881445647984786751e-01
9.881445647984786751e-01
9.881445647984786751e-01
9.881445647984786751e-01
9.881445647984786751e-01
9.881445647984786751e-01
9.881445647984786751e-01
9.881445647984786751e-01
9.881445647984786751e-01
9.881445647984786751e-01
9.881445647984786751e-01
9.881445647984786751e-01
9.881445647984786751e-01
9.881445647984786751e-01
9.881445647984786751e-01
9.881445647984786751e-01
9.881445647984786751e-01
9.881445647984786751e-01
9.881445647984786751e-01
9.881445647984786751e-01
9.881445647984786751e-01
9.881445647984786751e-01
9.881445647984786751e-01
9.881445647984786751e-01
9.881445647984786751e-01
9.881445647984786751e-01
9.881445647984786751e-01
9.881445647984786751e-01
9.881445647984786751e-01
9.881445647984786751e-01
9.881445647984786751e-01
9.881445647984786751e-01
9.881445647984786751e-01
9.881445647984786751e-01
9.881445647984786751e-01
9.881445647984786751e-01
9.881445647984786751e-01
9.881445647984786751e-01
9.881445647984786751e-01
9.881445647984786751e-01
9.881445647984786751e-01
9.881445647984786751e-01
9.881445647984786751e-01
9.881445647984786751e-01
9.881445647984786751e-01
9.881445647984786751e-01
9.881445647984786751e-01
9.881445647984786751e-01
9.881445647984786751e-01
9.881445647984786751e-01
9.881445647984786751e-01
9.881445647984786751e-01
9.881445647984786751e-01
9.881445647984786751e-01
9.881445647984786751e-01
9.881445647984786751e-01
9.881445647984786751e-01
9.881445647984786751e-01
9.881445647984786751e-01
9.881445647984786751e-01
9.881445647984786751e-01
9.881445647984786751e-01
9.881445647984786751e-01
9.881445647984786751e-01
9.881445647984786751e-01
9.881445647984786751e-01
9.881445647984786751e-01
9.881445647984786751e-01
9.881445647984786751e-01
9.881445647984786751e-01
9.881445647984786751e-01
9.881445647984786751e-01
9.881445647984786751e-01
9.881445647984786751e-01
9.881445647984786751e-01
9.881445647984786751e-01
9.881445647984786751e-01
9.881445647984786751e-01
9.881445647984786751e-01
9.881445647984786751e-01
9.881445647984786751e-01
9.881445647984786751e-01
9.881445647984786751e-01
9.881445647984786751e-01
9.881445647984786751e-01
9.881445647984786751e-01
9.881445647984786751e-01
9.881445647984786751e-01
9.881445647984786751e-01
9.881445647984786751e-01
9.881445647984786751e-01
9.881445647984786751e-01
9.881445647984786751e-01
9.881445647984786751e-01
9.881445647984786751e-01
9.881445647984786751e-01
9.881445647984786751e-01
9.881445647984786751e-01
9.881445647984786751e-01
9.881445647984786751e-01
9.881445647984786751e-01
9.881445647984786751e-01
9.881445647984786751e-01
9.881445647984786751e-01
9.881445647984786751e-01
9.881445647984786751e-01
9.881445647984786751e-01
9.881445647984786751e-01
9.881445647984786751e-01
9.881445647984786751e-01
9.881445647984786751e-01
9.881445647984786751e-01
9.881445647984786751e-01
9.881445647984786751e-01
9.881445647984786751e-01
9.881445647984786751e-01
9.881445647984786751e-01
9.881445647984786751e-01
9.881445647984786751e-01
9.881445647984786751e-01
9.881445647984786751e-01
9.881445647984786751e-01
9.881445647984786751e-01
9.881445647984786751e-01
9.881445647984786751e-01
9.881445647984786751e-01
9.881445647984786751e-01
9.881445647984786751e-01
9.881445647984786751e-01
9.881445647984786751e-01
9.881445647984786751e-01
9.881445647984786751e-01
9.881445647984786751e-01
9.881445647984786751e-01
9.881445647984786751e-01
9.881445647984786751e-01
9.881445647984786751e-01
9.881445647984786751e-01
9.881445647984786751e-01
9.881445647984786751e-01
9.881445647984786751e-01
9.881445647984786751e-01
9.881445647984786751e-01
9.881445647984786751e-01
9.881445647984786751e-01
9.881445647984786751e-01
9.881445647984786751e-01
9.881445647984786751e-01
9.881445647984786751e-01
9.881445647984786751e-01
9.881445647984786751e-01
9.881445647984786751e-01
9.881445647984786751e-01
9.881445647984786751e-01
9.881445647984786751e-01
9.881445647984786751e-01
9.881445647984786751e-01
9.881445647984786751e-01
9.881445647984786751e-01
9.881445647984786751e-01
9.881445647984786751e-01
9.881445647984786751e-01
9.881445647984786751e-01
9.881445647984786751e-01
9.881445647984786751e-01
9.881445647984786751e-01
9.881445647984786751e-01
9.881445647984786751e-01
9.881445647984786751e-01
9.881445647984786751e-01
9.881445647984786751e-01
9.881445647984786751e-01
9.881445647984786751e-01
9.881445647984786751e-01
9.881445647984786751e-01
9.881445647984786751e-01
9.881445647984786751e-01
9.881445647984786751e-01
9.881445647984786751e-01
9.881445647984786751e-01
9.881445647984786751e-01
9.881445647984786751e-01
9.881445647984786751e-01
9.881445647984786751e-01
9.881445647984786751e-01
9.881445647984786751e-01
9.881445647984786751e-01
9.881445647984786751e-01
9.881445647984786751e-01
9.881445647984786751e-01
9.881445647984786751e-01
9.881445647984786751e-01
9.881445647984786751e-01
9.881445647984786751e-01
9.881445647984786751e-01
9.881445647984786751e-01
9.881445647984786751e-01
9.881445647984786751e-01
9.881445647984786751e-01
9.881445647984786751e-01
9.881445647984786751e-01
9.881445647984786751e-01
9.881445647984786751e-01
9.881445647984786751e-01
9.881445647984786751e-01
9.881445647984786751e-01
9.881445647984786751e-01
9.881445647984786751e-01
9.881445647984786751e-01
9.881445647984786751e-01
9.881445647984786751e-01
9.881445647984786751e-01
9.881445647984786751e-01
9.881445647984786751e-01
9.881445647984786751e-01
9.881445647984786751e-01
9.881445647984786751e-01
9.881445647984786751e-01
9.881445647984786751e-01
9.881445647984786751e-01
9.881445647984786751e-01
9.881445647984786751e-01
9.881445647984786751e-01
9.881445647984786751e-01
9.881445647984786751e-01
9.881445647984786751e-01
9.881445647984786751e-01
9.881445647984786751e-01
9.881445647984786751e-01
9.881445647984786751e-01
9.881445647984786751e-01
9.881445647984786751e-01
9.881445647984786751e-01
9.881445647984786751e-01
9.881445647984786751e-01
9.881445647984786751e-01
9.881445647984786751e-01
9.881445647984786751e-01
9.881445647984786751e-01
9.881445647984786751e-01
9.881445647984786751e-01
9.881445647984786751e-01
9.881445647984786751e-01
9.881445647984786751e-01
9.881445647984786751e-01
9.881445647984786751e-01
9.881445647984786751e-01
9.881445647984786751e-01
9.881445647984786751e-01
9.881445647984786751e-01
9.881445647984786751e-01
9.881445647984786751e-01
9.881445647984786751e-01
9.881445647984786751e-01
9.881445647984786751e-01
9.881445647984786751e-01
9.881445647984786751e-01
9.881445647984786751e-01
9.881445647984786751e-01
9.881445647984786751e-01
9.881445647984786751e-01
9.881445647984786751e-01
9.881445647984786751e-01
9.881445647984786751e-01
9.881445647984786751e-01
9.881445647984786751e-01
9.881445647984786751e-01
9.881445647984786751e-01
9.881445647984786751e-01
9.881445647984786751e-01
9.881445647984786751e-01
9.881445647984786751e-01
9.881445647984786751e-01
9.881445647984786751e-01
9.881445647984786751e-01
9.881445647984786751e-01
9.881445647984786751e-01
9.881445647984786751e-01
9.881445647984786751e-01
9.881445647984786751e-01
9.881445647984786751e-01
9.881445647984786751e-01
9.881445647984786751e-01
9.881445647984786751e-01
9.881445647984786751e-01
9.881445647984786751e-01
9.881445647984786751e-01
9.881445647984786751e-01
9.881445647984786751e-01
9.881445647984786751e-01
9.881445647984786751e-01
9.881445647984786751e-01
9.881445647984786751e-01
9.881445647984786751e-01
9.881445647984786751e-01
9.881445647984786751e-01
9.881445647984786751e-01
9.881445647984786751e-01
9.881445647984786751e-01
9.881445647984786751e-01
9.881445647984786751e-01
9.881445647984786751e-01
9.881445647984786751e-01
9.881445647984786751e-01
9.881445647984786751e-01
9.881445647984786751e-01
9.881445647984786751e-01
9.881445647984786751e-01
9.881445647984786751e-01
9.881445647984786751e-01
9.881445647984786751e-01
9.881445647984786751e-01
9.881445647984786751e-01
9.881445647984786751e-01
9.881445647984786751e-01
9.881445647984786751e-01
9.881445647984786751e-01
9.881445647984786751e-01
9.881445647984786751e-01
9.881445647984786751e-01
9.881445647984786751e-01
9.881445647984786751e-01
9.881445647984786751e-01
9.881445647984786751e-01
9.881445647984786751e-01
9.881445647984786751e-01
9.881445647984786751e-01
9.881445647984786751e-01
9.881445647984786751e-01
9.881445647984786751e-01
9.881445647984786751e-01
9.881445647984786751e-01
9.881445647984786751e-01
9.881445647984786751e-01
9.881445647984786751e-01
9.881445647984786751e-01
9.881445647984786751e-01
9.881445647984786751e-01
9.881445647984786751e-01
9.881445647984786751e-01
9.881445647984786751e-01
9.881445647984786751e-01
9.881445647984786751e-01
9.881445647984786751e-01
9.881445647984786751e-01
9.881445647984786751e-01
9.881445647984786751e-01
9.881445647984786751e-01
9.881445647984786751e-01
9.881445647984786751e-01
