0.000000000000000000e+00
8.723199675691040156e-02
8.024450190492689317e-02
7.989988999532897374e-02
7.540646828240391009e-02
7.178887687589628752e-02
7.717538133491269603e-02
6.030693559945708021e-02
5.271446420460982468e-02
5.735243613855253025e-02
5.733500636632941211e-02
5.871670827729685849e-02
5.924118566554154031e-02
5.839685691499398729e-02
6.371904047782456226e-02
6.403746747835166453e-02
6.309071467372694142e-02
6.436946291534664799e-02
6.279652259225239341e-02
6.371904047782456226e-02
6.493608044635922061e-02
6.414694315858299190e-02
6.312331817309914384e-02
6.312331817309914384e-02
6.269735191009316588e-02
6.359659759364676146e-02
6.359659759364676146e-02
6.359659759364676146e-02
6.403746747835166453e-02
6.312331817309914384e-02
6.312331817309914384e-02
6.312331817309914384e-02
6.312331817309914384e-02
6.403746747835166453e-02
6.403746747835166453e-02
6.403746747835166453e-02
6.312331817309914384e-02
6.312331817309914384e-02
6.312331817309914384e-02
6.312331817309914384e-02
6.403746747835166453e-02
6.403746747835166453e-02
6.403746747835166453e-02
6.312331817309914384e-02
6.312331817309914384e-02
6.403746747835166453e-02
6.403746747835166453e-02
6.403746747835166453e-02
6.403746747835166453e-02
6.403746747835166453e-02
6.312331817309914384e-02
6.312331817309914384e-02
6.312331817309914384e-02
6.312331817309914384e-02
6.312331817309914384e-02
6.312331817309914384e-02
6.312331817309914384e-02
6.312331817309914384e-02
6.312331817309914384e-02
6.312331817309914384e-02
6.312331817309914384e-02
6.312331817309914384e-02
6.312331817309914384e-02
6.312331817309914384e-02
6.312331817309914384e-02
6.312331817309914384e-02
6.312331817309914384e-02
6.312331817309914384e-02
6.312331817309914384e-02
6.312331817309914384e-02
6.312331817309914384e-02
6.312331817309914384e-02
6.312331817309914384e-02
6.312331817309914384e-02
6.312331817309914384e-02
6.312331817309914384e-02
6.312331817309914384e-02
6.312331817309914384e-02
6.312331817309914384e-02
6.312331817309914384e-02
6.312331817309914384e-02
6.312331817309914384e-02
6.312331817309914384e-02
6.312331817309914384e-02
6.312331817309914384e-02
6.312331817309914384e-02
6.312331817309914384e-02
6.312331817309914384e-02
6.312331817309914384e-02
6.312331817309914384e-02
6.312331817309914384e-02
6.312331817309914384e-02
6.312331817309914384e-02
6.312331817309914384e-02
6.312331817309914384e-02
6.312331817309914384e-02
6.312331817309914384e-02
6.312331817309914384e-02
6.312331817309914384e-02
6.312331817309914384e-02
6.312331817309914384e-02
6.312331817309914384e-02
6.312331817309914384e-02
6.312331817309914384e-02
6.312331817309914384e-02
6.312331817309914384e-02
6.312331817309914384e-02
6.312331817309914384e-02
6.312331817309914384e-02
6.312331817309914384e-02
6.312331817309914384e-02
6.312331817309914384e-02
6.312331817309914384e-02
6.312331817309914384e-02
6.312331817309914384e-02
6.312331817309914384e-02
6.312331817309914384e-02
6.312331817309914384e-02
6.312331817309914384e-02
6.312331817309914384e-02
6.312331817309914384e-02
6.312331817309914384e-02
6.312331817309914384e-02
6.312331817309914384e-02
6.312331817309914384e-02
6.312331817309914384e-02
6.312331817309914384e-02
6.312331817309914384e-02
6.312331817309914384e-02
6.312331817309914384e-02
6.312331817309914384e-02
6.312331817309914384e-02
6.312331817309914384e-02
6.312331817309914384e-02
6.312331817309914384e-02
6.312331817309914384e-02
6.312331817309914384e-02
6.312331817309914384e-02
6.312331817309914384e-02
6.312331817309914384e-02
6.312331817309914384e-02
6.312331817309914384e-02
6.312331817309914384e-02
6.312331817309914384e-02
6.312331817309914384e-02
6.312331817309914384e-02
6.312331817309914384e-02
6.312331817309914384e-02
6.312331817309914384e-02
6.312331817309914384e-02
6.312331817309914384e-02
6.312331817309914384e-02
6.312331817309914384e-02
6.312331817309914384e-02
6.312331817309914384e-02
6.312331817309914384e-02
6.312331817309914384e-02
6.312331817309914384e-02
6.312331817309914384e-02
6.312331817309914384e-02
6.312331817309914384e-02
6.312331817309914384e-02
6.312331817309914384e-02
6.312331817309914384e-02
6.312331817309914384e-02
6.312331817309914384e-02
6.312331817309914384e-02
6.312331817309914384e-02
6.312331817309914384e-02
6.312331817309914384e-02
6.312331817309914384e-02
6.312331817309914384e-02
6.312331817309914384e-02
6.312331817309914384e-02
6.312331817309914384e-02
6.312331817309914384e-02
6.312331817309914384e-02
6.312331817309914384e-02
6.312331817309914384e-02
6.312331817309914384e-02
6.312331817309914384e-02
6.312331817309914384e-02
6.312331817309914384e-02
6.312331817309914384e-02
6.312331817309914384e-02
6.312331817309914384e-02
6.312331817309914384e-02
6.312331817309914384e-02
6.312331817309914384e-02
6.312331817309914384e-02
6.312331817309914384e-02
6.312331817309914384e-02
6.312331817309914384e-02
6.312331817309914384e-02
6.312331817309914384e-02
6.312331817309914384e-02
6.312331817309914384e-02
6.312331817309914384e-02
6.312331817309914384e-02
6.312331817309914384e-02
6.312331817309914384e-02
6.312331817309914384e-02
6.312331817309914384e-02
6.312331817309914384e-02
6.312331817309914384e-02
6.312331817309914384e-02
6.312331817309914384e-02
6.312331817309914384e-02
6.312331817309914384e-02
6.312331817309914384e-02
6.312331817309914384e-02
6.312331817309914384e-02
6.312331817309914384e-02
6.312331817309914384e-02
6.312331817309914384e-02
6.312331817309914384e-02
6.312331817309914384e-02
6.312331817309914384e-02
6.312331817309914384e-02
6.312331817309914384e-02
6.312331817309914384e-02
6.312331817309914384e-02
6.312331817309914384e-02
6.312331817309914384e-02
6.312331817309914384e-02
6.312331817309914384e-02
6.312331817309914384e-02
6.312331817309914384e-02
6.312331817309914384e-02
6.312331817309914384e-02
6.312331817309914384e-02
6.312331817309914384e-02
6.312331817309914384e-02
6.312331817309914384e-02
6.312331817309914384e-02
6.312331817309914384e-02
6.312331817309914384e-02
6.312331817309914384e-02
6.312331817309914384e-02
6.312331817309914384e-02
6.312331817309914384e-02
6.312331817309914384e-02
6.312331817309914384e-02
6.312331817309914384e-02
6.312331817309914384e-02
6.312331817309914384e-02
6.312331817309914384e-02
6.312331817309914384e-02
6.312331817309914384e-02
6.312331817309914384e-02
