1.000000000000000000e+00
9.337516031714513387e-01
7.359057625701633798e-01
5.239921790283671443e-01
3.462303549450749252e-01
2.030100690490837800e-01
1.379273509040828405e-01
6.299894470159825288e-02
5.700544308956525391e-02
3.703724514786954636e-02
3.029826465226780410e-02
2.747190928661066844e-02
3.728070876634138192e-02
4.042991278379973880e-02
4.528304517621040137e-02
4.484757997322986328e-02
4.516874492266996499e-02
4.753139300811452111e-02
5.030164703172133878e-02
4.528304517621040137e-02
4.294825635558410792e-02
4.776684741528865186e-02
4.986618182874080069e-02
4.986618182874080069e-02
4.738237958966254326e-02
4.236377773415160586e-02
4.236377773415160586e-02
4.236377773415160586e-02
4.484757997322986328e-02
4.986618182874080069e-02
4.986618182874080069e-02
4.986618182874080069e-02
4.986618182874080069e-02
4.484757997322986328e-02
4.484757997322986328e-02
4.484757997322986328e-02
4.986618182874080069e-02
4.986618182874080069e-02
4.986618182874080069e-02
4.986618182874080069e-02
4.484757997322986328e-02
4.484757997322986328e-02
4.484757997322986328e-02
4.986618182874080069e-02
4.986618182874080069e-02
4.484757997322986328e-02
4.484757997322986328e-02
4.484757997322986328e-02
4.484757997322986328e-02
4.484757997322986328e-02
4.986618182874080069e-02
4.986618182874080069e-02
4.986618182874080069e-02
4.986618182874080069e-02
4.986618182874080069e-02
4.986618182874080069e-02
4.986618182874080069e-02
4.986618182874080069e-02
4.986618182874080069e-02
4.986618182874080069e-02
4.986618182874080069e-02
4.986618182874080069e-02
4.986618182874080069e-02
4.986618182874080069e-02
4.986618182874080069e-02
4.986618182874080069e-02
4.986618182874080069e-02
4.986618182874080069e-02
4.986618182874080069e-02
4.986618182874080069e-02
4.986618182874080069e-02
4.986618182874080069e-02
4.986618182874080069e-02
4.986618182874080069e-02
4.986618182874080069e-02
4.986618182874080069e-02
4.986618182874080069e-02
4.986618182874080069e-02
4.986618182874080069e-02
4.986618182874080069e-02
4.986618182874080069e-02
4.986618182874080069e-02
4.986618182874080069e-02
4.986618182874080069e-02
4.986618182874080069e-02
4.986618182874080069e-02
4.986618182874080069e-02
4.986618182874080069e-02
4.986618182874080069e-02
4.986618182874080069e-02
4.986618182874080069e-02
4.986618182874080069e-02
4.986618182874080069e-02
4.986618182874080069e-02
4.986618182874080069e-02
4.986618182874080069e-02
4.986618182874080069e-02
4.986618182874080069e-02
4.986618182874080069e-02
4.986618182874080069e-02
4.986618182874080069e-02
4.986618182874080069e-02
4.986618182874080069e-02
4.986618182874080069e-02
4.986618182874080069e-02
4.986618182874080069e-02
4.986618182874080069e-02
4.986618182874080069e-02
4.986618182874080069e-02
4.986618182874080069e-02
4.986618182874080069e-02
4.986618182874080069e-02
4.986618182874080069e-02
4.986618182874080069e-02
4.986618182874080069e-02
4.986618182874080069e-02
4.986618182874080069e-02
4.986618182874080069e-02
4.986618182874080069e-02
4.986618182874080069e-02
4.986618182874080069e-02
4.986618182874080069e-02
4.986618182874080069e-02
4.986618182874080069e-02
4.986618182874080069e-02
4.986618182874080069e-02
4.986618182874080069e-02
4.986618182874080069e-02
4.986618182874080069e-02
4.986618182874080069e-02
4.986618182874080069e-02
4.986618182874080069e-02
4.986618182874080069e-02
4.986618182874080069e-02
4.986618182874080069e-02
4.986618182874080069e-02
4.986618182874080069e-02
4.986618182874080069e-02
4.986618182874080069e-02
4.986618182874080069e-02
4.986618182874080069e-02
4.986618182874080069e-02
4.986618182874080069e-02
4.986618182874080069e-02
4.986618182874080069e-02
4.986618182874080069e-02
4.986618182874080069e-02
4.986618182874080069e-02
4.986618182874080069e-02
4.986618182874080069e-02
4.986618182874080069e-02
4.986618182874080069e-02
4.986618182874080069e-02
4.986618182874080069e-02
4.986618182874080069e-02
4.986618182874080069e-02
4.986618182874080069e-02
4.986618182874080069e-02
4.986618182874080069e-02
4.986618182874080069e-02
4.986618182874080069e-02
4.986618182874080069e-02
4.986618182874080069e-02
4.986618182874080069e-02
4.986618182874080069e-02
4.986618182874080069e-02
4.986618182874080069e-02
4.986618182874080069e-02
4.986618182874080069e-02
4.986618182874080069e-02
4.986618182874080069e-02
4.986618182874080069e-02
4.986618182874080069e-02
4.986618182874080069e-02
4.986618182874080069e-02
4.986618182874080069e-02
4.986618182874080069e-02
4.986618182874080069e-02
4.986618182874080069e-02
4.986618182874080069e-02
4.986618182874080069e-02
4.986618182874080069e-02
4.986618182874080069e-02
4.986618182874080069e-02
4.986618182874080069e-02
4.986618182874080069e-02
4.986618182874080069e-02
4.986618182874080069e-02
4.986618182874080069e-02
4.986618182874080069e-02
4.986618182874080069e-02
4.986618182874080069e-02
4.986618182874080069e-02
4.986618182874080069e-02
4.986618182874080069e-02
4.986618182874080069e-02
4.986618182874080069e-02
4.986618182874080069e-02
4.986618182874080069e-02
4.986618182874080069e-02
4.986618182874080069e-02
4.986618182874080069e-02
4.986618182874080069e-02
4.986618182874080069e-02
4.986618182874080069e-02
4.986618182874080069e-02
4.986618182874080069e-02
4.986618182874080069e-02
4.986618182874080069e-02
4.986618182874080069e-02
4.986618182874080069e-02
4.986618182874080069e-02
4.986618182874080069e-02
4.986618182874080069e-02
4.986618182874080069e-02
4.986618182874080069e-02
4.986618182874080069e-02
4.986618182874080069e-02
4.986618182874080069e-02
4.986618182874080069e-02
4.986618182874080069e-02
4.986618182874080069e-02
4.986618182874080069e-02
4.986618182874080069e-02
4.986618182874080069e-02
4.986618182874080069e-02
4.986618182874080069e-02
4.986618182874080069e-02
4.986618182874080069e-02
4.986618182874080069e-02
4.986618182874080069e-02
4.986618182874080069e-02
4.986618182874080069e-02
4.986618182874080069e-02
4.986618182874080069e-02
4.986618182874080069e-02
4.986618182874080069e-02
4.986618182874080069e-02
4.986618182874080069e-02
4.986618182874080069e-02
4.986618182874080069e-02
4.986618182874080069e-02
4.986618182874080069e-02
4.986618182874080069e-02
4.986618182874080069e-02
4.986618182874080069e-02
4.986618182874080069e-02
4.986618182874080069e-02
4.986618182874080069e-02
4.986618182874080069e-02
