1.000000000000000000e+00
9.680909470779962556e-01
8.721420553218196536e-01
7.194190502145175747e-01
5.885013072112602606e-01
4.798914421813231801e-01
5.179491748134051887e-02
-1.540184945398463678e-01
-1.739757328061242725e-01
-1.362960637891175442e-01
-1.176670738828054369e-01
-9.072956888960115318e-02
1.834628150031047400e-01
3.139103166796458066e-01
3.213048556102602871e-01
3.134127649579229180e-01
3.080895304004991897e-01
2.784876130906381864e-01
7.355217687321737030e-02
-1.357017449541547856e-02
-2.396232470681627924e-02
-1.477707361913215348e-02
2.958666011718485652e-04
3.452977160052096706e-02
1.635985659509905654e-01
2.313162985702947316e-01
2.352283053446984629e-01
2.303576840536573078e-01
2.197611768104064667e-01
1.789689795395413285e-01
1.108442185726870588e-01
6.232866528123352096e-02
5.765697397553989911e-02
6.519982424324906323e-02
8.641775060119986918e-02
1.003711276535534103e-01
1.707443859523191387e-01
1.971041439398559525e-01
2.007775096035753215e-01
1.992891307704802439e-01
1.864837527902254988e-01
1.719617299453251036e-01
1.293165186829206281e-01
1.102769069644228689e-01
1.028072893299323970e-01
1.024756583967833395e-01
1.095672653392036622e-01
1.258532870984563623e-01
1.509026961896245134e-01
1.640692597717543777e-01
1.671428270958571216e-01
1.627876985751725847e-01
1.622519176356734538e-01
1.576308818854001703e-01
1.494508275554828902e-01
1.323259855103081639e-01
1.301465252131141503e-01
1.364841812604896953e-01
1.364841812604896953e-01
1.403508813773663988e-01
1.509983702709788711e-01
1.583044260937846170e-01
1.554667963615598836e-01
1.539812121591514205e-01
1.540009058927655494e-01
1.468235018572330575e-01
1.448955283694424168e-01
1.360362938340753669e-01
1.416800737866653892e-01
1.408155687547309742e-01
1.416733976929980821e-01
1.455400978098747578e-01
1.488508017285305463e-01
1.522065379434680843e-01
1.478105270845234132e-01
1.444998231658675969e-01
1.444998231658675969e-01
1.406331230489909212e-01
1.406331230489909212e-01
1.406331230489909212e-01
1.397686180170565340e-01
1.397686180170565340e-01
1.397686180170565340e-01
1.436353181339332097e-01
1.436353181339332097e-01
1.436353181339332097e-01
1.436353181339332097e-01
1.436353181339332097e-01
1.397686180170565340e-01
1.397686180170565340e-01
1.397686180170565340e-01
1.397686180170565340e-01
1.397686180170565340e-01
1.397686180170565340e-01
1.397686180170565340e-01
1.436353181339332097e-01
1.436353181339332097e-01
1.436353181339332097e-01
1.436353181339332097e-01
1.436353181339332097e-01
1.397686180170565340e-01
1.397686180170565340e-01
1.397686180170565340e-01
1.397686180170565340e-01
1.397686180170565340e-01
1.397686180170565340e-01
1.436353181339332097e-01
1.436353181339332097e-01
1.436353181339332097e-01
1.436353181339332097e-01
1.436353181339332097e-01
1.436353181339332097e-01
1.397686180170565340e-01
1.397686180170565340e-01
1.397686180170565340e-01
1.397686180170565340e-01
1.397686180170565340e-01
1.397686180170565340e-01
1.436353181339332097e-01
1.436353181339332097e-01
1.436353181339332097e-01
1.436353181339332097e-01
1.436353181339332097e-01
1.436353181339332097e-01
1.436353181339332097e-01
1.436353181339332097e-01
1.436353181339332097e-01
1.436353181339332097e-01
1.436353181339332097e-01
1.436353181339332097e-01
1.436353181339332097e-01
1.436353181339332097e-01
1.436353181339332097e-01
1.436353181339332097e-01
1.436353181339332097e-01
1.436353181339332097e-01
1.436353181339332097e-01
1.436353181339332097e-01
1.436353181339332097e-01
1.436353181339332097e-01
1.436353181339332097e-01
1.436353181339332097e-01
1.436353181339332097e-01
1.436353181339332097e-01
1.436353181339332097e-01
1.436353181339332097e-01
1.436353181339332097e-01
1.436353181339332097e-01
1.436353181339332097e-01
1.436353181339332097e-01
1.436353181339332097e-01
1.436353181339332097e-01
1.436353181339332097e-01
1.436353181339332097e-01
1.436353181339332097e-01
1.436353181339332097e-01
1.436353181339332097e-01
1.436353181339332097e-01
1.436353181339332097e-01
1.436353181339332097e-01
1.436353181339332097e-01
1.436353181339332097e-01
1.436353181339332097e-01
1.436353181339332097e-01
1.436353181339332097e-01
1.436353181339332097e-01
1.436353181339332097e-01
1.436353181339332097e-01
1.436353181339332097e-01
1.436353181339332097e-01
1.436353181339332097e-01
1.436353181339332097e-01
1.436353181339332097e-01
1.436353181339332097e-01
1.436353181339332097e-01
1.436353181339332097e-01
1.436353181339332097e-01
1.436353181339332097e-01
1.436353181339332097e-01
1.436353181339332097e-01
1.436353181339332097e-01
1.436353181339332097e-01
1.436353181339332097e-01
1.436353181339332097e-01
1.436353181339332097e-01
1.436353181339332097e-01
1.436353181339332097e-01
1.436353181339332097e-01
1.436353181339332097e-01
1.436353181339332097e-01
1.436353181339332097e-01
1.436353181339332097e-01
1.436353181339332097e-01
1.436353181339332097e-01
1.436353181339332097e-01
1.436353181339332097e-01
1.436353181339332097e-01
1.436353181339332097e-01
1.436353181339332097e-01
1.436353181339332097e-01
1.436353181339332097e-01
1.436353181339332097e-01
1.436353181339332097e-01
1.436353181339332097e-01
1.436353181339332097e-01
1.436353181339332097e-01
1.436353181339332097e-01
1.436353181339332097e-01
1.436353181339332097e-01
1.436353181339332097e-01
1.436353181339332097e-01
1.436353181339332097e-01
1.436353181339332097e-01
1.436353181339332097e-01
1.436353181339332097e-01
1.436353181339332097e-01
1.436353181339332097e-01
1.436353181339332097e-01
1.436353181339332097e-01
1.436353181339332097e-01
1.436353181339332097e-01
1.436353181339332097e-01
1.436353181339332097e-01
1.436353181339332097e-01
1.436353181339332097e-01
1.436353181339332097e-01
1.436353181339332097e-01
1.436353181339332097e-01
1.436353181339332097e-01
1.436353181339332097e-01
1.436353181339332097e-01
1.436353181339332097e-01
1.436353181339332097e-01
1.436353181339332097e-01
1.436353181339332097e-01
1.436353181339332097e-01
1.436353181339332097e-01
1.436353181339332097e-01
1.436353181339332097e-01
1.436353181339332097e-01
1.436353181339332097e-01
1.436353181339332097e-01
1.436353181339332097e-01
1.436353181339332097e-01
1.436353181339332097e-01
1.436353181339332097e-01
1.436353181339332097e-01
1.436353181339332097e-01
1.436353181339332097e-01
1.436353181339332097e-01
