0.000000000000000000e+00
8.348635550244697112e-02
8.349141144786050017e-02
8.352588999874617504e-02
8.356101041565892895e-02
8.351019988748011047e-02
8.351880293308723557e-02
8.356488214765789291e-02
8.346755621651145984e-02
8.360398729268547768e-02
8.360053908058114047e-02
8.355097798071901838e-02
8.370579009137101012e-02
8.364863246743158010e-02
8.358580440828429492e-02
8.357962853261446945e-02
8.340933239028675006e-02
8.334410246649921750e-02
8.326929383211416347e-02
8.326929383211416347e-02
8.313976137665095301e-02
8.313976137665095301e-02
8.353822940269504949e-02
8.353357715626490154e-02
8.342659695230636441e-02
8.329109830944776693e-02
8.334022845446481531e-02
8.334022845446481531e-02
8.334022845446481531e-02
8.317289930722242264e-02
8.317289930722242264e-02
8.317289930722242264e-02
8.333225190771603730e-02
8.333225190771603730e-02
8.344682238626162374e-02
8.344682238626162374e-02
8.344682238626162374e-02
8.351868826462229001e-02
8.351868826462229001e-02
8.351868826462229001e-02
8.320695058073769579e-02
8.320482000215297103e-02
8.320482000215297103e-02
8.320482000215297103e-02
8.309929394892821841e-02
8.309929394892821841e-02
8.309929394892821841e-02
8.309929394892821841e-02
8.309929394892821841e-02
8.345507581023321741e-02
8.340042513119295953e-02
8.340525800289462499e-02
8.340525800289462499e-02
8.340525800289462499e-02
8.340525800289462499e-02
8.340525800289462499e-02
8.340525800289462499e-02
8.340525800289462499e-02
8.340525800289462499e-02
8.340525800289462499e-02
8.340525800289462499e-02
8.340525800289462499e-02
8.340525800289462499e-02
8.340525800289462499e-02
8.340525800289462499e-02
8.340525800289462499e-02
8.342281350032387799e-02
8.342281350032387799e-02
8.342281350032387799e-02
8.342804281758296747e-02
8.342804281758296747e-02
8.342804281758296747e-02
8.342804281758296747e-02
8.342804281758296747e-02
8.342804281758296747e-02
8.342804281758296747e-02
8.342804281758296747e-02
8.342804281758296747e-02
8.342804281758296747e-02
8.342804281758296747e-02
8.342804281758296747e-02
8.342804281758296747e-02
8.342804281758296747e-02
8.342804281758296747e-02
8.342804281758296747e-02
8.342804281758296747e-02
8.342804281758296747e-02
8.342804281758296747e-02
8.342804281758296747e-02
8.342804281758296747e-02
8.342804281758296747e-02
8.342804281758296747e-02
8.342804281758296747e-02
8.342804281758296747e-02
8.342804281758296747e-02
8.342804281758296747e-02
8.342804281758296747e-02
8.342804281758296747e-02
8.342804281758296747e-02
8.342804281758296747e-02
8.342804281758296747e-02
8.342804281758296747e-02
8.342804281758296747e-02
8.342804281758296747e-02
8.342804281758296747e-02
8.342804281758296747e-02
8.342804281758296747e-02
8.342804281758296747e-02
8.342804281758296747e-02
8.342804281758296747e-02
8.342804281758296747e-02
8.342804281758296747e-02
8.342804281758296747e-02
8.342804281758296747e-02
8.342804281758296747e-02
8.342804281758296747e-02
8.342804281758296747e-02
8.342804281758296747e-02
8.342804281758296747e-02
8.342804281758296747e-02
8.342804281758296747e-02
8.342804281758296747e-02
8.342804281758296747e-02
8.342804281758296747e-02
8.342804281758296747e-02
8.342804281758296747e-02
8.342804281758296747e-02
8.342804281758296747e-02
8.342804281758296747e-02
8.342804281758296747e-02
8.342804281758296747e-02
8.342804281758296747e-02
8.342804281758296747e-02
8.342804281758296747e-02
8.342804281758296747e-02
8.342804281758296747e-02
8.342804281758296747e-02
8.342804281758296747e-02
8.342804281758296747e-02
8.342804281758296747e-02
8.342804281758296747e-02
8.342804281758296747e-02
8.342804281758296747e-02
8.342804281758296747e-02
8.342804281758296747e-02
8.342804281758296747e-02
8.342804281758296747e-02
8.342804281758296747e-02
8.342804281758296747e-02
8.342804281758296747e-02
8.342804281758296747e-02
8.342804281758296747e-02
8.342804281758296747e-02
8.342804281758296747e-02
8.342804281758296747e-02
8.342804281758296747e-02
8.342804281758296747e-02
8.342804281758296747e-02
8.342804281758296747e-02
8.342804281758296747e-02
8.342804281758296747e-02
8.342804281758296747e-02
8.342804281758296747e-02
8.342804281758296747e-02
8.342804281758296747e-02
8.342804281758296747e-02
8.342804281758296747e-02
8.342804281758296747e-02
8.342804281758296747e-02
8.342804281758296747e-02
8.342804281758296747e-02
8.342804281758296747e-02
8.342804281758296747e-02
8.342804281758296747e-02
8.342804281758296747e-02
8.342804281758296747e-02
8.342804281758296747e-02
8.342804281758296747e-02
8.342804281758296747e-02
8.342804281758296747e-02
8.342804281758296747e-02
8.342804281758296747e-02
8.342804281758296747e-02
8.342804281758296747e-02
8.342804281758296747e-02
8.342804281758296747e-02
8.342804281758296747e-02
8.342804281758296747e-02
8.342804281758296747e-02
8.342804281758296747e-02
8.342804281758296747e-02
8.342804281758296747e-02
8.342804281758296747e-02
8.342804281758296747e-02
8.342804281758296747e-02
8.342804281758296747e-02
8.342804281758296747e-02
8.342804281758296747e-02
8.342804281758296747e-02
8.342804281758296747e-02
8.342804281758296747e-02
8.342804281758296747e-02
8.342804281758296747e-02
8.342804281758296747e-02
8.342804281758296747e-02
8.342804281758296747e-02
8.342804281758296747e-02
8.342804281758296747e-02
8.342804281758296747e-02
8.342804281758296747e-02
8.342804281758296747e-02
8.342804281758296747e-02
8.342804281758296747e-02
8.342804281758296747e-02
8.342804281758296747e-02
8.342804281758296747e-02
8.342804281758296747e-02
8.342804281758296747e-02
8.342804281758296747e-02
8.342804281758296747e-02
8.342804281758296747e-02
8.342804281758296747e-02
8.342804281758296747e-02
8.342804281758296747e-02
8.342804281758296747e-02
8.342804281758296747e-02
8.342804281758296747e-02
8.342804281758296747e-02
8.342804281758296747e-02
8.342804281758296747e-02
8.342804281758296747e-02
8.342804281758296747e-02
8.342804281758296747e-02
8.342804281758296747e-02
8.342804281758296747e-02
8.342804281758296747e-02
8.342804281758296747e-02
8.342804281758296747e-02
8.342804281758296747e-02
8.342804281758296747e-02
8.342804281758296747e-02
8.342804281758296747e-02
8.342804281758296747e-02
8.342804281758296747e-02
8.342804281758296747e-02
8.342804281758296747e-02
8.342804281758296747e-02
8.342804281758296747e-02
8.342804281758296747e-02
8.342804281758296747e-02
8.342804281758296747e-02
8.342804281758296747e-02
8.342804281758296747e-02
8.342804281758296747e-02
8.342804281758296747e-02
8.342804281758296747e-02
8.342804281758296747e-02
8.342804281758296747e-02
8.342804281758296747e-02
8.342804281758296747e-02
8.342804281758296747e-02
8.342804281758296747e-02
8.342804281758296747e-02
8.342804281758296747e-02
8.342804281758296747e-02
8.342804281758296747e-02
8.342804281758296747e-02
8.342804281758296747e-02
8.342804281758296747e-02
8.342804281758296747e-02
8.342804281758296747e-02
8.342804281758296747e-02
8.342804281758296747e-02
8.342804281758296747e-02
8.342804281758296747e-02
8.342804281758296747e-02
8.342804281758296747e-02
8.342804281758296747e-02
8.342804281758296747e-02
8.342804281758296747e-02
8.342804281758296747e-02
8.342804281758296747e-02
8.342804281758296747e-02
8.342804281758296747e-02
8.342804281758296747e-02
8.342804281758296747e-02
8.342804281758296747e-02
8.342804281758296747e-02
8.342804281758296747e-02
8.342804281758296747e-02
8.342804281758296747e-02
8.342804281758296747e-02
8.342804281758296747e-02
8.342804281758296747e-02
8.342804281758296747e-02
8.342804281758296747e-02
8.342804281758296747e-02
8.342804281758296747e-02
8.342804281758296747e-02
8.342804281758296747e-02
8.342804281758296747e-02
8.342804281758296747e-02
8.342804281758296747e-02
8.342804281758296747e-02
8.342804281758296747e-02
8.342804281758296747e-02
8.342804281758296747e-02
8.342804281758296747e-02
8.342804281758296747e-02
8.342804281758296747e-02
8.342804281758296747e-02
8.342804281758296747e-02
8.342804281758296747e-02
8.342804281758296747e-02
8.342804281758296747e-02
8.342804281758296747e-02
8.342804281758296747e-02
8.342804281758296747e-02
8.342804281758296747e-02
8.342804281758296747e-02
8.342804281758296747e-02
8.342804281758296747e-02
8.342804281758296747e-02
8.342804281758296747e-02
8.342804281758296747e-02
8.342804281758296747e-02
8.342804281758296747e-02
8.342804281758296747e-02
8.342804281758296747e-02
8.342804281758296747e-02
8.342804281758296747e-02
8.342804281758296747e-02
8.342804281758296747e-02
8.342804281758296747e-02
8.342804281758296747e-02
8.342804281758296747e-02
8.342804281758296747e-02
8.342804281758296747e-02
8.342804281758296747e-02
8.342804281758296747e-02
8.342804281758296747e-02
8.342804281758296747e-02
8.342804281758296747e-02
8.342804281758296747e-02
8.342804281758296747e-02
8.342804281758296747e-02
8.342804281758296747e-02
8.342804281758296747e-02
8.342804281758296747e-02
8.342804281758296747e-02
8.342804281758296747e-02
8.342804281758296747e-02
8.342804281758296747e-02
8.342804281758296747e-02
8.342804281758296747e-02
8.342804281758296747e-02
8.342804281758296747e-02
8.342804281758296747e-02
8.342804281758296747e-02
8.342804281758296747e-02
8.342804281758296747e-02
8.342804281758296747e-02
8.342804281758296747e-02
8.342804281758296747e-02
8.342804281758296747e-02
8.342804281758296747e-02
8.342804281758296747e-02
8.342804281758296747e-02
8.342804281758296747e-02
8.342804281758296747e-02
8.342804281758296747e-02
8.342804281758296747e-02
8.342804281758296747e-02
8.342804281758296747e-02
8.342804281758296747e-02
8.342804281758296747e-02
8.342804281758296747e-02
8.342804281758296747e-02
8.342804281758296747e-02
8.342804281758296747e-02
8.342804281758296747e-02
8.342804281758296747e-02
8.342804281758296747e-02
8.342804281758296747e-02
8.342804281758296747e-02
8.342804281758296747e-02
8.342804281758296747e-02
8.342804281758296747e-02
8.342804281758296747e-02
8.342804281758296747e-02
8.342804281758296747e-02
8.342804281758296747e-02
8.342804281758296747e-02
8.342804281758296747e-02
8.342804281758296747e-02
8.342804281758296747e-02
8.342804281758296747e-02
8.342804281758296747e-02
8.342804281758296747e-02
8.342804281758296747e-02
8.342804281758296747e-02
8.342804281758296747e-02
8.342804281758296747e-02
8.342804281758296747e-02
8.342804281758296747e-02
8.342804281758296747e-02
8.342804281758296747e-02
8.342804281758296747e-02
8.342804281758296747e-02
8.342804281758296747e-02
8.342804281758296747e-02
8.342804281758296747e-02
8.342804281758296747e-02
8.342804281758296747e-02
8.342804281758296747e-02
8.342804281758296747e-02
8.342804281758296747e-02
8.342804281758296747e-02
8.342804281758296747e-02
8.342804281758296747e-02
8.342804281758296747e-02
8.342804281758296747e-02
8.342804281758296747e-02
8.342804281758296747e-02
8.342804281758296747e-02
8.342804281758296747e-02
8.342804281758296747e-02
8.342804281758296747e-02
8.342804281758296747e-02
8.342804281758296747e-02
8.342804281758296747e-02
8.342804281758296747e-02
8.342804281758296747e-02
8.342804281758296747e-02
8.342804281758296747e-02
8.342804281758296747e-02
8.342804281758296747e-02
8.342804281758296747e-02
8.342804281758296747e-02
8.342804281758296747e-02
8.342804281758296747e-02
8.342804281758296747e-02
8.342804281758296747e-02
8.342804281758296747e-02
8.342804281758296747e-02
8.342804281758296747e-02
8.342804281758296747e-02
8.342804281758296747e-02
8.342804281758296747e-02
8.342804281758296747e-02
8.342804281758296747e-02
8.342804281758296747e-02
8.342804281758296747e-02
8.342804281758296747e-02
8.342804281758296747e-02
8.342804281758296747e-02
8.342804281758296747e-02
8.342804281758296747e-02
8.342804281758296747e-02
8.342804281758296747e-02
8.342804281758296747e-02
8.342804281758296747e-02
8.342804281758296747e-02
8.342804281758296747e-02
8.342804281758296747e-02
8.342804281758296747e-02
8.342804281758296747e-02
8.342804281758296747e-02
8.342804281758296747e-02
8.342804281758296747e-02
8.342804281758296747e-02
8.342804281758296747e-02
8.342804281758296747e-02
8.342804281758296747e-02
8.342804281758296747e-02
8.342804281758296747e-02
8.342804281758296747e-02
8.342804281758296747e-02
8.342804281758296747e-02
8.342804281758296747e-02
8.342804281758296747e-02
8.342804281758296747e-02
8.342804281758296747e-02
8.342804281758296747e-02
8.342804281758296747e-02
8.342804281758296747e-02
8.342804281758296747e-02
8.342804281758296747e-02
8.342804281758296747e-02
8.342804281758296747e-02
8.342804281758296747e-02
8.342804281758296747e-02
8.342804281758296747e-02
8.342804281758296747e-02
8.342804281758296747e-02
8.342804281758296747e-02
8.342804281758296747e-02
8.342804281758296747e-02
8.342804281758296747e-02
8.342804281758296747e-02
8.342804281758296747e-02
8.342804281758296747e-02
8.342804281758296747e-02
8.342804281758296747e-02
8.342804281758296747e-02
8.342804281758296747e-02
8.342804281758296747e-02
8.342804281758296747e-02
8.342804281758296747e-02
8.342804281758296747e-02
8.342804281758296747e-02
8.342804281758296747e-02
8.342804281758296747e-02
8.342804281758296747e-02
8.342804281758296747e-02
8.342804281758296747e-02
8.342804281758296747e-02
8.342804281758296747e-02
8.342804281758296747e-02
8.342804281758296747e-02
8.342804281758296747e-02
8.342804281758296747e-02
8.342804281758296747e-02
8.342804281758296747e-02
8.342804281758296747e-02
8.342804281758296747e-02
8.342804281758296747e-02
8.342804281758296747e-02
8.342804281758296747e-02
8.342804281758296747e-02
8.342804281758296747e-02
8.342804281758296747e-02
8.342804281758296747e-02
8.342804281758296747e-02
8.342804281758296747e-02
8.342804281758296747e-02
8.342804281758296747e-02
8.342804281758296747e-02
8.342804281758296747e-02
8.342804281758296747e-02
8.342804281758296747e-02
8.342804281758296747e-02
8.342804281758296747e-02
8.342804281758296747e-02
8.342804281758296747e-02
8.342804281758296747e-02
8.342804281758296747e-02
8.342804281758296747e-02
8.342804281758296747e-02
8.342804281758296747e-02
8.342804281758296747e-02
8.342804281758296747e-02
8.342804281758296747e-02
8.342804281758296747e-02
8.342804281758296747e-02
8.342804281758296747e-02
8.342804281758296747e-02
8.342804281758296747e-02
8.342804281758296747e-02
8.342804281758296747e-02
8.342804281758296747e-02
8.342804281758296747e-02
8.342804281758296747e-02
8.342804281758296747e-02
8.342804281758296747e-02
8.342804281758296747e-02
8.342804281758296747e-02
8.342804281758296747e-02
8.342804281758296747e-02
8.342804281758296747e-02
8.342804281758296747e-02
8.342804281758296747e-02
8.342804281758296747e-02
8.342804281758296747e-02
8.342804281758296747e-02
8.342804281758296747e-02
8.342804281758296747e-02
8.342804281758296747e-02
8.342804281758296747e-02
8.342804281758296747e-02
8.342804281758296747e-02
8.342804281758296747e-02
8.342804281758296747e-02
8.342804281758296747e-02
8.342804281758296747e-02
8.342804281758296747e-02
8.342804281758296747e-02
8.342804281758296747e-02
8.342804281758296747e-02
8.342804281758296747e-02
8.342804281758296747e-02
8.342804281758296747e-02
8.342804281758296747e-02
8.342804281758296747e-02
8.342804281758296747e-02
8.342804281758296747e-02
8.342804281758296747e-02
8.342804281758296747e-02
8.342804281758296747e-02
8.342804281758296747e-02
8.342804281758296747e-02
8.342804281758296747e-02
8.342804281758296747e-02
8.342804281758296747e-02
8.342804281758296747e-02
8.342804281758296747e-02
8.342804281758296747e-02
8.342804281758296747e-02
8.342804281758296747e-02
8.342804281758296747e-02
8.342804281758296747e-02
8.342804281758296747e-02
8.342804281758296747e-02
8.342804281758296747e-02
8.342804281758296747e-02
8.342804281758296747e-02
8.342804281758296747e-02
8.342804281758296747e-02
8.342804281758296747e-02
8.342804281758296747e-02
8.342804281758296747e-02
8.342804281758296747e-02
8.342804281758296747e-02
8.342804281758296747e-02
8.342804281758296747e-02
8.342804281758296747e-02
8.342804281758296747e-02
8.342804281758296747e-02
8.342804281758296747e-02
8.342804281758296747e-02
8.342804281758296747e-02
8.342804281758296747e-02
8.342804281758296747e-02
8.342804281758296747e-02
8.342804281758296747e-02
8.342804281758296747e-02
8.342804281758296747e-02
8.342804281758296747e-02
8.342804281758296747e-02
8.342804281758296747e-02
8.342804281758296747e-02
8.342804281758296747e-02
8.342804281758296747e-02
8.342804281758296747e-02
8.342804281758296747e-02
8.342804281758296747e-02
8.342804281758296747e-02
8.342804281758296747e-02
8.342804281758296747e-02
8.342804281758296747e-02
8.342804281758296747e-02
8.342804281758296747e-02
8.342804281758296747e-02
8.342804281758296747e-02
8.342804281758296747e-02
8.342804281758296747e-02
8.342804281758296747e-02
8.342804281758296747e-02
8.342804281758296747e-02
8.342804281758296747e-02
8.342804281758296747e-02
8.342804281758296747e-02
8.342804281758296747e-02
8.342804281758296747e-02
8.342804281758296747e-02
8.342804281758296747e-02
8.342804281758296747e-02
8.342804281758296747e-02
8.342804281758296747e-02
8.342804281758296747e-02
8.342804281758296747e-02
8.342804281758296747e-02
8.342804281758296747e-02
8.342804281758296747e-02
8.342804281758296747e-02
8.342804281758296747e-02
8.342804281758296747e-02
8.342804281758296747e-02
8.342804281758296747e-02
8.342804281758296747e-02
8.342804281758296747e-02
8.342804281758296747e-02
8.342804281758296747e-02
8.342804281758296747e-02
8.342804281758296747e-02
8.342804281758296747e-02
8.342804281758296747e-02
8.342804281758296747e-02
8.342804281758296747e-02
8.342804281758296747e-02
8.342804281758296747e-02
8.342804281758296747e-02
8.342804281758296747e-02
8.342804281758296747e-02
8.342804281758296747e-02
8.342804281758296747e-02
8.342804281758296747e-02
8.342804281758296747e-02
8.342804281758296747e-02
8.342804281758296747e-02
8.342804281758296747e-02
8.342804281758296747e-02
8.342804281758296747e-02
8.342804281758296747e-02
8.342804281758296747e-02
8.342804281758296747e-02
8.342804281758296747e-02
8.342804281758296747e-02
8.342804281758296747e-02
8.342804281758296747e-02
8.342804281758296747e-02
8.342804281758296747e-02
8.342804281758296747e-02
8.342804281758296747e-02
8.342804281758296747e-02
8.342804281758296747e-02
8.342804281758296747e-02
8.342804281758296747e-02
8.342804281758296747e-02
8.342804281758296747e-02
8.342804281758296747e-02
8.342804281758296747e-02
8.342804281758296747e-02
8.342804281758296747e-02
8.342804281758296747e-02
8.342804281758296747e-02
8.342804281758296747e-02
8.342804281758296747e-02
8.342804281758296747e-02
8.342804281758296747e-02
8.342804281758296747e-02
8.342804281758296747e-02
8.342804281758296747e-02
8.342804281758296747e-02
8.342804281758296747e-02
8.342804281758296747e-02
8.342804281758296747e-02
8.342804281758296747e-02
8.342804281758296747e-02
8.342804281758296747e-02
8.342804281758296747e-02
8.342804281758296747e-02
8.342804281758296747e-02
8.342804281758296747e-02
8.342804281758296747e-02
8.342804281758296747e-02
8.342804281758296747e-02
8.342804281758296747e-02
8.342804281758296747e-02
8.342804281758296747e-02
8.342804281758296747e-02
8.342804281758296747e-02
8.342804281758296747e-02
8.342804281758296747e-02
8.342804281758296747e-02
8.342804281758296747e-02
8.342804281758296747e-02
8.342804281758296747e-02
8.342804281758296747e-02
8.342804281758296747e-02
8.342804281758296747e-02
8.342804281758296747e-02
8.342804281758296747e-02
8.342804281758296747e-02
8.342804281758296747e-02
8.342804281758296747e-02
8.342804281758296747e-02
8.342804281758296747e-02
8.342804281758296747e-02
8.342804281758296747e-02
8.342804281758296747e-02
8.342804281758296747e-02
8.342804281758296747e-02
8.342804281758296747e-02
8.342804281758296747e-02
8.342804281758296747e-02
8.342804281758296747e-02
8.342804281758296747e-02
8.342804281758296747e-02
8.342804281758296747e-02
8.342804281758296747e-02
8.342804281758296747e-02
8.342804281758296747e-02
8.342804281758296747e-02
8.342804281758296747e-02
8.342804281758296747e-02
8.342804281758296747e-02
8.342804281758296747e-02
8.342804281758296747e-02
8.342804281758296747e-02
8.342804281758296747e-02
8.342804281758296747e-02
8.342804281758296747e-02
8.342804281758296747e-02
8.342804281758296747e-02
8.342804281758296747e-02
8.342804281758296747e-02
8.342804281758296747e-02
8.342804281758296747e-02
8.342804281758296747e-02
8.342804281758296747e-02
8.342804281758296747e-02
8.342804281758296747e-02
8.342804281758296747e-02
8.342804281758296747e-02
8.342804281758296747e-02
8.342804281758296747e-02
8.342804281758296747e-02
8.342804281758296747e-02
8.342804281758296747e-02
8.342804281758296747e-02
8.342804281758296747e-02
8.342804281758296747e-02
8.342804281758296747e-02
8.342804281758296747e-02
8.342804281758296747e-02
8.342804281758296747e-02
8.342804281758296747e-02
8.342804281758296747e-02
8.342804281758296747e-02
8.342804281758296747e-02
8.342804281758296747e-02
8.342804281758296747e-02
8.342804281758296747e-02
8.342804281758296747e-02
8.342804281758296747e-02
8.342804281758296747e-02
8.342804281758296747e-02
8.342804281758296747e-02
8.342804281758296747e-02
8.342804281758296747e-02
8.342804281758296747e-02
8.342804281758296747e-02
8.342804281758296747e-02
8.342804281758296747e-02
8.342804281758296747e-02
8.342804281758296747e-02
8.342804281758296747e-02
8.342804281758296747e-02
8.342804281758296747e-02
8.342804281758296747e-02
8.342804281758296747e-02
8.342804281758296747e-02
8.342804281758296747e-02
8.342804281758296747e-02
8.342804281758296747e-02
8.342804281758296747e-02
8.342804281758296747e-02
8.342804281758296747e-02
8.342804281758296747e-02
8.342804281758296747e-02
8.342804281758296747e-02
8.342804281758296747e-02
8.342804281758296747e-02
8.342804281758296747e-02
8.342804281758296747e-02
8.342804281758296747e-02
8.342804281758296747e-02
8.342804281758296747e-02
8.342804281758296747e-02
8.342804281758296747e-02
8.342804281758296747e-02
8.342804281758296747e-02
8.342804281758296747e-02
8.342804281758296747e-02
8.342804281758296747e-02
8.342804281758296747e-02
8.342804281758296747e-02
8.342804281758296747e-02
8.342804281758296747e-02
8.342804281758296747e-02
8.342804281758296747e-02
8.342804281758296747e-02
8.342804281758296747e-02
8.342804281758296747e-02
8.342804281758296747e-02
8.342804281758296747e-02
8.342804281758296747e-02
8.342804281758296747e-02
8.342804281758296747e-02
8.342804281758296747e-02
8.342804281758296747e-02
8.342804281758296747e-02
8.342804281758296747e-02
8.342804281758296747e-02
8.342804281758296747e-02
8.342804281758296747e-02
8.342804281758296747e-02
8.342804281758296747e-02
8.342804281758296747e-02
8.342804281758296747e-02
8.342804281758296747e-02
8.342804281758296747e-02
8.342804281758296747e-02
8.342804281758296747e-02
8.342804281758296747e-02
8.342804281758296747e-02
8.342804281758296747e-02
8.342804281758296747e-02
8.342804281758296747e-02
8.342804281758296747e-02
8.342804281758296747e-02
8.342804281758296747e-02
8.342804281758296747e-02
8.342804281758296747e-02
8.342804281758296747e-02
8.342804281758296747e-02
8.342804281758296747e-02
8.342804281758296747e-02
8.342804281758296747e-02
8.342804281758296747e-02
8.342804281758296747e-02
8.342804281758296747e-02
8.342804281758296747e-02
8.342804281758296747e-02
8.342804281758296747e-02
8.342804281758296747e-02
8.342804281758296747e-02
8.342804281758296747e-02
8.342804281758296747e-02
8.342804281758296747e-02
8.342804281758296747e-02
8.342804281758296747e-02
8.342804281758296747e-02
8.342804281758296747e-02
8.342804281758296747e-02
8.342804281758296747e-02
8.342804281758296747e-02
8.342804281758296747e-02
8.342804281758296747e-02
8.342804281758296747e-02
8.342804281758296747e-02
8.342804281758296747e-02
8.342804281758296747e-02
8.342804281758296747e-02
8.342804281758296747e-02
8.342804281758296747e-02
8.342804281758296747e-02
8.342804281758296747e-02
8.342804281758296747e-02
8.342804281758296747e-02
8.342804281758296747e-02
8.342804281758296747e-02
8.342804281758296747e-02
8.342804281758296747e-02
8.342804281758296747e-02
8.342804281758296747e-02
8.342804281758296747e-02
8.342804281758296747e-02
8.342804281758296747e-02
8.342804281758296747e-02
8.342804281758296747e-02
8.342804281758296747e-02
8.342804281758296747e-02
8.342804281758296747e-02
8.342804281758296747e-02
8.342804281758296747e-02
8.342804281758296747e-02
8.342804281758296747e-02
8.342804281758296747e-02
8.342804281758296747e-02
8.342804281758296747e-02
8.342804281758296747e-02
8.342804281758296747e-02
8.342804281758296747e-02
8.342804281758296747e-02
8.342804281758296747e-02
8.342804281758296747e-02
8.342804281758296747e-02
8.342804281758296747e-02
8.342804281758296747e-02
8.342804281758296747e-02
8.342804281758296747e-02
8.342804281758296747e-02
8.342804281758296747e-02
8.342804281758296747e-02
8.342804281758296747e-02
8.342804281758296747e-02
8.342804281758296747e-02
8.342804281758296747e-02
8.342804281758296747e-02
8.342804281758296747e-02
8.342804281758296747e-02
8.342804281758296747e-02
8.342804281758296747e-02
8.342804281758296747e-02
8.342804281758296747e-02
8.342804281758296747e-02
8.342804281758296747e-02
8.342804281758296747e-02
8.342804281758296747e-02
8.342804281758296747e-02
8.342804281758296747e-02
8.342804281758296747e-02
8.342804281758296747e-02
8.342804281758296747e-02
8.342804281758296747e-02
8.342804281758296747e-02
8.342804281758296747e-02
8.342804281758296747e-02
8.342804281758296747e-02
8.342804281758296747e-02
8.342804281758296747e-02
8.342804281758296747e-02
8.342804281758296747e-02
8.342804281758296747e-02
8.342804281758296747e-02
8.342804281758296747e-02
8.342804281758296747e-02
8.342804281758296747e-02
8.342804281758296747e-02
8.342804281758296747e-02
8.342804281758296747e-02
8.342804281758296747e-02
8.342804281758296747e-02
8.342804281758296747e-02
8.342804281758296747e-02
8.342804281758296747e-02
8.342804281758296747e-02
8.342804281758296747e-02
8.342804281758296747e-02
8.342804281758296747e-02
8.342804281758296747e-02
8.342804281758296747e-02
8.342804281758296747e-02
8.342804281758296747e-02
8.342804281758296747e-02
8.342804281758296747e-02
8.342804281758296747e-02
8.342804281758296747e-02
8.342804281758296747e-02
8.342804281758296747e-02
8.342804281758296747e-02
8.342804281758296747e-02
8.342804281758296747e-02
8.342804281758296747e-02
8.342804281758296747e-02
8.342804281758296747e-02
8.342804281758296747e-02
8.342804281758296747e-02
8.342804281758296747e-02
8.342804281758296747e-02
8.342804281758296747e-02
8.342804281758296747e-02
8.342804281758296747e-02
8.342804281758296747e-02
8.342804281758296747e-02
8.342804281758296747e-02
8.342804281758296747e-02
8.342804281758296747e-02
8.342804281758296747e-02
8.342804281758296747e-02
8.342804281758296747e-02
8.342804281758296747e-02
8.342804281758296747e-02
8.342804281758296747e-02
8.342804281758296747e-02
8.342804281758296747e-02
8.342804281758296747e-02
8.342804281758296747e-02
8.342804281758296747e-02
8.342804281758296747e-02
8.342804281758296747e-02
8.342804281758296747e-02
8.342804281758296747e-02
8.342804281758296747e-02
8.342804281758296747e-02
8.342804281758296747e-02
8.342804281758296747e-02
8.342804281758296747e-02
8.342804281758296747e-02
8.342804281758296747e-02
8.342804281758296747e-02
8.342804281758296747e-02
8.342804281758296747e-02
8.342804281758296747e-02
8.342804281758296747e-02
8.342804281758296747e-02
8.342804281758296747e-02
8.342804281758296747e-02
8.342804281758296747e-02
8.342804281758296747e-02
8.342804281758296747e-02
8.342804281758296747e-02
8.342804281758296747e-02
8.342804281758296747e-02
8.342804281758296747e-02
8.342804281758296747e-02
8.342804281758296747e-02
8.342804281758296747e-02
8.342804281758296747e-02
8.342804281758296747e-02
8.342804281758296747e-02
8.342804281758296747e-02
8.342804281758296747e-02
8.342804281758296747e-02
8.342804281758296747e-02
8.342804281758296747e-02
8.342804281758296747e-02
8.342804281758296747e-02
8.342804281758296747e-02
8.342804281758296747e-02
8.342804281758296747e-02
8.342804281758296747e-02
8.342804281758296747e-02
8.342804281758296747e-02
8.342804281758296747e-02
8.342804281758296747e-02
8.342804281758296747e-02
8.342804281758296747e-02
8.342804281758296747e-02
8.342804281758296747e-02
8.342804281758296747e-02
8.342804281758296747e-02
8.342804281758296747e-02
8.342804281758296747e-02
8.342804281758296747e-02
8.342804281758296747e-02
8.342804281758296747e-02
8.342804281758296747e-02
8.342804281758296747e-02
8.342804281758296747e-02
8.342804281758296747e-02
8.342804281758296747e-02
8.342804281758296747e-02
8.342804281758296747e-02
8.342804281758296747e-02
8.342804281758296747e-02
8.342804281758296747e-02
8.342804281758296747e-02
8.342804281758296747e-02
8.342804281758296747e-02
8.342804281758296747e-02
8.342804281758296747e-02
8.342804281758296747e-02
8.342804281758296747e-02
8.342804281758296747e-02
8.342804281758296747e-02
8.342804281758296747e-02
8.342804281758296747e-02
8.342804281758296747e-02
8.342804281758296747e-02
8.342804281758296747e-02
8.342804281758296747e-02
8.342804281758296747e-02
8.342804281758296747e-02
8.342804281758296747e-02
8.342804281758296747e-02
8.342804281758296747e-02
8.342804281758296747e-02
8.342804281758296747e-02
8.342804281758296747e-02
8.342804281758296747e-02
8.342804281758296747e-02
8.342804281758296747e-02
8.342804281758296747e-02
8.342804281758296747e-02
8.342804281758296747e-02
8.342804281758296747e-02
8.342804281758296747e-02
8.342804281758296747e-02
8.342804281758296747e-02
8.342804281758296747e-02
8.342804281758296747e-02
8.342804281758296747e-02
8.342804281758296747e-02
8.342804281758296747e-02
8.342804281758296747e-02
8.342804281758296747e-02
8.342804281758296747e-02
8.342804281758296747e-02
8.342804281758296747e-02
8.342804281758296747e-02
8.342804281758296747e-02
8.342804281758296747e-02
8.342804281758296747e-02
8.342804281758296747e-02
8.342804281758296747e-02
8.342804281758296747e-02
8.342804281758296747e-02
8.342804281758296747e-02
8.342804281758296747e-02
8.342804281758296747e-02
8.342804281758296747e-02
8.342804281758296747e-02
8.342804281758296747e-02
8.342804281758296747e-02
8.342804281758296747e-02
8.342804281758296747e-02
8.342804281758296747e-02
8.342804281758296747e-02
8.342804281758296747e-02
8.342804281758296747e-02
8.342804281758296747e-02
8.342804281758296747e-02
8.342804281758296747e-02
8.342804281758296747e-02
8.342804281758296747e-02
8.342804281758296747e-02
8.342804281758296747e-02
8.342804281758296747e-02
8.342804281758296747e-02
8.342804281758296747e-02
8.342804281758296747e-02
8.342804281758296747e-02
8.342804281758296747e-02
8.342804281758296747e-02
8.342804281758296747e-02
8.342804281758296747e-02
8.342804281758296747e-02
8.342804281758296747e-02
8.342804281758296747e-02
8.342804281758296747e-02
8.342804281758296747e-02
8.342804281758296747e-02
8.342804281758296747e-02
8.342804281758296747e-02
8.342804281758296747e-02
8.342804281758296747e-02
8.342804281758296747e-02
8.342804281758296747e-02
8.342804281758296747e-02
8.342804281758296747e-02
8.342804281758296747e-02
8.342804281758296747e-02
8.342804281758296747e-02
8.342804281758296747e-02
8.342804281758296747e-02
8.342804281758296747e-02
8.342804281758296747e-02
8.342804281758296747e-02
8.342804281758296747e-02
8.342804281758296747e-02
8.342804281758296747e-02
8.342804281758296747e-02
8.342804281758296747e-02
8.342804281758296747e-02
8.342804281758296747e-02
8.342804281758296747e-02
8.342804281758296747e-02
8.342804281758296747e-02
8.342804281758296747e-02
8.342804281758296747e-02
8.342804281758296747e-02
8.342804281758296747e-02
8.342804281758296747e-02
8.342804281758296747e-02
8.342804281758296747e-02
8.342804281758296747e-02
8.342804281758296747e-02
