1.000000000000000000e+00
9.999907244263718242e-01
9.999539130255106212e-01
9.997100326008256932e-01
9.994922810960799042e-01
9.992280351739198929e-01
9.985985462730803119e-01
9.982488312433589472e-01
9.980553615787205457e-01
9.976618892666478944e-01
9.974209908332025698e-01
9.971658000173845293e-01
9.964619853136041927e-01
9.958735569594064918e-01
9.955478115941420736e-01
9.949079030586608363e-01
9.917764678090761343e-01
9.914114168138213889e-01
9.909816056906392001e-01
9.909816056906392001e-01
9.903435539045370994e-01
9.903435539045370994e-01
9.888893170022822199e-01
9.882714559071964500e-01
9.876452382344932390e-01
9.857615050172718885e-01
9.838535090030224861e-01
9.838535090030224861e-01
9.838535090030224861e-01
9.835316462731822362e-01
9.835316462731822362e-01
9.835316462731822362e-01
9.819946534138394023e-01
9.819946534138394023e-01
9.814324759241694895e-01
9.814324759241694895e-01
9.814324759241694895e-01
9.802877012687650771e-01
9.802877012687650771e-01
9.802877012687650771e-01
9.786829266821710505e-01
9.785445976595841255e-01
9.785445976595841255e-01
9.785445976595841255e-01
9.780071915683855588e-01
9.780071915683855588e-01
9.780071915683855588e-01
9.780071915683855588e-01
9.780071915683855588e-01
9.770378325291310118e-01
9.767220738885010745e-01
9.769838691901348016e-01
9.769838691901348016e-01
9.769838691901348016e-01
9.769838691901348016e-01
9.769838691901348016e-01
9.769838691901348016e-01
9.769838691901348016e-01
9.769838691901348016e-01
9.769838691901348016e-01
9.769838691901348016e-01
9.769838691901348016e-01
9.769838691901348016e-01
9.769838691901348016e-01
9.769838691901348016e-01
9.769838691901348016e-01
9.770862428440367786e-01
9.770862428440367786e-01
9.770862428440367786e-01
9.769961464867735756e-01
9.769961464867735756e-01
9.769961464867735756e-01
9.769961464867735756e-01
9.769961464867735756e-01
9.769961464867735756e-01
9.769961464867735756e-01
9.769961464867735756e-01
9.769961464867735756e-01
9.769961464867735756e-01
9.769961464867735756e-01
9.769961464867735756e-01
9.769961464867735756e-01
9.769961464867735756e-01
9.769961464867735756e-01
9.769961464867735756e-01
9.769961464867735756e-01
9.769961464867735756e-01
9.769961464867735756e-01
9.769961464867735756e-01
9.769961464867735756e-01
9.769961464867735756e-01
9.769961464867735756e-01
9.769961464867735756e-01
9.769961464867735756e-01
9.769961464867735756e-01
9.769961464867735756e-01
9.769961464867735756e-01
9.769961464867735756e-01
9.769961464867735756e-01
9.769961464867735756e-01
9.769961464867735756e-01
9.769961464867735756e-01
9.769961464867735756e-01
9.769961464867735756e-01
9.769961464867735756e-01
9.769961464867735756e-01
9.769961464867735756e-01
9.769961464867735756e-01
9.769961464867735756e-01
9.769961464867735756e-01
9.769961464867735756e-01
9.769961464867735756e-01
9.769961464867735756e-01
9.769961464867735756e-01
9.769961464867735756e-01
9.769961464867735756e-01
9.769961464867735756e-01
9.769961464867735756e-01
9.769961464867735756e-01
9.769961464867735756e-01
9.769961464867735756e-01
9.769961464867735756e-01
9.769961464867735756e-01
9.769961464867735756e-01
9.769961464867735756e-01
9.769961464867735756e-01
9.769961464867735756e-01
9.769961464867735756e-01
9.769961464867735756e-01
9.769961464867735756e-01
9.769961464867735756e-01
9.769961464867735756e-01
9.769961464867735756e-01
9.769961464867735756e-01
9.769961464867735756e-01
9.769961464867735756e-01
9.769961464867735756e-01
9.769961464867735756e-01
9.769961464867735756e-01
9.769961464867735756e-01
9.769961464867735756e-01
9.769961464867735756e-01
9.769961464867735756e-01
9.769961464867735756e-01
9.769961464867735756e-01
9.769961464867735756e-01
9.769961464867735756e-01
9.769961464867735756e-01
9.769961464867735756e-01
9.769961464867735756e-01
9.769961464867735756e-01
9.769961464867735756e-01
9.769961464867735756e-01
9.769961464867735756e-01
9.769961464867735756e-01
9.769961464867735756e-01
9.769961464867735756e-01
9.769961464867735756e-01
9.769961464867735756e-01
9.769961464867735756e-01
9.769961464867735756e-01
9.769961464867735756e-01
9.769961464867735756e-01
9.769961464867735756e-01
9.769961464867735756e-01
9.769961464867735756e-01
9.769961464867735756e-01
9.769961464867735756e-01
9.769961464867735756e-01
9.769961464867735756e-01
9.769961464867735756e-01
9.769961464867735756e-01
9.769961464867735756e-01
9.769961464867735756e-01
9.769961464867735756e-01
9.769961464867735756e-01
9.769961464867735756e-01
9.769961464867735756e-01
9.769961464867735756e-01
9.769961464867735756e-01
9.769961464867735756e-01
9.769961464867735756e-01
9.769961464867735756e-01
9.769961464867735756e-01
9.769961464867735756e-01
9.769961464867735756e-01
9.769961464867735756e-01
9.769961464867735756e-01
9.769961464867735756e-01
9.769961464867735756e-01
9.769961464867735756e-01
9.769961464867735756e-01
9.769961464867735756e-01
9.769961464867735756e-01
9.769961464867735756e-01
9.769961464867735756e-01
9.769961464867735756e-01
9.769961464867735756e-01
9.769961464867735756e-01
9.769961464867735756e-01
9.769961464867735756e-01
9.769961464867735756e-01
9.769961464867735756e-01
9.769961464867735756e-01
9.769961464867735756e-01
9.769961464867735756e-01
9.769961464867735756e-01
9.769961464867735756e-01
9.769961464867735756e-01
9.769961464867735756e-01
9.769961464867735756e-01
9.769961464867735756e-01
9.769961464867735756e-01
9.769961464867735756e-01
9.769961464867735756e-01
9.769961464867735756e-01
9.769961464867735756e-01
9.769961464867735756e-01
9.769961464867735756e-01
9.769961464867735756e-01
9.769961464867735756e-01
9.769961464867735756e-01
9.769961464867735756e-01
9.769961464867735756e-01
9.769961464867735756e-01
9.769961464867735756e-01
9.769961464867735756e-01
9.769961464867735756e-01
9.769961464867735756e-01
9.769961464867735756e-01
9.769961464867735756e-01
9.769961464867735756e-01
9.769961464867735756e-01
9.769961464867735756e-01
9.769961464867735756e-01
9.769961464867735756e-01
9.769961464867735756e-01
9.769961464867735756e-01
9.769961464867735756e-01
9.769961464867735756e-01
9.769961464867735756e-01
9.769961464867735756e-01
9.769961464867735756e-01
9.769961464867735756e-01
9.769961464867735756e-01
9.769961464867735756e-01
9.769961464867735756e-01
9.769961464867735756e-01
9.769961464867735756e-01
9.769961464867735756e-01
9.769961464867735756e-01
9.769961464867735756e-01
9.769961464867735756e-01
9.769961464867735756e-01
9.769961464867735756e-01
9.769961464867735756e-01
9.769961464867735756e-01
9.769961464867735756e-01
9.769961464867735756e-01
9.769961464867735756e-01
9.769961464867735756e-01
9.769961464867735756e-01
9.769961464867735756e-01
9.769961464867735756e-01
9.769961464867735756e-01
9.769961464867735756e-01
9.769961464867735756e-01
9.769961464867735756e-01
9.769961464867735756e-01
9.769961464867735756e-01
9.769961464867735756e-01
9.769961464867735756e-01
9.769961464867735756e-01
9.769961464867735756e-01
9.769961464867735756e-01
9.769961464867735756e-01
9.769961464867735756e-01
9.769961464867735756e-01
9.769961464867735756e-01
9.769961464867735756e-01
9.769961464867735756e-01
9.769961464867735756e-01
9.769961464867735756e-01
9.769961464867735756e-01
9.769961464867735756e-01
9.769961464867735756e-01
9.769961464867735756e-01
9.769961464867735756e-01
9.769961464867735756e-01
9.769961464867735756e-01
9.769961464867735756e-01
9.769961464867735756e-01
9.769961464867735756e-01
9.769961464867735756e-01
9.769961464867735756e-01
9.769961464867735756e-01
9.769961464867735756e-01
9.769961464867735756e-01
9.769961464867735756e-01
9.769961464867735756e-01
9.769961464867735756e-01
9.769961464867735756e-01
9.769961464867735756e-01
9.769961464867735756e-01
9.769961464867735756e-01
9.769961464867735756e-01
9.769961464867735756e-01
9.769961464867735756e-01
9.769961464867735756e-01
9.769961464867735756e-01
9.769961464867735756e-01
9.769961464867735756e-01
9.769961464867735756e-01
9.769961464867735756e-01
9.769961464867735756e-01
9.769961464867735756e-01
9.769961464867735756e-01
9.769961464867735756e-01
9.769961464867735756e-01
9.769961464867735756e-01
9.769961464867735756e-01
9.769961464867735756e-01
9.769961464867735756e-01
9.769961464867735756e-01
9.769961464867735756e-01
9.769961464867735756e-01
9.769961464867735756e-01
9.769961464867735756e-01
9.769961464867735756e-01
9.769961464867735756e-01
9.769961464867735756e-01
9.769961464867735756e-01
9.769961464867735756e-01
9.769961464867735756e-01
9.769961464867735756e-01
9.769961464867735756e-01
9.769961464867735756e-01
9.769961464867735756e-01
9.769961464867735756e-01
9.769961464867735756e-01
9.769961464867735756e-01
9.769961464867735756e-01
9.769961464867735756e-01
9.769961464867735756e-01
9.769961464867735756e-01
9.769961464867735756e-01
9.769961464867735756e-01
9.769961464867735756e-01
9.769961464867735756e-01
9.769961464867735756e-01
9.769961464867735756e-01
9.769961464867735756e-01
9.769961464867735756e-01
9.769961464867735756e-01
9.769961464867735756e-01
9.769961464867735756e-01
9.769961464867735756e-01
9.769961464867735756e-01
9.769961464867735756e-01
9.769961464867735756e-01
9.769961464867735756e-01
9.769961464867735756e-01
9.769961464867735756e-01
9.769961464867735756e-01
9.769961464867735756e-01
9.769961464867735756e-01
9.769961464867735756e-01
9.769961464867735756e-01
9.769961464867735756e-01
9.769961464867735756e-01
9.769961464867735756e-01
9.769961464867735756e-01
9.769961464867735756e-01
9.769961464867735756e-01
9.769961464867735756e-01
9.769961464867735756e-01
9.769961464867735756e-01
9.769961464867735756e-01
9.769961464867735756e-01
9.769961464867735756e-01
9.769961464867735756e-01
9.769961464867735756e-01
9.769961464867735756e-01
9.769961464867735756e-01
9.769961464867735756e-01
9.769961464867735756e-01
9.769961464867735756e-01
9.769961464867735756e-01
9.769961464867735756e-01
9.769961464867735756e-01
9.769961464867735756e-01
9.769961464867735756e-01
9.769961464867735756e-01
9.769961464867735756e-01
9.769961464867735756e-01
9.769961464867735756e-01
9.769961464867735756e-01
9.769961464867735756e-01
9.769961464867735756e-01
9.769961464867735756e-01
9.769961464867735756e-01
9.769961464867735756e-01
9.769961464867735756e-01
9.769961464867735756e-01
9.769961464867735756e-01
9.769961464867735756e-01
9.769961464867735756e-01
9.769961464867735756e-01
9.769961464867735756e-01
9.769961464867735756e-01
9.769961464867735756e-01
9.769961464867735756e-01
9.769961464867735756e-01
9.769961464867735756e-01
9.769961464867735756e-01
9.769961464867735756e-01
9.769961464867735756e-01
9.769961464867735756e-01
9.769961464867735756e-01
9.769961464867735756e-01
9.769961464867735756e-01
9.769961464867735756e-01
9.769961464867735756e-01
9.769961464867735756e-01
9.769961464867735756e-01
9.769961464867735756e-01
9.769961464867735756e-01
9.769961464867735756e-01
9.769961464867735756e-01
9.769961464867735756e-01
9.769961464867735756e-01
9.769961464867735756e-01
9.769961464867735756e-01
9.769961464867735756e-01
9.769961464867735756e-01
9.769961464867735756e-01
9.769961464867735756e-01
9.769961464867735756e-01
9.769961464867735756e-01
9.769961464867735756e-01
9.769961464867735756e-01
9.769961464867735756e-01
9.769961464867735756e-01
9.769961464867735756e-01
9.769961464867735756e-01
9.769961464867735756e-01
9.769961464867735756e-01
9.769961464867735756e-01
9.769961464867735756e-01
9.769961464867735756e-01
9.769961464867735756e-01
9.769961464867735756e-01
9.769961464867735756e-01
9.769961464867735756e-01
9.769961464867735756e-01
9.769961464867735756e-01
9.769961464867735756e-01
9.769961464867735756e-01
9.769961464867735756e-01
9.769961464867735756e-01
9.769961464867735756e-01
9.769961464867735756e-01
9.769961464867735756e-01
9.769961464867735756e-01
9.769961464867735756e-01
9.769961464867735756e-01
9.769961464867735756e-01
9.769961464867735756e-01
9.769961464867735756e-01
9.769961464867735756e-01
9.769961464867735756e-01
9.769961464867735756e-01
9.769961464867735756e-01
9.769961464867735756e-01
9.769961464867735756e-01
9.769961464867735756e-01
9.769961464867735756e-01
9.769961464867735756e-01
9.769961464867735756e-01
9.769961464867735756e-01
9.769961464867735756e-01
9.769961464867735756e-01
9.769961464867735756e-01
9.769961464867735756e-01
9.769961464867735756e-01
9.769961464867735756e-01
9.769961464867735756e-01
9.769961464867735756e-01
9.769961464867735756e-01
9.769961464867735756e-01
9.769961464867735756e-01
9.769961464867735756e-01
9.769961464867735756e-01
9.769961464867735756e-01
9.769961464867735756e-01
9.769961464867735756e-01
9.769961464867735756e-01
9.769961464867735756e-01
9.769961464867735756e-01
9.769961464867735756e-01
9.769961464867735756e-01
9.769961464867735756e-01
9.769961464867735756e-01
9.769961464867735756e-01
9.769961464867735756e-01
9.769961464867735756e-01
9.769961464867735756e-01
9.769961464867735756e-01
9.769961464867735756e-01
9.769961464867735756e-01
9.769961464867735756e-01
9.769961464867735756e-01
9.769961464867735756e-01
9.769961464867735756e-01
9.769961464867735756e-01
9.769961464867735756e-01
9.769961464867735756e-01
9.769961464867735756e-01
9.769961464867735756e-01
9.769961464867735756e-01
9.769961464867735756e-01
9.769961464867735756e-01
9.769961464867735756e-01
9.769961464867735756e-01
9.769961464867735756e-01
9.769961464867735756e-01
9.769961464867735756e-01
9.769961464867735756e-01
9.769961464867735756e-01
9.769961464867735756e-01
9.769961464867735756e-01
9.769961464867735756e-01
9.769961464867735756e-01
9.769961464867735756e-01
9.769961464867735756e-01
9.769961464867735756e-01
9.769961464867735756e-01
9.769961464867735756e-01
9.769961464867735756e-01
9.769961464867735756e-01
9.769961464867735756e-01
9.769961464867735756e-01
9.769961464867735756e-01
9.769961464867735756e-01
9.769961464867735756e-01
9.769961464867735756e-01
9.769961464867735756e-01
9.769961464867735756e-01
9.769961464867735756e-01
9.769961464867735756e-01
9.769961464867735756e-01
9.769961464867735756e-01
9.769961464867735756e-01
9.769961464867735756e-01
9.769961464867735756e-01
9.769961464867735756e-01
9.769961464867735756e-01
9.769961464867735756e-01
9.769961464867735756e-01
9.769961464867735756e-01
9.769961464867735756e-01
9.769961464867735756e-01
9.769961464867735756e-01
9.769961464867735756e-01
9.769961464867735756e-01
9.769961464867735756e-01
9.769961464867735756e-01
9.769961464867735756e-01
9.769961464867735756e-01
9.769961464867735756e-01
9.769961464867735756e-01
9.769961464867735756e-01
9.769961464867735756e-01
9.769961464867735756e-01
9.769961464867735756e-01
9.769961464867735756e-01
9.769961464867735756e-01
9.769961464867735756e-01
9.769961464867735756e-01
9.769961464867735756e-01
9.769961464867735756e-01
9.769961464867735756e-01
9.769961464867735756e-01
9.769961464867735756e-01
9.769961464867735756e-01
9.769961464867735756e-01
9.769961464867735756e-01
9.769961464867735756e-01
9.769961464867735756e-01
9.769961464867735756e-01
9.769961464867735756e-01
9.769961464867735756e-01
9.769961464867735756e-01
9.769961464867735756e-01
9.769961464867735756e-01
9.769961464867735756e-01
9.769961464867735756e-01
9.769961464867735756e-01
9.769961464867735756e-01
9.769961464867735756e-01
9.769961464867735756e-01
9.769961464867735756e-01
9.769961464867735756e-01
9.769961464867735756e-01
9.769961464867735756e-01
9.769961464867735756e-01
9.769961464867735756e-01
9.769961464867735756e-01
9.769961464867735756e-01
9.769961464867735756e-01
9.769961464867735756e-01
9.769961464867735756e-01
9.769961464867735756e-01
9.769961464867735756e-01
9.769961464867735756e-01
9.769961464867735756e-01
9.769961464867735756e-01
9.769961464867735756e-01
9.769961464867735756e-01
9.769961464867735756e-01
9.769961464867735756e-01
9.769961464867735756e-01
9.769961464867735756e-01
9.769961464867735756e-01
9.769961464867735756e-01
9.769961464867735756e-01
9.769961464867735756e-01
9.769961464867735756e-01
9.769961464867735756e-01
9.769961464867735756e-01
9.769961464867735756e-01
9.769961464867735756e-01
9.769961464867735756e-01
9.769961464867735756e-01
9.769961464867735756e-01
9.769961464867735756e-01
9.769961464867735756e-01
9.769961464867735756e-01
9.769961464867735756e-01
9.769961464867735756e-01
9.769961464867735756e-01
9.769961464867735756e-01
9.769961464867735756e-01
9.769961464867735756e-01
9.769961464867735756e-01
9.769961464867735756e-01
9.769961464867735756e-01
9.769961464867735756e-01
9.769961464867735756e-01
9.769961464867735756e-01
9.769961464867735756e-01
9.769961464867735756e-01
9.769961464867735756e-01
9.769961464867735756e-01
9.769961464867735756e-01
9.769961464867735756e-01
9.769961464867735756e-01
9.769961464867735756e-01
9.769961464867735756e-01
9.769961464867735756e-01
9.769961464867735756e-01
9.769961464867735756e-01
9.769961464867735756e-01
9.769961464867735756e-01
9.769961464867735756e-01
9.769961464867735756e-01
9.769961464867735756e-01
9.769961464867735756e-01
9.769961464867735756e-01
9.769961464867735756e-01
9.769961464867735756e-01
9.769961464867735756e-01
9.769961464867735756e-01
9.769961464867735756e-01
9.769961464867735756e-01
9.769961464867735756e-01
9.769961464867735756e-01
9.769961464867735756e-01
9.769961464867735756e-01
9.769961464867735756e-01
9.769961464867735756e-01
9.769961464867735756e-01
9.769961464867735756e-01
9.769961464867735756e-01
9.769961464867735756e-01
9.769961464867735756e-01
9.769961464867735756e-01
9.769961464867735756e-01
9.769961464867735756e-01
9.769961464867735756e-01
9.769961464867735756e-01
9.769961464867735756e-01
9.769961464867735756e-01
9.769961464867735756e-01
9.769961464867735756e-01
9.769961464867735756e-01
9.769961464867735756e-01
9.769961464867735756e-01
9.769961464867735756e-01
9.769961464867735756e-01
9.769961464867735756e-01
9.769961464867735756e-01
9.769961464867735756e-01
9.769961464867735756e-01
9.769961464867735756e-01
9.769961464867735756e-01
9.769961464867735756e-01
9.769961464867735756e-01
9.769961464867735756e-01
9.769961464867735756e-01
9.769961464867735756e-01
9.769961464867735756e-01
9.769961464867735756e-01
9.769961464867735756e-01
9.769961464867735756e-01
9.769961464867735756e-01
9.769961464867735756e-01
9.769961464867735756e-01
9.769961464867735756e-01
9.769961464867735756e-01
9.769961464867735756e-01
9.769961464867735756e-01
9.769961464867735756e-01
9.769961464867735756e-01
9.769961464867735756e-01
9.769961464867735756e-01
9.769961464867735756e-01
9.769961464867735756e-01
9.769961464867735756e-01
9.769961464867735756e-01
9.769961464867735756e-01
9.769961464867735756e-01
9.769961464867735756e-01
9.769961464867735756e-01
9.769961464867735756e-01
9.769961464867735756e-01
9.769961464867735756e-01
9.769961464867735756e-01
9.769961464867735756e-01
9.769961464867735756e-01
9.769961464867735756e-01
9.769961464867735756e-01
9.769961464867735756e-01
9.769961464867735756e-01
9.769961464867735756e-01
9.769961464867735756e-01
9.769961464867735756e-01
9.769961464867735756e-01
9.769961464867735756e-01
9.769961464867735756e-01
9.769961464867735756e-01
9.769961464867735756e-01
9.769961464867735756e-01
9.769961464867735756e-01
9.769961464867735756e-01
9.769961464867735756e-01
9.769961464867735756e-01
9.769961464867735756e-01
9.769961464867735756e-01
9.769961464867735756e-01
9.769961464867735756e-01
9.769961464867735756e-01
9.769961464867735756e-01
9.769961464867735756e-01
9.769961464867735756e-01
9.769961464867735756e-01
9.769961464867735756e-01
9.769961464867735756e-01
9.769961464867735756e-01
9.769961464867735756e-01
9.769961464867735756e-01
9.769961464867735756e-01
9.769961464867735756e-01
9.769961464867735756e-01
9.769961464867735756e-01
9.769961464867735756e-01
9.769961464867735756e-01
9.769961464867735756e-01
9.769961464867735756e-01
9.769961464867735756e-01
9.769961464867735756e-01
9.769961464867735756e-01
9.769961464867735756e-01
9.769961464867735756e-01
9.769961464867735756e-01
9.769961464867735756e-01
9.769961464867735756e-01
9.769961464867735756e-01
9.769961464867735756e-01
9.769961464867735756e-01
9.769961464867735756e-01
9.769961464867735756e-01
9.769961464867735756e-01
9.769961464867735756e-01
9.769961464867735756e-01
9.769961464867735756e-01
9.769961464867735756e-01
9.769961464867735756e-01
9.769961464867735756e-01
9.769961464867735756e-01
9.769961464867735756e-01
9.769961464867735756e-01
9.769961464867735756e-01
9.769961464867735756e-01
9.769961464867735756e-01
9.769961464867735756e-01
9.769961464867735756e-01
9.769961464867735756e-01
9.769961464867735756e-01
9.769961464867735756e-01
9.769961464867735756e-01
9.769961464867735756e-01
9.769961464867735756e-01
9.769961464867735756e-01
9.769961464867735756e-01
9.769961464867735756e-01
9.769961464867735756e-01
9.769961464867735756e-01
9.769961464867735756e-01
9.769961464867735756e-01
9.769961464867735756e-01
9.769961464867735756e-01
9.769961464867735756e-01
9.769961464867735756e-01
9.769961464867735756e-01
9.769961464867735756e-01
9.769961464867735756e-01
9.769961464867735756e-01
9.769961464867735756e-01
9.769961464867735756e-01
9.769961464867735756e-01
9.769961464867735756e-01
9.769961464867735756e-01
9.769961464867735756e-01
9.769961464867735756e-01
9.769961464867735756e-01
9.769961464867735756e-01
9.769961464867735756e-01
9.769961464867735756e-01
9.769961464867735756e-01
9.769961464867735756e-01
9.769961464867735756e-01
9.769961464867735756e-01
9.769961464867735756e-01
9.769961464867735756e-01
9.769961464867735756e-01
9.769961464867735756e-01
9.769961464867735756e-01
9.769961464867735756e-01
9.769961464867735756e-01
9.769961464867735756e-01
9.769961464867735756e-01
9.769961464867735756e-01
9.769961464867735756e-01
9.769961464867735756e-01
9.769961464867735756e-01
9.769961464867735756e-01
9.769961464867735756e-01
9.769961464867735756e-01
9.769961464867735756e-01
9.769961464867735756e-01
9.769961464867735756e-01
9.769961464867735756e-01
9.769961464867735756e-01
9.769961464867735756e-01
9.769961464867735756e-01
9.769961464867735756e-01
9.769961464867735756e-01
9.769961464867735756e-01
9.769961464867735756e-01
9.769961464867735756e-01
9.769961464867735756e-01
9.769961464867735756e-01
9.769961464867735756e-01
9.769961464867735756e-01
9.769961464867735756e-01
9.769961464867735756e-01
9.769961464867735756e-01
9.769961464867735756e-01
9.769961464867735756e-01
9.769961464867735756e-01
9.769961464867735756e-01
9.769961464867735756e-01
9.769961464867735756e-01
9.769961464867735756e-01
9.769961464867735756e-01
9.769961464867735756e-01
9.769961464867735756e-01
9.769961464867735756e-01
9.769961464867735756e-01
9.769961464867735756e-01
9.769961464867735756e-01
9.769961464867735756e-01
9.769961464867735756e-01
9.769961464867735756e-01
9.769961464867735756e-01
9.769961464867735756e-01
9.769961464867735756e-01
9.769961464867735756e-01
9.769961464867735756e-01
9.769961464867735756e-01
9.769961464867735756e-01
9.769961464867735756e-01
9.769961464867735756e-01
9.769961464867735756e-01
9.769961464867735756e-01
9.769961464867735756e-01
9.769961464867735756e-01
9.769961464867735756e-01
9.769961464867735756e-01
9.769961464867735756e-01
9.769961464867735756e-01
9.769961464867735756e-01
9.769961464867735756e-01
9.769961464867735756e-01
9.769961464867735756e-01
9.769961464867735756e-01
9.769961464867735756e-01
9.769961464867735756e-01
9.769961464867735756e-01
9.769961464867735756e-01
9.769961464867735756e-01
9.769961464867735756e-01
9.769961464867735756e-01
9.769961464867735756e-01
9.769961464867735756e-01
9.769961464867735756e-01
9.769961464867735756e-01
9.769961464867735756e-01
9.769961464867735756e-01
9.769961464867735756e-01
9.769961464867735756e-01
9.769961464867735756e-01
9.769961464867735756e-01
9.769961464867735756e-01
9.769961464867735756e-01
9.769961464867735756e-01
9.769961464867735756e-01
9.769961464867735756e-01
9.769961464867735756e-01
9.769961464867735756e-01
9.769961464867735756e-01
9.769961464867735756e-01
9.769961464867735756e-01
9.769961464867735756e-01
9.769961464867735756e-01
9.769961464867735756e-01
9.769961464867735756e-01
9.769961464867735756e-01
9.769961464867735756e-01
9.769961464867735756e-01
9.769961464867735756e-01
9.769961464867735756e-01
9.769961464867735756e-01
9.769961464867735756e-01
9.769961464867735756e-01
9.769961464867735756e-01
9.769961464867735756e-01
9.769961464867735756e-01
9.769961464867735756e-01
9.769961464867735756e-01
9.769961464867735756e-01
9.769961464867735756e-01
9.769961464867735756e-01
9.769961464867735756e-01
9.769961464867735756e-01
9.769961464867735756e-01
9.769961464867735756e-01
9.769961464867735756e-01
9.769961464867735756e-01
9.769961464867735756e-01
9.769961464867735756e-01
9.769961464867735756e-01
9.769961464867735756e-01
9.769961464867735756e-01
9.769961464867735756e-01
9.769961464867735756e-01
9.769961464867735756e-01
9.769961464867735756e-01
9.769961464867735756e-01
9.769961464867735756e-01
9.769961464867735756e-01
9.769961464867735756e-01
9.769961464867735756e-01
9.769961464867735756e-01
9.769961464867735756e-01
9.769961464867735756e-01
9.769961464867735756e-01
9.769961464867735756e-01
9.769961464867735756e-01
9.769961464867735756e-01
9.769961464867735756e-01
9.769961464867735756e-01
9.769961464867735756e-01
9.769961464867735756e-01
9.769961464867735756e-01
9.769961464867735756e-01
9.769961464867735756e-01
9.769961464867735756e-01
9.769961464867735756e-01
9.769961464867735756e-01
9.769961464867735756e-01
9.769961464867735756e-01
9.769961464867735756e-01
9.769961464867735756e-01
9.769961464867735756e-01
9.769961464867735756e-01
9.769961464867735756e-01
9.769961464867735756e-01
9.769961464867735756e-01
9.769961464867735756e-01
9.769961464867735756e-01
9.769961464867735756e-01
9.769961464867735756e-01
9.769961464867735756e-01
9.769961464867735756e-01
9.769961464867735756e-01
9.769961464867735756e-01
9.769961464867735756e-01
9.769961464867735756e-01
9.769961464867735756e-01
9.769961464867735756e-01
9.769961464867735756e-01
9.769961464867735756e-01
9.769961464867735756e-01
9.769961464867735756e-01
9.769961464867735756e-01
9.769961464867735756e-01
9.769961464867735756e-01
9.769961464867735756e-01
9.769961464867735756e-01
9.769961464867735756e-01
9.769961464867735756e-01
9.769961464867735756e-01
9.769961464867735756e-01
9.769961464867735756e-01
9.769961464867735756e-01
9.769961464867735756e-01
9.769961464867735756e-01
9.769961464867735756e-01
9.769961464867735756e-01
9.769961464867735756e-01
9.769961464867735756e-01
9.769961464867735756e-01
9.769961464867735756e-01
9.769961464867735756e-01
9.769961464867735756e-01
9.769961464867735756e-01
9.769961464867735756e-01
9.769961464867735756e-01
9.769961464867735756e-01
9.769961464867735756e-01
9.769961464867735756e-01
9.769961464867735756e-01
9.769961464867735756e-01
9.769961464867735756e-01
9.769961464867735756e-01
9.769961464867735756e-01
9.769961464867735756e-01
9.769961464867735756e-01
9.769961464867735756e-01
9.769961464867735756e-01
9.769961464867735756e-01
9.769961464867735756e-01
9.769961464867735756e-01
9.769961464867735756e-01
9.769961464867735756e-01
9.769961464867735756e-01
9.769961464867735756e-01
9.769961464867735756e-01
9.769961464867735756e-01
9.769961464867735756e-01
9.769961464867735756e-01
9.769961464867735756e-01
9.769961464867735756e-01
9.769961464867735756e-01
9.769961464867735756e-01
9.769961464867735756e-01
9.769961464867735756e-01
9.769961464867735756e-01
9.769961464867735756e-01
9.769961464867735756e-01
9.769961464867735756e-01
9.769961464867735756e-01
9.769961464867735756e-01
9.769961464867735756e-01
9.769961464867735756e-01
9.769961464867735756e-01
9.769961464867735756e-01
9.769961464867735756e-01
9.769961464867735756e-01
9.769961464867735756e-01
9.769961464867735756e-01
9.769961464867735756e-01
9.769961464867735756e-01
9.769961464867735756e-01
9.769961464867735756e-01
9.769961464867735756e-01
9.769961464867735756e-01
9.769961464867735756e-01
9.769961464867735756e-01
9.769961464867735756e-01
9.769961464867735756e-01
9.769961464867735756e-01
9.769961464867735756e-01
9.769961464867735756e-01
9.769961464867735756e-01
9.769961464867735756e-01
9.769961464867735756e-01
9.769961464867735756e-01
9.769961464867735756e-01
9.769961464867735756e-01
9.769961464867735756e-01
9.769961464867735756e-01
9.769961464867735756e-01
9.769961464867735756e-01
9.769961464867735756e-01
9.769961464867735756e-01
9.769961464867735756e-01
9.769961464867735756e-01
9.769961464867735756e-01
9.769961464867735756e-01
9.769961464867735756e-01
9.769961464867735756e-01
9.769961464867735756e-01
9.769961464867735756e-01
9.769961464867735756e-01
9.769961464867735756e-01
9.769961464867735756e-01
9.769961464867735756e-01
9.769961464867735756e-01
9.769961464867735756e-01
9.769961464867735756e-01
9.769961464867735756e-01
9.769961464867735756e-01
9.769961464867735756e-01
9.769961464867735756e-01
9.769961464867735756e-01
9.769961464867735756e-01
9.769961464867735756e-01
9.769961464867735756e-01
9.769961464867735756e-01
9.769961464867735756e-01
9.769961464867735756e-01
9.769961464867735756e-01
9.769961464867735756e-01
9.769961464867735756e-01
9.769961464867735756e-01
9.769961464867735756e-01
9.769961464867735756e-01
9.769961464867735756e-01
9.769961464867735756e-01
9.769961464867735756e-01
9.769961464867735756e-01
9.769961464867735756e-01
9.769961464867735756e-01
9.769961464867735756e-01
9.769961464867735756e-01
9.769961464867735756e-01
9.769961464867735756e-01
9.769961464867735756e-01
9.769961464867735756e-01
9.769961464867735756e-01
9.769961464867735756e-01
9.769961464867735756e-01
9.769961464867735756e-01
9.769961464867735756e-01
9.769961464867735756e-01
9.769961464867735756e-01
9.769961464867735756e-01
9.769961464867735756e-01
9.769961464867735756e-01
9.769961464867735756e-01
9.769961464867735756e-01
9.769961464867735756e-01
9.769961464867735756e-01
9.769961464867735756e-01
9.769961464867735756e-01
9.769961464867735756e-01
9.769961464867735756e-01
9.769961464867735756e-01
9.769961464867735756e-01
9.769961464867735756e-01
9.769961464867735756e-01
9.769961464867735756e-01
9.769961464867735756e-01
9.769961464867735756e-01
9.769961464867735756e-01
9.769961464867735756e-01
9.769961464867735756e-01
9.769961464867735756e-01
9.769961464867735756e-01
9.769961464867735756e-01
9.769961464867735756e-01
9.769961464867735756e-01
9.769961464867735756e-01
9.769961464867735756e-01
9.769961464867735756e-01
9.769961464867735756e-01
9.769961464867735756e-01
9.769961464867735756e-01
9.769961464867735756e-01
9.769961464867735756e-01
9.769961464867735756e-01
9.769961464867735756e-01
9.769961464867735756e-01
9.769961464867735756e-01
9.769961464867735756e-01
9.769961464867735756e-01
9.769961464867735756e-01
9.769961464867735756e-01
9.769961464867735756e-01
9.769961464867735756e-01
9.769961464867735756e-01
9.769961464867735756e-01
9.769961464867735756e-01
9.769961464867735756e-01
9.769961464867735756e-01
9.769961464867735756e-01
9.769961464867735756e-01
9.769961464867735756e-01
9.769961464867735756e-01
9.769961464867735756e-01
9.769961464867735756e-01
9.769961464867735756e-01
9.769961464867735756e-01
9.769961464867735756e-01
9.769961464867735756e-01
9.769961464867735756e-01
9.769961464867735756e-01
9.769961464867735756e-01
9.769961464867735756e-01
9.769961464867735756e-01
9.769961464867735756e-01
9.769961464867735756e-01
9.769961464867735756e-01
9.769961464867735756e-01
9.769961464867735756e-01
9.769961464867735756e-01
9.769961464867735756e-01
9.769961464867735756e-01
9.769961464867735756e-01
9.769961464867735756e-01
9.769961464867735756e-01
9.769961464867735756e-01
9.769961464867735756e-01
9.769961464867735756e-01
9.769961464867735756e-01
9.769961464867735756e-01
9.769961464867735756e-01
