1.000000000000000000e+00
9.995725131420293286e-01
9.981799109176845430e-01
9.960527948894791761e-01
9.927461663317677099e-01
9.899648252464405829e-01
9.824007113479928943e-01
9.693127980973099689e-01
9.637871627755016934e-01
9.586064366200643949e-01
9.471508399121099098e-01
9.360076201990071842e-01
9.248998824924979933e-01
9.200492865606946236e-01
9.119139299845826496e-01
8.971947666805181187e-01
8.873788829110886844e-01
8.778681598783721896e-01
8.695700018347402027e-01
8.660383275037264461e-01
8.496669958711681181e-01
8.311408183723513199e-01
8.238340762452648347e-01
8.114208208429426472e-01
8.063535868452119670e-01
7.972203359144811596e-01
7.868771025247937034e-01
7.796185148182556146e-01
7.744409085782173463e-01
7.645803187454643934e-01
7.532010409282127172e-01
7.480354729047534734e-01
7.423963068021866007e-01
7.406194981746676564e-01
7.398586927841699357e-01
7.398586927841699357e-01
7.394113742516005283e-01
7.394113742516005283e-01
7.394113742516005283e-01
7.394113742516005283e-01
7.381296382578235171e-01
7.381296382578235171e-01
7.381296382578235171e-01
7.381296382578235171e-01
7.381296382578235171e-01
7.381296382578235171e-01
7.381296382578235171e-01
7.381296382578235171e-01
7.381296382578235171e-01
7.381296382578235171e-01
7.381296382578235171e-01
7.369197090185878318e-01
7.369197090185878318e-01
7.369197090185878318e-01
7.369197090185878318e-01
7.369197090185878318e-01
7.369197090185878318e-01
7.369197090185878318e-01
7.369197090185878318e-01
7.369197090185878318e-01
7.369197090185878318e-01
7.369197090185878318e-01
7.369197090185878318e-01
7.369197090185878318e-01
7.369197090185878318e-01
7.369197090185878318e-01
7.369197090185878318e-01
7.369197090185878318e-01
7.369197090185878318e-01
7.369197090185878318e-01
7.369197090185878318e-01
7.369197090185878318e-01
7.369197090185878318e-01
7.369197090185878318e-01
7.369197090185878318e-01
7.369197090185878318e-01
7.369197090185878318e-01
7.369197090185878318e-01
7.369197090185878318e-01
7.369197090185878318e-01
7.369197090185878318e-01
7.369197090185878318e-01
7.369197090185878318e-01
7.369197090185878318e-01
7.369197090185878318e-01
7.369197090185878318e-01
7.369197090185878318e-01
7.369197090185878318e-01
7.369197090185878318e-01
7.369197090185878318e-01
7.369197090185878318e-01
7.369197090185878318e-01
7.369197090185878318e-01
7.369197090185878318e-01
7.369197090185878318e-01
7.369197090185878318e-01
7.369197090185878318e-01
7.369197090185878318e-01
7.369197090185878318e-01
7.369197090185878318e-01
7.369197090185878318e-01
7.369197090185878318e-01
7.369197090185878318e-01
7.369197090185878318e-01
7.369197090185878318e-01
7.369197090185878318e-01
7.369197090185878318e-01
7.369197090185878318e-01
7.369197090185878318e-01
7.369197090185878318e-01
7.369197090185878318e-01
7.369197090185878318e-01
7.369197090185878318e-01
7.369197090185878318e-01
7.369197090185878318e-01
7.369197090185878318e-01
7.369197090185878318e-01
7.369197090185878318e-01
7.369197090185878318e-01
7.369197090185878318e-01
7.369197090185878318e-01
7.369197090185878318e-01
7.369197090185878318e-01
7.369197090185878318e-01
7.369197090185878318e-01
7.369197090185878318e-01
7.369197090185878318e-01
7.369197090185878318e-01
7.369197090185878318e-01
7.369197090185878318e-01
7.369197090185878318e-01
7.369197090185878318e-01
7.369197090185878318e-01
7.369197090185878318e-01
7.369197090185878318e-01
7.369197090185878318e-01
7.369197090185878318e-01
7.369197090185878318e-01
7.369197090185878318e-01
7.369197090185878318e-01
7.369197090185878318e-01
7.369197090185878318e-01
7.369197090185878318e-01
7.369197090185878318e-01
7.369197090185878318e-01
7.369197090185878318e-01
7.369197090185878318e-01
7.369197090185878318e-01
7.369197090185878318e-01
7.369197090185878318e-01
7.369197090185878318e-01
7.369197090185878318e-01
7.369197090185878318e-01
7.369197090185878318e-01
7.369197090185878318e-01
7.369197090185878318e-01
7.369197090185878318e-01
7.369197090185878318e-01
7.369197090185878318e-01
7.369197090185878318e-01
7.369197090185878318e-01
7.369197090185878318e-01
7.369197090185878318e-01
7.369197090185878318e-01
7.369197090185878318e-01
7.369197090185878318e-01
7.369197090185878318e-01
7.369197090185878318e-01
7.369197090185878318e-01
7.369197090185878318e-01
7.369197090185878318e-01
7.369197090185878318e-01
7.369197090185878318e-01
7.369197090185878318e-01
7.369197090185878318e-01
7.369197090185878318e-01
7.369197090185878318e-01
7.369197090185878318e-01
7.369197090185878318e-01
7.369197090185878318e-01
7.369197090185878318e-01
7.369197090185878318e-01
7.369197090185878318e-01
7.369197090185878318e-01
7.369197090185878318e-01
7.369197090185878318e-01
7.369197090185878318e-01
7.369197090185878318e-01
7.369197090185878318e-01
7.369197090185878318e-01
7.369197090185878318e-01
7.369197090185878318e-01
7.369197090185878318e-01
7.369197090185878318e-01
7.369197090185878318e-01
7.369197090185878318e-01
7.369197090185878318e-01
7.369197090185878318e-01
7.369197090185878318e-01
7.369197090185878318e-01
7.369197090185878318e-01
7.369197090185878318e-01
7.369197090185878318e-01
7.369197090185878318e-01
7.369197090185878318e-01
7.369197090185878318e-01
7.369197090185878318e-01
7.369197090185878318e-01
7.369197090185878318e-01
7.369197090185878318e-01
7.369197090185878318e-01
7.369197090185878318e-01
7.369197090185878318e-01
7.369197090185878318e-01
7.369197090185878318e-01
7.369197090185878318e-01
7.369197090185878318e-01
7.369197090185878318e-01
7.369197090185878318e-01
7.369197090185878318e-01
7.369197090185878318e-01
7.369197090185878318e-01
7.369197090185878318e-01
7.369197090185878318e-01
7.369197090185878318e-01
7.369197090185878318e-01
7.369197090185878318e-01
7.369197090185878318e-01
7.369197090185878318e-01
7.369197090185878318e-01
7.369197090185878318e-01
7.369197090185878318e-01
7.369197090185878318e-01
7.369197090185878318e-01
7.369197090185878318e-01
7.369197090185878318e-01
7.369197090185878318e-01
7.369197090185878318e-01
7.369197090185878318e-01
7.369197090185878318e-01
7.369197090185878318e-01
7.369197090185878318e-01
7.369197090185878318e-01
7.369197090185878318e-01
7.369197090185878318e-01
7.369197090185878318e-01
7.369197090185878318e-01
7.369197090185878318e-01
7.369197090185878318e-01
7.369197090185878318e-01
7.369197090185878318e-01
7.369197090185878318e-01
7.369197090185878318e-01
7.369197090185878318e-01
7.369197090185878318e-01
7.369197090185878318e-01
7.369197090185878318e-01
7.369197090185878318e-01
7.369197090185878318e-01
7.369197090185878318e-01
7.369197090185878318e-01
7.369197090185878318e-01
7.369197090185878318e-01
7.369197090185878318e-01
7.369197090185878318e-01
7.369197090185878318e-01
7.369197090185878318e-01
7.369197090185878318e-01
7.369197090185878318e-01
7.369197090185878318e-01
7.369197090185878318e-01
7.369197090185878318e-01
7.369197090185878318e-01
7.369197090185878318e-01
7.369197090185878318e-01
7.369197090185878318e-01
7.369197090185878318e-01
7.369197090185878318e-01
7.369197090185878318e-01
7.369197090185878318e-01
7.369197090185878318e-01
7.369197090185878318e-01
7.369197090185878318e-01
7.369197090185878318e-01
7.369197090185878318e-01
7.369197090185878318e-01
7.369197090185878318e-01
7.369197090185878318e-01
7.369197090185878318e-01
7.369197090185878318e-01
7.369197090185878318e-01
7.369197090185878318e-01
7.369197090185878318e-01
7.369197090185878318e-01
7.369197090185878318e-01
7.369197090185878318e-01
7.369197090185878318e-01
7.369197090185878318e-01
7.369197090185878318e-01
7.369197090185878318e-01
7.369197090185878318e-01
7.369197090185878318e-01
7.369197090185878318e-01
7.369197090185878318e-01
7.369197090185878318e-01
7.369197090185878318e-01
7.369197090185878318e-01
7.369197090185878318e-01
7.369197090185878318e-01
7.369197090185878318e-01
7.369197090185878318e-01
7.369197090185878318e-01
7.369197090185878318e-01
7.369197090185878318e-01
7.369197090185878318e-01
7.369197090185878318e-01
7.369197090185878318e-01
7.369197090185878318e-01
7.369197090185878318e-01
7.369197090185878318e-01
7.369197090185878318e-01
7.369197090185878318e-01
7.369197090185878318e-01
7.369197090185878318e-01
7.369197090185878318e-01
7.369197090185878318e-01
7.369197090185878318e-01
7.369197090185878318e-01
7.369197090185878318e-01
7.369197090185878318e-01
7.369197090185878318e-01
7.369197090185878318e-01
7.369197090185878318e-01
7.369197090185878318e-01
7.369197090185878318e-01
7.369197090185878318e-01
7.369197090185878318e-01
7.369197090185878318e-01
7.369197090185878318e-01
7.369197090185878318e-01
7.369197090185878318e-01
7.369197090185878318e-01
7.369197090185878318e-01
7.369197090185878318e-01
7.369197090185878318e-01
7.369197090185878318e-01
7.369197090185878318e-01
7.369197090185878318e-01
7.369197090185878318e-01
7.369197090185878318e-01
7.369197090185878318e-01
7.369197090185878318e-01
7.369197090185878318e-01
7.369197090185878318e-01
7.369197090185878318e-01
7.369197090185878318e-01
7.369197090185878318e-01
7.369197090185878318e-01
7.369197090185878318e-01
7.369197090185878318e-01
7.369197090185878318e-01
7.369197090185878318e-01
7.369197090185878318e-01
7.369197090185878318e-01
7.369197090185878318e-01
7.369197090185878318e-01
7.369197090185878318e-01
7.369197090185878318e-01
7.369197090185878318e-01
7.369197090185878318e-01
7.369197090185878318e-01
7.369197090185878318e-01
7.369197090185878318e-01
7.369197090185878318e-01
7.369197090185878318e-01
7.369197090185878318e-01
7.369197090185878318e-01
7.369197090185878318e-01
7.369197090185878318e-01
7.369197090185878318e-01
7.369197090185878318e-01
7.369197090185878318e-01
7.369197090185878318e-01
7.369197090185878318e-01
7.369197090185878318e-01
7.369197090185878318e-01
7.369197090185878318e-01
7.369197090185878318e-01
7.369197090185878318e-01
7.369197090185878318e-01
7.369197090185878318e-01
7.369197090185878318e-01
7.369197090185878318e-01
7.369197090185878318e-01
7.369197090185878318e-01
7.369197090185878318e-01
7.369197090185878318e-01
7.369197090185878318e-01
7.369197090185878318e-01
7.369197090185878318e-01
7.369197090185878318e-01
7.369197090185878318e-01
7.369197090185878318e-01
7.369197090185878318e-01
7.369197090185878318e-01
7.369197090185878318e-01
7.369197090185878318e-01
7.369197090185878318e-01
7.369197090185878318e-01
7.369197090185878318e-01
7.369197090185878318e-01
7.369197090185878318e-01
7.369197090185878318e-01
7.369197090185878318e-01
7.369197090185878318e-01
7.369197090185878318e-01
7.369197090185878318e-01
7.369197090185878318e-01
7.369197090185878318e-01
7.369197090185878318e-01
7.369197090185878318e-01
7.369197090185878318e-01
7.369197090185878318e-01
7.369197090185878318e-01
7.369197090185878318e-01
7.369197090185878318e-01
7.369197090185878318e-01
7.369197090185878318e-01
7.369197090185878318e-01
7.369197090185878318e-01
7.369197090185878318e-01
7.369197090185878318e-01
7.369197090185878318e-01
7.369197090185878318e-01
7.369197090185878318e-01
7.369197090185878318e-01
7.369197090185878318e-01
7.369197090185878318e-01
7.369197090185878318e-01
7.369197090185878318e-01
7.369197090185878318e-01
7.369197090185878318e-01
7.369197090185878318e-01
7.369197090185878318e-01
7.369197090185878318e-01
7.369197090185878318e-01
7.369197090185878318e-01
7.369197090185878318e-01
7.369197090185878318e-01
7.369197090185878318e-01
7.369197090185878318e-01
7.369197090185878318e-01
7.369197090185878318e-01
7.369197090185878318e-01
7.369197090185878318e-01
7.369197090185878318e-01
7.369197090185878318e-01
7.369197090185878318e-01
7.369197090185878318e-01
7.369197090185878318e-01
7.369197090185878318e-01
7.369197090185878318e-01
7.369197090185878318e-01
7.369197090185878318e-01
7.369197090185878318e-01
7.369197090185878318e-01
7.369197090185878318e-01
7.369197090185878318e-01
7.369197090185878318e-01
7.369197090185878318e-01
7.369197090185878318e-01
7.369197090185878318e-01
7.369197090185878318e-01
7.369197090185878318e-01
7.369197090185878318e-01
7.369197090185878318e-01
7.369197090185878318e-01
7.369197090185878318e-01
7.369197090185878318e-01
7.369197090185878318e-01
7.369197090185878318e-01
7.369197090185878318e-01
7.369197090185878318e-01
7.369197090185878318e-01
7.369197090185878318e-01
7.369197090185878318e-01
7.369197090185878318e-01
7.369197090185878318e-01
7.369197090185878318e-01
7.369197090185878318e-01
7.369197090185878318e-01
7.369197090185878318e-01
7.369197090185878318e-01
7.369197090185878318e-01
7.369197090185878318e-01
7.369197090185878318e-01
7.369197090185878318e-01
7.369197090185878318e-01
7.369197090185878318e-01
7.369197090185878318e-01
7.369197090185878318e-01
7.369197090185878318e-01
7.369197090185878318e-01
7.369197090185878318e-01
7.369197090185878318e-01
7.369197090185878318e-01
7.369197090185878318e-01
7.369197090185878318e-01
7.369197090185878318e-01
7.369197090185878318e-01
7.369197090185878318e-01
7.369197090185878318e-01
7.369197090185878318e-01
7.369197090185878318e-01
7.369197090185878318e-01
7.369197090185878318e-01
7.369197090185878318e-01
7.369197090185878318e-01
7.369197090185878318e-01
7.369197090185878318e-01
7.369197090185878318e-01
7.369197090185878318e-01
7.369197090185878318e-01
7.369197090185878318e-01
7.369197090185878318e-01
7.369197090185878318e-01
7.369197090185878318e-01
7.369197090185878318e-01
7.369197090185878318e-01
7.369197090185878318e-01
7.369197090185878318e-01
7.369197090185878318e-01
7.369197090185878318e-01
7.369197090185878318e-01
7.369197090185878318e-01
7.369197090185878318e-01
7.369197090185878318e-01
7.369197090185878318e-01
7.369197090185878318e-01
7.369197090185878318e-01
7.369197090185878318e-01
7.369197090185878318e-01
7.369197090185878318e-01
7.369197090185878318e-01
7.369197090185878318e-01
7.369197090185878318e-01
7.369197090185878318e-01
7.369197090185878318e-01
7.369197090185878318e-01
7.369197090185878318e-01
7.369197090185878318e-01
7.369197090185878318e-01
7.369197090185878318e-01
7.369197090185878318e-01
7.369197090185878318e-01
7.369197090185878318e-01
7.369197090185878318e-01
7.369197090185878318e-01
7.369197090185878318e-01
7.369197090185878318e-01
7.369197090185878318e-01
7.369197090185878318e-01
7.369197090185878318e-01
7.369197090185878318e-01
7.369197090185878318e-01
7.369197090185878318e-01
7.369197090185878318e-01
7.369197090185878318e-01
7.369197090185878318e-01
7.369197090185878318e-01
7.369197090185878318e-01
7.369197090185878318e-01
7.369197090185878318e-01
7.369197090185878318e-01
7.369197090185878318e-01
7.369197090185878318e-01
7.369197090185878318e-01
7.369197090185878318e-01
7.369197090185878318e-01
7.369197090185878318e-01
7.369197090185878318e-01
7.369197090185878318e-01
7.369197090185878318e-01
7.369197090185878318e-01
7.369197090185878318e-01
7.369197090185878318e-01
7.369197090185878318e-01
7.369197090185878318e-01
7.369197090185878318e-01
7.369197090185878318e-01
7.369197090185878318e-01
7.369197090185878318e-01
7.369197090185878318e-01
7.369197090185878318e-01
7.369197090185878318e-01
7.369197090185878318e-01
7.369197090185878318e-01
7.369197090185878318e-01
7.369197090185878318e-01
7.369197090185878318e-01
7.369197090185878318e-01
7.369197090185878318e-01
7.369197090185878318e-01
7.369197090185878318e-01
7.369197090185878318e-01
7.369197090185878318e-01
7.369197090185878318e-01
7.369197090185878318e-01
7.369197090185878318e-01
7.369197090185878318e-01
7.369197090185878318e-01
7.369197090185878318e-01
7.369197090185878318e-01
7.369197090185878318e-01
7.369197090185878318e-01
7.369197090185878318e-01
7.369197090185878318e-01
7.369197090185878318e-01
7.369197090185878318e-01
7.369197090185878318e-01
7.369197090185878318e-01
7.369197090185878318e-01
7.369197090185878318e-01
7.369197090185878318e-01
7.369197090185878318e-01
7.369197090185878318e-01
7.369197090185878318e-01
7.369197090185878318e-01
7.369197090185878318e-01
7.369197090185878318e-01
7.369197090185878318e-01
7.369197090185878318e-01
7.369197090185878318e-01
7.369197090185878318e-01
7.369197090185878318e-01
7.369197090185878318e-01
7.369197090185878318e-01
7.369197090185878318e-01
7.369197090185878318e-01
7.369197090185878318e-01
7.369197090185878318e-01
7.369197090185878318e-01
7.369197090185878318e-01
7.369197090185878318e-01
7.369197090185878318e-01
7.369197090185878318e-01
7.369197090185878318e-01
7.369197090185878318e-01
7.369197090185878318e-01
7.369197090185878318e-01
7.369197090185878318e-01
7.369197090185878318e-01
7.369197090185878318e-01
7.369197090185878318e-01
7.369197090185878318e-01
7.369197090185878318e-01
7.369197090185878318e-01
7.369197090185878318e-01
7.369197090185878318e-01
7.369197090185878318e-01
7.369197090185878318e-01
7.369197090185878318e-01
7.369197090185878318e-01
7.369197090185878318e-01
7.369197090185878318e-01
7.369197090185878318e-01
7.369197090185878318e-01
7.369197090185878318e-01
7.369197090185878318e-01
7.369197090185878318e-01
7.369197090185878318e-01
7.369197090185878318e-01
7.369197090185878318e-01
7.369197090185878318e-01
7.369197090185878318e-01
7.369197090185878318e-01
7.369197090185878318e-01
7.369197090185878318e-01
7.369197090185878318e-01
7.369197090185878318e-01
7.369197090185878318e-01
7.369197090185878318e-01
7.369197090185878318e-01
7.369197090185878318e-01
7.369197090185878318e-01
7.369197090185878318e-01
7.369197090185878318e-01
7.369197090185878318e-01
7.369197090185878318e-01
7.369197090185878318e-01
7.369197090185878318e-01
7.369197090185878318e-01
7.369197090185878318e-01
7.369197090185878318e-01
7.369197090185878318e-01
7.369197090185878318e-01
7.369197090185878318e-01
7.369197090185878318e-01
7.369197090185878318e-01
7.369197090185878318e-01
7.369197090185878318e-01
7.369197090185878318e-01
7.369197090185878318e-01
7.369197090185878318e-01
7.369197090185878318e-01
7.369197090185878318e-01
7.369197090185878318e-01
7.369197090185878318e-01
7.369197090185878318e-01
7.369197090185878318e-01
7.369197090185878318e-01
7.369197090185878318e-01
7.369197090185878318e-01
7.369197090185878318e-01
7.369197090185878318e-01
7.369197090185878318e-01
7.369197090185878318e-01
7.369197090185878318e-01
7.369197090185878318e-01
7.369197090185878318e-01
7.369197090185878318e-01
7.369197090185878318e-01
7.369197090185878318e-01
7.369197090185878318e-01
7.369197090185878318e-01
7.369197090185878318e-01
7.369197090185878318e-01
7.369197090185878318e-01
7.369197090185878318e-01
7.369197090185878318e-01
7.369197090185878318e-01
7.369197090185878318e-01
7.369197090185878318e-01
7.369197090185878318e-01
7.369197090185878318e-01
7.369197090185878318e-01
7.369197090185878318e-01
7.369197090185878318e-01
7.369197090185878318e-01
7.369197090185878318e-01
7.369197090185878318e-01
7.369197090185878318e-01
7.369197090185878318e-01
7.369197090185878318e-01
7.369197090185878318e-01
7.369197090185878318e-01
7.369197090185878318e-01
7.369197090185878318e-01
7.369197090185878318e-01
7.369197090185878318e-01
7.369197090185878318e-01
7.369197090185878318e-01
7.369197090185878318e-01
7.369197090185878318e-01
7.369197090185878318e-01
7.369197090185878318e-01
7.369197090185878318e-01
7.369197090185878318e-01
7.369197090185878318e-01
7.369197090185878318e-01
7.369197090185878318e-01
7.369197090185878318e-01
7.369197090185878318e-01
7.369197090185878318e-01
7.369197090185878318e-01
7.369197090185878318e-01
7.369197090185878318e-01
7.369197090185878318e-01
7.369197090185878318e-01
7.369197090185878318e-01
7.369197090185878318e-01
7.369197090185878318e-01
7.369197090185878318e-01
7.369197090185878318e-01
7.369197090185878318e-01
7.369197090185878318e-01
7.369197090185878318e-01
7.369197090185878318e-01
7.369197090185878318e-01
7.369197090185878318e-01
7.369197090185878318e-01
7.369197090185878318e-01
7.369197090185878318e-01
7.369197090185878318e-01
7.369197090185878318e-01
7.369197090185878318e-01
7.369197090185878318e-01
7.369197090185878318e-01
7.369197090185878318e-01
7.369197090185878318e-01
7.369197090185878318e-01
7.369197090185878318e-01
7.369197090185878318e-01
7.369197090185878318e-01
7.369197090185878318e-01
7.369197090185878318e-01
7.369197090185878318e-01
7.369197090185878318e-01
7.369197090185878318e-01
7.369197090185878318e-01
7.369197090185878318e-01
7.369197090185878318e-01
7.369197090185878318e-01
7.369197090185878318e-01
7.369197090185878318e-01
7.369197090185878318e-01
7.369197090185878318e-01
7.369197090185878318e-01
7.369197090185878318e-01
7.369197090185878318e-01
7.369197090185878318e-01
7.369197090185878318e-01
7.369197090185878318e-01
7.369197090185878318e-01
7.369197090185878318e-01
7.369197090185878318e-01
7.369197090185878318e-01
7.369197090185878318e-01
7.369197090185878318e-01
7.369197090185878318e-01
7.369197090185878318e-01
7.369197090185878318e-01
7.369197090185878318e-01
7.369197090185878318e-01
7.369197090185878318e-01
7.369197090185878318e-01
7.369197090185878318e-01
7.369197090185878318e-01
7.369197090185878318e-01
7.369197090185878318e-01
7.369197090185878318e-01
7.369197090185878318e-01
7.369197090185878318e-01
7.369197090185878318e-01
7.369197090185878318e-01
7.369197090185878318e-01
7.369197090185878318e-01
7.369197090185878318e-01
7.369197090185878318e-01
7.369197090185878318e-01
7.369197090185878318e-01
7.369197090185878318e-01
7.369197090185878318e-01
7.369197090185878318e-01
7.369197090185878318e-01
7.369197090185878318e-01
7.369197090185878318e-01
7.369197090185878318e-01
7.369197090185878318e-01
7.369197090185878318e-01
7.369197090185878318e-01
7.369197090185878318e-01
7.369197090185878318e-01
7.369197090185878318e-01
7.369197090185878318e-01
7.369197090185878318e-01
7.369197090185878318e-01
7.369197090185878318e-01
7.369197090185878318e-01
7.369197090185878318e-01
7.369197090185878318e-01
7.369197090185878318e-01
7.369197090185878318e-01
7.369197090185878318e-01
7.369197090185878318e-01
7.369197090185878318e-01
7.369197090185878318e-01
7.369197090185878318e-01
7.369197090185878318e-01
7.369197090185878318e-01
7.369197090185878318e-01
7.369197090185878318e-01
7.369197090185878318e-01
7.369197090185878318e-01
7.369197090185878318e-01
7.369197090185878318e-01
7.369197090185878318e-01
7.369197090185878318e-01
7.369197090185878318e-01
7.369197090185878318e-01
7.369197090185878318e-01
7.369197090185878318e-01
7.369197090185878318e-01
7.369197090185878318e-01
7.369197090185878318e-01
7.369197090185878318e-01
7.369197090185878318e-01
7.369197090185878318e-01
7.369197090185878318e-01
7.369197090185878318e-01
7.369197090185878318e-01
7.369197090185878318e-01
7.369197090185878318e-01
7.369197090185878318e-01
7.369197090185878318e-01
7.369197090185878318e-01
7.369197090185878318e-01
7.369197090185878318e-01
7.369197090185878318e-01
7.369197090185878318e-01
7.369197090185878318e-01
7.369197090185878318e-01
7.369197090185878318e-01
7.369197090185878318e-01
7.369197090185878318e-01
7.369197090185878318e-01
7.369197090185878318e-01
7.369197090185878318e-01
7.369197090185878318e-01
7.369197090185878318e-01
7.369197090185878318e-01
7.369197090185878318e-01
7.369197090185878318e-01
7.369197090185878318e-01
7.369197090185878318e-01
7.369197090185878318e-01
7.369197090185878318e-01
7.369197090185878318e-01
7.369197090185878318e-01
7.369197090185878318e-01
7.369197090185878318e-01
7.369197090185878318e-01
7.369197090185878318e-01
7.369197090185878318e-01
7.369197090185878318e-01
7.369197090185878318e-01
7.369197090185878318e-01
7.369197090185878318e-01
7.369197090185878318e-01
7.369197090185878318e-01
7.369197090185878318e-01
7.369197090185878318e-01
7.369197090185878318e-01
7.369197090185878318e-01
7.369197090185878318e-01
7.369197090185878318e-01
7.369197090185878318e-01
7.369197090185878318e-01
7.369197090185878318e-01
7.369197090185878318e-01
7.369197090185878318e-01
7.369197090185878318e-01
7.369197090185878318e-01
7.369197090185878318e-01
7.369197090185878318e-01
7.369197090185878318e-01
7.369197090185878318e-01
7.369197090185878318e-01
7.369197090185878318e-01
7.369197090185878318e-01
7.369197090185878318e-01
7.369197090185878318e-01
7.369197090185878318e-01
7.369197090185878318e-01
7.369197090185878318e-01
7.369197090185878318e-01
7.369197090185878318e-01
7.369197090185878318e-01
7.369197090185878318e-01
7.369197090185878318e-01
7.369197090185878318e-01
7.369197090185878318e-01
7.369197090185878318e-01
7.369197090185878318e-01
7.369197090185878318e-01
7.369197090185878318e-01
7.369197090185878318e-01
7.369197090185878318e-01
7.369197090185878318e-01
7.369197090185878318e-01
7.369197090185878318e-01
7.369197090185878318e-01
7.369197090185878318e-01
7.369197090185878318e-01
7.369197090185878318e-01
7.369197090185878318e-01
7.369197090185878318e-01
7.369197090185878318e-01
7.369197090185878318e-01
7.369197090185878318e-01
7.369197090185878318e-01
7.369197090185878318e-01
7.369197090185878318e-01
7.369197090185878318e-01
7.369197090185878318e-01
7.369197090185878318e-01
7.369197090185878318e-01
7.369197090185878318e-01
7.369197090185878318e-01
7.369197090185878318e-01
7.369197090185878318e-01
7.369197090185878318e-01
7.369197090185878318e-01
7.369197090185878318e-01
7.369197090185878318e-01
7.369197090185878318e-01
7.369197090185878318e-01
7.369197090185878318e-01
7.369197090185878318e-01
7.369197090185878318e-01
7.369197090185878318e-01
7.369197090185878318e-01
7.369197090185878318e-01
7.369197090185878318e-01
7.369197090185878318e-01
7.369197090185878318e-01
7.369197090185878318e-01
7.369197090185878318e-01
7.369197090185878318e-01
7.369197090185878318e-01
7.369197090185878318e-01
7.369197090185878318e-01
7.369197090185878318e-01
7.369197090185878318e-01
7.369197090185878318e-01
7.369197090185878318e-01
7.369197090185878318e-01
7.369197090185878318e-01
7.369197090185878318e-01
7.369197090185878318e-01
7.369197090185878318e-01
7.369197090185878318e-01
7.369197090185878318e-01
7.369197090185878318e-01
7.369197090185878318e-01
7.369197090185878318e-01
7.369197090185878318e-01
7.369197090185878318e-01
7.369197090185878318e-01
7.369197090185878318e-01
7.369197090185878318e-01
7.369197090185878318e-01
7.369197090185878318e-01
7.369197090185878318e-01
7.369197090185878318e-01
7.369197090185878318e-01
7.369197090185878318e-01
7.369197090185878318e-01
7.369197090185878318e-01
7.369197090185878318e-01
7.369197090185878318e-01
7.369197090185878318e-01
7.369197090185878318e-01
7.369197090185878318e-01
7.369197090185878318e-01
7.369197090185878318e-01
7.369197090185878318e-01
7.369197090185878318e-01
7.369197090185878318e-01
7.369197090185878318e-01
7.369197090185878318e-01
7.369197090185878318e-01
7.369197090185878318e-01
7.369197090185878318e-01
7.369197090185878318e-01
7.369197090185878318e-01
7.369197090185878318e-01
7.369197090185878318e-01
7.369197090185878318e-01
7.369197090185878318e-01
7.369197090185878318e-01
7.369197090185878318e-01
7.369197090185878318e-01
7.369197090185878318e-01
7.369197090185878318e-01
7.369197090185878318e-01
7.369197090185878318e-01
7.369197090185878318e-01
7.369197090185878318e-01
7.369197090185878318e-01
7.369197090185878318e-01
7.369197090185878318e-01
7.369197090185878318e-01
7.369197090185878318e-01
7.369197090185878318e-01
7.369197090185878318e-01
7.369197090185878318e-01
7.369197090185878318e-01
7.369197090185878318e-01
7.369197090185878318e-01
7.369197090185878318e-01
7.369197090185878318e-01
7.369197090185878318e-01
7.369197090185878318e-01
7.369197090185878318e-01
7.369197090185878318e-01
7.369197090185878318e-01
7.369197090185878318e-01
7.369197090185878318e-01
7.369197090185878318e-01
7.369197090185878318e-01
7.369197090185878318e-01
7.369197090185878318e-01
7.369197090185878318e-01
7.369197090185878318e-01
7.369197090185878318e-01
7.369197090185878318e-01
7.369197090185878318e-01
7.369197090185878318e-01
7.369197090185878318e-01
7.369197090185878318e-01
7.369197090185878318e-01
7.369197090185878318e-01
7.369197090185878318e-01
7.369197090185878318e-01
7.369197090185878318e-01
7.369197090185878318e-01
7.369197090185878318e-01
7.369197090185878318e-01
7.369197090185878318e-01
7.369197090185878318e-01
7.369197090185878318e-01
7.369197090185878318e-01
7.369197090185878318e-01
7.369197090185878318e-01
7.369197090185878318e-01
7.369197090185878318e-01
7.369197090185878318e-01
7.369197090185878318e-01
7.369197090185878318e-01
7.369197090185878318e-01
7.369197090185878318e-01
7.369197090185878318e-01
7.369197090185878318e-01
7.369197090185878318e-01
7.369197090185878318e-01
7.369197090185878318e-01
7.369197090185878318e-01
7.369197090185878318e-01
7.369197090185878318e-01
7.369197090185878318e-01
7.369197090185878318e-01
7.369197090185878318e-01
7.369197090185878318e-01
7.369197090185878318e-01
7.369197090185878318e-01
7.369197090185878318e-01
7.369197090185878318e-01
7.369197090185878318e-01
7.369197090185878318e-01
7.369197090185878318e-01
7.369197090185878318e-01
7.369197090185878318e-01
7.369197090185878318e-01
7.369197090185878318e-01
7.369197090185878318e-01
7.369197090185878318e-01
7.369197090185878318e-01
7.369197090185878318e-01
7.369197090185878318e-01
7.369197090185878318e-01
7.369197090185878318e-01
7.369197090185878318e-01
7.369197090185878318e-01
7.369197090185878318e-01
7.369197090185878318e-01
7.369197090185878318e-01
7.369197090185878318e-01
7.369197090185878318e-01
7.369197090185878318e-01
7.369197090185878318e-01
7.369197090185878318e-01
7.369197090185878318e-01
7.369197090185878318e-01
7.369197090185878318e-01
7.369197090185878318e-01
7.369197090185878318e-01
7.369197090185878318e-01
7.369197090185878318e-01
7.369197090185878318e-01
7.369197090185878318e-01
7.369197090185878318e-01
7.369197090185878318e-01
7.369197090185878318e-01
7.369197090185878318e-01
7.369197090185878318e-01
7.369197090185878318e-01
7.369197090185878318e-01
7.369197090185878318e-01
7.369197090185878318e-01
7.369197090185878318e-01
7.369197090185878318e-01
7.369197090185878318e-01
7.369197090185878318e-01
7.369197090185878318e-01
7.369197090185878318e-01
7.369197090185878318e-01
7.369197090185878318e-01
7.369197090185878318e-01
7.369197090185878318e-01
7.369197090185878318e-01
7.369197090185878318e-01
7.369197090185878318e-01
7.369197090185878318e-01
7.369197090185878318e-01
7.369197090185878318e-01
7.369197090185878318e-01
7.369197090185878318e-01
7.369197090185878318e-01
7.369197090185878318e-01
7.369197090185878318e-01
7.369197090185878318e-01
7.369197090185878318e-01
7.369197090185878318e-01
7.369197090185878318e-01
7.369197090185878318e-01
7.369197090185878318e-01
7.369197090185878318e-01
7.369197090185878318e-01
7.369197090185878318e-01
7.369197090185878318e-01
7.369197090185878318e-01
7.369197090185878318e-01
7.369197090185878318e-01
7.369197090185878318e-01
7.369197090185878318e-01
7.369197090185878318e-01
7.369197090185878318e-01
7.369197090185878318e-01
7.369197090185878318e-01
7.369197090185878318e-01
7.369197090185878318e-01
7.369197090185878318e-01
7.369197090185878318e-01
7.369197090185878318e-01
7.369197090185878318e-01
7.369197090185878318e-01
7.369197090185878318e-01
7.369197090185878318e-01
7.369197090185878318e-01
7.369197090185878318e-01
7.369197090185878318e-01
7.369197090185878318e-01
7.369197090185878318e-01
7.369197090185878318e-01
7.369197090185878318e-01
7.369197090185878318e-01
7.369197090185878318e-01
7.369197090185878318e-01
7.369197090185878318e-01
7.369197090185878318e-01
7.369197090185878318e-01
7.369197090185878318e-01
7.369197090185878318e-01
7.369197090185878318e-01
7.369197090185878318e-01
7.369197090185878318e-01
7.369197090185878318e-01
7.369197090185878318e-01
7.369197090185878318e-01
