0.000000000000000000e+00
9.954837583842978538e-03
9.981750443493324701e-03
9.990331436145903979e-03
1.005072009420401175e-02
1.005418107706054429e-02
1.002737034279048596e-02
1.005377187014865059e-02
1.002242944996202881e-02
1.002939514779544426e-02
1.018940704335468371e-02
1.024600155622134266e-02
1.030632744575531862e-02
1.022352152856881476e-02
1.026476609770771674e-02
1.050128981828153153e-02
1.033857669571428342e-02
1.032419985501067429e-02
1.068100863045356314e-02
1.044575405312621504e-02
1.040400993421119503e-02
1.074974568066786561e-02
1.082276870426808479e-02
1.073131462115660580e-02
1.073924569190093381e-02
1.034581691638273085e-02
1.035392472073976694e-02
1.009308511224139317e-02
9.993081379635561715e-03
9.455046260488519580e-03
9.531943212886613906e-03
9.482148416877918609e-03
9.206278483592110831e-03
9.388227574819838286e-03
9.675556364529982675e-03
9.526763865386577226e-03
9.603118132352712888e-03
9.794759244122163561e-03
1.006433172464904317e-02
9.312061481352287839e-03
9.320759077440936985e-03
9.917993583358314727e-03
1.068253505416770673e-02
1.047951887748401444e-02
1.081275417878062306e-02
1.079170063283103366e-02
1.013962378252651272e-02
9.771807286319152824e-03
9.346897691660010360e-03
1.024236106596165645e-02
1.082158302357831732e-02
1.023493358665868158e-02
1.063511359633819396e-02
1.106983673944734493e-02
1.044031691135843300e-02
9.828257548377941979e-03
9.639616687772247297e-03
9.613521102802224938e-03
1.056288065407125741e-02
1.071865403217744234e-02
1.075860419644208282e-02
1.005646531604510209e-02
1.028590318664980748e-02
1.051211221349355844e-02
9.784808623192373447e-03
1.013141317278224394e-02
1.129804485232157978e-02
1.020472834488252330e-02
1.105536651325889942e-02
1.152108306863552055e-02
1.266901509760844091e-02
1.338555113199122772e-02
1.371188806920155094e-02
1.459995855974452993e-02
1.511943613878237273e-02
1.400694188084091775e-02
1.440537054245641553e-02
1.375493467771187438e-02
1.448305426484663462e-02
1.450888334474200597e-02
1.500390374295308693e-02
1.470811977272262934e-02
1.451505163654229040e-02
1.526326269803934821e-02
1.593049415515436842e-02
1.616148177736395283e-02
1.591375468984593602e-02
1.609230655361388804e-02
1.674357556438626007e-02
1.779424436362876324e-02
1.695407647308016033e-02
1.718908308685162395e-02
1.672981591639730384e-02
1.754233938075924759e-02
1.652636939084904666e-02
1.606894513102160096e-02
1.646719744931117099e-02
1.649698113782457551e-02
1.726641015822523786e-02
1.670553140775639725e-02
1.705434985672945117e-02
1.811014222483510808e-02
1.736213009226493520e-02
1.669536990045175986e-02
1.645712253505331527e-02
1.569858444244283391e-02
1.608075121367395777e-02
1.637057798413687690e-02
1.694969451512676195e-02
1.749136505133752975e-02
1.757372539493606833e-02
1.749963588519448318e-02
1.747788101514904588e-02
1.768092981780191100e-02
1.803086766656776876e-02
1.838358635209925290e-02
1.888514055574180839e-02
1.914741734920117483e-02
2.025783170290325688e-02
1.925294773153149452e-02
1.904921092163153196e-02
1.942770435307247454e-02
1.968780050403740739e-02
2.007949974302614127e-02
1.955258317168173318e-02
1.888220102196827913e-02
2.022953495167232121e-02
2.087826439209250137e-02
2.063485519066483517e-02
1.931428031626127376e-02
1.892910032555492408e-02
-1.841383904988444162e-02
-1.837926928425614656e-02
-1.783991606604389685e-02
-1.753175894535299179e-02
-1.801022403080869763e-02
-1.810511391520577482e-02
-1.810056846573955894e-02
-1.755860156146928433e-02
-1.725357571684773758e-02
1.655864323895538462e-02
1.632833877507742712e-02
1.651363415492558898e-02
1.665406979693413031e-02
1.649685909436354042e-02
1.677814926275515359e-02
1.698648457649440738e-02
1.665478864493645864e-02
1.696789837794003900e-02
1.644579202767201126e-02
1.706427547485718163e-02
1.837152936394223154e-02
1.818563277809356546e-02
1.907631366705571721e-02
1.838502760656186494e-02
1.838565370873169666e-02
1.829168595647562637e-02
1.893795677550443729e-02
1.810067011415388352e-02
1.820667961761591666e-02
1.803145447507542923e-02
1.842856692432933222e-02
1.925578493290516779e-02
1.916484329037194609e-02
1.780463488480912154e-02
1.723939154453724143e-02
1.613367074317500344e-02
1.598507507825989646e-02
1.611488993920384000e-02
1.650267269187668043e-02
1.639150579148092660e-02
1.601215090212454797e-02
1.659736139759052792e-02
1.723717520856895766e-02
1.734293433998633505e-02
1.711341212908754419e-02
1.691107261999080444e-02
1.704206684014018813e-02
1.698463897691210658e-02
1.764477450044219659e-02
1.822045847225670784e-02
1.820534186119629819e-02
1.783811948811180395e-02
1.817667815349703966e-02
1.767142354804944818e-02
1.742215130944006762e-02
1.760110273989730009e-02
1.823925110750113446e-02
1.800428242351017130e-02
1.743069841054075558e-02
1.790148466065847113e-02
1.769484335268974723e-02
1.814932557579916270e-02
1.897106756297464031e-02
1.882546496603488065e-02
1.896541383415255300e-02
1.899152595005483210e-02
1.927286371694452230e-02
1.847679823532867582e-02
1.867222694600488217e-02
1.876076192291992531e-02
1.817762157683648280e-02
1.814125409293650820e-02
1.789102783395827775e-02
1.759401687827754149e-02
1.737640223224158967e-02
1.665199068561315152e-02
1.631237700993447629e-02
1.566350769563676359e-02
1.636782559814510193e-02
1.557278465862982353e-02
1.571098030165162668e-02
1.540171720720866048e-02
1.578447774784952698e-02
1.572833862010683537e-02
1.505785646971709302e-02
1.530947973470564265e-02
1.500209176522976882e-02
1.534869489627255397e-02
1.547641645343248405e-02
1.500232557130579299e-02
1.496723634981989882e-02
1.529397233201209953e-02
1.532276914547531926e-02
1.582350467012045084e-02
1.519696868144188029e-02
1.481639448074479996e-02
1.478933317811936300e-02
1.460779256964910011e-02
1.394889240202377804e-02
1.389067623284617921e-02
1.393605762081362269e-02
1.387160602275185929e-02
1.406259104777437922e-02
1.514045508348433981e-02
1.619894488986058437e-02
1.580850171065378493e-02
1.558555842534965936e-02
1.553549498124057703e-02
1.562800665443867670e-02
1.546484246724020260e-02
1.529000559635201872e-02
1.588544062885170402e-02
1.592992582607115695e-02
1.676726054873003621e-02
1.706633631594330416e-02
1.724724867896545305e-02
1.742593772817825279e-02
1.718003483353600785e-02
1.755582598448974727e-02
1.815327804670532896e-02
1.809341896028856742e-02
1.862423567602224106e-02
1.909302142749111017e-02
1.846140127709017600e-02
1.816727160215062323e-02
1.876267641381872478e-02
1.876533601522107145e-02
1.916058910636166471e-02
1.945635336572475865e-02
1.889747707705269689e-02
1.948871133336024797e-02
1.970105032823599861e-02
1.933915627190256267e-02
1.913483990407223098e-02
1.869462757165150577e-02
1.852269169736747365e-02
1.822055434185489500e-02
1.844974518911021710e-02
1.818520039757996060e-02
1.754464988667603711e-02
1.758939126700453937e-02
1.806681998479688772e-02
1.828535708182735600e-02
1.901159919061917031e-02
1.894347959863135547e-02
1.884429649174896096e-02
1.913744472588995577e-02
1.880702595649369133e-02
1.879068743139736958e-02
1.765105538793344808e-02
1.739578930323326320e-02
1.769170941308907327e-02
1.824839976858987772e-02
1.802154517024052993e-02
1.837118027357231495e-02
1.828786938625715994e-02
1.831487832107089875e-02
1.810614843257389237e-02
1.826315235263570660e-02
1.825033684259351127e-02
1.785534785018436446e-02
1.776296795943347814e-02
1.803190634970283993e-02
1.775365501374863084e-02
1.707571942023167200e-02
1.692015949288918839e-02
1.746422446103504042e-02
1.781669826321993430e-02
1.821130836336188816e-02
1.774980728039311437e-02
1.750216495740465270e-02
1.746946897098551263e-02
1.747183065989400819e-02
1.727200590714223979e-02
1.706487184456795259e-02
1.776008368834872814e-02
1.780970886237998388e-02
1.797527143900369204e-02
1.782013730934102133e-02
1.823004179894102683e-02
1.817642448985520506e-02
1.788508493412003034e-02
1.708671966098399345e-02
1.669433961333360167e-02
1.641384578501860550e-02
1.644558733800515968e-02
1.639121780621588184e-02
1.618040773253244871e-02
1.613215420362952915e-02
1.599151509033060539e-02
1.612973715549847684e-02
1.616197758189303474e-02
1.655522881480655378e-02
1.642343549959425150e-02
1.696039383610025916e-02
1.653528363790292624e-02
1.648234443133983484e-02
1.605995710446990812e-02
1.576325335542787254e-02
1.589919672183309415e-02
1.607575761860159311e-02
1.561440860719157803e-02
1.544539954308626027e-02
1.613573736595276184e-02
1.631563773346083115e-02
1.728774218314944530e-02
1.727200708696384826e-02
1.768603310033119505e-02
1.767477924718834775e-02
1.752501996947346610e-02
1.723536097003780174e-02
1.712498750146125570e-02
1.716657839253298359e-02
1.715418242946890534e-02
1.687985770543271383e-02
1.701562776136750221e-02
1.701017513963868841e-02
1.713348276094225561e-02
1.762398975417548905e-02
1.843420255909888200e-02
1.866521336023738500e-02
1.852972941021171355e-02
1.936916128352490427e-02
1.932219698498970073e-02
1.978672098910285934e-02
2.042185548374988655e-02
2.119545784096861160e-02
2.098818069429405839e-02
2.102121364279140384e-02
2.141569554511815396e-02
2.146966546287625358e-02
2.158977567450042281e-02
2.141655370657512270e-02
2.115290522028344389e-02
2.156175892455315310e-02
2.109576308874626729e-02
2.082496722101335324e-02
2.079348864047348908e-02
2.013120872309803050e-02
2.034953127881689722e-02
2.077633758811859091e-02
2.043209848151119820e-02
2.046185972928112398e-02
2.040839867090723028e-02
2.013766915022884713e-02
2.006844982147929987e-02
1.994310474779828132e-02
1.984235772187170274e-02
1.960463351642772675e-02
1.935317372708328723e-02
1.915444260980323637e-02
1.940569037794727045e-02
1.885685248270214595e-02
1.876157269929186813e-02
1.786956483499096623e-02
1.773940509390315237e-02
1.818090086522076293e-02
1.862166029371134512e-02
1.803147999747506738e-02
1.822422575666863762e-02
1.816533710622371400e-02
1.785515896533326416e-02
1.794258275588802090e-02
1.769341809678321234e-02
1.749902493944376775e-02
1.774819655583321013e-02
1.801397766469829340e-02
1.749440669437412124e-02
1.746443182742328168e-02
1.697545305026970652e-02
1.754035304207256576e-02
1.767580442712992500e-02
1.741748193596470012e-02
1.765784801268584572e-02
1.742563630377660933e-02
1.693066437561209503e-02
1.633176687352860465e-02
1.651690813859156906e-02
1.593414630019225273e-02
1.566144940119134840e-02
1.538525882464742561e-02
1.553730441028318247e-02
1.587581969064017981e-02
1.525493041475491952e-02
1.503439686246896799e-02
1.518035461313032956e-02
1.447877270422485291e-02
1.467608394735206434e-02
1.468607597557958916e-02
1.433774844017297184e-02
1.418275417195528389e-02
1.461635577263846984e-02
1.461229445766135636e-02
1.461877712428018804e-02
1.490757514740824984e-02
1.478887495663829682e-02
1.468072208677557479e-02
1.420965064108445884e-02
1.401515759460882950e-02
1.483411295944941227e-02
1.430649876048818193e-02
1.441596892186610725e-02
1.425054955114457740e-02
1.443644388756136314e-02
1.429841849950834985e-02
1.414672062985358747e-02
1.391376788234443239e-02
1.346436181390142130e-02
1.334533079178250488e-02
1.360199012404188224e-02
1.350368669097738034e-02
1.345436408221317888e-02
1.352660269401949333e-02
1.387208347254260780e-02
1.450088883603645358e-02
1.425574267061238513e-02
1.394465424875936804e-02
1.407076089967814435e-02
1.373654771495438215e-02
1.382765862719952284e-02
1.358427493562060738e-02
1.398972479744759433e-02
1.397468706444282387e-02
1.424280299957379238e-02
1.381918088911671290e-02
1.338494418132355618e-02
1.347449014651411203e-02
1.374416913182807849e-02
1.417367051468627036e-02
1.417848065357140037e-02
1.381439032425088413e-02
1.371647311503982301e-02
1.398821543927284729e-02
1.428522459851690012e-02
1.385662571670149418e-02
1.377564405027945256e-02
1.339945203561626608e-02
1.368042970008493363e-02
1.278416697430084618e-02
1.305154397062505828e-02
1.259749106971803229e-02
1.261088560383225726e-02
1.283215150443994292e-02
1.344245661850623948e-02
1.304992632151630305e-02
1.279031228728642021e-02
1.241946520883921261e-02
1.246351051122782799e-02
1.287609304450999109e-02
1.289209065971926027e-02
1.290210389109228833e-02
1.274454125617103216e-02
1.254946119677453377e-02
1.278245755919066133e-02
1.299174638798554320e-02
1.293269990672790692e-02
1.292366405958074622e-02
1.276227698135401663e-02
1.226080709315160132e-02
1.271907951964850771e-02
1.295160496229903584e-02
1.265237648189057075e-02
1.246025514901026587e-02
1.252798260485880021e-02
1.294282969750339303e-02
1.277375436138694642e-02
1.262389662937418548e-02
1.291790932107202659e-02
1.302386230813104735e-02
1.313502953173320033e-02
1.350222700274945724e-02
1.327284134914877463e-02
1.371663191867482194e-02
1.409689780108005185e-02
1.375277690822422107e-02
1.341080454339238504e-02
1.365800869069680283e-02
1.404445867424542090e-02
1.435470781100942755e-02
1.394043203020732362e-02
1.481937773872613745e-02
1.480397369987732602e-02
1.490851679018136665e-02
1.448855256081875258e-02
1.415043732661080793e-02
1.393643874851669025e-02
1.375543003729819830e-02
1.370038545964280541e-02
1.398295788474859802e-02
1.388715076951010062e-02
1.359671228706114260e-02
1.395005776410724631e-02
1.439647138356619192e-02
1.451391431545089733e-02
1.433322584347764168e-02
1.486068294601668692e-02
1.535386538980590930e-02
1.495579370920867464e-02
1.446085998227979001e-02
1.456203482077481071e-02
1.420652459059561917e-02
1.458030681536122593e-02
1.465800857387463026e-02
1.449103588184270062e-02
1.467724086165870905e-02
1.476853956595977103e-02
1.450364430763176858e-02
1.356852127432424220e-02
1.365368336486116191e-02
1.397070623099794934e-02
1.412537872887416161e-02
1.394142451151679334e-02
1.353445496444251328e-02
1.364892485372924853e-02
1.365653525868463884e-02
1.335981666550018106e-02
1.332297538642757996e-02
1.296555628468565313e-02
1.354702299919049828e-02
1.392821628769954322e-02
1.412401094069599093e-02
1.422382318334900614e-02
1.420958076647376410e-02
1.392518142123537993e-02
1.408547485431578365e-02
1.388955681289190565e-02
1.347032745523903119e-02
1.343019429840896541e-02
1.296248444073977955e-02
1.329009241440050858e-02
1.376940056322341344e-02
1.387966001613169693e-02
1.362550463973701692e-02
1.385575547598996010e-02
1.365883679774205182e-02
1.374753887103085520e-02
1.418950894944658904e-02
1.427981636117737520e-02
1.439834351306011617e-02
1.438027775304097540e-02
1.454278738145851207e-02
1.437860761833239555e-02
1.439437617397983614e-02
1.450159985349826729e-02
1.417300246493116873e-02
1.361072128355938875e-02
1.385995144057469881e-02
1.408223206943490756e-02
1.405562518948286384e-02
1.397703687234834978e-02
1.495744887238522995e-02
1.499077170741033686e-02
1.531863026059172156e-02
1.562323103495427863e-02
1.568875968935683207e-02
1.514984440217297980e-02
1.470392767496784235e-02
1.426291515362739480e-02
1.423740399463198879e-02
1.470169898170789295e-02
1.460086973047562513e-02
1.476898019199768437e-02
1.456988108789102586e-02
1.455046758890135572e-02
1.508835415670263524e-02
1.443638351693577772e-02
1.424720335364313036e-02
1.404020909753460333e-02
1.466941745407490845e-02
1.451528101839048672e-02
1.436712889426766844e-02
1.446035738506005856e-02
1.402492244821833094e-02
1.439402777374726612e-02
1.482760461775931536e-02
1.478763042789938559e-02
1.470631472483158869e-02
1.466568769104111686e-02
1.462764526620806416e-02
1.389388988557614842e-02
1.363476533383411148e-02
1.350573905734226039e-02
1.359852245563790592e-02
1.368813486806449813e-02
1.355628480921640573e-02
1.371010241937930564e-02
1.422114887174027141e-02
1.445611092308388308e-02
1.471875345982150141e-02
1.429874284608523456e-02
1.457570243199766795e-02
1.420706618722455787e-02
1.429488371915620636e-02
1.438014156155184749e-02
1.408996452761704203e-02
1.429134848389384399e-02
1.410298239254266506e-02
1.396397240848084274e-02
1.391599723623902947e-02
1.428579218570456312e-02
1.440436189833740888e-02
1.443871231435976503e-02
1.488502563747977347e-02
1.411394999232363189e-02
1.453123413022991244e-02
1.440341248739837772e-02
1.371757644871505165e-02
1.430549033130314174e-02
1.352432822964898078e-02
1.376096820168021956e-02
1.395901998394332745e-02
1.453981052681513862e-02
1.426486320770351500e-02
1.376484870568649155e-02
1.358976348922794758e-02
1.353991351068350481e-02
1.305958260326521396e-02
1.358422653578603145e-02
1.367640610435440218e-02
1.377715860907296162e-02
1.386551273553815987e-02
1.396524543781708927e-02
1.323280239181569284e-02
1.374810705614975918e-02
1.349536761740523748e-02
1.364981475744238282e-02
1.341310989420831969e-02
1.325008780845222944e-02
1.271774952206272680e-02
1.274381337966993925e-02
1.288473467427300560e-02
1.265643158389238160e-02
1.269149882722677390e-02
1.352923363522944185e-02
1.359128220203104954e-02
1.328402475084967949e-02
1.296600013492092175e-02
1.269047349552302612e-02
1.263691216836827086e-02
1.301748671982726029e-02
1.346051683091523642e-02
1.353104789661285084e-02
1.304188926574598693e-02
1.322214193755722779e-02
1.357488154474738480e-02
1.398574413121936484e-02
1.419975699863154119e-02
1.474806189781437300e-02
1.488674126391128540e-02
1.510769003314298142e-02
1.576270872064624434e-02
1.561544356975760016e-02
1.571806469817280463e-02
1.655962111252215832e-02
1.680657521980747152e-02
1.651792512211402650e-02
1.656568034301499071e-02
1.646793848742176755e-02
1.640829714987029203e-02
1.624308839543365038e-02
1.603515103245577514e-02
1.604527054022254415e-02
1.628003820311327635e-02
1.653419201078889372e-02
1.632116942145590485e-02
1.628755215274739140e-02
1.594605826558554221e-02
1.553725119255629228e-02
1.520619143967463262e-02
1.542849774565035505e-02
1.558377836821621398e-02
1.566755189590606639e-02
1.538935321161844123e-02
1.503870109607945670e-02
1.499412722965717988e-02
1.491677901377924664e-02
1.468958683081770904e-02
1.455967929201486787e-02
1.477243953270887707e-02
1.445620000218230707e-02
1.392978143014941654e-02
1.381950205854533265e-02
1.375918654157517323e-02
1.324036009585629475e-02
1.340854425960184143e-02
1.320724019940955167e-02
1.293903519400882267e-02
1.317782731576066201e-02
1.289172369031566477e-02
1.292492060211664073e-02
1.305243146517132830e-02
1.284024948306485871e-02
1.300495777388456335e-02
1.331689334167919340e-02
1.381050123067208320e-02
1.398387431191430198e-02
1.424119747117247314e-02
1.386711850395698671e-02
1.389704917735305051e-02
1.376593021713464794e-02
1.399773876164479326e-02
1.472932047396057105e-02
1.421703877148332990e-02
1.429706755410449677e-02
1.460723772200025507e-02
1.438148805771677190e-02
1.446844659753018791e-02
1.434160887653840311e-02
1.402604214860268296e-02
1.389837338341988644e-02
1.402156380783299051e-02
1.375665757062110271e-02
1.391350085355029000e-02
1.351964694350696501e-02
1.310805236086365171e-02
1.271816573685615598e-02
1.273045865177012577e-02
1.262807343259695486e-02
1.339793958106215432e-02
1.363681184900381038e-02
1.346569962642260587e-02
1.412452202039444528e-02
1.443021009851621662e-02
1.464150450643559621e-02
1.475033398968178706e-02
1.489983487102333748e-02
1.460170531835261985e-02
1.437819838559416773e-02
1.447023348642601827e-02
1.399695781616454825e-02
1.401951892546854372e-02
1.453513650708262821e-02
1.505004176263836750e-02
1.498112665536356462e-02
1.489570027230715556e-02
1.511037266438454950e-02
1.464815735533530477e-02
1.496161146541567961e-02
1.492693711853698528e-02
1.511666698824815774e-02
1.470280668518939536e-02
1.474144561544788769e-02
1.517566798916776538e-02
1.541646369639141506e-02
1.524191322404489131e-02
1.526364031175089786e-02
1.526895394374693654e-02
1.526727356322508423e-02
1.544919430852924498e-02
1.508725254566985023e-02
1.510150933648162636e-02
1.516950856977069412e-02
1.518837342514656012e-02
1.521250226117626218e-02
1.494228975304688102e-02
1.514438077388818339e-02
1.521080425817672617e-02
1.536649217914121297e-02
1.567805186685930496e-02
1.579327350801095625e-02
1.571118433498534459e-02
1.577075924357207795e-02
1.589794213612328797e-02
1.531011215797003187e-02
1.488303422958056448e-02
1.497599847928321633e-02
1.477521199600002888e-02
1.452715276844775832e-02
1.433528763076934338e-02
1.401312035211982852e-02
1.367544741106018445e-02
1.372830138344979627e-02
1.356121716220242378e-02
1.332824951614146151e-02
1.320392000496107242e-02
1.305964419493651184e-02
1.284487367291261249e-02
1.323902170461792489e-02
1.322048914603047957e-02
1.322628724690129952e-02
1.279928713121080731e-02
1.292104884286755621e-02
1.307923280800196535e-02
1.279922987160365434e-02
1.353051114722563647e-02
1.397472390979045097e-02
1.297707198815634989e-02
1.306906842822667079e-02
1.246392966063855461e-02
1.227597486292678064e-02
1.221545575689390699e-02
1.185868213232746382e-02
1.226629871621135771e-02
1.234567813451652347e-02
1.218702574177994886e-02
1.218289820485524665e-02
1.138536396915150462e-02
1.151161836916877491e-02
1.184433642388077641e-02
1.182354648742019176e-02
1.181206876640033578e-02
1.221652599757773287e-02
1.222336219137526957e-02
1.259374552786059372e-02
1.266501699227261420e-02
1.240483194212133912e-02
1.252433748344096431e-02
1.207961441182685974e-02
1.245955284021391281e-02
1.232814199119619536e-02
1.206345140130329376e-02
1.224981126086508755e-02
1.236008697910945080e-02
1.241922193319455574e-02
1.230029414560135891e-02
1.255566404887271253e-02
1.288826258572978167e-02
1.298813138963293180e-02
1.297965887703621084e-02
1.299157648598425578e-02
1.309921551018769330e-02
1.292026427656969845e-02
1.298878067859896707e-02
1.377076352444438732e-02
1.333629412137112176e-02
1.341687063176365963e-02
1.309547899639795093e-02
1.332601656304223392e-02
1.309223704707953954e-02
1.319357188801186659e-02
1.329314300066175569e-02
1.296344154589170773e-02
1.280152830212051562e-02
1.286560790002132942e-02
1.299706929176813047e-02
1.293231317157976686e-02
1.340943987947143708e-02
1.336248266404780650e-02
1.286504605753102139e-02
1.254970322263692512e-02
1.261205604403130807e-02
1.226065146216263890e-02
1.207102558522558759e-02
1.252697140808139466e-02
1.254956102434642840e-02
1.257634942265563500e-02
1.272886934628637660e-02
1.297097521214885148e-02
1.289519938187427134e-02
1.305719748365530460e-02
1.281247712360658077e-02
1.255264475052809796e-02
1.228136987357321928e-02
1.266932649858834060e-02
1.253759090792942905e-02
1.282245068408339843e-02
1.308730524119212750e-02
1.286970757686851929e-02
1.300816663850189008e-02
1.271875469845018362e-02
1.261368790837345995e-02
1.276304946170240401e-02
1.315084231399942481e-02
1.283647197683936668e-02
1.271882927347276621e-02
1.289426769500388349e-02
1.305967727281310414e-02
1.240067612635413312e-02
1.225716323785620669e-02
1.239334952111575960e-02
1.226102164054875508e-02
1.175573183562029361e-02
1.201129517999502232e-02
1.171811302688645882e-02
1.137607255950263442e-02
1.099570882143835991e-02
1.074278525179882954e-02
1.016892243813016621e-02
1.004995642964432410e-02
1.027203595161251849e-02
9.779107938471259462e-03
1.002669734670772958e-02
1.080676768283583659e-02
1.144538693679545728e-02
1.147140946815131991e-02
1.095637799256829470e-02
1.128764539911832933e-02
1.188313252381021506e-02
1.181996465109935203e-02
1.190636760841481089e-02
1.173727180333548198e-02
1.213861214754020056e-02
1.182778210264428566e-02
1.204928688170596278e-02
1.183933644323325457e-02
1.192368551880377409e-02
1.183611015207955940e-02
1.178848507376680822e-02
1.152805357495383098e-02
1.105640248180977427e-02
1.096147791378070634e-02
1.084773701076692000e-02
1.135825841401276980e-02
1.151462059841304626e-02
1.177679052011104156e-02
1.167373943384104017e-02
1.138625678509247972e-02
1.171653117747305239e-02
1.111061190653288809e-02
1.096173087429685132e-02
1.138169272972069934e-02
1.135485983864610408e-02
1.176339745428372531e-02
1.175018418858243124e-02
1.180317995219537335e-02
1.209637841420522879e-02
1.212071689864821500e-02
1.187801176891788851e-02
1.196199241301037358e-02
1.250083576073725972e-02
1.273000803989988820e-02
1.256030552135288005e-02
1.188399699544496861e-02
1.176894869315653173e-02
1.163997982093149634e-02
1.177714193548967843e-02
1.210736825189279338e-02
1.232557460039745111e-02
1.251658985714906858e-02
1.261469144598082598e-02
1.261477340753514725e-02
1.288766709037226545e-02
1.286874086553461971e-02
1.281127468895198324e-02
1.268305915932796402e-02
1.348801262285674769e-02
1.368903297722265378e-02
1.370695864602244213e-02
1.360499816181516726e-02
1.363750770658383842e-02
1.405660306782748233e-02
1.430491750761240556e-02
1.387321310953629032e-02
1.358846262364906722e-02
1.343171512813845676e-02
1.340408209062420204e-02
1.312512079900940258e-02
1.370757450312964226e-02
1.388064101737108112e-02
1.440196184328677853e-02
1.420250599465739533e-02
1.388434447469603754e-02
1.400100395091533056e-02
1.366566147259875436e-02
1.334430140727524416e-02
1.325626209547181578e-02
1.315960969544239384e-02
1.305121335041647436e-02
1.285456421562560826e-02
1.202645223046828332e-02
1.203099367176169859e-02
1.225953000047749070e-02
1.202040476918248522e-02
1.164636683162165870e-02
1.223610687832801802e-02
1.236605901695459094e-02
1.202491044932008785e-02
1.158876664792368207e-02
1.155620916292115358e-02
1.149070232347444535e-02
1.143947061394261916e-02
1.131109029066119931e-02
1.161320986494895728e-02
1.167348615186350642e-02
1.191309168794820079e-02
1.252596376501802396e-02
1.251710354078965776e-02
1.283700037140591589e-02
1.277838703278637994e-02
1.285505285476193880e-02
1.311365596693188189e-02
1.317359168323245511e-02
1.279855116125143237e-02
1.326609844634198121e-02
1.344844462848243140e-02
1.368636922260525572e-02
1.347391168924742290e-02
1.379277265595753831e-02
1.417844850233410114e-02
1.371898815204091598e-02
1.391810742991968393e-02
1.369544427352075051e-02
1.363101240143507233e-02
1.317886623896893233e-02
1.327445940563941502e-02
1.340038127647774115e-02
1.374622518007319848e-02
1.368911272132398993e-02
1.460346806348089034e-02
1.492039126876170026e-02
1.458960308706461380e-02
1.444189239299598082e-02
1.434259427362633010e-02
1.420092044521270580e-02
1.377741414533880694e-02
1.385373166857015864e-02
1.414120398637938071e-02
1.434869631561523466e-02
1.445057594846662317e-02
1.468959581063347675e-02
1.448968079022138790e-02
1.412844431449688555e-02
1.383305958485777677e-02
1.377607831963345575e-02
1.434982335421059428e-02
1.429966941767010780e-02
1.424334697489071204e-02
1.430494975892715459e-02
1.416638795559140712e-02
1.421309920410097211e-02
1.421087205086340836e-02
1.408959062944484773e-02
1.425692534208352312e-02
1.456217375497212245e-02
1.474479323637822858e-02
1.492047552525067877e-02
1.456847189565035373e-02
1.507611299279615173e-02
1.488426937504477333e-02
1.495677208637319865e-02
1.502189565460556459e-02
1.500589814014286101e-02
1.451943841708528554e-02
1.475268044470458978e-02
1.535357755360479588e-02
1.497588326068848008e-02
1.526540919222398561e-02
1.516594971386547343e-02
1.499559899225930831e-02
1.546197458381107746e-02
1.506205694648935119e-02
1.527592240585728262e-02
1.547099524482840015e-02
1.571049485895335482e-02
1.571286049026220794e-02
1.570206942963663782e-02
1.596541326126335938e-02
1.577757878343009901e-02
1.579198914791002731e-02
1.561001705375380556e-02
1.598069829779704895e-02
1.576140056661405955e-02
1.623303282464894082e-02
1.681128419290390044e-02
1.705225175355585057e-02
1.699653468819882843e-02
1.703199329509167206e-02
1.713703559195190601e-02
1.710393705345838664e-02
1.673573000065082042e-02
1.667143146231025649e-02
1.601021513951964362e-02
1.618932281741328541e-02
1.637544705425900485e-02
1.649648844618495369e-02
1.644562628331609419e-02
1.657405597193027311e-02
1.652722517479258968e-02
1.645316759335032145e-02
1.637280547241916004e-02
1.598220034629664263e-02
1.584626513725560445e-02
1.609322267658410202e-02
1.615119315300623734e-02
1.612149603992591579e-02
1.592964166357206321e-02
1.606627116092985974e-02
1.591123520794850837e-02
1.572632358145589423e-02
1.507451305880165744e-02
1.443253158503465632e-02
1.431571097261379565e-02
1.437719141260387044e-02
1.497049108067985933e-02
1.467890983564748737e-02
1.441858648596385135e-02
1.478349917988688693e-02
1.504139534760838559e-02
1.519001963131579036e-02
1.539001632862881976e-02
1.569394552054556927e-02
1.571524651381449658e-02
1.558598628789944866e-02
1.552468005181910360e-02
1.523694565240394511e-02
1.519386364356104142e-02
1.498460519663287645e-02
1.487695408488845517e-02
1.491629689132691755e-02
1.464503822572435325e-02
1.447395065832990206e-02
1.456124473567073536e-02
1.447392466938846045e-02
1.425999031953014036e-02
1.428735997684819382e-02
1.389383373343284871e-02
1.386304092783675196e-02
1.393670894125269115e-02
1.407835373032124450e-02
1.420279235147690368e-02
1.408500000185228251e-02
1.384493287610755186e-02
1.416211155673606503e-02
1.420933366120699128e-02
1.419065288791502601e-02
1.455401263591907940e-02
1.423187790110084540e-02
1.407656775846363728e-02
1.413306385107236489e-02
1.444031312147491843e-02
1.426314403452562211e-02
1.481037118542818075e-02
1.518456419885425013e-02
1.565587527045375973e-02
1.549146663160561044e-02
1.592422628027358525e-02
1.543970855585095198e-02
1.524565513209715471e-02
1.530719398203856697e-02
1.487888703540944484e-02
1.538433327625528257e-02
1.550705827673959543e-02
1.586534489061674699e-02
1.590524436324821517e-02
1.568755264376571479e-02
1.575279238251255792e-02
1.552757480094113691e-02
1.512076104814626121e-02
1.508326798941308361e-02
1.499741299987213290e-02
1.492496208864602623e-02
1.479919360253907461e-02
1.493878502311078021e-02
1.493966239639967636e-02
1.461386438121663363e-02
1.462856919299676539e-02
1.459505212017342228e-02
1.403461731527737288e-02
1.392905165454158371e-02
1.419796756784376217e-02
1.439321139663289791e-02
1.423691896807367796e-02
1.447078146395900343e-02
1.452470928368357860e-02
1.453798836555755120e-02
1.465833538830263634e-02
1.420909591190812338e-02
1.413627434644171288e-02
1.452293169705430424e-02
1.474200155413155772e-02
1.451982248129110413e-02
1.448408863984988748e-02
1.440243342699916961e-02
1.429237594799862010e-02
1.454575721407965448e-02
1.515522696153875394e-02
1.510519420057778416e-02
1.515627293753152131e-02
1.497817290135499378e-02
1.540002525805934941e-02
1.535235161543910265e-02
1.502397875924673699e-02
1.474667658420180348e-02
1.486998155464583880e-02
1.578887784788413420e-02
1.546072681948765931e-02
1.555314001401346576e-02
1.578694621129183781e-02
1.567865983313099579e-02
1.559615061559748057e-02
1.547567738688725159e-02
1.567419557507490971e-02
1.585158658336802140e-02
1.582548590391415211e-02
1.562612941617261622e-02
1.558586052191993955e-02
1.566235758059962568e-02
1.559578258512991228e-02
1.559674023547578080e-02
1.504657747595119881e-02
1.528608124393925939e-02
1.490600480113938621e-02
1.471851579796340515e-02
1.526271574540199148e-02
1.503038745326027575e-02
1.526339415420416463e-02
1.548463114542406559e-02
1.561964444944079732e-02
1.555503664727284074e-02
1.580200966999863524e-02
1.586589800367159062e-02
1.569676199861359811e-02
1.560297031395952057e-02
1.540710887882917879e-02
1.524094207959225677e-02
1.524510299919730992e-02
1.504562443887687284e-02
1.499882164119879790e-02
1.476658003144586118e-02
1.493831403931289263e-02
1.493907781329923030e-02
1.510475336539349872e-02
1.479205793363035787e-02
1.493020550171017362e-02
1.522985895174163058e-02
1.552566447362923978e-02
1.544291715943852707e-02
1.574711510352620400e-02
1.574894906488990415e-02
