0.000000000000000000e+00
7.909861037375247317e-02
7.909861037375247317e-02
7.909861037375247317e-02
7.909861037375247317e-02
7.909861037375247317e-02
7.909861037375247317e-02
7.909861037375247317e-02
7.909861037375247317e-02
7.909861037375247317e-02
7.909861037375247317e-02
7.909861037375247317e-02
7.909861037375247317e-02
7.909861037375247317e-02
7.909861037375247317e-02
7.909861037375247317e-02
7.909861037375247317e-02
7.909861037375247317e-02
7.909861037375247317e-02
7.909861037375247317e-02
7.909861037375247317e-02
7.909861037375247317e-02
7.909861037375247317e-02
7.909861037375247317e-02
7.909861037375247317e-02
7.909861037375247317e-02
7.731549075973936924e-02
7.731549075973936924e-02
7.731549075973936924e-02
7.421159701114495022e-02
7.472222457750123115e-02
7.472222457750123115e-02
7.472222457750123115e-02
7.827531130553448679e-02
7.797058567260202466e-02
7.797058567260202466e-02
7.592721355855522325e-02
7.531184190398899914e-02
7.682366955899923300e-02
7.578023494189385645e-02
7.578023494189385645e-02
7.578023494189385645e-02
7.578023494189385645e-02
7.921550566795938775e-02
7.832012639379683228e-02
8.296514552839667767e-02
8.237555130956090987e-02
7.899777890486871235e-02
7.531562489685748873e-02
7.894363371992632605e-02
7.719868562433512826e-02
8.083853143624271376e-02
7.894437367834580832e-02
7.894437367834580832e-02
8.095581184587538615e-02
8.029910926759210865e-02
8.071957343370979310e-02
7.942579426566584444e-02
7.806604454886374722e-02
7.723906685535035510e-02
7.699724125222214000e-02
7.656676927327669968e-02
7.396506372863724532e-02
7.188931860943824359e-02
7.188931860943824359e-02
7.218913697266463037e-02
7.149938689927037849e-02
7.302541232630105350e-02
7.286942610581219337e-02
7.192240251751971791e-02
7.025504898432878564e-02
6.924288716476854899e-02
7.055606741027170559e-02
7.313537334713349214e-02
7.273382594683937274e-02
7.155359690704747588e-02
7.381032725883948653e-02
7.764776262495863557e-02
7.723394571614443371e-02
7.567384452754834234e-02
7.811252186351023974e-02
7.708978648783897103e-02
7.641021077518300730e-02
7.575645477263541483e-02
7.764509959892278157e-02
7.730706675884839452e-02
8.429622145061844984e-02
8.401122871085973942e-02
8.264551538141433340e-02
8.210719721721684849e-02
8.010957816918820584e-02
7.974698649617896484e-02
7.995361086886434987e-02
7.853653644894775798e-02
8.008248970695049096e-02
7.853623914316507082e-02
7.845156694735193337e-02
7.779047095541194445e-02
7.737987667811581372e-02
7.870410647701450713e-02
7.870410647701450713e-02
8.421957806236014810e-02
8.587362362770910307e-02
8.956278683444503230e-02
8.974629369878095453e-02
8.956546829087408401e-02
8.866482695999304553e-02
8.816778322161222814e-02
8.822983607010841112e-02
8.872748258278471967e-02
8.857525043550386334e-02
9.022315434977080939e-02
9.033761298035865306e-02
9.178082143137700211e-02
9.115003892572182131e-02
9.277146060171043151e-02
9.217570512383717329e-02
9.124760563926147261e-02
9.062159126346970572e-02
9.091661728813267562e-02
9.079180217730258018e-02
9.038233326188442607e-02
9.004061233232990569e-02
8.874746604175258458e-02
8.893692988182616554e-02
8.850480302665579557e-02
8.882290433318394685e-02
8.869603650823193464e-02
8.839506238602651278e-02
8.839506238602651278e-02
8.904769132510292895e-02
8.832414268631273713e-02
8.840260048983288044e-02
8.860075539207883100e-02
8.837741603247201150e-02
8.773415601879593073e-02
8.766663256577811314e-02
8.743374561833439085e-02
8.739109555307265909e-02
8.739109555307265909e-02
8.568820255318819468e-02
8.790370968574805211e-02
8.761252242186808037e-02
8.707666977776180872e-02
8.602619159971514051e-02
8.602619159971514051e-02
8.615437131915414104e-02
8.598073493772456777e-02
8.598073493772456777e-02
8.670724201380092255e-02
8.547274782032708573e-02
8.547274782032708573e-02
8.559132171916676579e-02
8.494195984445106207e-02
8.494195984445106207e-02
8.465528072351863331e-02
8.465528072351863331e-02
8.441528051032849700e-02
8.409160472334475944e-02
8.360668901603163228e-02
8.360668901603163228e-02
8.359074838014629583e-02
8.353696878987711127e-02
8.450412502472028076e-02
8.450412502472028076e-02
8.563533151698023149e-02
8.548767922266643782e-02
8.536123291611263930e-02
8.576070737995483695e-02
8.585692882648293667e-02
8.597215777088657029e-02
8.553022461745866944e-02
8.553022461745866944e-02
8.582647013860204843e-02
8.601945652649350960e-02
8.601945652649350960e-02
8.613987603755669797e-02
8.713718273566367634e-02
8.685083637026445869e-02
8.685083637026445869e-02
8.685083637026445869e-02
8.685083637026445869e-02
8.685083637026445869e-02
8.697499036110749315e-02
8.816003676970120273e-02
8.826684461850538288e-02
8.851686890577953326e-02
8.851686890577953326e-02
8.865874624857890407e-02
8.865874624857890407e-02
8.823022634615589055e-02
8.823022634615589055e-02
8.835633793731645369e-02
8.876021677880623073e-02
8.873872365364521286e-02
8.967999570622851857e-02
8.929799020939728493e-02
8.908198859816784942e-02
8.908198859816784942e-02
8.836668116592590050e-02
8.836668116592590050e-02
8.836668116592590050e-02
8.928006028568206964e-02
8.995916389944479119e-02
9.007486106936279935e-02
9.007486106936279935e-02
8.991752843517292204e-02
8.991752843517292204e-02
9.041997009325870860e-02
9.028637466899643027e-02
9.027702930559726446e-02
9.027702930559726446e-02
9.027702930559726446e-02
9.027702930559726446e-02
9.027702930559726446e-02
8.990471743174384411e-02
8.990471743174384411e-02
8.977724505600022387e-02
8.977724505600022387e-02
8.989900791476988784e-02
8.989900791476988784e-02
9.073770314502498102e-02
9.073770314502498102e-02
9.073770314502498102e-02
9.048076891935291632e-02
9.058519625338980197e-02
9.038473235013232132e-02
9.038473235013232132e-02
9.038473235013232132e-02
9.013936634524190306e-02
9.013936634524190306e-02
9.075794047882328186e-02
9.075794047882328186e-02
9.075794047882328186e-02
9.065146555720519916e-02
9.053298789388249113e-02
9.053298789388249113e-02
9.053298789388249113e-02
9.053298789388249113e-02
9.053298789388249113e-02
9.053298789388249113e-02
9.063332506103022324e-02
9.063332506103022324e-02
9.063332506103022324e-02
9.034708369408289697e-02
9.045147130109278122e-02
9.045147130109278122e-02
9.045147130109278122e-02
9.045147130109278122e-02
9.045147130109278122e-02
9.045147130109278122e-02
9.010412508429281597e-02
9.010412508429281597e-02
9.010412508429281597e-02
8.960057119386764801e-02
8.972011794466804024e-02
8.972011794466804024e-02
8.972011794466804024e-02
8.972011794466804024e-02
8.972011794466804024e-02
8.972011794466804024e-02
8.963244219437312144e-02
8.963244219437312144e-02
8.963244219437312144e-02
8.963244219437312144e-02
8.920922662296622285e-02
8.920922662296622285e-02
8.879512654183642495e-02
8.898797136949528064e-02
8.918135068265131693e-02
8.918135068265131693e-02
8.878088671666543863e-02
8.878088671666543863e-02
8.878088671666543863e-02
8.878088671666543863e-02
8.878088671666543863e-02
8.875605005835539296e-02
8.875605005835539296e-02
8.875605005835539296e-02
8.865662982568330019e-02
8.865662982568330019e-02
8.856507488638311332e-02
8.856507488638311332e-02
8.922657930148442107e-02
8.907784090663735388e-02
8.907784090663735388e-02
8.907784090663735388e-02
8.902074706656230851e-02
8.902074706656230851e-02
8.902074706656230851e-02
8.876497263110065539e-02
8.876497263110065539e-02
8.876497263110065539e-02
8.840364494138781837e-02
8.845584893161501094e-02
8.832085549312207462e-02
8.832085549312207462e-02
8.796702216893166615e-02
8.796702216893166615e-02
8.796702216893166615e-02
8.796702216893166615e-02
8.728377624596377060e-02
8.728377624596377060e-02
8.728377624596377060e-02
8.725996198021736261e-02
8.725996198021736261e-02
8.725996198021736261e-02
8.725996198021736261e-02
8.725996198021736261e-02
8.716478694948887052e-02
8.707959887077533490e-02
8.707959887077533490e-02
8.707959887077533490e-02
8.707959887077533490e-02
8.768544590439346365e-02
8.779116107763695886e-02
8.779116107763695886e-02
8.779116107763695886e-02
8.779116107763695886e-02
8.779116107763695886e-02
8.779116107763695886e-02
8.753327711314394521e-02
8.746083464365798921e-02
8.746083464365798921e-02
8.746083464365798921e-02
8.746083464365798921e-02
8.746083464365798921e-02
8.746083464365798921e-02
8.746083464365798921e-02
8.746083464365798921e-02
8.744226107606685450e-02
8.746313355170849679e-02
8.746313355170849679e-02
8.746313355170849679e-02
8.746313355170849679e-02
8.746313355170849679e-02
8.796040151412944097e-02
8.796040151412944097e-02
8.796040151412944097e-02
8.787851078417667494e-02
8.787851078417667494e-02
8.787851078417667494e-02
8.787851078417667494e-02
8.787851078417667494e-02
8.757945539605817287e-02
8.757945539605817287e-02
8.720895463077994736e-02
8.720895463077994736e-02
8.720895463077994736e-02
8.714700705258404678e-02
8.714700705258404678e-02
8.714700705258404678e-02
8.725066115343212136e-02
8.725066115343212136e-02
8.725066115343212136e-02
8.725066115343212136e-02
8.725066115343212136e-02
8.725066115343212136e-02
8.725066115343212136e-02
8.725066115343212136e-02
8.725066115343212136e-02
8.725066115343212136e-02
8.725066115343212136e-02
8.725066115343212136e-02
8.725066115343212136e-02
8.725066115343212136e-02
8.713846831563583362e-02
8.686332303989953429e-02
8.686332303989953429e-02
8.686332303989953429e-02
-8.689323970619960980e-02
-8.689323970619960980e-02
-8.689323970619960980e-02
-8.740423113041091707e-02
-8.740423113041091707e-02
-8.740423113041091707e-02
-8.746198830452750483e-02
-8.746198830452750483e-02
-8.746198830452750483e-02
-8.746198830452750483e-02
-8.746198830452750483e-02
-8.746198830452750483e-02
-8.746198830452750483e-02
-8.746198830452750483e-02
-8.746198830452750483e-02
-8.746198830452750483e-02
-8.746198830452750483e-02
-8.746198830452750483e-02
-8.730812838825131872e-02
-8.730812838825131872e-02
-8.730812838825131872e-02
-8.730812838825131872e-02
-8.730812838825131872e-02
-8.730812838825131872e-02
-8.730812838825131872e-02
-8.730812838825131872e-02
-8.730812838825131872e-02
-8.730812838825131872e-02
-8.730812838825131872e-02
-8.716188968089551292e-02
-8.716188968089551292e-02
-8.716188968089551292e-02
-8.716188968089551292e-02
-8.716188968089551292e-02
-8.716188968089551292e-02
-8.716188968089551292e-02
-8.716188968089551292e-02
-8.716188968089551292e-02
-8.716188968089551292e-02
-8.716188968089551292e-02
-8.716188968089551292e-02
-8.714060709287956008e-02
-8.712274563909565284e-02
-8.712274563909565284e-02
-8.712274563909565284e-02
-8.698440215705975642e-02
-8.698440215705975642e-02
-8.698440215705975642e-02
-8.698440215705975642e-02
-8.698440215705975642e-02
-8.698440215705975642e-02
-8.698440215705975642e-02
-8.698440215705975642e-02
-8.698440215705975642e-02
-8.698440215705975642e-02
-8.698440215705975642e-02
-8.698440215705975642e-02
-8.698440215705975642e-02
-8.703686321582525254e-02
-8.718803402629109189e-02
-8.718803402629109189e-02
-8.718803402629109189e-02
-8.718803402629109189e-02
-8.718803402629109189e-02
-8.718803402629109189e-02
-8.718803402629109189e-02
-8.708668746686133721e-02
-8.708668746686133721e-02
-8.708668746686133721e-02
-8.708668746686133721e-02
-8.703941081959344628e-02
-8.703941081959344628e-02
-8.703941081959344628e-02
-8.703941081959344628e-02
-8.703941081959344628e-02
-8.703941081959344628e-02
-8.703941081959344628e-02
-8.703941081959344628e-02
-8.703941081959344628e-02
-8.703941081959344628e-02
-8.703941081959344628e-02
-8.703941081959344628e-02
-8.681519329111597738e-02
-8.681519329111597738e-02
-8.677180460809376383e-02
-8.677180460809376383e-02
-8.677180460809376383e-02
-8.677180460809376383e-02
-8.679435809611331376e-02
-8.679435809611331376e-02
-8.679435809611331376e-02
-8.703139858175419630e-02
-8.703139858175419630e-02
-8.707528472502669425e-02
-8.707528472502669425e-02
-8.707528472502669425e-02
-8.705818210743467012e-02
-8.705818210743467012e-02
-8.710397134999880997e-02
-8.710397134999880997e-02
-8.710397134999880997e-02
-8.715031643530768424e-02
-8.715031643530768424e-02
-8.715031643530768424e-02
-8.715031643530768424e-02
-8.715031643530768424e-02
-8.702788418698505224e-02
-8.702788418698505224e-02
-8.702788418698505224e-02
-8.702788418698505224e-02
-8.702788418698505224e-02
-8.702788418698505224e-02
-8.702788418698505224e-02
-8.702788418698505224e-02
-8.702788418698505224e-02
-8.702788418698505224e-02
-8.741558777265495683e-02
-8.741558777265495683e-02
-8.741558777265495683e-02
-8.741558777265495683e-02
-8.741558777265495683e-02
-8.741558777265495683e-02
-8.741558777265495683e-02
-8.741558777265495683e-02
-8.741558777265495683e-02
-8.741558777265495683e-02
-8.741558777265495683e-02
-8.741558777265495683e-02
-8.741558777265495683e-02
-8.741558777265495683e-02
-8.741558777265495683e-02
-8.741558777265495683e-02
-8.741558777265495683e-02
-8.741558777265495683e-02
-8.746050898212376357e-02
-8.746050898212376357e-02
-8.746050898212376357e-02
-8.746050898212376357e-02
-8.733132957020578457e-02
-8.727215291627365978e-02
-8.727215291627365978e-02
-8.727215291627365978e-02
-8.727215291627365978e-02
-8.727215291627365978e-02
-8.727215291627365978e-02
-8.727215291627365978e-02
-8.727215291627365978e-02
-8.727215291627365978e-02
-8.727215291627365978e-02
-8.727215291627365978e-02
-8.727215291627365978e-02
-8.727215291627365978e-02
-8.727215291627365978e-02
-8.727215291627365978e-02
-8.723491825303471281e-02
-8.723491825303471281e-02
-8.723491825303471281e-02
-8.723491825303471281e-02
-8.723491825303471281e-02
-8.723491825303471281e-02
-8.727892792138636224e-02
-8.727892792138636224e-02
-8.727892792138636224e-02
-8.727892792138636224e-02
-8.727892792138636224e-02
-8.727892792138636224e-02
-8.727892792138636224e-02
-8.727892792138636224e-02
-8.717148717783608503e-02
-8.717148717783608503e-02
-8.717148717783608503e-02
-8.717148717783608503e-02
-8.717148717783608503e-02
-8.717148717783608503e-02
-8.717148717783608503e-02
-8.717148717783608503e-02
-8.717148717783608503e-02
-8.717148717783608503e-02
-8.721030890655868950e-02
-8.721030890655868950e-02
-8.721030890655868950e-02
-8.721030890655868950e-02
-8.721030890655868950e-02
-8.721030890655868950e-02
-8.721030890655868950e-02
-8.721030890655868950e-02
-8.721030890655868950e-02
-8.721030890655868950e-02
-8.721030890655868950e-02
-8.721030890655868950e-02
-8.721030890655868950e-02
-8.721030890655868950e-02
-8.721030890655868950e-02
-8.721030890655868950e-02
-8.725312596921967756e-02
-8.725312596921967756e-02
-8.725312596921967756e-02
-8.725312596921967756e-02
-8.725312596921967756e-02
-8.725312596921967756e-02
-8.725312596921967756e-02
-8.725312596921967756e-02
-8.725312596921967756e-02
-8.725312596921967756e-02
-8.725312596921967756e-02
-8.725312596921967756e-02
-8.720171296894342616e-02
-8.720171296894342616e-02
-8.720171296894342616e-02
-8.720171296894342616e-02
-8.720171296894342616e-02
-8.720171296894342616e-02
-8.720171296894342616e-02
-8.720171296894342616e-02
-8.720171296894342616e-02
-8.720171296894342616e-02
-8.720171296894342616e-02
-8.720171296894342616e-02
-8.720171296894342616e-02
-8.720171296894342616e-02
-8.720171296894342616e-02
-8.712537763231320564e-02
-8.712537763231320564e-02
-8.712537763231320564e-02
-8.712537763231320564e-02
-8.712537763231320564e-02
-8.712537763231320564e-02
-8.712537763231320564e-02
-8.712537763231320564e-02
-8.712537763231320564e-02
-8.712537763231320564e-02
-8.712537763231320564e-02
-8.712537763231320564e-02
-8.712537763231320564e-02
-8.712537763231320564e-02
-8.712537763231320564e-02
-8.712537763231320564e-02
-8.712537763231320564e-02
-8.712537763231320564e-02
-8.743402702572762586e-02
-8.743402702572762586e-02
-8.743402702572762586e-02
-8.743402702572762586e-02
-8.743402702572762586e-02
-8.743402702572762586e-02
-8.726645383001174761e-02
-8.726645383001174761e-02
-8.726645383001174761e-02
-8.719466256885548272e-02
-8.719466256885548272e-02
-8.719466256885548272e-02
-8.719466256885548272e-02
-8.719466256885548272e-02
-8.719466256885548272e-02
-8.719466256885548272e-02
-8.719466256885548272e-02
-8.719466256885548272e-02
-8.719466256885548272e-02
-8.719466256885548272e-02
-8.719466256885548272e-02
-8.719466256885548272e-02
-8.719466256885548272e-02
-8.719466256885548272e-02
-8.719466256885548272e-02
-8.719466256885548272e-02
-8.719466256885548272e-02
-8.719466256885548272e-02
-8.719466256885548272e-02
-8.719466256885548272e-02
-8.719466256885548272e-02
-8.719466256885548272e-02
-8.719466256885548272e-02
-8.719466256885548272e-02
-8.748780494043147116e-02
-8.728874460180985340e-02
-8.728874460180985340e-02
-8.728874460180985340e-02
-8.728874460180985340e-02
-8.728874460180985340e-02
-8.728874460180985340e-02
-8.728874460180985340e-02
-8.728874460180985340e-02
-8.728874460180985340e-02
-8.728874460180985340e-02
-8.728874460180985340e-02
-8.728874460180985340e-02
-8.728874460180985340e-02
-8.728874460180985340e-02
-8.719707449560543111e-02
-8.719707449560543111e-02
-8.724226902582220278e-02
-8.724226902582220278e-02
-8.724226902582220278e-02
-8.724226902582220278e-02
-8.724226902582220278e-02
-8.724226902582220278e-02
-8.724226902582220278e-02
-8.724226902582220278e-02
-8.724226902582220278e-02
-8.724226902582220278e-02
-8.724226902582220278e-02
-8.724226902582220278e-02
-8.724226902582220278e-02
-8.724226902582220278e-02
-8.727815116667482498e-02
-8.727815116667482498e-02
-8.727815116667482498e-02
-8.727815116667482498e-02
-8.727815116667482498e-02
-8.727815116667482498e-02
-8.727815116667482498e-02
-8.727815116667482498e-02
-8.727815116667482498e-02
-8.727815116667482498e-02
-8.727815116667482498e-02
-8.727815116667482498e-02
-8.727815116667482498e-02
-8.727815116667482498e-02
-8.727815116667482498e-02
-8.727815116667482498e-02
-8.727815116667482498e-02
-8.727815116667482498e-02
-8.727815116667482498e-02
-8.727815116667482498e-02
-8.727815116667482498e-02
-8.727815116667482498e-02
-8.727815116667482498e-02
-8.727815116667482498e-02
-8.727815116667482498e-02
-8.727815116667482498e-02
-8.727815116667482498e-02
-8.727815116667482498e-02
-8.719563474252212121e-02
-8.719563474252212121e-02
-8.719563474252212121e-02
-8.719563474252212121e-02
-8.719563474252212121e-02
-8.719563474252212121e-02
-8.719563474252212121e-02
-8.719563474252212121e-02
-8.719563474252212121e-02
-8.719563474252212121e-02
-8.719563474252212121e-02
-8.719563474252212121e-02
-8.719563474252212121e-02
-8.719563474252212121e-02
-8.719563474252212121e-02
-8.719563474252212121e-02
-8.719563474252212121e-02
-8.719563474252212121e-02
-8.719563474252212121e-02
-8.719563474252212121e-02
-8.719563474252212121e-02
-8.719563474252212121e-02
-8.719563474252212121e-02
-8.719563474252212121e-02
-8.719563474252212121e-02
-8.719563474252212121e-02
-8.719563474252212121e-02
-8.719563474252212121e-02
-8.719563474252212121e-02
-8.719563474252212121e-02
-8.719563474252212121e-02
-8.719563474252212121e-02
-8.719563474252212121e-02
-8.719563474252212121e-02
-8.719563474252212121e-02
-8.719563474252212121e-02
-8.719563474252212121e-02
-8.719563474252212121e-02
-8.719563474252212121e-02
-8.715564572440144542e-02
-8.715564572440144542e-02
-8.715564572440144542e-02
-8.715564572440144542e-02
-8.715564572440144542e-02
-8.715564572440144542e-02
-8.715564572440144542e-02
-8.715564572440144542e-02
-8.715564572440144542e-02
-8.715564572440144542e-02
-8.715564572440144542e-02
-8.715564572440144542e-02
-8.715564572440144542e-02
-8.715564572440144542e-02
-8.715564572440144542e-02
-8.715564572440144542e-02
-8.715564572440144542e-02
-8.715564572440144542e-02
-8.715564572440144542e-02
-8.715564572440144542e-02
-8.715564572440144542e-02
-8.715564572440144542e-02
-8.715564572440144542e-02
-8.715564572440144542e-02
-8.740261911530035344e-02
-8.740261911530035344e-02
-8.740261911530035344e-02
-8.740261911530035344e-02
-8.740261911530035344e-02
-8.740261911530035344e-02
-8.740261911530035344e-02
-8.740261911530035344e-02
-8.740261911530035344e-02
-8.740261911530035344e-02
-8.740261911530035344e-02
-8.740261911530035344e-02
-8.740261911530035344e-02
-8.740261911530035344e-02
-8.740261911530035344e-02
-8.740261911530035344e-02
-8.764467927469891950e-02
-8.764467927469891950e-02
-8.764467927469891950e-02
-8.764467927469891950e-02
-8.764467927469891950e-02
-8.764467927469891950e-02
-8.764467927469891950e-02
-8.764467927469891950e-02
-8.764467927469891950e-02
-8.764467927469891950e-02
-8.764467927469891950e-02
-8.764467927469891950e-02
-8.764467927469891950e-02
-8.751537611937672267e-02
-8.751537611937672267e-02
-8.751537611937672267e-02
-8.751537611937672267e-02
-8.751537611937672267e-02
-8.751537611937672267e-02
-8.751537611937672267e-02
-8.751537611937672267e-02
-8.750316966438675959e-02
-8.750316966438675959e-02
-8.750316966438675959e-02
-8.750316966438675959e-02
-8.750316966438675959e-02
-8.750316966438675959e-02
-8.750316966438675959e-02
-8.750316966438675959e-02
-8.750316966438675959e-02
-8.750316966438675959e-02
-8.750316966438675959e-02
-8.750316966438675959e-02
-8.750316966438675959e-02
-8.750316966438675959e-02
-8.750316966438675959e-02
-8.750316966438675959e-02
-8.750316966438675959e-02
-8.750316966438675959e-02
-8.750316966438675959e-02
-8.750316966438675959e-02
-8.750316966438675959e-02
-8.750316966438675959e-02
-8.750316966438675959e-02
-8.750316966438675959e-02
-8.750316966438675959e-02
-8.750316966438675959e-02
-8.750316966438675959e-02
-8.750316966438675959e-02
-8.750316966438675959e-02
-8.750316966438675959e-02
-8.750316966438675959e-02
-8.773055609566972335e-02
-8.773055609566972335e-02
-8.773055609566972335e-02
-8.773055609566972335e-02
-8.773055609566972335e-02
-8.773055609566972335e-02
-8.773055609566972335e-02
-8.773055609566972335e-02
-8.773055609566972335e-02
-8.773055609566972335e-02
-8.773055609566972335e-02
-8.773055609566972335e-02
-8.773055609566972335e-02
-8.773055609566972335e-02
-8.773055609566972335e-02
-8.773055609566972335e-02
-8.773055609566972335e-02
-8.773055609566972335e-02
-8.773055609566972335e-02
-8.773055609566972335e-02
-8.773055609566972335e-02
-8.773055609566972335e-02
-8.773055609566972335e-02
-8.773055609566972335e-02
-8.773055609566972335e-02
-8.773055609566972335e-02
-8.773055609566972335e-02
-8.773055609566972335e-02
-8.773055609566972335e-02
-8.773055609566972335e-02
-8.773055609566972335e-02
-8.773055609566972335e-02
-8.773055609566972335e-02
-8.773055609566972335e-02
-8.773055609566972335e-02
-8.773055609566972335e-02
-8.773055609566972335e-02
-8.773055609566972335e-02
-8.773055609566972335e-02
-8.773055609566972335e-02
-8.773055609566972335e-02
-8.775834041401393837e-02
-8.775834041401393837e-02
-8.775834041401393837e-02
-8.775834041401393837e-02
-8.775834041401393837e-02
-8.775834041401393837e-02
-8.775834041401393837e-02
-8.775834041401393837e-02
-8.775834041401393837e-02
-8.775834041401393837e-02
-8.775834041401393837e-02
-8.775834041401393837e-02
-8.775834041401393837e-02
-8.775834041401393837e-02
-8.775834041401393837e-02
-8.775834041401393837e-02
-8.775834041401393837e-02
-8.775834041401393837e-02
-8.775834041401393837e-02
-8.775834041401393837e-02
-8.775834041401393837e-02
-8.775834041401393837e-02
-8.775834041401393837e-02
-8.775834041401393837e-02
-8.775834041401393837e-02
-8.775834041401393837e-02
-8.775834041401393837e-02
-8.775834041401393837e-02
-8.775834041401393837e-02
-8.775834041401393837e-02
-8.775834041401393837e-02
-8.775834041401393837e-02
-8.775834041401393837e-02
-8.775834041401393837e-02
-8.775834041401393837e-02
-8.775834041401393837e-02
-8.775834041401393837e-02
-8.775834041401393837e-02
-8.775834041401393837e-02
-8.775834041401393837e-02
-8.775834041401393837e-02
-8.775834041401393837e-02
-8.775834041401393837e-02
-8.775834041401393837e-02
-8.775834041401393837e-02
-8.775834041401393837e-02
-8.775834041401393837e-02
-8.775834041401393837e-02
-8.775834041401393837e-02
-8.775834041401393837e-02
-8.775834041401393837e-02
-8.775834041401393837e-02
-8.775834041401393837e-02
-8.775834041401393837e-02
-8.796252228045503552e-02
-8.796252228045503552e-02
-8.796252228045503552e-02
-8.796252228045503552e-02
-8.796252228045503552e-02
-8.796252228045503552e-02
-8.796252228045503552e-02
-8.796252228045503552e-02
-8.796252228045503552e-02
-8.796252228045503552e-02
-8.796252228045503552e-02
-8.796252228045503552e-02
-8.796252228045503552e-02
-8.796252228045503552e-02
-8.796252228045503552e-02
-8.796252228045503552e-02
-8.796252228045503552e-02
-8.796252228045503552e-02
-8.798388541802167062e-02
-8.798388541802167062e-02
-8.798388541802167062e-02
-8.798388541802167062e-02
-8.798388541802167062e-02
-8.798388541802167062e-02
-8.798388541802167062e-02
-8.798388541802167062e-02
-8.798388541802167062e-02
-8.798388541802167062e-02
-8.798388541802167062e-02
-8.798388541802167062e-02
-8.798388541802167062e-02
-8.798388541802167062e-02
-8.798388541802167062e-02
-8.798388541802167062e-02
-8.798388541802167062e-02
-8.798388541802167062e-02
-8.798388541802167062e-02
-8.798388541802167062e-02
-8.798388541802167062e-02
-8.798388541802167062e-02
-8.798388541802167062e-02
-8.798388541802167062e-02
-8.798388541802167062e-02
-8.798388541802167062e-02
-8.798388541802167062e-02
-8.798388541802167062e-02
-8.798388541802167062e-02
-8.798388541802167062e-02
-8.787949001743648736e-02
-8.806382889945724157e-02
-8.806382889945724157e-02
-8.806382889945724157e-02
-8.806382889945724157e-02
-8.806382889945724157e-02
-8.815408403451109598e-02
-8.817877993589627594e-02
-8.817877993589627594e-02
-8.817877993589627594e-02
-8.837074018503558726e-02
-8.837074018503558726e-02
-8.837074018503558726e-02
-8.837074018503558726e-02
-8.837074018503558726e-02
-8.837074018503558726e-02
-8.837074018503558726e-02
-8.837074018503558726e-02
-8.837074018503558726e-02
-8.837074018503558726e-02
-8.837074018503558726e-02
-8.837074018503558726e-02
-8.837074018503558726e-02
-8.837074018503558726e-02
-8.837074018503558726e-02
-8.837074018503558726e-02
-8.837074018503558726e-02
-8.837074018503558726e-02
-8.837074018503558726e-02
-8.837074018503558726e-02
-8.837074018503558726e-02
-8.837074018503558726e-02
-8.837074018503558726e-02
-8.837074018503558726e-02
-8.837074018503558726e-02
-8.837074018503558726e-02
-8.837074018503558726e-02
-8.837074018503558726e-02
-8.837074018503558726e-02
-8.837074018503558726e-02
-8.837074018503558726e-02
-8.831405364643850342e-02
-8.831405364643850342e-02
-8.831405364643850342e-02
-8.831405364643850342e-02
-8.831405364643850342e-02
-8.831405364643850342e-02
-8.831405364643850342e-02
-8.831405364643850342e-02
-8.831405364643850342e-02
-8.831405364643850342e-02
-8.831405364643850342e-02
-8.831405364643850342e-02
-8.831405364643850342e-02
-8.831405364643850342e-02
-8.831405364643850342e-02
-8.831405364643850342e-02
-8.831405364643850342e-02
-8.831405364643850342e-02
-8.831405364643850342e-02
-8.831405364643850342e-02
-8.831405364643850342e-02
-8.831405364643850342e-02
-8.831405364643850342e-02
-8.831405364643850342e-02
-8.831405364643850342e-02
-8.831405364643850342e-02
-8.831405364643850342e-02
-8.831405364643850342e-02
-8.831405364643850342e-02
-8.831405364643850342e-02
-8.831405364643850342e-02
-8.831405364643850342e-02
-8.831405364643850342e-02
-8.831405364643850342e-02
-8.831405364643850342e-02
-8.831405364643850342e-02
-8.831405364643850342e-02
-8.831405364643850342e-02
-8.831405364643850342e-02
-8.831405364643850342e-02
-8.831405364643850342e-02
-8.831405364643850342e-02
-8.831405364643850342e-02
-8.831405364643850342e-02
-8.831405364643850342e-02
-8.831405364643850342e-02
-8.831405364643850342e-02
-8.831405364643850342e-02
-8.831405364643850342e-02
-8.831405364643850342e-02
-8.831405364643850342e-02
-8.831405364643850342e-02
-8.831405364643850342e-02
-8.831405364643850342e-02
-8.831405364643850342e-02
-8.831405364643850342e-02
-8.831405364643850342e-02
-8.831405364643850342e-02
-8.831405364643850342e-02
-8.831405364643850342e-02
-8.831405364643850342e-02
-8.831405364643850342e-02
-8.831405364643850342e-02
-8.831405364643850342e-02
-8.831405364643850342e-02
-8.831405364643850342e-02
-8.831405364643850342e-02
-8.831405364643850342e-02
-8.830550237652540213e-02
-8.830550237652540213e-02
-8.830550237652540213e-02
-8.830550237652540213e-02
-8.830550237652540213e-02
-8.830550237652540213e-02
-8.830550237652540213e-02
-8.830550237652540213e-02
-8.830550237652540213e-02
-8.830550237652540213e-02
-8.830550237652540213e-02
-8.830550237652540213e-02
-8.830550237652540213e-02
-8.830550237652540213e-02
-8.830550237652540213e-02
-8.830550237652540213e-02
-8.830550237652540213e-02
-8.830550237652540213e-02
-8.830550237652540213e-02
-8.830550237652540213e-02
-8.830550237652540213e-02
-8.830550237652540213e-02
-8.830550237652540213e-02
-8.830550237652540213e-02
-8.830550237652540213e-02
-8.830550237652540213e-02
-8.830550237652540213e-02
-8.830550237652540213e-02
-8.830550237652540213e-02
-8.830550237652540213e-02
-8.830550237652540213e-02
-8.830550237652540213e-02
-8.830550237652540213e-02
-8.830550237652540213e-02
-8.830550237652540213e-02
-8.830550237652540213e-02
-8.830550237652540213e-02
-8.830550237652540213e-02
-8.830550237652540213e-02
-8.830550237652540213e-02
-8.830550237652540213e-02
-8.830550237652540213e-02
-8.830550237652540213e-02
-8.830550237652540213e-02
-8.830550237652540213e-02
-8.830550237652540213e-02
-8.830550237652540213e-02
-8.830550237652540213e-02
-8.830550237652540213e-02
-8.830550237652540213e-02
-8.830550237652540213e-02
-8.830550237652540213e-02
-8.830550237652540213e-02
-8.830550237652540213e-02
-8.830550237652540213e-02
-8.830550237652540213e-02
-8.830550237652540213e-02
-8.830550237652540213e-02
-8.830550237652540213e-02
-8.830550237652540213e-02
-8.830550237652540213e-02
-8.830550237652540213e-02
-8.830550237652540213e-02
-8.830550237652540213e-02
-8.830550237652540213e-02
-8.830550237652540213e-02
-8.830550237652540213e-02
-8.830550237652540213e-02
-8.830550237652540213e-02
-8.830550237652540213e-02
-8.830550237652540213e-02
-8.830550237652540213e-02
-8.830550237652540213e-02
-8.830550237652540213e-02
-8.830550237652540213e-02
-8.830550237652540213e-02
-8.830550237652540213e-02
-8.830550237652540213e-02
-8.830550237652540213e-02
-8.830550237652540213e-02
-8.830550237652540213e-02
-8.830550237652540213e-02
-8.830550237652540213e-02
-8.830550237652540213e-02
-8.830550237652540213e-02
-8.830550237652540213e-02
-8.830550237652540213e-02
-8.830550237652540213e-02
-8.830550237652540213e-02
-8.830550237652540213e-02
-8.830550237652540213e-02
-8.830550237652540213e-02
-8.830550237652540213e-02
-8.830550237652540213e-02
-8.830550237652540213e-02
-8.830550237652540213e-02
-8.830550237652540213e-02
-8.830550237652540213e-02
-8.830550237652540213e-02
-8.830550237652540213e-02
-8.830550237652540213e-02
-8.830550237652540213e-02
-8.830550237652540213e-02
-8.830550237652540213e-02
-8.830550237652540213e-02
-8.830550237652540213e-02
-8.830550237652540213e-02
-8.830550237652540213e-02
-8.830550237652540213e-02
-8.830550237652540213e-02
-8.830550237652540213e-02
-8.830550237652540213e-02
-8.830550237652540213e-02
-8.830550237652540213e-02
-8.830550237652540213e-02
-8.830550237652540213e-02
-8.830550237652540213e-02
-8.830550237652540213e-02
-8.830550237652540213e-02
-8.830550237652540213e-02
-8.830550237652540213e-02
-8.830550237652540213e-02
-8.830550237652540213e-02
-8.830550237652540213e-02
-8.830550237652540213e-02
-8.830550237652540213e-02
-8.830550237652540213e-02
-8.830550237652540213e-02
-8.830550237652540213e-02
-8.830550237652540213e-02
-8.830550237652540213e-02
-8.830550237652540213e-02
-8.830550237652540213e-02
-8.830550237652540213e-02
-8.829829215624430960e-02
-8.829829215624430960e-02
-8.829829215624430960e-02
-8.829829215624430960e-02
-8.829829215624430960e-02
-8.829829215624430960e-02
-8.829829215624430960e-02
-8.829829215624430960e-02
-8.829829215624430960e-02
-8.829829215624430960e-02
-8.829829215624430960e-02
-8.829829215624430960e-02
-8.829829215624430960e-02
-8.827407732004001473e-02
-8.827407732004001473e-02
-8.827407732004001473e-02
-8.827407732004001473e-02
-8.827407732004001473e-02
-8.827407732004001473e-02
-8.827407732004001473e-02
-8.827407732004001473e-02
-8.827407732004001473e-02
-8.827407732004001473e-02
-8.827407732004001473e-02
-8.827407732004001473e-02
-8.827407732004001473e-02
-8.827407732004001473e-02
-8.827407732004001473e-02
-8.827407732004001473e-02
-8.827407732004001473e-02
-8.827407732004001473e-02
