0.000000000000000000e+00
2.189310305543720400e-02
2.189205709446673254e-02
2.188734564223892079e-02
2.185111398183464324e-02
2.188544982100069577e-02
2.190521438332528395e-02
2.195263565350347515e-02
2.205761568419146654e-02
2.194323578574458936e-02
2.205803968804311357e-02
2.203966295164442105e-02
2.200913431725991243e-02
2.210247791951980637e-02
2.199909566167739319e-02
2.200845121497243054e-02
2.183291443862034678e-02
2.193185698545151163e-02
2.187732482843248935e-02
2.202353338054631460e-02
2.194479388554974875e-02
2.210937643252414500e-02
2.210195367921264850e-02
2.211711705178446771e-02
2.225589831325502574e-02
2.245353053279089406e-02
2.230073987074639164e-02
2.201585652966935036e-02
2.188939267704841096e-02
2.180523470525286625e-02
2.231978686959679159e-02
2.232786754643551266e-02
2.190043096730932490e-02
2.193123778135528182e-02
2.208956295091743169e-02
2.215806128174411041e-02
2.105946474451567477e-02
2.111626769429167036e-02
2.139641165355329541e-02
2.146939864492325087e-02
2.184688772988289951e-02
2.152654360306360815e-02
2.071806795735440035e-02
2.093042050318506819e-02
2.066421039144500024e-02
2.051605692860734506e-02
2.026156088148103190e-02
2.008594555805706325e-02
1.951309646325529584e-02
2.115166616224699314e-02
2.102482755785924431e-02
2.123301361256356434e-02
2.066218728451143030e-02
2.081550612414739820e-02
2.022450795866372400e-02
1.948313107016735532e-02
2.014875776252951500e-02
2.022435751592582820e-02
1.999557140733536006e-02
2.100276389952090636e-02
2.129474139576547145e-02
2.122293459027681586e-02
2.050325688772863461e-02
2.002390656810413769e-02
2.053685131594194802e-02
1.949221278361340515e-02
1.943074746702061137e-02
2.024825252989233618e-02
1.972634915692084503e-02
1.957358386720882068e-02
1.988473980044948991e-02
1.945246903798283911e-02
1.965118749921474645e-02
1.919510298475579635e-02
1.920360080121953986e-02
1.840564524976990787e-02
1.853152627475346606e-02
1.907445625633720152e-02
1.942704603990546078e-02
1.851099648249621490e-02
1.772227742184665986e-02
1.630309265812002542e-02
1.662621951567444870e-02
1.642829907267220543e-02
1.701826709031404455e-02
1.807936887586309924e-02
1.832825331261188698e-02
1.827699402754460675e-02
1.839722090566736287e-02
1.802666474829988513e-02
1.808997710638868273e-02
1.885134277096047611e-02
1.868183877932482959e-02
1.922986735401154348e-02
1.919614580432155160e-02
1.875061298822624720e-02
1.899661647577999962e-02
1.982107839002928557e-02
1.963648478724304425e-02
1.871397393555047223e-02
1.857325992006273949e-02
1.930703176756028150e-02
1.900834407573661830e-02
1.924300231530372274e-02
1.883989737890148786e-02
1.885941641469386643e-02
1.873457129608886371e-02
1.935556119477850612e-02
1.923078699848944015e-02
1.853633388583815836e-02
1.754064276541779030e-02
1.722459476109030121e-02
1.746712265622845511e-02
1.794328888288066262e-02
1.730130834528837216e-02
1.757594894457596355e-02
1.903041914014057950e-02
1.840613542983275674e-02
1.811920473445264093e-02
1.815122756586549577e-02
1.748164012058358793e-02
1.773712004164966147e-02
1.773377227102216833e-02
1.737405882773945809e-02
1.695194508643209710e-02
1.706865915272110304e-02
1.703711666796675281e-02
1.652160668592942902e-02
1.697790541551956467e-02
1.595273005792307436e-02
1.537320132690239011e-02
1.594811006412729867e-02
1.702785865927837830e-02
1.695656413261139445e-02
1.676706433736450952e-02
1.710036850369236680e-02
1.677576125588047321e-02
1.694061129427183732e-02
1.645496454655614657e-02
1.632918168039954043e-02
1.579396949438251554e-02
1.506619042459729323e-02
1.545579302893736011e-02
1.561038917806606592e-02
1.572438455097785459e-02
1.564375525080749160e-02
1.537217526610053925e-02
1.505854532524285132e-02
1.575258845951310951e-02
1.530721971613603627e-02
1.548714436581786515e-02
1.559189058712543395e-02
1.553973134635593285e-02
1.564881253667918873e-02
1.522821172672516633e-02
1.543156805911272654e-02
1.533249448832468137e-02
1.512690661471927968e-02
1.524045495263229820e-02
1.479590910591287167e-02
1.444817794916942143e-02
1.380519806152260935e-02
1.314162557260045022e-02
1.388878832636497758e-02
1.357136662916830737e-02
1.347976490271354279e-02
1.334758657784541371e-02
1.307386723395465543e-02
1.380266723599176369e-02
1.330369981526250377e-02
1.341079292575467902e-02
1.337804146088838499e-02
1.455355077598675245e-02
1.393747416904809154e-02
1.387828572112318783e-02
1.299489316694790557e-02
1.339819274268420901e-02
1.366556261998753269e-02
1.374431234962445597e-02
1.356446796591652404e-02
1.464382636158776015e-02
1.462051760114092130e-02
1.423998674794476303e-02
1.435583210608152444e-02
1.438896418375066981e-02
1.364961669502878783e-02
1.431161712827955408e-02
1.360771055265115430e-02
1.333027272666723051e-02
1.272933259579755311e-02
1.358230063770574092e-02
1.329049332014966243e-02
1.331625357507221392e-02
1.323936890190760725e-02
1.271440307103695148e-02
1.313019803819913574e-02
1.253720164108661737e-02
1.298908263820153404e-02
1.297192209614843848e-02
1.312765706540109344e-02
1.382544668713969922e-02
1.454940645135758583e-02
1.498674305975147142e-02
1.602028015981997108e-02
1.550662861574083652e-02
1.583357297696215416e-02
1.603422357101476695e-02
1.603788699708887447e-02
1.629257519712838664e-02
1.667550508665343462e-02
1.635944076383159460e-02
1.520269694961570196e-02
1.453396180069012854e-02
1.508224588126986197e-02
1.492267617193182398e-02
1.438189113602342944e-02
1.446200028236375480e-02
1.468468313374530348e-02
1.428232732082389267e-02
1.476646589786773794e-02
1.437779430669603072e-02
1.468785567651659067e-02
1.489109982354889887e-02
1.514891453193847361e-02
1.574307350089609869e-02
1.548672069549630013e-02
1.539438308647240496e-02
1.486361424728938757e-02
1.526425429794609108e-02
1.617216270243901702e-02
1.529448171092334142e-02
1.512292918193158982e-02
1.525390852404229051e-02
1.482570592081051096e-02
1.500864898439070033e-02
1.547272305121103787e-02
1.591805642326755282e-02
1.550381176861134920e-02
1.519607910983800624e-02
1.537155491225058838e-02
1.565988812712934206e-02
1.547982863557127026e-02
1.601650775163119753e-02
1.629284515609007167e-02
1.586320753553621329e-02
1.622942829436591072e-02
1.645568192396552887e-02
1.639044174939334117e-02
1.632446284440814896e-02
1.648348085288971893e-02
1.653354057013008485e-02
1.604203928695632775e-02
1.597568742270461667e-02
1.580492790571786169e-02
1.548545548447500565e-02
1.538700250892578725e-02
1.508469576794394841e-02
1.468409507369537216e-02
1.439746483965441241e-02
1.487835542251263014e-02
1.408982382070265819e-02
1.359686370991106813e-02
1.304067329727833825e-02
1.310488517244507399e-02
1.387722002790583997e-02
1.424576502055343967e-02
1.453532156209278066e-02
1.396538561268160367e-02
1.407055084041403115e-02
1.516944063101104655e-02
1.652454092253832427e-02
1.677630186142282931e-02
1.734254611928495726e-02
1.698185278421701985e-02
1.682193363377304518e-02
1.694517435760971649e-02
1.719287517980563895e-02
1.747101300099517668e-02
1.779264788043511542e-02
1.734903242215535268e-02
1.713027601377081419e-02
1.748833207653824676e-02
1.683629381647555948e-02
1.753085202546324564e-02
1.756442009281600908e-02
1.779892826330262134e-02
1.825677076919429362e-02
1.772967045572945710e-02
1.795932125823805972e-02
1.773783244530176620e-02
1.803790916177499051e-02
1.817168277252764405e-02
1.775807784847399304e-02
1.757461331273958358e-02
1.760919126533822335e-02
1.726834906042830006e-02
1.720138535161868515e-02
1.751388252026013503e-02
1.710254903883374686e-02
1.731642423350371329e-02
1.676196227182700713e-02
1.704891925728178881e-02
1.773516222129013081e-02
1.812357113125594166e-02
1.818173816336915785e-02
1.805099303997044838e-02
1.837723186769242220e-02
1.854804045808371160e-02
1.757741876276429360e-02
1.778558817395909861e-02
1.739061735611177606e-02
1.645330262893855700e-02
1.614596349472606843e-02
1.583923869514036048e-02
1.550651489182072740e-02
1.576325945938671438e-02
1.633611154147318612e-02
1.691074981167726976e-02
1.700312957867064143e-02
1.729563646059440948e-02
1.664347244792422145e-02
1.688977635859654700e-02
1.725273555585033966e-02
1.761403769378682219e-02
1.749133342581276826e-02
1.749375524534292972e-02
1.787318201294386955e-02
1.784142242152976510e-02
1.754433219819579587e-02
1.735962274361966054e-02
1.728014038213646422e-02
1.729744255355180477e-02
1.698075208819704168e-02
1.721231570910653624e-02
1.748299281409567210e-02
1.789452881188851804e-02
1.784657082386173835e-02
1.732349007542089911e-02
1.658627742102230032e-02
1.653230780346515508e-02
1.656073202902949223e-02
1.592426204016107044e-02
1.625694816090045292e-02
1.604189324448205764e-02
1.610247338349634488e-02
1.654672733001557108e-02
1.623225348877674681e-02
1.634393319048626017e-02
1.627529256042680936e-02
1.651760230625011830e-02
1.661653847525048494e-02
1.642993341588014009e-02
1.696736503363063808e-02
1.707142278681925834e-02
1.715464022204676170e-02
1.680921298957610902e-02
1.609309763398845267e-02
1.623065149351944278e-02
1.594871861016735129e-02
1.557205929547037480e-02
1.568529231627110651e-02
1.591517592276183932e-02
1.596611958676790941e-02
1.631247332031872735e-02
1.634423312535519465e-02
1.639933456275638468e-02
1.611662970867701675e-02
1.609902011335817215e-02
1.624983295987525792e-02
1.612762684499190538e-02
1.624242510106588266e-02
1.637891240008394408e-02
1.611580466733466416e-02
1.622877600333673745e-02
1.632735315701574000e-02
1.636330220150563133e-02
1.692799400375517849e-02
1.777866944020097331e-02
1.850511656779046249e-02
1.811095659925446646e-02
1.797987994957167199e-02
1.824526289413334196e-02
1.838100681517403426e-02
1.859798283918474501e-02
1.857892477734786330e-02
1.873962736975409368e-02
1.896973906749087682e-02
1.935478726506642544e-02
1.892986682754017533e-02
1.883195509833181930e-02
1.898186075805933723e-02
1.885308806295600548e-02
1.858666702504792670e-02
1.880773972091844340e-02
1.926814072399505098e-02
1.885785141450353752e-02
1.941696880155381957e-02
1.961154603017094614e-02
2.026327123743726019e-02
2.005586575802856611e-02
1.965340901987374517e-02
1.939662191331706018e-02
1.932716682946657508e-02
1.934677474319308754e-02
1.930300105650825312e-02
1.887585009786195422e-02
1.879118163329626320e-02
1.848329642218094968e-02
1.821060192311716938e-02
1.805850203268863710e-02
1.839870397183672457e-02
1.822106027376785287e-02
1.842900670102469093e-02
1.861119586649586169e-02
1.908417908625524920e-02
1.940336391257319396e-02
1.862534052054084718e-02
1.820256543276108432e-02
1.806264706031909459e-02
1.820968929525276434e-02
1.758556335183271424e-02
1.768920672013240755e-02
1.774362418264840632e-02
1.770778236393385704e-02
1.701930198523301033e-02
1.701719010808886226e-02
1.667680204306799460e-02
1.639241261693221915e-02
1.644594328740179787e-02
1.607462006715459912e-02
1.615684699167120944e-02
1.582294900717171049e-02
1.652117638667813596e-02
1.628438538278483005e-02
1.630579163476449794e-02
1.619665977472243765e-02
1.598752556012325229e-02
1.587294761251866609e-02
1.609861715607605395e-02
1.560526203926608686e-02
1.553996645754980067e-02
1.610866127019362423e-02
1.579820044845499025e-02
1.639400907897621898e-02
1.656341194319423463e-02
1.678101479713869568e-02
1.655669372043419574e-02
1.694803260573656337e-02
1.700080614726785441e-02
1.693332522136899512e-02
1.669469433394990543e-02
1.678563015479091550e-02
1.681105142616427794e-02
1.663895787992406006e-02
1.700987011500298615e-02
1.727194413291504790e-02
1.777574464034980747e-02
1.730331715412479140e-02
1.786027428598927630e-02
1.777301702540274100e-02
1.721150514238098742e-02
1.695945804430228424e-02
1.685086283617156372e-02
1.652299503252247295e-02
1.606880594444845892e-02
1.658010812669509157e-02
1.707265043883963648e-02
1.684785871218991496e-02
1.649457602722599961e-02
1.615555076355356875e-02
1.589198959072702852e-02
1.530318723458879739e-02
1.535950346907240423e-02
1.500750732386470741e-02
1.470331810484618723e-02
1.478034597331885636e-02
1.510245945812670187e-02
1.500955700454308615e-02
1.479534359050392600e-02
1.406818122386598729e-02
1.422513440798623546e-02
1.345676971440763585e-02
1.365701023593188235e-02
1.390225637511280886e-02
1.426331675925060494e-02
1.503623982970136302e-02
1.471411828797906766e-02
1.466581772761052505e-02
1.438645312590228209e-02
1.417416589915974738e-02
1.429982370151186739e-02
1.437321910973496548e-02
1.465783275465205350e-02
1.517835987479532363e-02
1.520873273962691265e-02
1.507343220783667441e-02
1.434291987167688083e-02
1.444830963383673776e-02
1.432371125874160045e-02
1.403879173501227685e-02
1.401793696799708000e-02
1.438652016920546721e-02
1.528738705376125710e-02
1.494590694016894455e-02
1.439894065661958579e-02
1.443729483427159954e-02
1.474120508608236374e-02
1.466913582337679885e-02
1.448014488476880544e-02
1.476780733154179487e-02
1.496214466153432919e-02
1.529760074068317426e-02
1.538633844234306262e-02
1.504381210138627280e-02
1.501014085511058471e-02
1.489659560705993042e-02
1.413549968822200124e-02
1.460285591722608294e-02
1.503895026009197979e-02
1.449596942436206376e-02
1.483125928810583201e-02
1.499278377191721502e-02
1.537729201609942808e-02
1.514619844896075013e-02
1.505567565140170962e-02
1.472163376170541015e-02
1.399817142450226169e-02
1.419404824288402790e-02
1.444465137364711431e-02
1.406558356625733745e-02
1.412361624622227724e-02
1.404354024820835163e-02
1.398930538342189368e-02
1.367313149336712823e-02
1.396608024349065003e-02
1.424952236961882918e-02
1.413169236153212667e-02
1.409706348833857092e-02
1.375837777064303248e-02
1.429187182377578830e-02
1.448093518041414229e-02
1.421804343717743800e-02
1.422268125839513259e-02
1.450691460437042273e-02
1.463735449528105748e-02
1.478572874410047366e-02
1.496181748478633659e-02
1.538764596736513605e-02
1.501700482513746056e-02
1.481073118487723043e-02
1.502044242619557206e-02
1.483830113696598708e-02
1.495766009794903713e-02
1.494201938083516805e-02
1.460011215513936679e-02
1.471309315821591086e-02
1.448184273945151042e-02
1.482453028348567660e-02
1.501023262202759272e-02
1.513708261405605909e-02
1.489749604548134924e-02
1.498668088123167146e-02
1.477505021977157905e-02
1.479945054790794516e-02
1.449712401848179955e-02
1.464760056371495513e-02
1.481356604864741446e-02
1.539969930472942505e-02
1.538569786331866161e-02
1.497858632373651189e-02
1.461662411832910687e-02
1.452283970741399116e-02
1.436932933476800338e-02
1.406850034539002155e-02
1.416068693963946912e-02
1.412314557113159702e-02
1.423623236510788113e-02
1.422470150188554112e-02
1.447806866365090352e-02
1.464305705677488266e-02
1.499172541839976537e-02
1.495605582903893060e-02
1.541005308251875740e-02
1.561434226915086633e-02
1.570580543280805305e-02
1.546813709244342604e-02
1.554682826063853891e-02
1.584188658361345217e-02
1.553797759516745147e-02
1.529605016910521274e-02
1.587806974709211200e-02
1.653442562189747292e-02
1.607731254001434212e-02
1.599946281912449295e-02
1.603086293662703277e-02
1.600969317393496905e-02
1.577295546891045036e-02
1.580435202683409118e-02
1.563081210231038326e-02
1.556021520166294379e-02
1.513706292747388910e-02
1.508281115017887260e-02
1.504831963602720930e-02
1.484534571874046756e-02
1.445318653109980457e-02
1.464348813313835242e-02
1.444907293140139382e-02
1.476843651809225770e-02
1.488705983956626483e-02
1.482466285936218098e-02
1.435289971680449132e-02
1.454473434577495915e-02
1.466221297251466861e-02
1.431978876692095552e-02
1.427389506542798940e-02
1.407498328684713383e-02
1.418658086528696953e-02
1.423880449098493400e-02
1.446498830735516543e-02
1.446408863267139612e-02
1.433663550895209089e-02
1.494863063847085005e-02
1.472514079600515530e-02
1.465371092496227205e-02
1.467642524169204821e-02
1.417619959745163895e-02
1.419474468399166411e-02
1.422254432426082148e-02
1.417123606484474961e-02
1.376607429275245910e-02
1.357576498823975276e-02
1.369582621404812073e-02
1.362262130096746938e-02
1.349314861651720356e-02
1.313010627311073271e-02
1.379027488406810685e-02
1.393190438442311850e-02
1.378933336952099797e-02
1.373464571120740045e-02
1.379955326412044166e-02
1.394742534715502635e-02
1.406051727864322115e-02
1.402567905992852838e-02
1.405137806702992827e-02
1.419673558994143103e-02
1.386036642308217069e-02
1.342370194654671049e-02
1.291704825047604137e-02
1.306724681779840996e-02
1.303925624812113555e-02
1.309503082110134199e-02
1.292006193094572507e-02
1.282495262445652352e-02
1.337820292791821325e-02
1.367774852985458207e-02
1.396104884715832113e-02
1.383383114700892889e-02
1.406750955122563346e-02
1.376825038303189537e-02
1.407516387803822884e-02
1.402032134129639618e-02
1.401773127861254652e-02
1.422653519223795841e-02
1.420716832427065292e-02
1.430657411197236960e-02
1.425430333200130260e-02
1.428274836929196469e-02
1.446140489627733595e-02
1.432350622256611805e-02
1.428863875956374978e-02
1.396562496264734665e-02
1.397564302296596707e-02
1.421614886918506730e-02
1.419754399076412869e-02
1.427470769426602420e-02
1.403159295022416396e-02
1.378242117018110835e-02
1.361505473122910821e-02
1.368818077473476884e-02
1.391216186919873310e-02
1.401636130220287359e-02
1.380700060597647716e-02
1.343831775218790742e-02
1.326509496224291713e-02
1.288611285102193686e-02
1.286002612675375516e-02
1.277152241443955082e-02
1.266944177393335841e-02
1.277571921377476834e-02
1.237618524822699240e-02
1.244577195164142495e-02
1.292014893489780263e-02
1.325864321461582389e-02
1.334770006131625469e-02
1.338121460747973383e-02
1.379349363173045656e-02
1.358570619008553880e-02
1.411840702044399494e-02
1.388693681370567652e-02
1.359660583498117914e-02
1.367204952672425138e-02
1.338729027808457754e-02
1.398186686999185191e-02
1.431953288056668668e-02
1.434065442130118273e-02
1.419953947947634465e-02
1.400655413504966855e-02
1.429840779693697383e-02
1.428968708901898199e-02
1.462886134296217770e-02
1.512604424192043329e-02
1.508511568463542958e-02
1.504540853925383226e-02
1.491888703887586133e-02
1.514897013132887604e-02
1.543077918516566095e-02
1.566370648169141885e-02
1.573847419818097393e-02
1.559476135552919675e-02
1.563102986228613600e-02
1.526581222488672569e-02
1.531058480606822814e-02
1.523834444812671197e-02
1.501048387590346068e-02
1.528756832388798899e-02
1.486626888005983249e-02
1.515533987519796129e-02
1.532187955053285894e-02
1.561252269182259074e-02
1.549083160174061224e-02
1.570486698381511406e-02
1.549634711259699309e-02
1.539514018916664749e-02
1.527828632322050968e-02
1.546394216294163376e-02
1.582388136552946578e-02
1.570539159180657160e-02
1.581377834985580114e-02
1.574407541291155885e-02
1.635533964269144172e-02
1.667088304012647945e-02
1.661632464346840185e-02
1.641876373858347504e-02
1.662676452643137640e-02
1.640966528391003820e-02
1.651973192727236583e-02
1.595493771298025706e-02
1.635410702376607905e-02
1.593886521596423259e-02
1.590653948205448739e-02
1.569734341719138462e-02
1.594235225637640960e-02
1.637030574290748719e-02
1.626956735745549790e-02
1.611135017455130741e-02
1.596089342863652935e-02
1.609027185272461635e-02
1.606302665347884157e-02
1.614750872645907831e-02
1.555458472441339189e-02
1.580230883867834654e-02
1.595640469456232127e-02
1.566868404798938894e-02
1.599913987258163098e-02
1.597327633480536899e-02
1.624007151674497842e-02
1.636295453155313731e-02
1.703719766864207966e-02
1.672588207917995173e-02
1.716066629901631321e-02
1.713751052440663433e-02
1.677437339776325850e-02
1.706838548788276039e-02
1.701282339853439282e-02
1.680301880004331574e-02
1.666659164466851792e-02
1.693742116731230055e-02
1.683533895639047553e-02
1.653362335156709564e-02
1.665254176281870044e-02
1.697646790317364554e-02
1.711071304569524928e-02
1.726076674767976910e-02
1.805726561392953858e-02
1.805280282500229191e-02
1.823161234418784610e-02
1.829055617194092972e-02
1.815170415907171181e-02
1.762683034703116380e-02
1.781148085501760292e-02
1.832970577525466077e-02
1.851081001379748306e-02
1.870384071316677152e-02
1.852983694536858641e-02
1.816372247525147032e-02
1.845915808298041402e-02
1.861256975213710155e-02
1.834485833215740089e-02
1.867603276590374187e-02
1.827311474059794758e-02
1.822228364918134988e-02
1.867038658309033358e-02
1.868473080553123208e-02
1.877367742887183291e-02
1.874258559546813918e-02
1.916643171257178743e-02
1.882561563017770903e-02
1.892093511970804540e-02
1.909995651500522376e-02
1.908584608324499776e-02
1.891843545754309797e-02
1.868277936530084518e-02
1.875258596601459340e-02
1.892730296326462433e-02
1.895946753850725683e-02
1.884952672308265464e-02
1.848817835811986110e-02
1.855905346977174131e-02
1.899383044708746401e-02
1.896819717519132933e-02
1.903284873172627137e-02
1.910716348743829104e-02
1.890448888771203984e-02
1.940492388475801092e-02
1.890404732571517379e-02
1.912873383695800830e-02
1.950851788601750542e-02
1.923236664489326106e-02
1.935967595284230486e-02
1.951945028165466903e-02
1.907892358489799225e-02
1.946560685908083413e-02
1.978305251037324256e-02
2.008156520303771078e-02
1.948912994665019660e-02
1.923755854832434956e-02
1.903320968866671278e-02
1.955581957406078708e-02
1.953506474786008071e-02
1.969368025087257432e-02
1.953348303516691184e-02
1.969285660540428737e-02
1.949434602646259521e-02
1.934462313595100222e-02
1.921210077737089267e-02
1.887140249077132528e-02
1.910711302128672781e-02
1.893131410840393977e-02
1.870441480717307398e-02
1.813750169621416650e-02
1.789174721440630472e-02
1.800399855220481682e-02
1.748301213629419384e-02
1.730244161403255918e-02
1.744639679143740116e-02
1.691706138160724293e-02
1.752472863352215818e-02
1.760609102404272000e-02
1.764284073803706540e-02
1.755586040820347402e-02
1.744266421609144344e-02
1.746634361073458666e-02
1.753637533295656151e-02
1.743354490025447387e-02
1.716886622832912782e-02
1.725690479778469594e-02
1.705476447596648848e-02
1.687862797641058801e-02
1.709727933543927700e-02
1.710572794664897214e-02
1.734144300214107010e-02
1.744170642036026175e-02
1.702540142624198519e-02
1.713882148014224741e-02
1.687865074643362176e-02
1.678051764822310887e-02
1.659766873913530102e-02
1.703738732597425559e-02
1.735543772818821592e-02
1.746510106287272462e-02
1.743690083754008760e-02
1.753681288187883269e-02
1.724400529058494821e-02
1.737704472409139916e-02
1.762674725729312941e-02
1.763211852262503571e-02
1.773082053163416161e-02
1.735946621680740931e-02
1.729085354386443452e-02
1.724989698462607232e-02
1.732125661223096746e-02
1.717060515120251776e-02
1.719909491829268999e-02
1.711889770625258170e-02
1.721660813132377607e-02
1.696046349763241298e-02
1.723731437268934477e-02
1.761167986475867253e-02
1.761483104537963501e-02
1.770757787192235241e-02
1.794627430564159007e-02
1.784861972357332238e-02
1.770935068718591451e-02
1.803185826006808642e-02
1.845738280933525988e-02
1.827437228220694238e-02
1.829028315197891649e-02
1.798789324841999424e-02
1.809253169845933401e-02
1.827394778856591268e-02
1.814598690433380165e-02
1.816050808595083901e-02
1.808514049602207713e-02
1.775221561718332355e-02
1.830482397497261091e-02
1.838161982242208711e-02
1.809276959154501596e-02
1.817289954486537434e-02
1.834509776599311734e-02
1.790096885722245248e-02
1.779313283864934064e-02
1.753865968179534399e-02
1.756616922524980792e-02
1.789216674044266306e-02
1.756573749206309654e-02
1.812035722262226103e-02
1.812928431037788557e-02
1.814741137700480803e-02
1.796079142131526071e-02
1.765778510318501485e-02
1.789618452960668044e-02
1.772804567892859520e-02
1.749934424801561153e-02
1.764534099000770323e-02
1.777989327198274336e-02
1.769564113528180813e-02
1.776552461560639701e-02
1.763779636087593056e-02
1.763109433075427460e-02
1.780348646860274026e-02
1.770702364379905455e-02
1.778123014286198469e-02
1.803229703318729241e-02
1.787883815748829777e-02
1.797065672714320481e-02
1.777830434627114889e-02
1.769784577038259824e-02
1.775760541368768056e-02
1.791146232557318599e-02
1.786460963313625527e-02
1.790345722101239351e-02
1.789237160501815083e-02
1.804892490971614707e-02
1.814534381857989612e-02
1.821198311720447979e-02
1.810091221460083041e-02
1.807150764729532552e-02
1.798871657587009995e-02
1.808298006978628983e-02
1.787695520571140617e-02
1.799344117542281754e-02
1.798261247331478865e-02
1.797159161329293930e-02
1.764440991549583865e-02
1.716352026284950760e-02
1.692439788979925239e-02
1.699497920274756560e-02
1.688722769474435004e-02
1.678460095375831559e-02
1.695601375281661702e-02
1.652214141202329456e-02
1.664028347325389665e-02
1.670308143694866979e-02
1.673471971749508624e-02
1.650107294493000434e-02
1.669216491209297645e-02
1.663336731411547281e-02
1.708042095269679192e-02
1.712766071467540507e-02
1.702960389112404341e-02
1.718055560444387009e-02
1.717967828945447112e-02
1.720574667240147917e-02
1.724000750193309742e-02
1.700436994711715735e-02
1.704022728153782584e-02
1.681499950841295818e-02
1.672384636425434598e-02
1.678425190059985514e-02
1.654540778368856005e-02
1.652993772706467732e-02
1.635606551961841723e-02
1.624588475204695112e-02
1.620288857014217862e-02
1.639502113328115615e-02
1.633296844492810804e-02
1.661274514121710913e-02
1.648251571704015261e-02
1.675668547678351925e-02
1.655641912008056632e-02
1.643335083162532004e-02
1.609076919852063872e-02
1.564756279031095584e-02
1.594993917982031467e-02
1.592052188745526203e-02
1.638858037032694601e-02
1.611798782680502404e-02
1.605130299132709673e-02
1.613574570701799618e-02
1.614457262193754600e-02
1.626741212749483953e-02
1.652544248524148371e-02
1.644974017415805692e-02
1.646912088256899734e-02
1.655750950073987815e-02
1.654362718180591579e-02
1.672356002091288443e-02
1.632698683081859961e-02
1.677387617943309692e-02
1.632582503086840719e-02
1.631193691321673050e-02
1.640586659332016889e-02
1.636949102483731266e-02
1.644484181998000574e-02
1.622450902286641863e-02
1.558142633622470845e-02
1.557183782832769793e-02
1.561236005694454330e-02
1.591346791266581503e-02
1.626889786478838418e-02
1.644675449466771397e-02
1.655215441640963889e-02
1.657263256261641907e-02
1.650838976291903529e-02
1.661895328837837554e-02
1.648062072859008201e-02
1.637799580935084612e-02
1.626894169647556329e-02
1.619191700538722897e-02
1.589391735158526484e-02
1.567518182078484965e-02
1.561154009542698590e-02
1.538012141463047239e-02
1.541056787728904871e-02
1.531219232148205676e-02
1.531553873576679305e-02
1.535869664563042393e-02
1.520821758437192715e-02
1.525210104561888248e-02
1.527151853646222142e-02
1.525201135048887512e-02
1.555273320402169972e-02
1.547272057862658125e-02
1.554386176678141697e-02
1.542484426284604186e-02
1.555205043918138352e-02
1.590295105927157573e-02
1.614753632261144156e-02
1.604779820051611960e-02
1.663248808271706319e-02
1.662058228475816676e-02
1.656413842343692697e-02
1.648495148152300319e-02
1.663524014887829069e-02
1.629013309512858040e-02
1.610518956193772097e-02
1.577787548264645429e-02
1.607131517920965327e-02
1.614414844560620524e-02
1.634499540361538175e-02
1.629534893910566593e-02
1.655424062099589491e-02
1.669211037462645444e-02
1.667560025520137615e-02
1.687351386772386816e-02
1.684373633846508039e-02
1.694556930106300499e-02
1.698320547977159867e-02
1.708971112794180694e-02
1.711930790690896140e-02
1.684728218011754750e-02
1.704590381897744603e-02
1.715110083062051580e-02
1.705970273129149214e-02
1.677200541706193315e-02
1.700415640065481779e-02
1.699562393505049326e-02
1.710506413629960323e-02
1.678802570012788778e-02
1.715801562640962424e-02
1.728325485798203401e-02
1.743011797467752463e-02
1.734482062270638683e-02
1.738054210434679045e-02
1.738483948226060213e-02
1.728805390618991245e-02
1.746845958531432347e-02
1.748767565215823133e-02
1.720437032215571191e-02
1.706457384981572775e-02
1.715522922218405341e-02
1.714482854036030943e-02
1.698457917890121294e-02
1.687223088897188070e-02
1.683121532092025571e-02
1.693259626815523874e-02
1.689947031238997130e-02
1.666471121476465270e-02
1.656988269815717202e-02
1.658742525068967327e-02
1.615765919249833801e-02
1.605051912595154701e-02
1.585714495758185419e-02
1.625413625483873581e-02
1.648013921768851781e-02
1.649796820431641622e-02
1.641360656088529379e-02
1.638472600741773533e-02
1.619902584919670138e-02
1.595000883519560875e-02
1.598996811352158473e-02
1.574646814572984790e-02
1.581427777330719417e-02
1.591152490736517239e-02
1.584202109946580492e-02
1.591576400522835139e-02
1.560146005484364627e-02
1.523068741841772204e-02
1.541971501376895003e-02
1.578235548404588809e-02
1.587521005932530233e-02
1.613527876215729503e-02
1.623891672905142247e-02
1.626909998587538694e-02
1.630099930401271435e-02
1.591522736775926455e-02
1.578699189289637164e-02
1.540546872648688136e-02
1.534259994064882809e-02
1.540847908064779150e-02
1.545309270056122002e-02
1.552133855533994501e-02
1.562113132923706287e-02
1.594726439624621905e-02
1.607960201039220285e-02
1.627357157812823335e-02
1.618860429065702849e-02
1.623673366926397035e-02
1.644465719469349191e-02
1.625696587114562261e-02
1.624104441682952191e-02
1.653936858419600628e-02
1.655095667653368186e-02
1.660940523688428719e-02
1.663676097075424132e-02
1.640166840242003252e-02
1.633414615335060729e-02
1.630782819266474518e-02
1.613556003217620632e-02
1.623696713590349477e-02
1.608023429024183285e-02
1.621013899617628970e-02
1.640787913873523532e-02
1.629646124978060412e-02
1.633576788955848000e-02
1.705914919533599305e-02
1.735848106083066889e-02
1.737760674391549201e-02
1.739428532242111650e-02
1.775293560983218916e-02
1.781002405743507822e-02
1.787794298595076978e-02
1.779949085101460021e-02
1.719890292636983009e-02
1.717260187357188064e-02
1.731208237290101162e-02
1.723574337990038327e-02
1.781718935411992499e-02
1.791279047694996698e-02
1.795464362772803898e-02
1.774532983199990366e-02
1.767235098271536034e-02
1.763641253949568832e-02
1.764294716162102816e-02
1.785430512163309683e-02
1.796750078462757208e-02
1.828577618963122403e-02
1.839056350328144296e-02
1.837211483903405593e-02
1.829502128667024122e-02
1.834039735848544406e-02
1.830141743962980516e-02
1.833649572249964818e-02
1.833493306107397691e-02
1.825456970493070583e-02
1.833456420179887386e-02
1.845615462440673357e-02
1.876940837465436787e-02
1.893099350026162045e-02
1.885388178439197440e-02
1.865249222415447591e-02
1.881805864740987086e-02
1.870150945109047211e-02
1.891949329562507900e-02
1.946740966916965521e-02
1.955435533930304295e-02
1.961901128674972336e-02
1.967085870863771388e-02
1.959459546651039913e-02
1.953238199740974998e-02
1.974583222604388635e-02
1.982552016512209928e-02
1.980994634465200674e-02
1.971353322705680575e-02
1.962763363578569689e-02
2.007852677231352842e-02
1.978338480551890960e-02
1.972922226924693143e-02
1.958891413621689087e-02
1.984304213750517909e-02
1.987983947439254592e-02
2.012694985901962788e-02
1.985239516263903603e-02
1.958541270194240694e-02
1.959391072516370944e-02
1.949304284505627358e-02
1.985929080910651956e-02
1.964096527626747746e-02
1.966626396681553368e-02
1.943655059931653425e-02
1.929296046752501659e-02
1.914715195574485940e-02
1.938435630138046067e-02
1.916657519231578302e-02
1.895932161310130357e-02
1.820438268699791848e-02
1.821828565733779257e-02
1.839676834371805486e-02
1.806679830196632544e-02
1.809342340361128412e-02
1.820674334336812653e-02
1.848502351935747343e-02
1.811443362516048164e-02
1.800351750052084712e-02
1.785867727691437673e-02
1.759386705151809796e-02
1.777759564816283264e-02
1.784620259546750368e-02
1.787523742293515086e-02
1.774542150632113860e-02
