0.000000000000000000e+00
4.094034987784976598e-02
-3.094219925796572526e-02
-2.954201780579211734e-02
3.537901666204663204e-02
-4.974513778065240560e-02
-3.899951445000612166e-02
5.870285679273180152e-02
-5.088828782034079262e-02
-4.711709367396953868e-02
6.545303194900307930e-02
5.635857384462237413e-02
-4.390135500387453565e-02
5.590669408191734080e-02
5.657779444289767062e-02
-4.473930883481355703e-02
5.397792804985427489e-02
4.905925623672240804e-02
-4.536628686098378299e-02
5.389306352731754873e-02
5.820233464046553618e-02
-4.409019901470307562e-02
-4.434336630099589005e-02
5.845095701989699855e-02
-4.134235946677598805e-02
-4.365673529476461062e-02
6.517426186636643415e-02
-4.159612448402878054e-02
-4.123956463554898089e-02
6.504145779384952475e-02
-6.002038191331700995e-02
-4.082276507657069120e-02
6.354436676425746777e-02
6.519215316135688887e-02
-4.015207077200819846e-02
6.480045042855449300e-02
6.517048197208073768e-02
-4.037835664128822805e-02
5.906601200708418847e-02
6.566433240981478514e-02
-3.938579061570363776e-02
-3.703066779742426873e-02
6.610593472796365277e-02
-3.691574765627793353e-02
-3.794026547701852270e-02
6.819726596594867518e-02
-3.724000991477539879e-02
-3.748724094951673413e-02
6.828213664345460232e-02
-4.133610641387355095e-02
-3.519405865498237418e-02
6.841117338342410370e-02
6.748586077916499115e-02
-3.434471665183599226e-02
6.762101663455720446e-02
6.805909940661425406e-02
-3.429755753387227907e-02
6.649106790191525174e-02
6.826088601389747323e-02
-3.382289806778925045e-02
5.675950150642827124e-02
6.866350809646988573e-02
-3.386776934562866354e-02
-3.453152689348143456e-02
6.895151822608371062e-02
-3.530522697366993840e-02
-3.406242257768109932e-02
6.859206132067667550e-02
-3.415386194019536664e-02
-3.360352788473839475e-02
6.827458832017475887e-02
5.815459058736074938e-02
-3.322478613672479042e-02
6.759992420220062304e-02
6.773628354470598301e-02
-3.493503575379349607e-02
6.674414398752753774e-02
6.739504014246132380e-02
-3.645042091300625120e-02
6.190257982674162579e-02
6.758091941822413906e-02
-3.730074178036765775e-02
-3.636696331471218208e-02
6.751880389911292524e-02
-3.636631546826537414e-02
-3.553237743163233792e-02
6.710518437836866801e-02
-3.832267314592986002e-02
-3.581386794048934535e-02
6.696532441297733951e-02
-4.227810068158661255e-02
-3.314631222574902086e-02
6.614782620192403984e-02
6.707951788903704360e-02
-3.298257328211216116e-02
6.735091948739767298e-02
6.683081659415143760e-02
-3.521903231135019297e-02
6.551656706128526630e-02
6.700338621008992968e-02
-3.523067324997225525e-02
-5.288991657972935689e-02
6.705014337958900561e-02
-3.644336639493140489e-02
-3.549033235124601088e-02
6.613559203811715526e-02
-3.822060912602404104e-02
-3.694191629039090402e-02
6.487865950718889330e-02
-4.221088090971191614e-02
-3.558854866871839079e-02
6.452047501779167860e-02
6.383416703427470529e-02
-3.552914911126082292e-02
6.829328520419472581e-02
6.866814891425480905e-02
-3.564035136733777892e-02
6.573838656742521380e-02
6.879131627321037612e-02
-3.634300665301492400e-02
5.610532362060904887e-02
6.817391662154977106e-02
-3.612077612626619222e-02
-3.564565865636052516e-02
6.798784318941908378e-02
-3.557651448585610193e-02
-3.466231646239809755e-02
6.796926586336235476e-02
-3.858404481783564433e-02
-3.462552532509268616e-02
6.618674694397884417e-02
5.976616997472943699e-02
-3.467927727455202142e-02
6.498453479837704161e-02
6.573555771987359131e-02
-3.660433595794771594e-02
6.322736581783200416e-02
6.616913296008367085e-02
-3.751219954968997017e-02
5.910735518804057648e-02
6.626819103578303338e-02
-3.772157851390239153e-02
-4.052215243429890118e-02
6.637313265762083414e-02
-3.814090367133376319e-02
-3.731956505709384947e-02
6.551671151008986449e-02
-4.084861400551777905e-02
-3.709773290316865230e-02
6.558328397936032117e-02
-4.868713182774878079e-02
-3.716975820304633388e-02
6.560403738271163021e-02
6.614457903311200815e-02
-4.040536243827078794e-02
6.192870559121099738e-02
6.300756814146857288e-02
-3.735185783659920877e-02
5.861693504125617404e-02
6.297664092033511407e-02
-3.968615483325164256e-02
5.204247161416589162e-02
6.249468344129296277e-02
-4.070651086864770368e-02
-3.860728944033011562e-02
6.232313494481477728e-02
-4.224267408095899734e-02
-3.913609143506242838e-02
6.277387133928404028e-02
-4.614164673724175519e-02
-3.907495082326600117e-02
6.203354179668444518e-02
5.810997095571938248e-02
-3.913663424902196625e-02
6.188576986784998651e-02
6.274437457143848540e-02
-3.941791426947365007e-02
5.786758565905934099e-02
6.161023086519388375e-02
-3.937435460366801171e-02
5.218518654741222118e-02
6.175221980620160950e-02
-4.047572231738471443e-02
-4.086181146972595046e-02
6.187099834694315126e-02
-4.060853842273432629e-02
-3.970446719251909118e-02
6.192164793323687993e-02
-4.521318963504117328e-02
-3.935577628867188704e-02
6.106205987992961021e-02
4.725608944494653213e-02
-3.852601825287240572e-02
6.091050747865240506e-02
6.203398536654156775e-02
-3.843414068934924294e-02
5.908181399699698882e-02
6.184888282952157729e-02
-3.831674459542356442e-02
5.480195620016022756e-02
6.181302856564194897e-02
-3.976558259855191707e-02
-4.047787622589526374e-02
6.192208467141280259e-02
-3.969259285857267699e-02
-3.843051918942280015e-02
6.166469464042172860e-02
-4.241843334564720375e-02
-3.838254375288608494e-02
6.205910118772722806e-02
-5.112385781394390705e-02
-3.842889594039609197e-02
6.092305245445559653e-02
5.865067528659916735e-02
-3.843688124654062038e-02
5.989729523571678954e-02
6.169836872968397640e-02
-3.831199194146515247e-02
5.522974793331700272e-02
6.036563156783053552e-02
-3.854518705236856940e-02
5.165333997461817733e-02
6.045933613958481140e-02
-4.141543083431254574e-02
-3.832891755107309395e-02
6.047170266900042668e-02
-4.278010719732718709e-02
-3.884788838143101580e-02
6.077027231973170657e-02
-4.505640360196280780e-02
-3.885188673882681437e-02
5.895145226976860470e-02
5.907046474488458071e-02
-3.863377286647333431e-02
5.781398807187992928e-02
6.045742321611663472e-02
-3.877436449593642254e-02
5.539331063167837049e-02
6.043768268359499957e-02
-3.989635122723627497e-02
4.975923251174735329e-02
6.048186522030010726e-02
-4.113225228645552706e-02
-3.844153306152319621e-02
6.060981827146810774e-02
-4.289014976072488827e-02
-3.862043255800159253e-02
6.101851545324060017e-02
-4.550824764649869653e-02
-3.858934287424523740e-02
