1.000000000000000000e+00
9.984780148126756183e-01
9.961775121337558270e-01
9.886510761235582923e-01
9.841126197713933044e-01
9.745165700288379584e-01
9.657275714411862610e-01
9.597361725740413130e-01
9.545183644821965130e-01
9.439505484153217774e-01
9.380442136154877319e-01
9.332382457096547457e-01
9.326938669848406915e-01
9.302755392329702389e-01
9.290917658612375396e-01
9.285767358098355739e-01
9.277578809503458368e-01
9.282172230002617708e-01
9.275744697333547784e-01
9.275744697333547784e-01
9.250251165701979250e-01
9.250251165701979250e-01
9.235417452939874705e-01
9.223644609061592003e-01
9.223644609061592003e-01
9.223644609061592003e-01
9.223644609061592003e-01
9.223644609061592003e-01
9.215398994098054075e-01
9.220825268572429012e-01
9.220825268572429012e-01
9.220825268572429012e-01
9.220825268572429012e-01
9.220825268572429012e-01
9.220825268572429012e-01
9.220825268572429012e-01
9.220825268572429012e-01
9.220825268572429012e-01
9.220825268572429012e-01
9.220825268572429012e-01
9.220825268572429012e-01
9.220825268572429012e-01
9.220825268572429012e-01
9.220825268572429012e-01
9.220825268572429012e-01
9.220825268572429012e-01
9.220825268572429012e-01
9.220825268572429012e-01
9.220825268572429012e-01
9.220825268572429012e-01
9.220825268572429012e-01
9.220825268572429012e-01
9.220825268572429012e-01
9.220825268572429012e-01
9.220825268572429012e-01
9.220825268572429012e-01
9.220825268572429012e-01
9.220825268572429012e-01
9.220825268572429012e-01
9.209849653525983282e-01
9.209849653525983282e-01
9.209849653525983282e-01
9.209849653525983282e-01
9.209849653525983282e-01
9.209849653525983282e-01
9.209849653525983282e-01
9.209849653525983282e-01
9.209849653525983282e-01
9.209849653525983282e-01
9.209849653525983282e-01
9.209849653525983282e-01
9.209849653525983282e-01
9.209849653525983282e-01
9.209849653525983282e-01
9.209849653525983282e-01
9.209849653525983282e-01
9.209849653525983282e-01
9.209849653525983282e-01
9.209849653525983282e-01
9.209849653525983282e-01
9.209849653525983282e-01
9.209849653525983282e-01
9.209849653525983282e-01
9.209849653525983282e-01
9.209849653525983282e-01
9.209849653525983282e-01
9.209849653525983282e-01
9.209849653525983282e-01
9.209849653525983282e-01
9.209849653525983282e-01
9.209849653525983282e-01
9.209849653525983282e-01
9.209849653525983282e-01
9.209849653525983282e-01
9.209849653525983282e-01
9.209849653525983282e-01
9.209849653525983282e-01
9.209849653525983282e-01
9.209849653525983282e-01
9.209849653525983282e-01
9.209849653525983282e-01
9.209849653525983282e-01
9.209849653525983282e-01
9.209849653525983282e-01
9.209849653525983282e-01
9.209849653525983282e-01
9.209849653525983282e-01
9.209849653525983282e-01
9.209849653525983282e-01
9.209849653525983282e-01
9.209849653525983282e-01
9.209849653525983282e-01
9.209849653525983282e-01
9.209849653525983282e-01
9.209849653525983282e-01
9.209849653525983282e-01
9.209849653525983282e-01
9.209849653525983282e-01
9.209849653525983282e-01
9.209849653525983282e-01
9.209849653525983282e-01
9.209849653525983282e-01
9.209849653525983282e-01
9.209849653525983282e-01
9.209849653525983282e-01
9.209849653525983282e-01
9.209849653525983282e-01
9.209849653525983282e-01
9.209849653525983282e-01
9.209849653525983282e-01
9.209849653525983282e-01
9.209849653525983282e-01
9.209849653525983282e-01
9.209849653525983282e-01
9.209849653525983282e-01
9.209849653525983282e-01
9.209849653525983282e-01
9.209849653525983282e-01
9.209849653525983282e-01
9.209849653525983282e-01
9.209849653525983282e-01
9.209849653525983282e-01
9.209849653525983282e-01
9.209849653525983282e-01
9.209849653525983282e-01
9.209849653525983282e-01
9.209849653525983282e-01
9.209849653525983282e-01
9.209849653525983282e-01
9.209849653525983282e-01
9.209849653525983282e-01
9.209849653525983282e-01
9.209849653525983282e-01
9.209849653525983282e-01
9.209849653525983282e-01
9.209849653525983282e-01
9.209849653525983282e-01
9.209849653525983282e-01
9.209849653525983282e-01
9.209849653525983282e-01
9.209849653525983282e-01
9.209849653525983282e-01
9.209849653525983282e-01
9.209849653525983282e-01
9.209849653525983282e-01
9.209849653525983282e-01
9.209849653525983282e-01
9.209849653525983282e-01
9.209849653525983282e-01
9.209849653525983282e-01
9.209849653525983282e-01
9.209849653525983282e-01
9.209849653525983282e-01
9.209849653525983282e-01
9.209849653525983282e-01
9.209849653525983282e-01
9.209849653525983282e-01
9.209849653525983282e-01
9.209849653525983282e-01
9.209849653525983282e-01
9.209849653525983282e-01
9.209849653525983282e-01
9.209849653525983282e-01
9.209849653525983282e-01
9.209849653525983282e-01
9.209849653525983282e-01
9.209849653525983282e-01
9.209849653525983282e-01
9.209849653525983282e-01
9.209849653525983282e-01
9.209849653525983282e-01
9.209849653525983282e-01
9.209849653525983282e-01
9.209849653525983282e-01
9.209849653525983282e-01
9.209849653525983282e-01
9.209849653525983282e-01
9.209849653525983282e-01
9.209849653525983282e-01
9.209849653525983282e-01
9.209849653525983282e-01
9.209849653525983282e-01
9.209849653525983282e-01
9.209849653525983282e-01
9.209849653525983282e-01
9.209849653525983282e-01
9.209849653525983282e-01
9.209849653525983282e-01
9.209849653525983282e-01
9.209849653525983282e-01
9.209849653525983282e-01
9.209849653525983282e-01
9.209849653525983282e-01
9.209849653525983282e-01
9.209849653525983282e-01
9.209849653525983282e-01
9.209849653525983282e-01
9.209849653525983282e-01
9.209849653525983282e-01
9.209849653525983282e-01
9.209849653525983282e-01
9.209849653525983282e-01
9.209849653525983282e-01
9.209849653525983282e-01
9.209849653525983282e-01
9.209849653525983282e-01
9.209849653525983282e-01
9.209849653525983282e-01
9.209849653525983282e-01
9.209849653525983282e-01
9.209849653525983282e-01
9.209849653525983282e-01
9.209849653525983282e-01
9.209849653525983282e-01
9.209849653525983282e-01
9.209849653525983282e-01
9.209849653525983282e-01
9.209849653525983282e-01
9.209849653525983282e-01
9.209849653525983282e-01
9.209849653525983282e-01
9.209849653525983282e-01
9.209849653525983282e-01
9.209849653525983282e-01
9.209849653525983282e-01
9.209849653525983282e-01
9.209849653525983282e-01
9.209849653525983282e-01
9.209849653525983282e-01
9.209849653525983282e-01
