1.000000000000000000e+00
9.298539351353735105e-01
7.113936701340164426e-01
4.671998403062313510e-01
2.943798932766780729e-01
1.606944323726064994e-01
9.894898945129859680e-02
7.639268577906691005e-02
4.451362569234219163e-02
9.663960591795131561e-02
1.044247120684552999e-01
1.230606374129819547e-01
6.582686662136993938e-02
6.805060717172067841e-02
5.728014207635320071e-02
8.976001403891425978e-02
9.730832715432567726e-02
1.137619506664349633e-01
1.076374014813165775e-01
1.028187725683369913e-01
1.036614026187787779e-01
1.246190055035949068e-01
9.160339419732166366e-02
9.610894787887000468e-02
1.257747122202025614e-01
1.388128678470495203e-01
1.408726666956089391e-01
1.099692462710162993e-01
9.836427378096604390e-02
9.793560720818496323e-02
1.042649239083679180e-01
9.937262066844716746e-02
1.126005821368134124e-01
1.360460466891254827e-01
1.455146305190359313e-01
1.360353388352307513e-01
1.229153505916296685e-01
1.303826366353929844e-01
1.308474001484530302e-01
1.376946623770603229e-01
1.273438287817545700e-01
1.259509185137160370e-01
1.460483153410784551e-01
1.368665174085962055e-01
1.188591404939506463e-01
1.240275934393020446e-01
1.103282630137807641e-01
1.056110016184995393e-01
1.070712769713355883e-01
1.164952246698916227e-01
1.214858058188430373e-01
1.362977929422291845e-01
1.199536193333039930e-01
1.278030309771508444e-01
1.266031375926611191e-01
1.509462686895667038e-01
1.439713417026086961e-01
1.488591277893862030e-01
1.432970097475564641e-01
1.251947582908730372e-01
1.287061725315873928e-01
1.440648626033440571e-01
1.446298572010687455e-01
1.326157145482652067e-01
1.463064725685583600e-01
1.428530331519412555e-01
1.328590295979983904e-01
1.531360306800059190e-01
1.346092392786372161e-01
1.322988701593713068e-01
1.265824838366914618e-01
1.190775421733217959e-01
1.186114348659166040e-01
1.356192273038821783e-01
1.166867987796713635e-01
1.146995765962925129e-01
1.248017930909519069e-01
1.273424107021310925e-01
1.144606293280765186e-01
1.265468907619462235e-01
1.313998058345594022e-01
1.330116865198810727e-01
1.546994204367355408e-01
1.327495362121460520e-01
1.390767430808215466e-01
1.449536950558658610e-01
1.231983957685225811e-01
1.149411037670292346e-01
1.278557021440950847e-01
1.263215802296054624e-01
1.449521619813080031e-01
1.317176206322349385e-01
1.227842917595826921e-01
1.124100205934332880e-01
1.301420021850022979e-01
1.204123191297851725e-01
1.371851059801967310e-01
1.394170500591687956e-01
1.366368104488463187e-01
1.359570136415717556e-01
1.373503500932132804e-01
1.148042908928505468e-01
1.302416486451515032e-01
1.384206211686428711e-01
1.363274823082662734e-01
1.333385761120861879e-01
1.389829097674189218e-01
1.361736696551889836e-01
1.322848446583889115e-01
1.177289736186232783e-01
1.280398421025453204e-01
1.369176195455881762e-01
1.343596158678646013e-01
1.301022041358171621e-01
1.318472587645531380e-01
1.382055489634959611e-01
1.363110784579501245e-01
1.341350450865579635e-01
1.214893993311823711e-01
1.307986001410229304e-01
1.443255923681832087e-01
1.463019189319414992e-01
1.423361008097930591e-01
1.417568182276396638e-01
1.400010373159076560e-01
1.281181328469331859e-01
1.185505333960726743e-01
1.277898217880995835e-01
1.286371785218756725e-01
1.244806501662970022e-01
1.153338911117348375e-01
1.291471287053496120e-01
1.453158145327906603e-01
1.380937228082143864e-01
1.333590243259455133e-01
1.284023772634858840e-01
1.347846749690436441e-01
1.324555928494591528e-01
1.320155118421520446e-01
1.304006479874406099e-01
1.429612299256501073e-01
1.432009231507873903e-01
1.308363883537470573e-01
1.182068022332533608e-01
1.191383574642602000e-01
1.270373045830365255e-01
1.198939808598861456e-01
1.227319620672508715e-01
1.266504374599374261e-01
1.240608430333622059e-01
1.268060553947178981e-01
1.311249601159166778e-01
1.294392625790959928e-01
1.370448138831303897e-01
1.357451112536822158e-01
1.281787195645086863e-01
1.350602900716084964e-01
1.337540615914054876e-01
1.371605358791285756e-01
1.371590240109928360e-01
1.385217239453720994e-01
1.284167327373288980e-01
1.282116146611670671e-01
1.329988167326902615e-01
1.251129594521532273e-01
1.349773646673247118e-01
1.364422632429509175e-01
1.418679119579202286e-01
1.378469398502729093e-01
1.332765745819527725e-01
1.320478071199386594e-01
1.347924566240286670e-01
1.245212960797220519e-01
1.215471997259546938e-01
1.221657625347125631e-01
1.316648476017710234e-01
1.291520840960392047e-01
1.226036234087207188e-01
1.256357355969058565e-01
1.337631278612429753e-01
1.387916702612726483e-01
1.307953460714067206e-01
1.315459048354750138e-01
1.215673857461149615e-01
1.281596249389660713e-01
1.277687557932036533e-01
1.283983728176515404e-01
1.244219527204239589e-01
1.236953941582009664e-01
1.389125486588624891e-01
1.402636799738578854e-01
1.315795633356251215e-01
1.322689522345560087e-01
1.354829619913903715e-01
1.248344741413373871e-01
1.243599942755676396e-01
1.264148431826593033e-01
1.337192948832778283e-01
1.443553938485110377e-01
1.419277750325740883e-01
1.377289011337718694e-01
1.354413273726779166e-01
1.311249230024558177e-01
1.310925231639004651e-01
1.342902357303874805e-01
1.273711311195021012e-01
1.422139858662562484e-01
1.421290463781338942e-01
1.272551930219331662e-01
1.339650741014346558e-01
1.370386607584959671e-01
1.363805753042048874e-01
1.312358568741681109e-01
1.268431726964226736e-01
1.378992851691654697e-01
1.375824789844961316e-01
1.460837161830065289e-01
1.457933704948970732e-01
1.409925641347680725e-01
1.459979661296370301e-01
1.503974559054693794e-01
1.454866259515397720e-01
1.329361049105844683e-01
1.341032770288989595e-01
1.315238555821764965e-01
1.340106940171424399e-01
1.392735895898351284e-01
1.397385349219779915e-01
1.402647392125354053e-01
1.346156588355528483e-01
1.297115774612483674e-01
1.349208395676270988e-01
1.346362174631407504e-01
1.372175191800186489e-01
1.363749111053298435e-01
1.313765676450195929e-01
1.283473417061028188e-01
1.328089691829465457e-01
1.316471449534129257e-01
1.351504198933383694e-01
1.363695300933492061e-01
1.267445543723326185e-01
1.328221992496290138e-01
1.499528225690711924e-01
1.512718816391161458e-01
1.485029296885745365e-01
1.349182301125125549e-01
1.377407451702962471e-01
1.289980830183468652e-01
1.334047478058287828e-01
