-1.899999999999999911e+00 0.000000000000000000e+00
-1.896386430678465906e+00 0.000000000000000000e+00
-1.892772861356932124e+00 0.000000000000000000e+00
-1.889159292035398119e+00 0.000000000000000000e+00
-1.885545722713864114e+00 0.000000000000000000e+00
-1.881932153392330331e+00 0.000000000000000000e+00
-1.878318584070796327e+00 0.000000000000000000e+00
-1.874705014749262544e+00 0.000000000000000000e+00
-1.871091445427728539e+00 0.000000000000000000e+00
-1.867477876106194534e+00 0.000000000000000000e+00
-1.863864306784660752e+00 0.000000000000000000e+00
-1.860250737463126747e+00 0.000000000000000000e+00
-1.856637168141592742e+00 0.000000000000000000e+00
-1.853023598820058959e+00 0.000000000000000000e+00
-1.849410029498524954e+00 0.000000000000000000e+00
-1.845796460176990950e+00 0.000000000000000000e+00
-1.842182890855457167e+00 0.000000000000000000e+00
-1.838569321533923162e+00 0.000000000000000000e+00
-1.834955752212389379e+00 0.000000000000000000e+00
-1.831342182890855375e+00 0.000000000000000000e+00
-1.827728613569321370e+00 0.000000000000000000e+00
-1.824115044247787587e+00 0.000000000000000000e+00
-1.820501474926253582e+00 0.000000000000000000e+00
-1.816887905604719577e+00 0.000000000000000000e+00
-1.813274336283185795e+00 0.000000000000000000e+00
-1.809660766961651790e+00 0.000000000000000000e+00
-1.806047197640118007e+00 0.000000000000000000e+00
-1.802433628318584002e+00 0.000000000000000000e+00
-1.798820058997049998e+00 0.000000000000000000e+00
-1.795206489675516215e+00 0.000000000000000000e+00
-1.791592920353982210e+00 0.000000000000000000e+00
-1.787979351032448205e+00 0.000000000000000000e+00
-1.784365781710914423e+00 0.000000000000000000e+00
-1.780752212389380418e+00 0.000000000000000000e+00
-1.777138643067846413e+00 0.000000000000000000e+00
-1.773525073746312630e+00 0.000000000000000000e+00
-1.769911504424778625e+00 0.000000000000000000e+00
-1.766297935103244843e+00 0.000000000000000000e+00
-1.762684365781710838e+00 0.000000000000000000e+00
-1.759070796460176833e+00 0.000000000000000000e+00
-1.755457227138643050e+00 0.000000000000000000e+00
-1.751843657817109046e+00 0.000000000000000000e+00
-1.748230088495575041e+00 0.000000000000000000e+00
-1.744616519174041258e+00 0.000000000000000000e+00
-1.741002949852507253e+00 0.000000000000000000e+00
-1.737389380530973249e+00 0.000000000000000000e+00
-1.733775811209439466e+00 0.000000000000000000e+00
-1.730162241887905461e+00 0.000000000000000000e+00
-1.726548672566371678e+00 0.000000000000000000e+00
-1.722935103244837673e+00 0.000000000000000000e+00
-1.719321533923303669e+00 0.000000000000000000e+00
-1.715707964601769886e+00 0.000000000000000000e+00
-1.712094395280235881e+00 0.000000000000000000e+00
-1.708480825958701876e+00 0.000000000000000000e+00
-1.704867256637168094e+00 0.000000000000000000e+00
-1.701253687315634089e+00 0.000000000000000000e+00
-1.697640117994100084e+00 0.000000000000000000e+00
-1.694026548672566301e+00 0.000000000000000000e+00
-1.690412979351032297e+00 0.000000000000000000e+00
-1.686799410029498514e+00 0.000000000000000000e+00
-1.683185840707964509e+00 0.000000000000000000e+00
-1.679572271386430504e+00 0.000000000000000000e+00
-1.675958702064896721e+00 0.000000000000000000e+00
-1.672345132743362717e+00 0.000000000000000000e+00
-1.668731563421828712e+00 0.000000000000000000e+00
-1.665117994100294929e+00 0.000000000000000000e+00
-1.661504424778760924e+00 0.000000000000000000e+00
-1.657890855457226920e+00 0.000000000000000000e+00
-1.654277286135693137e+00 0.000000000000000000e+00
-1.650663716814159132e+00 0.000000000000000000e+00
-1.647050147492625349e+00 0.000000000000000000e+00
-1.643436578171091345e+00 0.000000000000000000e+00
-1.639823008849557340e+00 0.000000000000000000e+00
-1.636209439528023557e+00 0.000000000000000000e+00
-1.632595870206489552e+00 0.000000000000000000e+00
-1.628982300884955770e+00 0.000000000000000000e+00
-1.625368731563421765e+00 0.000000000000000000e+00
-1.621755162241887760e+00 0.000000000000000000e+00
-1.618141592920353755e+00 0.000000000000000000e+00
-1.614528023598819972e+00 0.000000000000000000e+00
-1.610914454277285968e+00 0.000000000000000000e+00
-1.607300884955752185e+00 0.000000000000000000e+00
-1.603687315634218180e+00 0.000000000000000000e+00
-1.600073746312684175e+00 0.000000000000000000e+00
-1.596460176991150393e+00 0.000000000000000000e+00
-1.592846607669616388e+00 0.000000000000000000e+00
-1.589233038348082605e+00 0.000000000000000000e+00
-1.585619469026548600e+00 0.000000000000000000e+00
-1.582005899705014595e+00 0.000000000000000000e+00
-1.578392330383480591e+00 0.000000000000000000e+00
-1.574778761061946808e+00 0.000000000000000000e+00
-1.571165191740412803e+00 0.000000000000000000e+00
-1.567551622418879020e+00 0.000000000000000000e+00
-1.563938053097345016e+00 0.000000000000000000e+00
-1.560324483775811011e+00 0.000000000000000000e+00
-1.556710914454277228e+00 0.000000000000000000e+00
-1.553097345132743223e+00 0.000000000000000000e+00
-1.549483775811209441e+00 0.000000000000000000e+00
-1.545870206489675436e+00 0.000000000000000000e+00
-1.542256637168141431e+00 0.000000000000000000e+00
-1.538643067846607426e+00 0.000000000000000000e+00
-1.535029498525073643e+00 0.000000000000000000e+00
-1.531415929203539639e+00 0.000000000000000000e+00
-1.527802359882005856e+00 0.000000000000000000e+00
-1.524188790560471851e+00 0.000000000000000000e+00
-1.520575221238937846e+00 0.000000000000000000e+00
-1.516961651917404064e+00 0.000000000000000000e+00
-1.513348082595870059e+00 0.000000000000000000e+00
-1.509734513274336276e+00 0.000000000000000000e+00
-1.506120943952802271e+00 0.000000000000000000e+00
-1.502507374631268267e+00 0.000000000000000000e+00
-1.498893805309734262e+00 0.000000000000000000e+00
-1.495280235988200479e+00 0.000000000000000000e+00
-1.491666666666666474e+00 0.000000000000000000e+00
-1.488053097345132691e+00 0.000000000000000000e+00
-1.484439528023598687e+00 0.000000000000000000e+00
-1.480825958702064682e+00 0.000000000000000000e+00
-1.477212389380530899e+00 0.000000000000000000e+00
-1.473598820058996894e+00 0.000000000000000000e+00
-1.469985250737463112e+00 0.000000000000000000e+00
-1.466371681415929107e+00 0.000000000000000000e+00
-1.462758112094395102e+00 0.000000000000000000e+00
-1.459144542772861097e+00 0.000000000000000000e+00
-1.455530973451327315e+00 0.000000000000000000e+00
-1.451917404129793310e+00 0.000000000000000000e+00
-1.448303834808259527e+00 0.000000000000000000e+00
-1.444690265486725522e+00 0.000000000000000000e+00
-1.441076696165191517e+00 0.000000000000000000e+00
-1.437463126843657735e+00 0.000000000000000000e+00
-1.433849557522123730e+00 0.000000000000000000e+00
-1.430235988200589947e+00 0.000000000000000000e+00
-1.426622418879055942e+00 0.000000000000000000e+00
-1.423008849557521938e+00 0.000000000000000000e+00
-1.419395280235987933e+00 0.000000000000000000e+00
-1.415781710914454150e+00 0.000000000000000000e+00
-1.412168141592920145e+00 0.000000000000000000e+00
-1.408554572271386363e+00 0.000000000000000000e+00
-1.404941002949852358e+00 0.000000000000000000e+00
-1.401327433628318353e+00 0.000000000000000000e+00
-1.397713864306784570e+00 0.000000000000000000e+00
-1.394100294985250565e+00 0.000000000000000000e+00
-1.390486725663716783e+00 0.000000000000000000e+00
-1.386873156342182778e+00 0.000000000000000000e+00
-1.383259587020648773e+00 0.000000000000000000e+00
-1.379646017699114768e+00 0.000000000000000000e+00
-1.376032448377580986e+00 0.000000000000000000e+00
-1.372418879056047203e+00 0.000000000000000000e+00
-1.368805309734513198e+00 0.000000000000000000e+00
-1.365191740412979193e+00 0.000000000000000000e+00
-1.361578171091445189e+00 0.000000000000000000e+00
-1.357964601769911406e+00 0.000000000000000000e+00
-1.354351032448377401e+00 0.000000000000000000e+00
-1.350737463126843618e+00 0.000000000000000000e+00
-1.347123893805309613e+00 0.000000000000000000e+00
-1.343510324483775609e+00 0.000000000000000000e+00
-1.339896755162241604e+00 0.000000000000000000e+00
-1.336283185840707821e+00 0.000000000000000000e+00
-1.332669616519174038e+00 0.000000000000000000e+00
-1.329056047197640034e+00 0.000000000000000000e+00
-1.325442477876106029e+00 0.000000000000000000e+00
-1.321828908554572024e+00 0.000000000000000000e+00
-1.318215339233038241e+00 0.000000000000000000e+00
-1.314601769911504237e+00 0.000000000000000000e+00
-1.310988200589970454e+00 0.000000000000000000e+00
-1.307374631268436449e+00 0.000000000000000000e+00
-1.303761061946902444e+00 0.000000000000000000e+00
-1.300147492625368439e+00 0.000000000000000000e+00
-1.296533923303834657e+00 0.000000000000000000e+00
-1.292920353982300874e+00 0.000000000000000000e+00
-1.289306784660766869e+00 0.000000000000000000e+00
-1.285693215339232864e+00 0.000000000000000000e+00
-1.282079646017698860e+00 0.000000000000000000e+00
-1.278466076696165077e+00 0.000000000000000000e+00
-1.274852507374631072e+00 0.000000000000000000e+00
-1.271238938053097289e+00 0.000000000000000000e+00
-1.267625368731563285e+00 0.000000000000000000e+00
-1.264011799410029280e+00 0.000000000000000000e+00
-1.260398230088495275e+00 0.000000000000000000e+00
-1.256784660766961492e+00 0.000000000000000000e+00
-1.253171091445427709e+00 0.000000000000000000e+00
-1.249557522123893705e+00 0.000000000000000000e+00
-1.245943952802359700e+00 0.000000000000000000e+00
-1.242330383480825695e+00 0.000000000000000000e+00
-1.238716814159291912e+00 0.000000000000000000e+00
-1.235103244837757908e+00 0.000000000000000000e+00
-1.231489675516224125e+00 0.000000000000000000e+00
-1.227876106194690120e+00 0.000000000000000000e+00
-1.224262536873156115e+00 0.000000000000000000e+00
-1.220648967551622111e+00 0.000000000000000000e+00
-1.217035398230088328e+00 0.000000000000000000e+00
-1.213421828908554545e+00 0.000000000000000000e+00
-1.209808259587020540e+00 0.000000000000000000e+00
-1.206194690265486535e+00 0.000000000000000000e+00
-1.202581120943952531e+00 0.000000000000000000e+00
-1.198967551622418748e+00 0.000000000000000000e+00
-1.195353982300884743e+00 0.000000000000000000e+00
-1.191740412979350960e+00 0.000000000000000000e+00
-1.188126843657816956e+00 0.000000000000000000e+00
-1.184513274336282951e+00 0.000000000000000000e+00
-1.180899705014748946e+00 0.000000000000000000e+00
-1.177286135693215163e+00 0.000000000000000000e+00
-1.173672566371681381e+00 0.000000000000000000e+00
-1.170058997050147376e+00 0.000000000000000000e+00
-1.166445427728613371e+00 0.000000000000000000e+00
-1.162831858407079366e+00 0.000000000000000000e+00
-1.159218289085545583e+00 0.000000000000000000e+00
-1.155604719764011579e+00 0.000000000000000000e+00
-1.151991150442477796e+00 0.000000000000000000e+00
-1.148377581120943791e+00 0.000000000000000000e+00
-1.144764011799409786e+00 0.000000000000000000e+00
-1.141150442477875782e+00 0.000000000000000000e+00
-1.137536873156341999e+00 0.000000000000000000e+00
-1.133923303834808216e+00 0.000000000000000000e+00
-1.130309734513274211e+00 0.000000000000000000e+00
-1.126696165191740207e+00 0.000000000000000000e+00
-1.123082595870206202e+00 0.000000000000000000e+00
-1.119469026548672419e+00 0.000000000000000000e+00
-1.115855457227138636e+00 0.000000000000000000e+00
-1.112241887905604631e+00 0.000000000000000000e+00
-1.108628318584070627e+00 0.000000000000000000e+00
-1.105014749262536622e+00 0.000000000000000000e+00
-1.101401179941002617e+00 0.000000000000000000e+00
-1.097787610619468834e+00 0.000000000000000000e+00
-1.094174041297935052e+00 0.000000000000000000e+00
-1.090560471976401047e+00 0.000000000000000000e+00
-1.086946902654867042e+00 0.000000000000000000e+00
-1.083333333333333037e+00 0.000000000000000000e+00
-1.079719764011799255e+00 0.000000000000000000e+00
-1.076106194690265472e+00 0.000000000000000000e+00
-1.072492625368731467e+00 0.000000000000000000e+00
-1.068879056047197462e+00 0.000000000000000000e+00
-1.065265486725663457e+00 0.000000000000000000e+00
-1.061651917404129453e+00 0.000000000000000000e+00
-1.058038348082595670e+00 0.000000000000000000e+00
-1.054424778761061887e+00 0.000000000000000000e+00
-1.050811209439527882e+00 0.000000000000000000e+00
-1.047197640117993878e+00 0.000000000000000000e+00
-1.043584070796459873e+00 0.000000000000000000e+00
-1.039970501474926090e+00 0.000000000000000000e+00
-1.036356932153392307e+00 0.000000000000000000e+00
-1.032743362831858303e+00 0.000000000000000000e+00
-1.029129793510324298e+00 0.000000000000000000e+00
-1.025516224188790293e+00 0.000000000000000000e+00
-1.021902654867256510e+00 0.000000000000000000e+00
-1.018289085545722505e+00 0.000000000000000000e+00
-1.014675516224188723e+00 0.000000000000000000e+00
-1.011061946902654718e+00 0.000000000000000000e+00
-1.007448377581120713e+00 0.000000000000000000e+00
-1.003834808259586708e+00 0.000000000000000000e+00
-1.000221238938052926e+00 0.000000000000000000e+00
-9.966076696165190318e-01 0.000000000000000000e+00
-9.929941002949850271e-01 0.000000000000000000e+00
-9.893805309734511333e-01 0.000000000000000000e+00
-9.857669616519172395e-01 0.000000000000000000e+00
-9.821533923303833458e-01 0.000000000000000000e+00
-9.785398230088493410e-01 0.000000000000000000e+00
-9.749262536873154472e-01 0.000000000000000000e+00
-9.713126843657815535e-01 0.000000000000000000e+00
-9.676991150442475487e-01 0.000000000000000000e+00
-9.640855457227136549e-01 0.000000000000000000e+00
-9.604719764011797611e-01 0.000000000000000000e+00
-9.568584070796458674e-01 0.000000000000000000e+00
-9.532448377581118626e-01 0.000000000000000000e+00
-9.496312684365779688e-01 0.000000000000000000e+00
-9.460176991150440751e-01 0.000000000000000000e+00
-9.424041297935101813e-01 0.000000000000000000e+00
-9.387905604719761765e-01 0.000000000000000000e+00
-9.351769911504422828e-01 0.000000000000000000e+00
-9.315634218289083890e-01 0.000000000000000000e+00
-9.279498525073743842e-01 0.000000000000000000e+00
-9.243362831858404904e-01 0.000000000000000000e+00
-9.207227138643065967e-01 0.000000000000000000e+00
-9.171091445427727029e-01 0.000000000000000000e+00
-9.134955752212386981e-01 0.000000000000000000e+00
-9.098820058997048044e-01 0.000000000000000000e+00
-9.062684365781709106e-01 0.000000000000000000e+00
-9.026548672566370168e-01 0.000000000000000000e+00
-8.990412979351030121e-01 0.000000000000000000e+00
-8.954277286135692293e-01 0.000000000000000000e+00
-8.918141592920352245e-01 0.000000000000000000e+00
-8.882005899705012197e-01 0.000000000000000000e+00
-8.845870206489674370e-01 0.000000000000000000e+00
-8.809734513274334322e-01 0.000000000000000000e+00
-8.773598820058994274e-01 0.000000000000000000e+00
-8.737463126843656447e-01 0.000000000000000000e+00
-8.701327433628316399e-01 0.000000000000000000e+00
-8.665191740412976351e-01 0.000000000000000000e+00
-8.629056047197638524e-01 0.000000000000000000e+00
-8.592920353982298476e-01 0.000000000000000000e+00
-8.556784660766960648e-01 0.000000000000000000e+00
-8.520648967551620601e-01 0.000000000000000000e+00
-8.484513274336280553e-01 0.000000000000000000e+00
-8.448377581120942725e-01 0.000000000000000000e+00
-8.412241887905602677e-01 0.000000000000000000e+00
-8.376106194690262630e-01 0.000000000000000000e+00
-8.339970501474924802e-01 0.000000000000000000e+00
-8.303834808259584754e-01 0.000000000000000000e+00
-8.267699115044244706e-01 0.000000000000000000e+00
-8.231563421828906879e-01 0.000000000000000000e+00
-8.195427728613566831e-01 0.000000000000000000e+00
-8.159292035398229004e-01 0.000000000000000000e+00
-8.123156342182888956e-01 0.000000000000000000e+00
-8.087020648967548908e-01 0.000000000000000000e+00
-8.050884955752211081e-01 0.000000000000000000e+00
-8.014749262536871033e-01 0.000000000000000000e+00
-7.978613569321530985e-01 0.000000000000000000e+00
-7.942477876106193158e-01 0.000000000000000000e+00
-7.906342182890853110e-01 0.000000000000000000e+00
-7.870206489675513062e-01 0.000000000000000000e+00
-7.834070796460175234e-01 0.000000000000000000e+00
-7.797935103244835187e-01 0.000000000000000000e+00
-7.761799410029497359e-01 0.000000000000000000e+00
-7.725663716814157311e-01 0.000000000000000000e+00
-7.689528023598817263e-01 0.000000000000000000e+00
-7.653392330383479436e-01 0.000000000000000000e+00
-7.617256637168139388e-01 0.000000000000000000e+00
-7.581120943952799340e-01 0.000000000000000000e+00
-7.544985250737461513e-01 0.000000000000000000e+00
-7.508849557522121465e-01 0.000000000000000000e+00
-7.472713864306783638e-01 0.000000000000000000e+00
-7.436578171091443590e-01 0.000000000000000000e+00
-7.400442477876103542e-01 0.000000000000000000e+00
-7.364306784660765715e-01 0.000000000000000000e+00
-7.328171091445425667e-01 0.000000000000000000e+00
-7.292035398230085619e-01 0.000000000000000000e+00
-7.255899705014747791e-01 0.000000000000000000e+00
-7.219764011799407744e-01 0.000000000000000000e+00
-7.183628318584067696e-01 0.000000000000000000e+00
-7.147492625368729868e-01 0.000000000000000000e+00
-7.111356932153389820e-01 0.000000000000000000e+00
-7.075221238938051993e-01 0.000000000000000000e+00
-7.039085545722711945e-01 0.000000000000000000e+00
-7.002949852507371897e-01 0.000000000000000000e+00
-6.966814159292034070e-01 0.000000000000000000e+00
-6.930678466076694022e-01 0.000000000000000000e+00
-6.894542772861353974e-01 0.000000000000000000e+00
-6.858407079646016147e-01 0.000000000000000000e+00
-6.822271386430676099e-01 0.000000000000000000e+00
-6.786135693215336051e-01 0.000000000000000000e+00
-6.749999999999998224e-01 0.000000000000000000e+00
-6.713864306784658176e-01 0.000000000000000000e+00
-6.677728613569320348e-01 0.000000000000000000e+00
-6.641592920353980301e-01 0.000000000000000000e+00
-6.605457227138640253e-01 0.000000000000000000e+00
-6.569321533923302425e-01 0.000000000000000000e+00
-6.533185840707962377e-01 0.000000000000000000e+00
-6.497050147492622330e-01 0.000000000000000000e+00
-6.460914454277284502e-01 0.000000000000000000e+00
-6.424778761061944454e-01 0.000000000000000000e+00
-6.388643067846604406e-01 0.000000000000000000e+00
-6.352507374631266579e-01 0.000000000000000000e+00
-6.316371681415926531e-01 0.000000000000000000e+00
-6.280235988200588704e-01 0.000000000000000000e+00
-6.244100294985248656e-01 0.000000000000000000e+00
-6.207964601769908608e-01 0.000000000000000000e+00
-6.171828908554570781e-01 0.000000000000000000e+00
-6.135693215339230733e-01 0.000000000000000000e+00
-6.099557522123890685e-01 0.000000000000000000e+00
-6.063421828908552857e-01 0.000000000000000000e+00
-6.027286135693212810e-01 0.000000000000000000e+00
-5.991150442477872762e-01 0.000000000000000000e+00
-5.955014749262534934e-01 0.000000000000000000e+00
-5.918879056047194887e-01 0.000000000000000000e+00
-5.882743362831857059e-01 0.000000000000000000e+00
-5.846607669616517011e-01 0.000000000000000000e+00
-5.810471976401176963e-01 0.000000000000000000e+00
-5.774336283185839136e-01 0.000000000000000000e+00
-5.738200589970499088e-01 0.000000000000000000e+00
-5.702064896755159040e-01 0.000000000000000000e+00
-5.665929203539821213e-01 0.000000000000000000e+00
-5.629793510324481165e-01 0.000000000000000000e+00
-5.593657817109143338e-01 0.000000000000000000e+00
-5.557522123893803290e-01 2.388985835735472004e-307
-5.521386430678463242e-01 2.472348479959442377e-289
-5.485250737463125414e-01 2.451470009220358190e-272
-5.449115044247785367e-01 2.658011620232832024e-256
-5.412979351032445319e-01 3.569966178057143263e-241
-5.376843657817107491e-01 6.681351018924470176e-227
-5.340707964601767443e-01 1.947140447575874715e-213
-5.304572271386427396e-01 9.812697990017170421e-201
-5.268436578171089568e-01 9.440635984743262521e-189
-5.232300884955749520e-01 1.903625067487168915e-177
-5.196165191740411693e-01 8.786030716010281530e-167
-5.160029498525071645e-01 1.008661335809032245e-156
-5.123893805309731597e-01 3.115423597113184243e-147
-5.087758112094393770e-01 2.787837245919043975e-138
-5.051622418879053722e-01 7.750780669753293718e-130
-5.015486725663713674e-01 7.151411389556330781e-122
-4.979351032448375847e-01 2.330421089857812506e-114
-4.943215339233035799e-01 2.844327126014946549e-107
-4.907079646017695751e-01 1.374349032444092504e-100
-4.870943952802357924e-01 2.770136430344471772e-94
-4.834808259587017876e-01 2.446959279761377195e-88
-4.798672566371680048e-01 9.924327675970547713e-83
-4.762536873156340000e-01 1.931131246139740197e-77
-4.726401179940999953e-01 1.879189791662141693e-72
-4.690265486725662125e-01 9.509858462014320289e-68
-4.654129793510322077e-01 2.596927953418931869e-63
-4.617994100294982029e-01 3.962426430153073270e-59
-4.581858407079644202e-01 3.491055218508433599e-55
-4.545722713864304154e-01 1.831970637816064205e-51
-4.509587020648964106e-01 5.895992134612650424e-48
-4.473451327433626279e-01 1.196362080293468150e-44
-4.437315634218286231e-01 1.570893173776203490e-41
-4.401179941002948404e-01 1.367972265323110341e-38
-4.365044247787608356e-01 8.085657494348827476e-36
-4.328908554572268308e-01 3.315482626020928038e-33
-4.292772861356930481e-01 9.627494367652223340e-31
-4.256637168141590433e-01 2.018556465656657974e-28
-4.220501474926250385e-01 3.112192023970222365e-26
-4.184365781710912557e-01 3.589728675385582688e-24
-4.148230088495572510e-01 3.148155036948435164e-22
-4.112094395280232462e-01 2.131362668319686429e-20
-4.075958702064894634e-01 1.129976152042203696e-18
-4.039823008849554586e-01 4.754540822689697648e-17
-4.003687315634216759e-01 1.607751774022569212e-15
-3.967551622418876711e-01 4.420622308594204757e-14
-3.931415929203536663e-01 9.991570425844064557e-13
-3.895280235988198836e-01 1.875247685051709762e-11
-3.859144542772858788e-01 2.949909289373715649e-10
-3.823008849557518740e-01 3.922828922710296501e-09
-3.786873156342180913e-01 4.444387224757516034e-08
-3.750737463126840865e-01 4.320075860509930708e-07
-3.714601769911500817e-01 3.625295603362562370e-06
-3.678466076696162990e-01 2.640760358755524513e-05
-3.642330383480822942e-01 1.677483790467858824e-04
-3.606194690265485114e-01 9.327925431430061530e-04
-3.570058997050145067e-01 4.554091492907007439e-03
-3.533923303834805019e-01 1.956315730530483118e-02
-3.497787610619467191e-01 7.404067163114941286e-02
-3.461651917404127143e-01 2.470172644557029618e-01
-3.425516224188787096e-01 7.263177595442774637e-01
-3.389380530973449268e-01 1.880686516527388275e+00
-3.353244837758109220e-01 4.282958397536210882e+00
-3.317109144542771393e-01 8.565456914576943248e+00
-3.280973451327431345e-01 1.502093036769388057e+01
-3.244837758112091297e-01 2.307367034000081674e+01
-3.208702064896753470e-01 3.103836022111813975e+01
-3.172566371681413422e-01 3.660035708555922440e+01
-3.136430678466073374e-01 3.793791401439814592e+01
-3.100294985250735547e-01 3.473744476778673373e+01
-3.064159292035395499e-01 2.830542771996830353e+01
-3.028023598820055451e-01 2.073219221937862855e+01
-2.991887905604717623e-01 1.382300152059635678e+01
-2.955752212389377576e-01 8.515564360386205678e+00
-2.919616519174039748e-01 4.928514744999871411e+00
-2.883480825958699700e-01 2.727727570382378453e+00
-2.847345132743359652e-01 1.469772714728996954e+00
-2.811209439528021825e-01 7.844527808870721541e-01
-2.775073746312681777e-01 4.213472164936059583e-01
-2.738938053097341729e-01 2.309299708847568910e-01
-2.702802359882003902e-01 1.306304377837463337e-01
-2.666666666666663854e-01 7.694095256853931974e-02
-2.630530973451323806e-01 4.748072526141843691e-02
-2.594395280235985979e-01 3.081467760567116465e-02
-2.558259587020645931e-01 2.106431375740073705e-02
-2.522123893805308104e-01 1.516022173309544002e-02
-2.485988200589968056e-01 1.146377996813648797e-02
-2.449852507374628008e-01 9.076669295444346822e-03
-2.413716814159290180e-01 7.491846915319698430e-03
-2.377581120943950133e-01 6.414274844905466094e-03
-2.341445427728610085e-01 5.666919107337706728e-03
-2.305309734513272257e-01 5.140288929558645137e-03
-2.269174041297932209e-01 4.764661845861389508e-03
-2.233038348082592162e-01 4.494397406763979072e-03
-2.196902654867254334e-01 4.298845830747619924e-03
-2.160766961651914286e-01 4.156941064421468962e-03
-2.124631268436576459e-01 4.053901246499706443e-03
-2.088495575221236411e-01 3.979162853278767585e-03
-2.052359882005896363e-01 3.925053922742841733e-03
-2.016224188790558536e-01 3.885920622044236605e-03
-1.980088495575218488e-01 3.857538809162936507e-03
-1.943952802359878440e-01 3.836709535321203811e-03
-1.907817109144540613e-01 3.820976526607236350e-03
-1.871681415929200565e-01 3.808426778259004289e-03
-1.835545722713860517e-01 3.797549166246347741e-03
-1.799410029498522690e-01 3.787134320613218426e-03
-1.763274336283182642e-01 3.776204153816335556e-03
-1.727138643067844814e-01 3.763962715980532711e-03
-1.691002949852504766e-01 3.749762232933555057e-03
-1.654867256637164719e-01 3.733079721552072256e-03
-1.618731563421826891e-01 3.713500724275930684e-03
-1.582595870206486843e-01 3.690707599005611274e-03
-1.546460176991146795e-01 3.664470514686399370e-03
-1.510324483775808968e-01 3.634639874561114772e-03
-1.474188790560468920e-01 3.601139339752750402e-03
-1.438053097345131093e-01 3.563958970635778233e-03
-1.401917404129791045e-01 3.523148256080752341e-03
-1.365781710914450997e-01 3.478808975048501041e-03
-1.329646017699113170e-01 3.431087946371657021e-03
-1.293510324483773122e-01 3.380169781733285885e-03
-1.257374631268433074e-01 3.326269784485583018e-03
-1.221238938053095247e-01 3.269627132932967795e-03
-1.185103244837755199e-01 3.210498471890685813e-03
-1.148967551622415151e-01 3.149152010383546134e-03
-1.112831858407077323e-01 3.085862194272159971e-03
-1.076696165191737276e-01 3.020904995824388265e-03
-1.040560471976399448e-01 2.954553834078577426e-03
-1.004424778761059400e-01 2.887076120705574581e-03
-9.682890855457193524e-02 2.818730407225118837e-03
-9.321533923303815250e-02 2.749764097020003170e-03
-8.960176991150414771e-02 2.680411676606913891e-03
-8.598820058997014293e-02 2.610893415208630046e-03
-8.237463126843636019e-02 2.541414479157400041e-03
-7.876106194690235540e-02 2.472164407448246802e-03
-7.514749262536835062e-02 2.403316896296973232e-03
-7.153392330383456788e-02 2.335029843352522984e-03
-6.792035398230056309e-02 2.267445605851227571e-03
-6.430678466076678035e-02 2.200691431143882160e-03
-6.069321533923277556e-02 2.134880022406294292e-03
-5.707964601769877078e-02 2.070110206756216320e-03
-5.346607669616498804e-02 2.006467677294621488e-03
-4.985250737463098325e-02 1.944025784660294472e-03
-4.623893805309697846e-02 1.882846357467414912e-03
-4.262536873156319572e-02 1.822980534443844952e-03
-3.901179941002919094e-02 1.764469594187037527e-03
-3.539823008849518615e-02 1.707345771202353800e-03
-3.178466076696140341e-02 1.651633049295279671e-03
-2.817109144542739863e-02 1.597347925472987571e-03
-2.455752212389361588e-02 1.544500139294951091e-03
-2.094395280235961110e-02 1.493093364122919991e-03
-1.733038348082560631e-02 1.443125857984863241e-03
-1.371681415929182357e-02 1.394591072812814518e-03
-1.010324483775781879e-02 1.347478221666980388e-03
-6.489675516223814000e-03 1.301772804243463795e-03
-2.876106194690031259e-03 1.257457091502567261e-03
7.374631268439735265e-04 1.214510545123242144e-03
4.351032448377978312e-03 1.172905369187859015e-03
7.964601769911761053e-03 1.132602513529904929e-03
1.157817109144576584e-02 1.093562878890419390e-03
1.519174041297954858e-02 1.055748804925307847e-03
1.880530973451355337e-02 1.019123974113577812e-03
2.241887905604755815e-02 9.836533258958768226e-04
2.603244837758134089e-02 9.493029797631975060e-04
2.964601769911534568e-02 9.160401661882515466e-04
3.325958702064935046e-02 8.838331644398350053e-04
3.687315634218313321e-02 8.526512464477731647e-04
4.048672566371713799e-02 8.224646259947104594e-04
4.410029498525114278e-02 7.932444126052443740e-04
4.771386430678492552e-02 7.649625695833891332e-04
5.132743362831893030e-02 7.375918757195785644e-04
5.494100294985271304e-02 7.111058902484024107e-04
5.855457227138671783e-02 6.854789206907029291e-04
6.216814159292072262e-02 6.606859932589054024e-04
6.578171091445450536e-02 6.367028255436571471e-04
6.939528023598851014e-02 6.135058012341420512e-04
7.300884955752251493e-02 5.910719466541089224e-04
7.662241887905629767e-02 5.693789089215488611e-04
8.023598820059030245e-02 5.484049355626653731e-04
8.384955752212408520e-02 5.281288554304774258e-04
8.746312684365808998e-02 5.085300607957737818e-04
9.107669616519209477e-02 4.895884904932406440e-04
9.469026548672587751e-02 4.712846140189482988e-04
9.830383480825988229e-02 4.535994164870873905e-04
1.019174041297938871e-01 4.365143843640488779e-04
1.055309734513278919e-01 4.200114919071163051e-04
1.091445427728614526e-01 4.040731882430127764e-04
1.127581120943954573e-01 3.886823850284745470e-04
1.163716814159294621e-01 3.738224446415366431e-04
1.199852507374634669e-01 3.594771688574039986e-04
1.235988200589974717e-01 3.456307879679949261e-04
1.272123893805314765e-01 3.322679503083797534e-04
1.308259587020650372e-01 3.193737121572712170e-04
1.344395280235990420e-01 3.069335279821809354e-04
1.380530973451330468e-01 2.949332410028696690e-04
1.416666666666670515e-01 2.833590740494465964e-04
1.452802359882010563e-01 2.721976206939185814e-04
1.488938053097346170e-01 2.614358366361653691e-04
1.525073746312686218e-01 2.510610313272089618e-04
1.561209439528026266e-01 2.410608598144506755e-04
1.597345132743366314e-01 2.314233147950072237e-04
1.633480825958706362e-01 2.221367188647665981e-04
1.669616519174046410e-01 2.131897169519482438e-04
1.705752212389382017e-01 2.045712689251050209e-04
1.741887905604722064e-01 1.962706423665050025e-04
1.778023598820062112e-01 1.882774055027329951e-04
1.814159292035402160e-01 1.805814202851260353e-04
1.850294985250742208e-01 1.731728356134287132e-04
1.886430678466077815e-01 1.660420806966788113e-04
1.922566371681417863e-01 1.591798585459073699e-04
1.958702064896757911e-01 1.525771395937982038e-04
1.994837758112097958e-01 1.462251554368900201e-04
2.030973451327438006e-01 1.401153926963442291e-04
2.067109144542778054e-01 1.342395869936647754e-04
2.103244837758113661e-01 1.285897170381411275e-04
2.139380530973453709e-01 1.231579988230205899e-04
2.175516224188793757e-01 1.179368799277524511e-04
2.211651917404133805e-01 1.129190339238626687e-04
2.247787610619473853e-01 1.080973548822300803e-04
2.283923303834809460e-01 1.034649519797492463e-04
2.320058997050149507e-01 9.901514420352412152e-05
2.356194690265489555e-01 9.474145515089217487e-05
2.392330383480829603e-01 9.063760792372064742e-05
2.428466076696169651e-01 8.669752011552978759e-05
2.464601769911509699e-01 8.291529889010770663e-05
2.500737463126845306e-01 7.928523615038055191e-05
2.536873156342185354e-01 7.580180379635914503e-05
2.573008849557525402e-01 7.245964907109215354e-05
2.609144542772865449e-01 6.925358999357685745e-05
2.645280235988205497e-01 6.617861087765880340e-05
2.681415929203541104e-01 6.322985793598205043e-05
2.717551622418881152e-01 6.040263496809257965e-05
2.753687315634221200e-01 5.769239913183257454e-05
2.789823008849561248e-01 5.509475679717927755e-05
2.825958702064901296e-01 5.260545948170842746e-05
2.862094395280241343e-01 5.022039986688273247e-05
2.898230088495576950e-01 4.793560789435954582e-05
2.934365781710916998e-01 4.574724694154709310e-05
2.970501474926257046e-01 4.365161007561404300e-05
3.006637168141597094e-01 4.164511638518348519e-05
3.042772861356937142e-01 3.972430738892646795e-05
3.078908554572272749e-01 3.788584352027468704e-05
3.115044247787612797e-01 3.612650068746669916e-05
3.151179941002952845e-01 3.444316690813813055e-05
3.187315634218292892e-01 3.283283901764866514e-05
3.223451327433632940e-01 3.129261945035054975e-05
3.259587020648972988e-01 2.981971309297227162e-05
3.295722713864308595e-01 2.841142420929841186e-05
3.331858407079648643e-01 2.706515343530469664e-05
3.367994100294988691e-01 2.577839484390941565e-05
3.404129793510328739e-01 2.454873307847479843e-05
3.440265486725668787e-01 2.337384055419838960e-05
3.476401179941004393e-01 2.225147472651474564e-05
3.512536873156344441e-01 2.117947542561402641e-05
3.548672566371684489e-01 2.015576225618739216e-05
3.584808259587024537e-01 1.917833206148222177e-05
3.620943952802364585e-01 1.824525645075246154e-05
3.657079646017700192e-01 1.735467938917881260e-05
3.693215339233040240e-01 1.650481484931933641e-05
3.729351032448380288e-01 1.569394452314917059e-05
3.765486725663720335e-01 1.492041559373868095e-05
3.801622418879060383e-01 1.418263856561103388e-05
3.837758112094400431e-01 1.347908515281721714e-05
3.873893805309736038e-01 1.280828622376010147e-05
3.910029498525076086e-01 1.216882980179300438e-05
3.946165191740416134e-01 1.155935912061772140e-05
3.982300884955756182e-01 1.097857073350034050e-05
4.018436578171096230e-01 1.042521267532611538e-05
4.054572271386431837e-01 9.898082676505048889e-06
4.090707964601771884e-01 9.396026427748491416e-06
4.126843657817111932e-01 8.917935894731395761e-06
4.162979351032451980e-01 8.462747681655235834e-06
4.199115044247792028e-01 8.029441442732053230e-06
4.235250737463132076e-01 7.617038340609722942e-06
4.271386430678467683e-01 7.224599550761141791e-06
4.307522123893807731e-01 6.851224810865812243e-06
4.343657817109147778e-01 6.496051014215207266e-06
4.379793510324487826e-01 6.158250846178347627e-06
4.415929203539827874e-01 5.837031462770420690e-06
4.452064896755163481e-01 5.531633210373388732e-06
4.488200589970503529e-01 5.241328385663891779e-06
4.524336283185843577e-01 4.965420034812659047e-06
4.560471976401183625e-01 4.703240791025509646e-06
4.596607669616523673e-01 4.454151749506905011e-06
4.632743362831863720e-01 4.217541378934604112e-06
4.668879056047199327e-01 3.992824468544104687e-06
4.705014749262539375e-01 3.779441109931760508e-06
4.741150442477879423e-01 3.576855712695237309e-06
4.777286135693219471e-01 3.384556053041603184e-06
4.813421828908559519e-01 3.202052354504196334e-06
4.849557522123895126e-01 3.028876399920848442e-06
4.885693215339235174e-01 2.864580673838432755e-06
4.921828908554575222e-01 2.708737534520546635e-06
4.957964601769915269e-01 2.560938414747443179e-06
4.994100294985255317e-01 2.420793050610959107e-06
5.030235988200595365e-01 2.287928737518765432e-06
5.066371681415930972e-01 2.161989612636859742e-06
5.102507374631271020e-01 2.042635963011491113e-06
5.138643067846611068e-01 1.929543558625926585e-06
5.174778761061951116e-01 1.822403009660526585e-06
5.210914454277291163e-01 1.720919147238887653e-06
5.247050147492626770e-01 1.624810426956241341e-06
5.283185840707966818e-01 1.533808354500553544e-06
5.319321533923306866e-01 1.447656932690520709e-06
5.355457227138646914e-01 1.366112129268673122e-06
5.391592920353986962e-01 1.288941364802022223e-06
5.427728613569327010e-01 1.215923020056536426e-06
5.463864306784662617e-01 1.146845962225852063e-06
5.500000000000002665e-01 1.081509089408471453e-06
5.536135693215342712e-01 1.019720892741898088e-06
5.572271386430682760e-01 9.612990356157192661e-07
5.608407079646022808e-01 9.060699493996465955e-07
5.644542772861358415e-01 8.538684451362937218e-07
5.680678466076698463e-01 8.045373406618059154e-07
5.716814159292038511e-01 7.579271026312607609e-07
5.752949852507378559e-01 7.138955029390108213e-07
5.789085545722718606e-01 6.723072890372319443e-07
5.825221238938058654e-01 6.330338676693768357e-07
5.861356932153394261e-01 5.959530015478778177e-07
5.897492625368734309e-01 5.609485185183658742e-07
5.933628318584074357e-01 5.279100327652796869e-07
5.969764011799414405e-01 4.967326776261856215e-07
6.005899705014754453e-01 4.673168495943453735e-07
6.042035398230090060e-01 4.395679631012370409e-07
6.078171091445430108e-01 4.133962156824801912e-07
6.114306784660770155e-01 3.887163631424989382e-07
6.150442477876110203e-01 3.654475043444754140e-07
6.186578171091450251e-01 3.435128752637142685e-07
6.222713864306790299e-01 3.228396519533373843e-07
6.258849557522125906e-01 3.033587620823198437e-07
6.294985250737465954e-01 2.850047047162973178e-07
6.331120943952806002e-01 2.677153780222037843e-07
6.367256637168146050e-01 2.514319145878675239e-07
6.403392330383486097e-01 2.360985240577050419e-07
6.439528023598821704e-01 2.216623427954900525e-07
6.475663716814161752e-01 2.080732902946258320e-07
6.511799410029501800e-01 1.952839320657594641e-07
6.547935103244841848e-01 1.832493487406046541e-07
6.584070796460181896e-01 1.719270111398059793e-07
6.620206489675521944e-01 1.612766610612736057e-07
6.656342182890857551e-01 1.512601975539249705e-07
6.692477876106197598e-01 1.418415684499584088e-07
6.728613569321537646e-01 1.329866669368435109e-07
6.764749262536877694e-01 1.246632329579723766e-07
6.800884955752217742e-01 1.168407592385606950e-07
6.837020648967553349e-01 1.094904017407330472e-07
6.873156342182893397e-01 1.025848943589236347e-07
6.909292035398233445e-01 9.609846767371177315e-08
6.945427728613573493e-01 9.000677158894610742e-08
6.981563421828913540e-01 8.428680168364243418e-08
7.017699115044253588e-01 7.891682911647230396e-08
7.053834808259589195e-01 7.387633392687440142e-08
7.089970501474929243e-01 6.914594158282121609e-08
7.126106194690269291e-01 6.470736263107481792e-08
7.162241887905609339e-01 6.054333531140215956e-08
7.198377581120949387e-01 5.663757100168200186e-08
7.234513274336284994e-01 5.297470236610855807e-08
7.270648967551625041e-01 4.954023408378668006e-08
7.306784660766965089e-01 4.632049603998945757e-08
7.342920353982305137e-01 4.330259886707714644e-08
7.379056047197645185e-01 4.047439172672228453e-08
7.415191740412985233e-01 3.782442222952902504e-08
7.451327433628320840e-01 3.534189839243191989e-08
7.487463126843660888e-01 3.301665253842238777e-08
7.523598820059000936e-01 3.083910704714642966e-08
7.559734513274340983e-01 2.880024186879058384e-08
7.595870206489681031e-01 2.689156371738412875e-08
7.632005899705016638e-01 2.510507686325453136e-08
7.668141592920356686e-01 2.343325544781107991e-08
7.704277286135696734e-01 2.186901724717942845e-08
7.740412979351036782e-01 2.040569881440130462e-08
7.776548672566376830e-01 1.903703193301146691e-08
7.812684365781712437e-01 1.775712131776274949e-08
7.848820058997052485e-01 1.656042350113116127e-08
7.884955752212392532e-01 1.544172684697354799e-08
7.921091445427732580e-01 1.439613263534679863e-08
7.957227138643072628e-01 1.341903716503550187e-08
7.993362831858412676e-01 1.250611482276072637e-08
8.029498525073748283e-01 1.165330207038715464e-08
8.065634218289088331e-01 1.085678230367727207e-08
8.101769911504428379e-01 1.011297153830208886e-08
8.137905604719768426e-01 9.418504880872309435e-09
8.174041297935108474e-01 8.770223744733749141e-09
8.210176991150444081e-01 8.165163772169852325e-09
8.246312684365784129e-01 7.600543426463759119e-09
8.282448377581124177e-01 7.073753219015897200e-09
8.318584070796464225e-01 6.582345538376845928e-09
8.354719764011804273e-01 6.124025049650636618e-09
8.390855457227144321e-01 5.696639634246597295e-09
8.426991150442479928e-01 5.298171841420348566e-09
8.463126843657819975e-01 4.926730824437109238e-09
8.499262536873160023e-01 4.580544735527030356e-09
8.535398230088500071e-01 4.257953555075077374e-09
8.571533923303840119e-01 3.957402331707892882e-09
8.607669616519175726e-01 3.677434811102975357e-09
8.643805309734515774e-01 3.416687432456391043e-09
8.679941002949855822e-01 3.173883672606048045e-09
8.716076696165195870e-01 2.947828718819457579e-09
8.752212389380535917e-01 2.737404452220332520e-09
8.788348082595875965e-01 2.541564724749324070e-09
8.824483775811211572e-01 2.359330913432073360e-09
8.860619469026551620e-01 2.189787736563925243e-09
8.896755162241891668e-01 2.032079317219222833e-09
8.932890855457231716e-01 1.885405480251320768e-09
8.969026548672571764e-01 1.749018269673159197e-09
9.005162241887907371e-01 1.622218673997540022e-09
9.041297935103247418e-01 1.504353547770409907e-09
9.077433628318587466e-01 1.394812718155230052e-09
9.113569321533927514e-01 1.293026266018694058e-09
9.149705014749267562e-01 1.198461971532945280e-09
9.185840707964607610e-01 1.110622914845253631e-09
9.221976401179943217e-01 1.029045222875836589e-09
9.258112094395283265e-01 9.532959537890080786e-10
9.294247787610623313e-01 8.829711111426240618e-10
9.330383480825963360e-01 8.176937801577491139e-10
9.366519174041303408e-01 7.571123789651024844e-10
9.402654867256639015e-01 7.008990180785921034e-10
9.438790560471979063e-01 6.487479617195334098e-10
9.474926253687319111e-01 6.003741849697069876e-10
9.511061946902659159e-01 5.555120210669711530e-10
9.547197640117999207e-01 5.139138934760982037e-10
9.583333333333339255e-01 4.753491276691283553e-10
9.619469026548674861e-01 4.396028378357404476e-10
9.655604719764014909e-01 4.064748840149870602e-10
9.691740412979354957e-01 3.757788953967080756e-10
9.727876106194695005e-01 3.473413557835114730e-10
9.764011799410035053e-01 3.210007474345828849e-10
9.800147492625370660e-01 2.966067497300710315e-10
9.836283185840710708e-01 2.740194893007602954e-10
9.872418879056050756e-01 2.531088384625258785e-10
9.908554572271390803e-01 2.337537589791802768e-10
9.944690265486730851e-01 2.158416883514614359e-10
9.980825958702070899e-01 1.992679659944340075e-10
1.001696165191740651e+00 1.839352968209966480e-10
1.005309734513274655e+00 1.697532498960335145e-10
1.008923303834808660e+00 1.566377899644893612e-10
1.012536873156342665e+00 1.445108397874242702e-10
1.016150442477876670e+00 1.332998713437856501e-10
1.019764011799410230e+00 1.229375240721924041e-10
1.023377581120944235e+00 1.133612484370007518e-10
1.026991150442478240e+00 1.045129732067219865e-10
1.030604719764012245e+00 9.633879493059946518e-11
1.034218289085546250e+00 8.878868819145345032e-11
1.037831858407080254e+00 8.181623529973048418e-11
1.041445427728613815e+00 7.537837417562205762e-11
1.045058997050147820e+00 6.943516324321927682e-11
1.048672566371681825e+00 6.394956223331513422e-11
1.052286135693215829e+00 5.888722785983859330e-11
1.055899705014749834e+00 5.421632339927841911e-11
1.059513274336283395e+00 4.990734126303222448e-11
1.063126843657817400e+00 4.593293770957830827e-11
1.066740412979351404e+00 4.226777889699400670e-11
1.070353982300885409e+00 3.888839752671850565e-11
1.073967551622419414e+00 3.577305937685657042e-11
1.077581120943953419e+00 3.290163906784510199e-11
1.081194690265486980e+00 3.025550444514827089e-11
1.084808259587020984e+00 2.781740900296185038e-11
1.088421828908554989e+00 2.557139180982285458e-11
1.092035398230088994e+00 2.350268443168744254e-11
1.095648967551622999e+00 2.159762438058298882e-11
1.099262536873156559e+00 1.984357464748550007e-11
1.102876106194690564e+00 1.822884890672342014e-11
1.106489675516224569e+00 1.674264200610064945e-11
1.110103244837758574e+00 1.537496538213102917e-11
1.113716814159292579e+00 1.411658706342892307e-11
1.117330383480826583e+00 1.295897594744709270e-11
1.120943952802360144e+00 1.189425005652740476e-11
1.124557522123894149e+00 1.091512849868454544e-11
1.128171091445428154e+00 1.001488687677017193e-11
1.131784660766962158e+00 9.187315906732092750e-12
1.135398230088496163e+00 8.426683021668369257e-12
1.139011799410029724e+00 7.727696753333468824e-12
1.142625368731563729e+00 7.085473696754919782e-12
1.146238938053097733e+00 6.495507876719573634e-12
1.149852507374631738e+00 5.953642347139436784e-12
1.153466076696165743e+00 5.456042865768408180e-12
1.157079646017699748e+00 4.999173497454598843e-12
1.160693215339233308e+00 4.579774009128639900e-12
1.164306784660767313e+00 4.194838929087912563e-12
1.167920353982301318e+00 3.841598151882070811e-12
1.171533923303835323e+00 3.517498978273580724e-12
1.175147492625369328e+00 3.220189487377578422e-12
1.178761061946902888e+00 2.947503145206904276e-12
1.182374631268436893e+00 2.697444560498696763e-12
1.185988200589970898e+00 2.468176304904015765e-12
1.189601769911504903e+00 2.258006720412130899e-12
1.193215339233038907e+00 2.065378642282391413e-12
1.196828908554572468e+00 1.888858970793998535e-12
1.200442477876106473e+00 1.727129029820691253e-12
1.204056047197640478e+00 1.578975654616138071e-12
1.207669616519174483e+00 1.443282955275680168e-12
1.211283185840708487e+00 1.319024706143457742e-12
1.214896755162242492e+00 1.205257314975084457e-12
1.218510324483776053e+00 1.101113328965337695e-12
1.222123893805310058e+00 1.005795437822247238e-12
1.225737463126844062e+00 9.185709369285714035e-13
1.229351032448378067e+00 8.387666162928524541e-13
1.232964601769912072e+00 7.657640434697182226e-13
1.236578171091445633e+00 6.989952109323923843e-13
1.240191740412979637e+00 6.379385205238157780e-13
1.243805309734513642e+00 5.821150796058293285e-13
1.247418879056047647e+00 5.310852853778892600e-13
1.251032448377581652e+00 4.844456755597343475e-13
1.254646017699115657e+00 4.418260252319909656e-13
1.258259587020649217e+00 4.028866711160430170e-13
1.261873156342183222e+00 3.673160459551483845e-13
1.265486725663717227e+00 3.348284069416582843e-13
1.269100294985251232e+00 3.051617433256586491e-13
1.272713864306785236e+00 2.780758494459584142e-13
1.276327433628318797e+00 2.533505504500393559e-13
1.279941002949852802e+00 2.307840689214402786e-13
1.283554572271386807e+00 2.101915215159498263e-13
1.287168141592920811e+00 1.914035355269734465e-13
1.290781710914454816e+00 1.742649760595301646e-13
1.294395280235988821e+00 1.586337751964904181e-13
1.298008849557522382e+00 1.443798551928399577e-13
1.301622418879056386e+00 1.313841383384062744e-13
1.305235988200590391e+00 1.195376366895388845e-13
1.308849557522124396e+00 1.087406153889021363e-13
1.312463126843658401e+00 9.890182377299684310e-14
1.316076696165191962e+00 8.993778891172961403e-14
1.319690265486725966e+00 8.177216663599330868e-14
1.323303834808259971e+00 7.433514549024220257e-14
1.326917404129793976e+00 6.756289939947087621e-14
1.330530973451327981e+00 6.139708516611518347e-14
1.334144542772861985e+00 5.578438121387930402e-14
1.337758112094395546e+00 5.067606427438515328e-14
1.341371681415929551e+00 4.602762097021184198e-14
1.344985250737463556e+00 4.179839148619047719e-14
1.348598820058997561e+00 3.795124274087433444e-14
1.352212389380531565e+00 3.445226867351629806e-14
1.355825958702065126e+00 3.127051544969695985e-14
1.359439528023599131e+00 2.837772956218477849e-14
1.363053097345133136e+00 2.574812696378559549e-14
1.366666666666667140e+00 2.335818151671298717e-14
1.370280235988201145e+00 2.118643117945161979e-14
1.373893805309735150e+00 1.921330047794350899e-14
1.377507374631268711e+00 1.742093792401665077e-14
1.381120943952802715e+00 1.579306715107145907e-14
1.384734513274336720e+00 1.431485063576181497e-14
1.388348082595870725e+00 1.297276496543071538e-14
1.391961651917404730e+00 1.175448669495178288e-14
1.395575221238938290e+00 1.064878791393332635e-14
1.399188790560472295e+00 9.645440716459782245e-15
1.402802359882006300e+00 8.735129831148073883e-15
1.406415929203540305e+00 7.909372729703440834e-15
1.410029498525074310e+00 7.160446587786959246e-15
1.413643067846608314e+00 6.481321523204564308e-15
1.417256637168141875e+00 5.865599583544821197e-15
1.420870206489675880e+00 5.307458998758606519e-15
1.424483775811209885e+00 4.801603254050650047e-15
1.428097345132743889e+00 4.343214575144418925e-15
1.431710914454277894e+00 3.927911451712271599e-15
1.435324483775811455e+00 3.551709855777341474e-15
1.438938053097345460e+00 3.210987840399625628e-15
1.442551622418879465e+00 2.902453230156879456e-15
1.446165191740413469e+00 2.623114138997383609e-15
1.449778761061947474e+00 2.370252073154647099e-15
1.453392330383481479e+00 2.141397397117622674e-15
1.457005899705015040e+00 1.934306959296187199e-15
1.460619469026549044e+00 1.746943691136631685e-15
1.464233038348083049e+00 1.577458009154224912e-15
1.467846607669617054e+00 1.424170863763248395e-15
1.471460176991151059e+00 1.285558292013288244e-15
1.475073746312684619e+00 1.160237343471071584e-15
1.478687315634218624e+00 1.046953259612957612e-15
1.482300884955752629e+00 9.445677972948593697e-16
1.485914454277286634e+00 8.520485962162349458e-16
1.489528023598820639e+00 7.684594988663522097e-16
1.493141592920354643e+00 6.929517392934125849e-16
1.496755162241888204e+00 6.247559242318243721e-16
1.500368731563422209e+00 5.631747367124220522e-16
1.503982300884956214e+00 5.075762983153612401e-16
1.507595870206490218e+00 4.573881317495733489e-16
1.511209439528024223e+00 4.120916705009991532e-16
1.514823008849557784e+00 3.712172669194336202e-16
1.518436578171091789e+00 3.343396543494912346e-16
1.522050147492625793e+00 3.010738227850183849e-16
1.525663716814159798e+00 2.710712710700348965e-16
1.529277286135693803e+00 2.440166019094721759e-16
1.532890855457227808e+00 2.196244289154671972e-16
1.536504424778761368e+00 1.976365676228409711e-16
1.540117994100295373e+00 1.778194848820598636e-16
1.543731563421829378e+00 1.599619832990015425e-16
1.547345132743363383e+00 1.438730994565985571e-16
1.550958702064897388e+00 1.293801965394512920e-16
1.554572271386430948e+00 1.163272337056829668e-16
1.558185840707964953e+00 1.045731961224947431e-16
1.561799410029498958e+00 9.399067101760766859e-17
1.565412979351032963e+00 8.446455640864064433e-17
1.569026548672566967e+00 7.589089036777484171e-17
1.572640117994100972e+00 6.817578976921720065e-17
1.576253687315634533e+00 6.123448846151027980e-17
1.579867256637168538e+00 5.499046571326274728e-17
1.583480825958702543e+00 4.937465660764676362e-17
1.587094395280236547e+00 4.432473681431847942e-17
1.590707964601770552e+00 3.978447485405527629e-17
1.594321533923304113e+00 3.570314559698300118e-17
1.597935103244838118e+00 3.203499930504068982e-17
1.601548672566372122e+00 2.873878104835844151e-17
1.605162241887906127e+00 2.577729579772891599e-17
1.608775811209440132e+00 2.311701492558163702e-17
1.612389380530973693e+00 2.072772023940283627e-17
1.616002949852507697e+00 1.858218202789392356e-17
1.619616519174041702e+00 1.665586792431809716e-17
1.623230088495575707e+00 1.492667968641181866e-17
1.626843657817109712e+00 1.337471526041516803e-17
1.630457227138643717e+00 1.198205374065135831e-17
1.634070796460177277e+00 1.073256105776921775e-17
1.637684365781711282e+00 9.611714430284523144e-18
1.641297935103245287e+00 8.606443797146203168e-18
1.644911504424779292e+00 7.704988615435230805e-18
1.648525073746313296e+00 6.896768558421776898e-18
1.652138643067846857e+00 6.172266786447067428e-18
1.655752212389380862e+00 5.522924587729277196e-18
1.659365781710914867e+00 4.941046299315729133e-18
1.662979351032448871e+00 4.419713521095960245e-18
1.666592920353982876e+00 3.952707728972933600e-18
1.670206489675516881e+00 3.534440477830365912e-18
1.673820058997050442e+00 3.159890461628360017e-18
1.677433628318584447e+00 2.824546767509661974e-18
1.681047197640118451e+00 2.524357723863212088e-18
1.684660766961652456e+00 2.255684799468125759e-18
1.688274336283186461e+00 2.015261062657699974e-18
1.691887905604720022e+00 1.800153756408342097e-18
1.695501474926254026e+00 1.607730587798904749e-18
1.699115044247788031e+00 1.435629368834401061e-18
1.702728613569322036e+00 1.281730680525634734e-18
1.706342182890856041e+00 1.144133263729133439e-18
1.709955752212390045e+00 1.021131868860059978e-18
1.713569321533923606e+00 9.111973224930639158e-19
1.717182890855457611e+00 8.129585923009516580e-19
1.720796460176991616e+00 7.251866529870595550e-19
1.724410029498525621e+00 6.467799750496118879e-19
1.728023598820059625e+00 5.767514755641008991e-19
1.731637168141593186e+00 5.142167858571519017e-19
1.735250737463127191e+00 4.583837051282828887e-19
1.738864306784661196e+00 4.085427218936443878e-19
1.742477876106195200e+00 3.640584967111511515e-19
1.746091445427729205e+00 3.243622101131246372e-19
1.749705014749263210e+00 2.889446891280051976e-19
1.753318584070796771e+00 2.573502343119440215e-19
1.756932153392330775e+00 2.291710769229483886e-19
1.760545722713864780e+00 2.040424028316509172e-19
1.764159292035398785e+00 1.816378860471397791e-19
1.767772861356932790e+00 1.616656804073321924e-19
1.771386430678466350e+00 1.438648231003461470e-19
1.775000000000000355e+00 1.280020082992556412e-19
1.778613569321534360e+00 1.138686933563243702e-19
1.782227138643068365e+00 1.012785037568140226e-19
1.785840707964602370e+00 9.006490641749773963e-20
1.789454277286136374e+00 8.007912396607604741e-20
1.793067846607669935e+00 7.118826538748688372e-20
1.796681415929203940e+00 6.327365090059637743e-20
1.800294985250737945e+00 5.622931116106669808e-20
1.803908554572271949e+00 4.996064289638137690e-20
1.807522123893805954e+00 4.438320488959771419e-20
1.811135693215339515e+00 3.942163985831920516e-20
1.814749262536873520e+00 3.500870924276549594e-20
1.818362831858407525e+00 3.108442923727638319e-20
1.821976401179941529e+00 2.759529758798397630e-20
1.825589970501475534e+00 2.449360174830251841e-20
1.829203539823009539e+00 2.173679994554424705e-20
1.832817109144543100e+00 1.928696757664558292e-20
1.836430678466077104e+00 1.711030212850626899e-20
1.840044247787611109e+00 1.517668051738639959e-20
1.843657817109145114e+00 1.345926336998548887e-20
1.847271386430679119e+00 1.193414133330872334e-20
1.850884955752212679e+00 1.058001900759820150e-20
1.854498525073746684e+00 9.377932552120690089e-21
1.858112094395280689e+00 8.310997422765716128e-21
1.861725663716814694e+00 7.364183067712497147e-21
1.865339233038348699e+00 6.524111737244942799e-21
1.868952802359882703e+00 5.778878859763149403e-21
1.872566371681416264e+00 5.117892701675450932e-21
1.876179941002950269e+00 4.531731267172465170e-21
1.879793510324484274e+00 4.012014607668192432e-21
1.883407079646018278e+00 3.551290902417096174e-21
1.887020648967552283e+00 3.142934843755095644e-21
1.890634218289085844e+00 2.781057014529414652e-21
1.894247787610619849e+00 2.460423083456665286e-21
1.897861356932153853e+00 2.176381767943763030e-21
1.901474926253687858e+00 1.924800624854599483e-21
1.905088495575221863e+00 1.702008829077405757e-21
1.908702064896755868e+00 1.504746188759284544e-21
1.912315634218289429e+00 1.330117725779684985e-21
1.915929203539823433e+00 1.175553221396810949e-21
1.919542772861357438e+00 1.038771190878258815e-21
1.923156342182891443e+00 9.177468080975387620e-22
1.926769911504425448e+00 8.106833522291345278e-22
1.930383480825959008e+00 7.159867944438118949e-22
1.933997050147493013e+00 6.322431834325785019e-22
1.937610619469027018e+00 5.581985251997390541e-22
1.941224188790561023e+00 4.927408852894862916e-22
1.944837758112095027e+00 4.348844708715919167e-22
1.948451327433629032e+00 3.837554762610777584e-22
1.952064896755162593e+00 3.385794988115293303e-22
1.955678466076696598e+00 2.986703530015254920e-22
1.959292035398230603e+00 2.634201291789314025e-22
1.962905604719764607e+00 2.322903600835415160e-22
1.966519174041298612e+00 2.048041731387620817e-22
1.970132743362832173e+00 1.805393197779304151e-22
1.973746312684366178e+00 1.591219849209717429e-22
1.977359882005900182e+00 1.402212902909662394e-22
1.980973451327434187e+00 1.235444146945845691e-22
1.984587020648968192e+00 1.088322628067977378e-22
1.988200589970502197e+00 9.585562150643406310e-23
1.991814159292035757e+00 8.441174950242783111e-23
1.995427728613569762e+00 7.432135195814316257e-23
1.999041297935103767e+00 6.542589714051860923e-23
2.002654867256637772e+00 5.758523686105123780e-23
2.006268436578171777e+00 5.067549669976125632e-23
2.009882005899705337e+00 4.458720576623804018e-23
2.013495575221239342e+00 3.922363910337440193e-23
2.017109144542773347e+00 3.449934882441237846e-23
2.020722713864307352e+00 3.033886273103506155e-23
2.024336283185841356e+00 2.667553152613521849e-23
2.027949852507374917e+00 2.345050784026299600e-23
2.031563421828908922e+00 2.061184216423487765e-23
2.035176991150442927e+00 1.811368244731670321e-23
2.038790560471976931e+00 1.591556560295865425e-23
2.042404129793510936e+00 1.398179048273067243e-23
2.046017699115044941e+00 1.228086305152941969e-23
2.049631268436578502e+00 1.078500553941433030e-23
2.053244837758112507e+00 9.469722271921528315e-24
2.056858407079646511e+00 8.313415703954003057e-24
2.060471976401180516e+00 7.297046913864758797e-24
2.064085545722714521e+00 6.403835464149010170e-24
2.067699115044248082e+00 5.618994112282407241e-24
2.071312684365782086e+00 4.929494367740845646e-24
2.074926253687316091e+00 4.323859346227870995e-24
2.078539823008850096e+00 3.791980776008501865e-24
2.082153392330384101e+00 3.324957369697013241e-24
2.085766961651918106e+00 2.914952092886034237e-24
2.089380530973451666e+00 2.555066143154857346e-24
2.092994100294985671e+00 2.239227703277845816e-24
2.096607669616519676e+00 1.962093754376646181e-24
2.100221238938053236e+00 1.718963431554124622e-24
2.103834808259587685e+00 1.505701578984928032e-24
2.107448377581121246e+00 1.318671316055428477e-24
2.111061946902655695e+00 1.154674563144975663e-24
2.114675516224189256e+00 1.010899597037139711e-24
2.118289085545722816e+00 8.848748134647506210e-25
2.121902654867257265e+00 7.744279695266719740e-25
2.125516224188790826e+00 6.776502630355707897e-25
2.129129793510325275e+00 5.928646805068780719e-25
2.132743362831858835e+00 5.185981115761168203e-25
2.136356932153393284e+00 4.535567861095599215e-25
2.139970501474926845e+00 3.966046420123511275e-25
2.143584070796460406e+00 3.467442775105872434e-25
2.147197640117994855e+00 3.031001821679760037e-25
2.150811209439528415e+00 2.649039766981975658e-25
2.154424778761062864e+00 2.314814232853503951e-25
2.158038348082596425e+00 2.022409961072595855e-25
2.161651917404129986e+00 1.766638264825464912e-25
2.165265486725664434e+00 1.542948589171553495e-25
2.168879056047197995e+00 1.347350736287356320e-25
2.172492625368732444e+00 1.176346481813379043e-25
2.176106194690266005e+00 1.026869459230196744e-25
2.179719764011799565e+00 8.962323221554295178e-26
2.183333333333334014e+00 7.820803118571029990e-26
2.186946902654867575e+00 6.823504608901955248e-26
2.190560471976402024e+00 5.952357552040016620e-26
2.194174041297935585e+00 5.191536577480117736e-26
2.197787610619469145e+00 4.527184677738023266e-26
2.201401179941003594e+00 3.947170528018276817e-26
2.205014749262537155e+00 3.440875455770389752e-26
2.208628318584071604e+00 2.999006471370217651e-26
2.212241887905605164e+00 2.613432201379830841e-26
2.215855457227138725e+00 2.277038944949260383e-26
2.219469026548673174e+00 1.983604408019504856e-26
2.223082595870206735e+00 1.727686964296877220e-26
2.226696165191741184e+00 1.504528551216637596e-26
2.230309734513274744e+00 1.309969537428555980e-26
2.233923303834809193e+00 1.140374099352320088e-26
2.237536873156342754e+00 9.925648213278241383e-27
2.241150442477876314e+00 8.637653896500334022e-27
2.244764011799410763e+00 7.515503878388336704e-27
2.248377581120944324e+00 6.538013211165191256e-27
2.251991150442478773e+00 5.686681041332128647e-27
2.255604719764012334e+00 4.945353393080261902e-27
2.259218289085545894e+00 4.299927951918029655e-27
2.262831858407080343e+00 3.738095663998776833e-27
2.266445427728613904e+00 3.249114600717016300e-27
2.270058997050148353e+00 2.823612095422635037e-27
2.273672566371681913e+00 2.453411648788168850e-27
2.277286135693215474e+00 2.131381529553197294e-27
2.280899705014749923e+00 1.851302375235055951e-27
2.284513274336283484e+00 1.607751429256283003e-27
2.288126843657817933e+00 1.396001342283577325e-27
2.291740412979351493e+00 1.211931721384295105e-27
2.295353982300885054e+00 1.051951835091136492e-27
2.298967551622419503e+00 9.129330794991278919e-28
2.302581120943953064e+00 7.921499833577507022e-28
2.306194690265487512e+00 6.872286817645023773e-28
2.309808259587021073e+00 5.961019210539933153e-28
2.313421828908555522e+00 5.169697740915027101e-28
2.317035398230089083e+00 4.482653474283896454e-28
2.320648967551622643e+00 3.886248513908951959e-28
2.324262536873157092e+00 3.368614827250869835e-28
2.327876106194690653e+00 2.919426382438862068e-28
2.331489675516225102e+00 2.529700382135955403e-28
2.335103244837758663e+00 2.191623910351746966e-28
2.338716814159292223e+00 1.898402770250549255e-28
2.342330383480826672e+00 1.644129695965000808e-28
2.345943952802360233e+00 1.423669475966447165e-28
2.349557522123894682e+00 1.232558835832666409e-28
2.353171091445428242e+00 1.066919199798012417e-28
2.356784660766961803e+00 9.233806880538111666e-29
2.360398230088496252e+00 7.990159146112527887e-29
2.364011799410029813e+00 6.912823322908101413e-29
2.367625368731564262e+00 5.979720303763086250e-29
2.371238938053097822e+00 5.171680294230916433e-29
2.374852507374631383e+00 4.472062392018750005e-29
2.378466076696165832e+00 3.866423519132114955e-29
2.382079646017699393e+00 3.342230355864186926e-29
2.385693215339233841e+00 2.888608736173933095e-29
2.389306784660767402e+00 2.496125671944409925e-29
2.392920353982301851e+00 2.156599791841331678e-29
2.396533923303835412e+00 1.862936520338851146e-29
2.400147492625368972e+00 1.608984793689608914e-29
2.403761061946903421e+00 1.389412521016601302e-29
2.407374631268436982e+00 1.199598357581130414e-29
2.410988200589971431e+00 1.035537670552509781e-29
2.414601769911504991e+00 8.937608507495621833e-30
2.418215339233038552e+00 7.712623621642162127e-30
2.421828908554573001e+00 6.654391288468205642e-30
2.425442477876106562e+00 5.740370399178011630e-30
2.429056047197641011e+00 4.951045113859754471e-30
2.432669616519174571e+00 4.269521811036163785e-30
2.436283185840708132e+00 3.681179331155781667e-30
2.439896755162242581e+00 3.173365521564525503e-30
2.443510324483776142e+00 2.735134000661377231e-30
2.447123893805310590e+00 2.357015851588478077e-30
2.450737463126844151e+00 2.030821646036567837e-30
2.454351032448377712e+00 1.749469799616640059e-30
2.457964601769912161e+00 1.506837783256262031e-30
2.461578171091445721e+00 1.297633170237242038e-30
2.465191740412980170e+00 1.117281894515927202e-30
2.468805309734513731e+00 9.618314404855689132e-31
2.472418879056048180e+00 8.278669839882237991e-31
2.476032448377581741e+00 7.124387649693540820e-31
2.479646017699115301e+00 6.129991987220869218e-31
2.483259587020649750e+00 5.273484296280735659e-31
2.486873156342183311e+00 4.535872024649445939e-31
2.490486725663717760e+00 3.900760751035860690e-31
2.494100294985251320e+00 3.354001256462265431e-31
2.497713864306784881e+00 2.883384193181963953e-31
2.501327433628319330e+00 2.478375979145013298e-31
2.504941002949852891e+00 2.129890392656905559e-31
2.508554572271387340e+00 1.830091076821074653e-31
2.512168141592920900e+00 1.572220801335708520e-31
2.515781710914454461e+00 1.350453882855434878e-31
2.519395280235988910e+00 1.159768645561239977e-31
2.523008849557522471e+00 9.958372203297122668e-32
2.526622418879056919e+00 8.549303423994963988e-32
2.530235988200590480e+00 7.338351209143934862e-32
2.533849557522124041e+00 6.297840255523975086e-32
2.537463126843658490e+00 5.403935710676680893e-32
2.541076696165192050e+00 4.636113848204992465e-32
2.544690265486726499e+00 3.976705193439064924e-32
2.548303834808260060e+00 3.410500253444529473e-32
2.551917404129794509e+00 2.924409333610731233e-32
2.555530973451328070e+00 2.507169073630575781e-32
2.559144542772861630e+00 2.149089331774126551e-32
2.562758112094396079e+00 1.841834909027432211e-32
2.566371681415929640e+00 1.578237351197668111e-32
2.569985250737464089e+00 1.352132713269433950e-32
2.573598820058997649e+00 1.158221729461741171e-32
2.577212389380531210e+00 9.919493161346179707e-33
2.580825958702065659e+00 8.494007531288913719e-33
2.584439528023599220e+00 7.272122509912499975e-33
2.588053097345133668e+00 6.224939244138451443e-33
2.591666666666667229e+00 5.327634627327536243e-33
2.595280235988200790e+00 4.558890221178717655e-33
2.598893805309735239e+00 3.900400661569976085e-33
2.602507374631268799e+00 3.336450561057313939e-33
2.606120943952803248e+00 2.853550428967845443e-33
2.609734513274336809e+00 2.440123432674047381e-33
2.613348082595870370e+00 2.086235948493431237e-33
2.616961651917404819e+00 1.783365821934740703e-33
2.620575221238938379e+00 1.524203095421527569e-33
2.624188790560472828e+00 1.302478685258354420e-33
2.627802359882006389e+00 1.112817114039724862e-33
2.631415929203539950e+00 9.506099434457298837e-34
2.635029498525074398e+00 8.119070171209524952e-34
2.638643067846607959e+00 6.933230241118769531e-34
2.642256637168142408e+00 5.919572389885535566e-34
2.645870206489675969e+00 5.053245927107650360e-34
2.649483775811210418e+00 4.312964851765856144e-34
2.653097345132743978e+00 3.680499717226576584e-34
2.656710914454277539e+00 3.140241465868679650e-34
2.660324483775811988e+00 2.678827106684029440e-34
2.663938053097345549e+00 2.284818524460513062e-34
2.667551622418879997e+00 1.948426928129912586e-34
2.671165191740413558e+00 1.661276495363376608e-34
2.674778761061947119e+00 1.416201673983183406e-34
2.678392330383481568e+00 1.207073378467387980e-34
2.682005899705015128e+00 1.028649989024053197e-34
2.685619469026549577e+00 8.764496365367955204e-35
2.689233038348083138e+00 7.466407520470261814e-35
2.692846607669616699e+00 6.359482854431602111e-35
2.696460176991151148e+00 5.415733644358515390e-35
2.700073746312684708e+00 4.611244798644053911e-35
2.703687315634219157e+00 3.925585541772729709e-35
2.707300884955752718e+00 3.341304826459501693e-35
2.710914454277286278e+00 2.843499368529316355e-35
2.714528023598820727e+00 2.419443918173070940e-35
2.718141592920354288e+00 2.058274857004033745e-35
2.721755162241888737e+00 1.750719477952984092e-35
2.725368731563422298e+00 1.488864393451801170e-35
2.728982300884956747e+00 1.265957451765279053e-35
2.732595870206490307e+00 1.076238343454588467e-35
2.736209439528023868e+00 9.147937682930343784e-36
2.739823008849558317e+00 7.774336236398823179e-36
2.743436578171091877e+00 6.605851819791307335e-36
2.747050147492626326e+00 5.612026599794920699e-36
2.750663716814159887e+00 4.766899541749245510e-36
2.754277286135693448e+00 4.048346379598264822e-36
2.757890855457227897e+00 3.437515885795661681e-36
2.761504424778761457e+00 2.918348476431577849e-36
2.765117994100295906e+00 2.477165199157238666e-36
2.768731563421829467e+00 2.102316875978364549e-36
2.772345132743363028e+00 1.783884649961051912e-36
2.775958702064897476e+00 1.513424450130266793e-36
2.779572271386431037e+00 1.283748972221769867e-36
2.783185840707965486e+00 1.088741700513555173e-36
2.786799410029499047e+00 9.231982900437012786e-37
2.790412979351032607e+00 7.826913080875367068e-37
2.794026548672567056e+00 6.634549153222609788e-37
2.797640117994100617e+00 5.622865646587528577e-37
2.801253687315635066e+00 4.764632213176207255e-37
2.804867256637168627e+00 4.036699717262570859e-37
2.808480825958703075e+00 3.419392000577097095e-37
2.812094395280236636e+00 2.895987773532749787e-37
2.815707964601770197e+00 2.452279356113547598e-37
2.819321533923304646e+00 2.076196936212593092e-37
2.822935103244838206e+00 1.757488674410284951e-37
2.826548672566372655e+00 1.487448402985206600e-37
2.830162241887906216e+00 1.258683879295263445e-37
2.833775811209439777e+00 1.064919588609827597e-37
2.837389380530974226e+00 9.008289755164853705e-38
2.841002949852507786e+00 7.618917374490593514e-38
2.844616519174042235e+00 6.442724579735989945e-38
2.848230088495575796e+00 5.447174070950577685e-38
2.851843657817109357e+00 4.604668048003568115e-38
2.855457227138643805e+00 3.891802440663181067e-38
2.859070796460177366e+00 3.288733108334210645e-38
2.862684365781711815e+00 2.778637293863788293e-38
2.866297935103245376e+00 2.347256096772666039e-38
2.869911504424778936e+00 1.982505846296223920e-38
2.873525073746313385e+00 1.674148056985022906e-38
2.877138643067846946e+00 1.413509185742957885e-38
2.880752212389381395e+00 1.193242717777061345e-38
2.884365781710914955e+00 1.007127223789923302e-38
2.887979351032449404e+00 8.498949801542880875e-39
2.891592920353982965e+00 7.170865523118756638e-39
2.895206489675516526e+00 6.049274299777086975e-39
2.898820058997050975e+00 5.102233886309371266e-39
2.902433628318584535e+00 4.302717504660870238e-39
2.906047197640118984e+00 3.627861422576461929e-39
2.909660766961652545e+00 3.058327086323092758e-39
2.913274336283186106e+00 2.577760462626327406e-39
2.916887905604720554e+00 2.172333856712474228e-39
2.920501474926254115e+00 1.830357693713879367e-39
2.924115044247788564e+00 1.541951638474618827e-39
2.927728613569322125e+00 1.298766033373779484e-39
2.931342182890855685e+00 1.093745997434680969e-39
2.934955752212390134e+00 9.209316885837982677e-40
2.938569321533923695e+00 7.752892153216439093e-40
2.942182890855458144e+00 6.525675200317453649e-40
2.945796460176991705e+00 5.491772661990166535e-40
2.949410029498525265e+00 4.620883646513723025e-40
2.953023598820059714e+00 3.887432856503324768e-40
2.956637168141593275e+00 3.269837380557404750e-40
2.960250737463127724e+00 2.749886653722351557e-40
2.963864306784661284e+00 2.312218212327315982e-40
2.967477876106195733e+00 1.943874521699462065e-40
2.971091445427729294e+00 1.633928405447261064e-40
2.974705014749262855e+00 1.373166513037561257e-40
2.978318584070797304e+00 1.153821880240159044e-40
2.981932153392330864e+00 9.693480083407034236e-41
2.985545722713865313e+00 8.142280502904194647e-41
2.989159292035398874e+00 6.838136768918124672e-41
2.992772861356932435e+00 5.741890305359034215e-41
2.996386430678466883e+00 4.820558808423076201e-41
3.000000000000000000e+00 4.046366951818999463e-41
