1.000000000000000000e+00
9.999999999999998890e-01
9.999999999999998890e-01
9.999999999999998890e-01
9.999999999999998890e-01
9.999999999999998890e-01
9.999999999999998890e-01
9.999999999999998890e-01
9.999999999999998890e-01
9.999999999999998890e-01
9.999999999999998890e-01
9.999999999999998890e-01
9.999999999999998890e-01
9.999999999999998890e-01
9.999999999999998890e-01
9.999999999999998890e-01
9.999999999999998890e-01
9.999999999999998890e-01
9.999999999999998890e-01
9.999999999999998890e-01
9.999999999999998890e-01
9.999999999999998890e-01
9.993971711909844791e-01
9.970287315293444586e-01
9.929345894897780855e-01
9.891047367016646552e-01
9.845038009726371220e-01
9.765574582323577335e-01
9.675467377208037956e-01
9.595508250049861187e-01
9.487357448699265117e-01
9.378964473023051474e-01
9.261113605496520407e-01
9.110406930894126010e-01
8.983656598532618887e-01
8.853032598601047187e-01
8.761742846041105093e-01
8.661772402701684026e-01
8.526050661233233185e-01
8.404590080391081131e-01
8.290305257018613094e-01
8.185651641069744411e-01
8.072567942823275500e-01
7.977371299584329334e-01
7.910879890306942164e-01
7.832855820645062694e-01
7.733534807500352937e-01
7.652511696676024266e-01
7.577819078659895347e-01
7.521657949846681790e-01
7.453618824254619746e-01
7.404787752015032920e-01
7.337599444554798733e-01
7.264418787959411317e-01
7.203087858538184118e-01
7.135909604257528738e-01
7.069082445177097274e-01
7.007171745555837994e-01
6.959708754737738978e-01
6.914970076550476241e-01
6.866407168704661279e-01
6.830050036761242671e-01
6.835216235807080043e-01
6.813835640478569378e-01
6.763722252518841183e-01
6.752323403440183558e-01
6.728206705834640644e-01
6.713827552545719168e-01
6.692478239574612964e-01
6.678563200362194197e-01
6.661183884268958577e-01
6.642508487511341597e-01
6.606086179039930562e-01
6.582397494620229050e-01
6.561794331191623808e-01
6.526612616767940578e-01
6.517597972017697971e-01
6.496366799663699787e-01
6.474405120279893566e-01
6.444034840283928700e-01
6.460389665756931521e-01
6.439270820955511621e-01
6.418463594937082739e-01
6.423036848801253473e-01
6.421121185112780294e-01
6.405088672788756821e-01
6.370792604800626924e-01
6.351443893502251026e-01
6.344842717846050917e-01
6.323221693128987519e-01
6.304083272189452414e-01
6.278441574561374194e-01
6.260703572485166735e-01
6.235661164880388352e-01
6.230484751495581897e-01
6.210169712983568679e-01
6.202964299963289463e-01
6.172819360441178516e-01
6.146223133284044460e-01
6.118903924624302659e-01
6.105781999266450821e-01
6.097165801658305240e-01
6.082348744521298700e-01
6.074248889919838801e-01
6.034046202638272405e-01
6.034954764763001966e-01
6.019596688538022544e-01
6.008014078981226413e-01
5.995389924346028465e-01
5.986639429996206685e-01
5.975796362794186800e-01
5.957701184108150638e-01
5.936326126707092143e-01
5.931327328408981803e-01
5.911484645786542202e-01
5.898188937464320380e-01
5.882589794560649787e-01
5.870161683590668922e-01
5.842030362885415329e-01
5.821726621776976973e-01
5.797101300873561680e-01
5.777248938571384329e-01
5.754043114080800159e-01
5.739128361437193515e-01
5.715352099597106328e-01
5.697813600366100628e-01
5.692276578077318794e-01
5.668498552217644537e-01
5.657910586690397814e-01
5.630365107467272257e-01
5.624940312230135575e-01
5.625639839098953709e-01
5.624466225562252397e-01
5.611211673381507614e-01
5.589969051047022353e-01
5.578025247407936149e-01
5.574334913828978832e-01
5.566298645471962070e-01
5.555196102446783302e-01
5.545367262474775183e-01
5.529344358845910135e-01
5.525697723881212164e-01
5.523139192957134957e-01
5.502477239484201421e-01
5.484400980395034431e-01
5.454770597600042681e-01
5.444088463528565791e-01
5.420995530606451673e-01
5.412445420495805015e-01
5.384430782633040646e-01
5.372207541807993980e-01
5.352987363652106367e-01
5.341994500021099990e-01
5.331276493710180864e-01
5.319917396171758295e-01
5.311510643847939805e-01
5.295164710246104134e-01
5.278149065494925907e-01
5.253185676560768735e-01
5.228902518790864429e-01
5.215605548336110786e-01
5.199925431302978573e-01
5.188571839369083838e-01
5.177024632187323672e-01
5.160052655256488485e-01
5.156375154986330145e-01
5.159424895230045882e-01
5.135269096839899516e-01
5.128411302398457883e-01
5.112452556454567532e-01
5.099959706721369779e-01
5.076069605422424136e-01
5.069985915506498575e-01
5.057031948760033480e-01
5.037980725602069221e-01
5.027094719111654397e-01
5.005119725127238350e-01
4.976177237037067713e-01
4.981583091705116262e-01
4.987161461004422369e-01
4.985585769161590686e-01
4.957575784982621858e-01
4.925142294537631638e-01
4.911835981245440408e-01
4.908012353454297427e-01
4.905152428059337821e-01
4.899927638737817115e-01
4.894754891479720649e-01
4.894572553465691422e-01
4.867437781618494941e-01
4.863590911932209049e-01
4.853007470989996186e-01
4.858881651137105795e-01
4.832881671756431574e-01
4.820081542567226096e-01
4.816082693066975340e-01
4.790994014323396444e-01
4.775831724975834747e-01
4.774241994296782865e-01
4.752183872199833847e-01
4.729132612231993771e-01
4.710045932116135314e-01
4.698592421754564374e-01
4.689346548943670312e-01
4.670623855400133917e-01
4.665661759146665366e-01
4.658962949642272977e-01
4.650953365689517449e-01
4.629446221705981745e-01
4.625892318424909000e-01
4.598050643314534613e-01
4.580514576606815602e-01
4.571850693710887148e-01
4.562910741535660675e-01
4.548833521870611629e-01
4.540527517568520022e-01
4.518892582361083154e-01
4.508115587600859953e-01
4.496669730524999187e-01
4.496708066914019697e-01
4.497605539759820248e-01
4.486307444018746704e-01
4.474204431776634960e-01
4.481135552984228942e-01
4.485827245088566673e-01
4.479426775687117002e-01
4.474922895596722960e-01
4.466492072898777810e-01
4.452364744522145368e-01
4.449694211725111481e-01
4.440197715035552051e-01
4.436238958189241410e-01
4.432569099710007565e-01
4.423157806627808220e-01
4.415382941227301572e-01
4.409501050930897392e-01
4.407426454500625868e-01
4.401613778618694295e-01
4.394849570317158616e-01
4.383327662550739467e-01
4.372064341261817644e-01
4.377650798922324560e-01
4.370659132113245415e-01
4.363745703749028482e-01
4.359704944435064400e-01
4.346642158334670381e-01
4.339351049378232794e-01
4.350591902703222491e-01
4.342038664011457216e-01
4.331261054680931033e-01
4.331908630834162555e-01
4.350364451154733469e-01
4.345210045145201927e-01
4.356838280992061940e-01
4.344266635243883012e-01
4.338427270187217855e-01
4.328765464438963373e-01
4.319505315264414724e-01
4.310181723868423131e-01
4.304570934089043122e-01
4.293905412027674839e-01
4.287832036184342499e-01
4.285034823312701135e-01
4.293804546844757208e-01
4.276668508526061396e-01
4.271518864629939571e-01
4.270413299926812956e-01
4.262381038852130488e-01
4.254211313965135521e-01
4.259712879294016985e-01
4.265628495326235781e-01
4.249556597280885195e-01
4.238538346682026448e-01
4.222282779248796025e-01
4.212896300291122387e-01
4.204014133397940278e-01
4.204300262125028054e-01
4.201028030826253201e-01
4.178026257960851808e-01
4.170837799457364214e-01
4.169149530053619657e-01
4.175992501937946799e-01
4.174398537094593520e-01
4.161262852418780578e-01
4.156679187371923323e-01
4.159068251333353783e-01
4.163579483567473316e-01
4.143577085803700766e-01
4.134504709036772585e-01
4.133582621208185537e-01
4.137186433026135424e-01
4.138018645856344491e-01
4.136831653309283041e-01
4.124214858974875053e-01
4.119017796438977919e-01
4.106851115799651786e-01
4.103826451718543544e-01
4.096762060795247629e-01
4.082487398328333295e-01
4.074198856090412435e-01
4.053457279825359860e-01
4.043324306093999398e-01
4.031642287032631833e-01
4.029079011562622381e-01
4.013316451233073789e-01
4.011174033286335483e-01
4.000038796904333283e-01
4.017425130391251709e-01
4.004969211300979937e-01
3.999192530800872447e-01
4.002797621738113376e-01
3.989408989421264207e-01
3.991450174112463056e-01
3.988481954657897566e-01
3.985679690033495093e-01
3.966462513330124007e-01
3.958354347524160599e-01
3.953442616777402829e-01
3.954929734841641786e-01
3.936570468851267601e-01
3.922546793530788944e-01
3.905294172250771134e-01
3.898626376352318790e-01
3.896997373357116157e-01
3.885171203091866143e-01
3.888208872198511967e-01
3.888825501256869543e-01
3.884167566738508381e-01
3.877672009953172516e-01
3.866105304527208686e-01
3.859758427757648547e-01
3.860044575734686845e-01
3.850127976939390906e-01
3.839150749516206940e-01
3.831590039271552395e-01
3.835891725784180140e-01
3.822827551564519921e-01
3.804145233818512217e-01
3.797737997833799395e-01
3.785017452352480438e-01
3.768827901804060465e-01
3.770443782001549615e-01
3.764648534553638459e-01
3.762540532115657976e-01
3.748186591673383083e-01
3.739623888314161371e-01
3.730588846750999554e-01
3.719394180510178227e-01
3.721060183462234772e-01
3.704592257064586169e-01
3.688934947640192252e-01
3.683191598507131181e-01
3.665010335820007570e-01
3.658221591680052009e-01
3.654767422547838263e-01
3.652561584132857364e-01
3.650197637958506602e-01
3.658642768293469127e-01
3.661733023196580006e-01
3.642504088646627003e-01
3.642363480647629603e-01
3.633640141073668506e-01
3.632185768649665580e-01
3.644958813507304662e-01
3.652256530800087608e-01
3.659732394651623033e-01
3.645950920382485805e-01
3.638107380421124470e-01
3.637953578984485237e-01
3.637632587740181056e-01
3.640735107604038401e-01
3.644506734095112055e-01
3.646010696728834155e-01
3.643864973695643550e-01
3.648382518779468842e-01
3.639054738587181870e-01
3.631191004145461476e-01
3.633009614902940609e-01
3.621820124570183652e-01
3.615168432417008026e-01
3.621886538737190686e-01
3.610697366851199908e-01
3.605172302009762020e-01
3.605420823637653371e-01
3.591104664452540174e-01
3.580367880161278715e-01
3.572991543007948412e-01
3.576446639587227971e-01
3.561464103426363326e-01
3.562254802076489368e-01
3.554009874077256326e-01
3.549708512937312932e-01
3.531938377812712804e-01
3.519271817410866698e-01
3.520001993409718200e-01
3.515388744837239510e-01
3.508725860751774617e-01
3.512967763951170275e-01
3.512090563479467464e-01
3.504940100485358090e-01
3.501614969243196929e-01
3.503115441051540824e-01
3.501190148204550434e-01
3.497111269417759738e-01
3.493131574853626797e-01
3.492145865765303170e-01
3.483014208095880360e-01
3.472608160527814736e-01
3.460379201174319519e-01
3.448385228429686755e-01
3.441037932088569229e-01
3.437409473806799509e-01
3.427239478172491305e-01
3.425134407876998521e-01
3.413174323487717654e-01
3.403726566714779245e-01
3.402685116194537618e-01
3.410448145908740458e-01
3.406945331769199448e-01
3.403206001809714887e-01
3.398205506158429867e-01
3.398388522699152814e-01
3.402892036903787387e-01
3.401647987060250067e-01
3.401432458027497385e-01
3.400564042387704822e-01
3.390964397540819908e-01
3.396541779024054297e-01
3.392268467698101864e-01
3.384517141195921286e-01
3.382670474713271314e-01
3.377814149621935491e-01
3.361070658455547755e-01
3.357915293724180739e-01
3.351654823169164521e-01
3.348203680016013095e-01
3.344359579680157291e-01
3.340402853781489489e-01
3.339795593860224732e-01
3.331031785129145995e-01
3.334014530012145983e-01
3.318852503865703518e-01
3.320670359477942424e-01
3.326239192934113409e-01
3.327502990370741487e-01
3.325464044915932282e-01
3.328565685707173816e-01
3.325964497862251568e-01
3.322944853487829198e-01
3.318738025036980788e-01
3.324602112117966413e-01
3.324782223470233444e-01
3.324921224978558687e-01
3.347772421596675319e-01
3.348723455047548092e-01
3.349849268468740870e-01
3.342979612010848478e-01
3.335936755288816391e-01
3.329285743168899359e-01
3.319541673797351544e-01
3.318995304538719382e-01
3.317663278437412711e-01
3.311468052641635684e-01
3.309180685826842994e-01
3.298257646259471487e-01
3.295472065786203553e-01
3.293173484201581958e-01
3.295435118462871071e-01
3.292539374023022436e-01
3.288632069476674080e-01
3.302032017729117364e-01
3.292329725927597983e-01
3.294027161688189986e-01
3.295801993436159316e-01
3.295238995100913670e-01
3.295203301924535810e-01
3.292904781439489614e-01
3.292398964102197234e-01
3.290780030752097907e-01
3.291400317109864915e-01
3.289179801590154106e-01
3.277690211905222029e-01
3.272817455937142572e-01
3.275009021471817494e-01
3.278066599206689857e-01
3.271473943292529940e-01
3.275903497293616851e-01
3.276496936953953165e-01
3.276153193115159401e-01
3.272692826633834540e-01
3.273021654769390776e-01
3.284712296239710172e-01
3.276654841275973840e-01
3.278575203658968262e-01
3.277800232189297391e-01
3.277472018806276144e-01
3.277123967562751705e-01
3.280028781250708958e-01
3.281745498826826868e-01
3.280550017558758746e-01
3.273022706198351894e-01
3.274269703304781287e-01
3.274269948040150480e-01
3.274085038532151826e-01
3.261507141054880710e-01
3.264020466511599605e-01
3.267099567234409974e-01
3.265701379290653072e-01
3.264971074096132964e-01
3.244533870957554411e-01
3.234143423063627343e-01
3.245833351401380407e-01
3.245225145210119400e-01
3.247061498963605408e-01
3.244090824267832907e-01
3.246496362313475159e-01
3.234636783477563560e-01
3.233027347662149054e-01
3.243018029036844885e-01
3.241151980902379215e-01
3.234202415300695410e-01
3.226165369328904409e-01
3.220345176059791759e-01
3.218367250886329245e-01
3.218878880831981260e-01
3.207126646846857887e-01
3.204396956832331056e-01
3.196313880460089907e-01
3.187882756528002681e-01
3.187262392321545956e-01
3.186432769777750584e-01
3.183788862066732617e-01
3.192510705459451481e-01
3.201611101456934838e-01
3.205765458945929458e-01
3.207564651586525262e-01
3.206026179390373265e-01
3.206236586988700510e-01
3.206516674051335669e-01
3.203985242980103565e-01
3.199410579090484208e-01
3.206023017260168362e-01
3.196556619001693633e-01
3.202026782025410023e-01
3.209323758197134002e-01
3.215842961211989870e-01
3.215001585290122588e-01
3.214286903404025009e-01
3.203694825772229193e-01
3.194545313442125889e-01
3.182351326744707887e-01
3.174562079315337293e-01
3.172135727255662174e-01
3.177588725473953213e-01
3.162090011600220407e-01
3.152993725608733144e-01
3.153648720816055184e-01
3.151659528109232444e-01
3.159354217643458029e-01
3.160222137106186713e-01
3.161240544026783783e-01
3.159929292808612566e-01
3.153432324752142857e-01
3.150477744330770213e-01
3.146904646737141986e-01
3.138947043886405330e-01
3.139802830701351466e-01
3.135654071053666225e-01
3.127218078052199091e-01
3.132756787126041442e-01
3.122273383102040500e-01
3.112870779894206796e-01
3.112675516253290975e-01
3.112292637015268704e-01
3.125996159480712300e-01
3.121819866590073711e-01
3.122438197678345517e-01
3.124919272309489848e-01
3.124864280862320043e-01
3.122741715773031390e-01
3.121906047155618702e-01
3.119346497023266496e-01
3.117930378875028996e-01
3.112610831262241917e-01
3.121635207013478408e-01
3.113328631017003856e-01
3.115041511795429430e-01
3.110609026201364702e-01
3.094641768632354073e-01
3.103490871284562136e-01
3.103850233089071042e-01
3.105322117354308298e-01
3.102070881690723314e-01
3.103513832519500526e-01
3.100939458136233173e-01
3.099893410478394840e-01
3.099421179407992333e-01
3.095366988970221223e-01
3.091867477601596415e-01
3.088362058425089818e-01
3.088738969039255267e-01
3.085667907664385035e-01
3.085686087550715273e-01
3.083020328519348041e-01
3.081343713143803176e-01
3.079593946154773332e-01
3.073863084368739229e-01
3.068423225168837587e-01
3.070767493487900346e-01
3.068622459440599193e-01
3.066393116383818729e-01
3.061402657862244969e-01
3.062264059291076035e-01
3.045225384879762798e-01
3.039792079381947731e-01
3.045667809141426319e-01
3.036790942177086117e-01
3.022549675793476109e-01
3.024946668719666332e-01
3.020935997977262644e-01
3.017860793039943146e-01
2.992086022587847061e-01
2.990309152915013868e-01
2.988772619346514170e-01
2.990202879745756936e-01
2.984236775942614717e-01
2.979196106521581067e-01
2.979586001090282488e-01
2.967325536823910981e-01
2.968112890765292056e-01
2.959509004413443112e-01
2.957554065653097974e-01
2.955972345412070101e-01
2.955354943893656605e-01
2.946404662731340607e-01
2.940142256263540976e-01
2.942882094947973926e-01
2.939037130018146149e-01
2.936097501936851817e-01
2.936202288308291664e-01
2.937514615315951483e-01
2.939959291886035109e-01
2.936550822252862458e-01
2.936819212101571264e-01
2.940829082109088777e-01
2.940739495703575956e-01
2.944360853428575342e-01
2.946316409308087358e-01
2.939911610450470780e-01
2.925011343010505138e-01
2.914362430625139222e-01
2.918251873368872262e-01
2.912897358796281422e-01
2.911873078038973439e-01
2.920597720544662601e-01
2.924737618527075145e-01
2.921961066946039964e-01
2.920621783004106464e-01
2.917790607307547135e-01
2.925170328456096480e-01
2.932738526024680215e-01
2.934126814487919011e-01
2.941475966552782872e-01
2.944416641324649198e-01
2.953819371404536320e-01
2.956125616079775531e-01
2.951932280738139847e-01
2.952091977329187600e-01
2.951111610589423617e-01
2.945910751054969801e-01
2.945868681097088548e-01
2.944728338332838757e-01
2.943636424797405615e-01
2.936637140474092078e-01
2.928538438178625025e-01
2.929243219663328901e-01
2.928663200437168768e-01
2.923976483168718166e-01
2.930820201230596167e-01
2.938824297347936154e-01
2.935246275688111472e-01
2.927548604941364596e-01
2.929660700190855338e-01
2.933423714370132496e-01
2.931893561038224627e-01
2.926849698238146447e-01
2.925436868223867393e-01
2.924137709510881700e-01
2.917639821986339199e-01
2.913215310083738241e-01
2.907863234211690573e-01
2.902519528605093657e-01
2.901884345034413948e-01
2.907092366962115149e-01
2.914772322249735703e-01
2.915317269070760720e-01
2.911255580492911887e-01
2.911095821489876334e-01
2.907986356959415541e-01
2.904749282169409863e-01
2.911604884220653222e-01
2.913561464321750560e-01
2.912698732307135163e-01
2.912295784612469185e-01
2.917446402432700703e-01
2.915517606508958859e-01
2.918639213430793133e-01
2.927278294927152524e-01
2.918167365818815639e-01
2.916876015851521120e-01
2.917940558374825799e-01
2.919808544311544019e-01
2.916764914347366733e-01
2.914882365912039863e-01
2.911229353610091386e-01
2.913069071067497240e-01
2.910604248968831631e-01
2.902494555741607640e-01
2.894168723835968682e-01
2.890808847384049862e-01
2.892642566171038654e-01
2.889589101009873984e-01
2.886729309050253267e-01
2.888319966685808371e-01
2.884564450563772420e-01
2.887404190620915800e-01
2.883110961566465180e-01
2.883122660886389688e-01
2.881121091252072941e-01
2.876026550125777570e-01
2.877444000992147588e-01
2.877768419236194086e-01
2.877777444457320644e-01
2.874292337918198381e-01
2.869711962628070379e-01
2.871383876159635529e-01
2.872023293857310366e-01
2.876682514615713782e-01
2.884116622113299666e-01
2.879081248922372716e-01
2.885347658811109328e-01
2.880203126255758139e-01
2.874991703693444145e-01
2.877270378427774777e-01
2.868820013297062599e-01
2.865589909339038011e-01
2.874084596143087200e-01
2.878958688239929842e-01
2.878519712746439585e-01
2.877938426474913047e-01
2.875819038592473120e-01
2.875806127054791883e-01
2.881193500742393332e-01
2.872912866511267427e-01
2.871435774141729569e-01
2.863559707818186251e-01
2.864579182566769355e-01
2.864181999257419120e-01
2.863619244732742430e-01
2.864029423659157914e-01
2.866873977461131817e-01
2.863935474194428399e-01
2.873035507600219529e-01
2.873610130982922617e-01
2.872710474304832617e-01
2.867118721720529062e-01
2.862616074951531697e-01
2.862616074951531697e-01
2.858102490536619800e-01
2.865158230563571995e-01
2.858560931500636060e-01
2.858972514794640984e-01
2.855642467588102029e-01
2.856259012945774889e-01
2.855569186512240676e-01
2.850807764133864164e-01
2.849740271770409006e-01
2.844744589482905983e-01
2.837406055835335894e-01
2.844962595614909939e-01
2.840592289268749071e-01
2.843209461293059737e-01
2.835985276670935917e-01
2.840504831813595032e-01
2.845973702703681329e-01
2.835928907810303934e-01
2.829411542100138677e-01
2.828130496627648260e-01
2.828828690707345106e-01
2.828828690707345106e-01
2.833980590520950305e-01
2.839649314176874717e-01
2.830146456282722767e-01
2.832662853459207430e-01
2.832478358220464898e-01
2.832190669128699656e-01
2.827860520585548931e-01
2.830914201221819693e-01
2.831899410668211603e-01
2.843650765158916571e-01
2.850375165821266155e-01
2.845170203866453917e-01
2.845735505115635222e-01
2.839848049714726597e-01
2.834074272834985475e-01
2.833389161330435169e-01
2.829025892912577222e-01
2.829838822995962011e-01
2.835978320179187162e-01
2.835072550702816829e-01
2.835220128033622000e-01
2.836005551175055928e-01
2.832316883351862491e-01
2.829489761424958116e-01
2.827337913440821637e-01
2.820884923565329938e-01
2.823678031422269807e-01
2.822186256915799052e-01
2.819034878457965521e-01
2.823789908993606379e-01
2.824423552428830253e-01
2.819245620773884742e-01
2.817418545817064190e-01
2.816814732311092029e-01
2.816845136899371327e-01
2.815773927041453906e-01
2.809079648936342322e-01
2.805395945966314142e-01
2.803641417694671123e-01
2.800969451701725843e-01
2.809817401215373711e-01
2.803076884209644848e-01
2.802627425081781198e-01
2.801212077247170473e-01
2.799545113257401741e-01
2.804119040398601048e-01
2.808821152290155165e-01
2.811017608044052984e-01
2.808507532765280867e-01
2.810398335931622582e-01
2.811997761058067646e-01
2.818173722513060975e-01
2.829999307156580435e-01
2.830429701289215449e-01
2.828826726556643023e-01
2.827486150304502899e-01
2.819191122013096074e-01
2.816821838804586253e-01
2.814181790971165831e-01
2.816414656509374503e-01
2.814182944439348466e-01
2.813965429474571400e-01
2.822042725214997105e-01
2.822302999139228441e-01
2.826739764583091619e-01
2.827481442508867904e-01
2.828742972345623108e-01
2.828342858201205456e-01
2.822220477825263529e-01
2.819377929003372696e-01
2.817497476742897855e-01
2.813066052255103755e-01
2.811407508677291056e-01
2.809001653956156863e-01
2.808403509075930171e-01
2.819331082081525386e-01
2.813492008735829497e-01
2.814509209260346867e-01
2.812761705020511149e-01
2.805588767678878770e-01
2.796481432155347724e-01
2.795506904741984489e-01
2.794559139305219375e-01
2.789770725494184478e-01
2.790273086341887310e-01
2.788544055736080773e-01
2.789165609446013772e-01
2.783559246439728518e-01
2.782015971755027461e-01
2.789805967516196805e-01
2.784952695766432784e-01
2.786207660827866861e-01
2.787201977733910208e-01
2.791662573405249148e-01
2.789301743460595451e-01
2.789962037626028679e-01
2.786325216097074731e-01
2.787153444236790678e-01
2.782023418544454785e-01
2.783265575487658960e-01
2.781885981729441126e-01
2.776689023853616822e-01
2.774535639459039804e-01
2.773418405936406428e-01
2.781260681204634766e-01
2.785195696016763423e-01
2.782989417187602399e-01
2.780434575764534344e-01
2.780858244151983016e-01
2.779126481199623577e-01
2.780842675420654442e-01
2.780770953094349185e-01
2.781868452910304934e-01
2.783937288135812094e-01
2.781041877473360846e-01
2.775983323624648391e-01
2.777200629137439591e-01
2.780171880823850694e-01
2.780748161116134987e-01
2.784033546071859044e-01
2.787803100115831545e-01
2.783967237386212878e-01
2.783232769648181226e-01
2.783402222879805543e-01
2.781135761136934170e-01
2.782392112497901193e-01
2.787159528238402073e-01
2.782774634113374668e-01
2.782167604839090314e-01
2.789007301770902725e-01
2.787532213134230052e-01
2.780915741305047817e-01
2.774507708781486781e-01
2.775032472288500029e-01
2.778507091932611583e-01
2.773254726347171850e-01
2.768910353972734995e-01
2.768014833383898865e-01
2.765921985465926713e-01
2.757810072263086054e-01
2.756122424563428042e-01
2.755755640632406300e-01
2.748758503563247246e-01
2.748131522740800414e-01
2.739279993907262067e-01
2.737773389420503078e-01
2.734063322923185879e-01
2.732077661680512026e-01
2.732621873358663245e-01
2.730314058017409007e-01
2.722588962092966636e-01
2.721833989804652854e-01
2.717714095808769770e-01
2.717742213737718293e-01
2.715144962895100211e-01
2.717021340399214946e-01
2.714643658140957205e-01
2.712853590638687473e-01
2.714479659705371084e-01
2.714023104291617972e-01
2.706229910101326519e-01
2.706564218284511214e-01
2.702280011626346790e-01
2.704717035700399674e-01
2.705768570229789560e-01
2.710547810638550548e-01
2.709312514964157259e-01
2.707094955476965215e-01
2.707800671136078585e-01
2.707674710266530504e-01
2.712104682016261981e-01
2.712124511521199488e-01
2.712124511521199488e-01
2.712257581541662188e-01
2.707027137302296937e-01
2.701834304721833502e-01
2.702212096814509135e-01
2.695279576558334833e-01
2.695279576558334833e-01
2.697391752767365203e-01
2.695789658157740631e-01
2.695789658157740631e-01
2.700215319473968090e-01
2.697084784937753277e-01
2.698768111611146159e-01
2.697938315960612399e-01
2.700719424963987092e-01
2.703830777977486166e-01
2.706883814121748277e-01
2.704029318691691386e-01
2.700403359155252314e-01
2.699846857098756048e-01
2.694778128413871654e-01
2.694606389999283369e-01
2.687044849716392902e-01
2.689009243611096278e-01
2.690191232749336026e-01
2.686792393353525377e-01
2.682641942362312126e-01
2.681625938295305600e-01
2.684966774620047847e-01
2.684966774620047847e-01
2.688783387993058382e-01
2.689219294942616911e-01
2.684473725562972479e-01
2.683581362218339650e-01
2.680950161406830956e-01
2.683643960226688163e-01
2.679853607320066278e-01
2.685677190126858349e-01
2.674040640587928008e-01
2.676894947886367948e-01
2.674801660121148839e-01
2.675397939996583263e-01
2.679939293246504373e-01
2.677146153868443235e-01
2.676522048322442227e-01
2.675028681300178346e-01
2.674129756674374359e-01
2.668599529365818790e-01
2.664918926018741696e-01
2.663999330318876924e-01
2.660324874341184476e-01
2.666224701143343756e-01
2.665843965203332777e-01
2.657535282116873510e-01
2.661648069294748620e-01
2.659660648805242111e-01
2.653644722769689102e-01
2.648541291185532165e-01
2.644679452583606483e-01
2.643424804569229347e-01
2.641118989501561320e-01
2.637177160192568093e-01
2.638736288733666835e-01
2.638063400976078388e-01
2.643578662505099985e-01
2.648581227307927888e-01
2.649038836526325658e-01
2.645514088809847730e-01
2.646647979080242186e-01
2.650063899837439285e-01
2.647111071395836235e-01
2.641720792983395238e-01
2.646563185568968635e-01
2.642748864345536575e-01
2.640504737892062082e-01
2.643862575802214954e-01
2.638157543350591050e-01
2.637116154269431578e-01
2.643916902027351745e-01
2.646059579199859790e-01
2.645625452142469358e-01
2.651343761464570736e-01
2.653535113871262063e-01
2.659357786038355487e-01
2.649044256835168532e-01
2.649044256835168532e-01
2.648995230252240152e-01
2.646421773941254330e-01
2.648903748212760312e-01
2.640972845316738593e-01
2.644983139637663294e-01
2.645373374863766447e-01
2.646388134952509241e-01
2.643484444644059739e-01
2.647048379657770956e-01
2.652327288887212919e-01
2.652139461506176077e-01
2.654621815068523016e-01
2.650038962131563980e-01
2.648409793523209266e-01
2.646192313235634086e-01
2.645002535272140687e-01
2.640388502275478055e-01
2.642205518989662050e-01
2.643039383147433585e-01
2.636250893207108814e-01
2.635593700986285093e-01
2.631720117939971848e-01
2.635604106152121817e-01
2.635604106152121817e-01
2.635604106152121817e-01
2.632244992753797752e-01
2.632877679723710229e-01
2.625936098570886834e-01
2.625241129282366859e-01
2.618596871070689169e-01
2.618712313434466976e-01
2.620264449195520706e-01
2.615522100010128637e-01
2.612904722144744896e-01
2.611544351875306758e-01
2.615703641484285469e-01
2.623201983386015956e-01
2.627030376977125825e-01
2.627579803194015629e-01
2.625640027083829264e-01
2.636246522220338506e-01
2.633382186300797789e-01
2.642252495345452923e-01
2.644005249460383289e-01
2.642146699608700633e-01
2.639021955874107928e-01
2.634088721302822456e-01
2.634349511687116285e-01
2.633529518797725344e-01
2.634835980726598637e-01
2.640565213709201720e-01
2.639714657898388772e-01
2.645891642613497075e-01
2.650105454317516762e-01
2.654395457166421335e-01
2.655889141490471173e-01
2.655889141490471173e-01
2.650015781345457788e-01
2.653625201621480634e-01
2.652547074808818683e-01
2.652970058167307132e-01
2.655099079273567919e-01
2.654478045142476539e-01
2.658853423324309961e-01
2.662325930112393602e-01
2.665313378726091864e-01
2.672806510955396120e-01
2.679920118570131571e-01
2.675107656870841510e-01
2.674651215292453421e-01
2.671801758436134766e-01
2.674385718469002304e-01
2.674385718469002304e-01
2.676667387048752289e-01
2.677982261687026910e-01
2.674076012809137315e-01
2.678380690333799219e-01
2.675727987738423241e-01
2.679597423747365759e-01
2.673591536494894227e-01
2.674638153189471401e-01
2.675188559838130864e-01
2.677658015258675417e-01
2.677658015258675417e-01
2.673732674992319591e-01
2.672767953401262164e-01
2.675351813208243223e-01
2.677218879684766795e-01
2.681451321883864813e-01
2.681451321883864813e-01
2.676040677562207537e-01
2.675195885710033861e-01
2.677926798670600128e-01
2.676909288322128488e-01
2.678096325682154388e-01
2.678096325682154388e-01
2.676448263450978970e-01
2.676786947644116954e-01
2.669566009778939764e-01
2.667036411631977799e-01
2.670767414430513242e-01
2.671295517719530777e-01
2.674087332242662818e-01
2.674087332242662818e-01
2.675840954999684218e-01
2.674789583265939075e-01
2.672631788901215222e-01
2.671840589268476562e-01
2.669956710074369299e-01
2.666066414042094768e-01
2.662423676342242640e-01
2.662153896834664746e-01
2.662634771279929202e-01
2.662632635442599982e-01
2.664550526222734250e-01
2.666789529911265388e-01
2.665142588554337832e-01
2.665526360035875841e-01
2.666416120536796996e-01
2.662242378015394206e-01
2.656420257146211439e-01
2.661208633312116545e-01
2.661208633312116545e-01
2.660174225141193616e-01
2.664113132325166555e-01
2.667651077245616897e-01
2.661218032390767485e-01
2.661165306483132542e-01
2.662725814140498026e-01
2.666910899141961000e-01
2.669670962122998592e-01
2.669094404594800629e-01
2.671006132803140365e-01
2.667910295752900507e-01
2.667278280608139096e-01
2.667845611287715246e-01
2.668815028455489013e-01
2.661288171065612218e-01
2.658272680784438680e-01
2.657748808842977928e-01
2.663140496804575208e-01
2.667840145609112201e-01
2.664437871855321882e-01
2.665481888971861224e-01
2.665464978174796884e-01
2.664037897121340204e-01
2.660891821706244942e-01
2.651445936247227575e-01
2.652917801530030317e-01
2.640708939897386531e-01
2.638408964820059821e-01
2.633211479830676049e-01
2.633211479830676049e-01
2.631182633787480518e-01
2.630522946832798414e-01
2.625076761575656503e-01
2.625026759783838926e-01
2.626236852760185925e-01
2.626529609240359497e-01
2.626529609240359497e-01
2.626774634433355904e-01
2.631458273546069537e-01
2.629045706346215816e-01
2.627757222058856312e-01
2.629827016937665296e-01
2.633722694332704672e-01
2.633722694332704672e-01
2.635667668157141708e-01
2.626613402757440041e-01
2.620946726868679244e-01
2.620279949055105972e-01
2.619415809902494452e-01
2.619077696176398962e-01
2.621486610250055582e-01
2.620404472906027737e-01
2.624204487951415921e-01
2.620194009631177656e-01
2.617571156708733415e-01
2.616210163930168808e-01
2.616224665936737748e-01
2.618015027420343421e-01
2.627742537454725857e-01
2.629776195948428374e-01
2.633528795067372474e-01
2.636491713916470636e-01
2.631659546203242717e-01
2.631659546203242717e-01
2.628142178107318871e-01
2.631754265021113981e-01
2.635654800434427680e-01
2.633024918858608010e-01
2.633024918858608010e-01
2.636480225526543486e-01
2.636653795637088349e-01
2.633187854952663276e-01
2.634764084266371098e-01
2.637302710057763955e-01
2.637302710057763955e-01
2.637014609542122634e-01
2.635897174509373997e-01
2.635144011301761013e-01
2.636133727891296075e-01
