1.000000000000000000e+00
9.999807751886614637e-01
9.998722319587612928e-01
9.996727185696511198e-01
9.992473814982074654e-01
9.990727731665843825e-01
9.990727731665843825e-01
9.986956842800994716e-01
9.983278506725363766e-01
9.980979986359703737e-01
9.976623270711761915e-01
9.971890082333522143e-01
9.970223638626632967e-01
9.961384342855199581e-01
9.956815881027858417e-01
9.956645630960573312e-01
9.954941798225830363e-01
9.950795479766345597e-01
9.947473411044905900e-01
9.939303450465720724e-01
9.935470145535082453e-01
9.935470145535082453e-01
9.930401806246328400e-01
9.930401806246328400e-01
9.925625815194819568e-01
9.925625815194819568e-01
9.911960344159632674e-01
9.911960344159632674e-01
9.908398201949852879e-01
9.904777567588587406e-01
9.901693159255186005e-01
9.901693159255186005e-01
9.901693159255186005e-01
9.901693159255186005e-01
9.901693159255186005e-01
9.901693159255186005e-01
9.901693159255186005e-01
9.897750840228783931e-01
9.891161003872062096e-01
9.887259148207329096e-01
9.887259148207329096e-01
9.887259148207329096e-01
9.887259148207329096e-01
9.887259148207329096e-01
9.887259148207329096e-01
9.887259148207329096e-01
9.880047401374654203e-01
9.880047401374654203e-01
9.880047401374654203e-01
9.880047401374654203e-01
9.880047401374654203e-01
9.880047401374654203e-01
9.880047401374654203e-01
9.880047401374654203e-01
9.880047401374654203e-01
9.880047401374654203e-01
9.880047401374654203e-01
9.880047401374654203e-01
9.880047401374654203e-01
9.880047401374654203e-01
9.880047401374654203e-01
9.880047401374654203e-01
9.880047401374654203e-01
9.880047401374654203e-01
9.880047401374654203e-01
9.880047401374654203e-01
9.880047401374654203e-01
9.880047401374654203e-01
9.874294331784745360e-01
9.874294331784745360e-01
9.874294331784745360e-01
9.874294331784745360e-01
9.874294331784745360e-01
9.874294331784745360e-01
9.874294331784745360e-01
9.874294331784745360e-01
9.874294331784745360e-01
9.874294331784745360e-01
9.874294331784745360e-01
9.874294331784745360e-01
9.874294331784745360e-01
9.874294331784745360e-01
9.874294331784745360e-01
9.874294331784745360e-01
9.874294331784745360e-01
9.874294331784745360e-01
9.874294331784745360e-01
9.874294331784745360e-01
9.874294331784745360e-01
9.874294331784745360e-01
9.874294331784745360e-01
9.874294331784745360e-01
9.874294331784745360e-01
9.874294331784745360e-01
9.874294331784745360e-01
9.874294331784745360e-01
9.874294331784745360e-01
9.874294331784745360e-01
9.874294331784745360e-01
9.874294331784745360e-01
9.874294331784745360e-01
9.874294331784745360e-01
9.874294331784745360e-01
9.874294331784745360e-01
9.874294331784745360e-01
9.874294331784745360e-01
9.874294331784745360e-01
9.874294331784745360e-01
9.874294331784745360e-01
9.874294331784745360e-01
9.874294331784745360e-01
9.874294331784745360e-01
9.874294331784745360e-01
9.874294331784745360e-01
9.874294331784745360e-01
9.874294331784745360e-01
9.874294331784745360e-01
9.874294331784745360e-01
9.874294331784745360e-01
9.874294331784745360e-01
9.874294331784745360e-01
9.874294331784745360e-01
9.874294331784745360e-01
9.874294331784745360e-01
9.874294331784745360e-01
9.874294331784745360e-01
9.874294331784745360e-01
9.874294331784745360e-01
9.874294331784745360e-01
9.874294331784745360e-01
9.874294331784745360e-01
9.874294331784745360e-01
9.874294331784745360e-01
9.874294331784745360e-01
9.874294331784745360e-01
9.874294331784745360e-01
9.874294331784745360e-01
9.874294331784745360e-01
9.874294331784745360e-01
9.874294331784745360e-01
9.874294331784745360e-01
9.874294331784745360e-01
9.874294331784745360e-01
9.874294331784745360e-01
9.874294331784745360e-01
9.874294331784745360e-01
9.874294331784745360e-01
9.874294331784745360e-01
9.874294331784745360e-01
9.874294331784745360e-01
9.874294331784745360e-01
9.874294331784745360e-01
9.874294331784745360e-01
9.874294331784745360e-01
9.874294331784745360e-01
9.874294331784745360e-01
9.874294331784745360e-01
9.874294331784745360e-01
9.874294331784745360e-01
9.874294331784745360e-01
9.874294331784745360e-01
9.874294331784745360e-01
9.874294331784745360e-01
9.874294331784745360e-01
9.874294331784745360e-01
9.874294331784745360e-01
9.874294331784745360e-01
9.874294331784745360e-01
9.874294331784745360e-01
9.874294331784745360e-01
9.874294331784745360e-01
9.874294331784745360e-01
9.874294331784745360e-01
9.874294331784745360e-01
9.874294331784745360e-01
9.874294331784745360e-01
9.874294331784745360e-01
9.874294331784745360e-01
9.874294331784745360e-01
9.874294331784745360e-01
9.874294331784745360e-01
9.874294331784745360e-01
9.874294331784745360e-01
9.874294331784745360e-01
9.874294331784745360e-01
9.874294331784745360e-01
9.874294331784745360e-01
9.874294331784745360e-01
9.874294331784745360e-01
9.874294331784745360e-01
9.874294331784745360e-01
9.874294331784745360e-01
9.874294331784745360e-01
9.874294331784745360e-01
9.874294331784745360e-01
9.874294331784745360e-01
9.874294331784745360e-01
9.874294331784745360e-01
9.874294331784745360e-01
9.874294331784745360e-01
9.874294331784745360e-01
9.874294331784745360e-01
9.874294331784745360e-01
9.874294331784745360e-01
9.874294331784745360e-01
9.874294331784745360e-01
9.874294331784745360e-01
9.874294331784745360e-01
9.874294331784745360e-01
9.874294331784745360e-01
9.874294331784745360e-01
9.874294331784745360e-01
9.874294331784745360e-01
9.874294331784745360e-01
9.874294331784745360e-01
9.874294331784745360e-01
9.874294331784745360e-01
9.874294331784745360e-01
9.874294331784745360e-01
9.874294331784745360e-01
9.874294331784745360e-01
9.874294331784745360e-01
9.874294331784745360e-01
9.874294331784745360e-01
9.874294331784745360e-01
9.874294331784745360e-01
9.874294331784745360e-01
9.874294331784745360e-01
9.874294331784745360e-01
9.874294331784745360e-01
9.874294331784745360e-01
9.874294331784745360e-01
9.874294331784745360e-01
9.874294331784745360e-01
9.874294331784745360e-01
9.874294331784745360e-01
9.874294331784745360e-01
9.874294331784745360e-01
9.874294331784745360e-01
9.874294331784745360e-01
9.874294331784745360e-01
9.874294331784745360e-01
9.874294331784745360e-01
9.874294331784745360e-01
9.874294331784745360e-01
9.874294331784745360e-01
9.874294331784745360e-01
9.874294331784745360e-01
9.874294331784745360e-01
9.874294331784745360e-01
9.874294331784745360e-01
9.874294331784745360e-01
9.874294331784745360e-01
9.874294331784745360e-01
9.874294331784745360e-01
9.874294331784745360e-01
9.874294331784745360e-01
9.874294331784745360e-01
9.874294331784745360e-01
9.874294331784745360e-01
9.874294331784745360e-01
9.874294331784745360e-01
9.874294331784745360e-01
9.874294331784745360e-01
9.874294331784745360e-01
9.874294331784745360e-01
9.874294331784745360e-01
9.874294331784745360e-01
9.874294331784745360e-01
9.874294331784745360e-01
9.874294331784745360e-01
9.874294331784745360e-01
9.874294331784745360e-01
9.874294331784745360e-01
9.874294331784745360e-01
9.874294331784745360e-01
9.874294331784745360e-01
9.874294331784745360e-01
9.874294331784745360e-01
9.874294331784745360e-01
9.874294331784745360e-01
9.874294331784745360e-01
9.874294331784745360e-01
9.874294331784745360e-01
9.874294331784745360e-01
9.874294331784745360e-01
9.874294331784745360e-01
9.874294331784745360e-01
9.874294331784745360e-01
9.874294331784745360e-01
9.874294331784745360e-01
9.874294331784745360e-01
9.874294331784745360e-01
9.874294331784745360e-01
9.874294331784745360e-01
9.874294331784745360e-01
9.874294331784745360e-01
9.874294331784745360e-01
9.874294331784745360e-01
9.874294331784745360e-01
9.874294331784745360e-01
9.874294331784745360e-01
9.874294331784745360e-01
9.874294331784745360e-01
9.874294331784745360e-01
9.874294331784745360e-01
9.874294331784745360e-01
9.874294331784745360e-01
9.874294331784745360e-01
9.874294331784745360e-01
9.874294331784745360e-01
9.874294331784745360e-01
9.874294331784745360e-01
9.874294331784745360e-01
9.874294331784745360e-01
9.874294331784745360e-01
9.874294331784745360e-01
9.874294331784745360e-01
9.874294331784745360e-01
9.874294331784745360e-01
9.874294331784745360e-01
9.874294331784745360e-01
9.874294331784745360e-01
9.874294331784745360e-01
9.874294331784745360e-01
9.874294331784745360e-01
9.874294331784745360e-01
9.874294331784745360e-01
9.874294331784745360e-01
9.874294331784745360e-01
9.874294331784745360e-01
9.874294331784745360e-01
9.874294331784745360e-01
9.874294331784745360e-01
9.874294331784745360e-01
9.874294331784745360e-01
9.874294331784745360e-01
9.874294331784745360e-01
9.874294331784745360e-01
9.874294331784745360e-01
9.874294331784745360e-01
9.874294331784745360e-01
9.874294331784745360e-01
9.874294331784745360e-01
9.874294331784745360e-01
9.874294331784745360e-01
9.874294331784745360e-01
9.874294331784745360e-01
9.874294331784745360e-01
9.874294331784745360e-01
9.874294331784745360e-01
9.874294331784745360e-01
9.874294331784745360e-01
9.874294331784745360e-01
9.874294331784745360e-01
9.874294331784745360e-01
9.874294331784745360e-01
9.874294331784745360e-01
9.874294331784745360e-01
9.874294331784745360e-01
9.874294331784745360e-01
9.874294331784745360e-01
9.874294331784745360e-01
9.874294331784745360e-01
9.874294331784745360e-01
9.874294331784745360e-01
9.874294331784745360e-01
9.874294331784745360e-01
9.874294331784745360e-01
9.874294331784745360e-01
9.874294331784745360e-01
9.874294331784745360e-01
9.874294331784745360e-01
9.874294331784745360e-01
9.874294331784745360e-01
9.874294331784745360e-01
9.874294331784745360e-01
9.874294331784745360e-01
9.874294331784745360e-01
9.874294331784745360e-01
9.874294331784745360e-01
9.874294331784745360e-01
9.874294331784745360e-01
9.874294331784745360e-01
9.874294331784745360e-01
9.874294331784745360e-01
9.874294331784745360e-01
9.874294331784745360e-01
9.874294331784745360e-01
9.874294331784745360e-01
9.874294331784745360e-01
9.874294331784745360e-01
9.874294331784745360e-01
9.874294331784745360e-01
9.874294331784745360e-01
9.874294331784745360e-01
9.874294331784745360e-01
9.874294331784745360e-01
9.874294331784745360e-01
9.874294331784745360e-01
9.874294331784745360e-01
9.874294331784745360e-01
9.874294331784745360e-01
9.874294331784745360e-01
9.874294331784745360e-01
9.874294331784745360e-01
9.874294331784745360e-01
9.874294331784745360e-01
9.874294331784745360e-01
9.874294331784745360e-01
9.874294331784745360e-01
9.874294331784745360e-01
9.874294331784745360e-01
9.874294331784745360e-01
9.874294331784745360e-01
9.874294331784745360e-01
9.874294331784745360e-01
9.874294331784745360e-01
9.874294331784745360e-01
9.874294331784745360e-01
9.874294331784745360e-01
9.874294331784745360e-01
9.874294331784745360e-01
9.874294331784745360e-01
9.874294331784745360e-01
9.874294331784745360e-01
9.874294331784745360e-01
9.874294331784745360e-01
9.874294331784745360e-01
9.874294331784745360e-01
9.874294331784745360e-01
9.874294331784745360e-01
9.874294331784745360e-01
9.874294331784745360e-01
9.874294331784745360e-01
9.874294331784745360e-01
9.874294331784745360e-01
9.874294331784745360e-01
9.874294331784745360e-01
9.874294331784745360e-01
9.874294331784745360e-01
9.874294331784745360e-01
9.874294331784745360e-01
9.874294331784745360e-01
9.874294331784745360e-01
9.874294331784745360e-01
9.874294331784745360e-01
9.874294331784745360e-01
9.874294331784745360e-01
9.874294331784745360e-01
9.874294331784745360e-01
9.874294331784745360e-01
9.874294331784745360e-01
9.874294331784745360e-01
9.874294331784745360e-01
9.874294331784745360e-01
9.874294331784745360e-01
9.874294331784745360e-01
9.874294331784745360e-01
9.874294331784745360e-01
9.874294331784745360e-01
9.874294331784745360e-01
9.874294331784745360e-01
9.874294331784745360e-01
9.874294331784745360e-01
9.874294331784745360e-01
9.874294331784745360e-01
9.874294331784745360e-01
9.874294331784745360e-01
9.874294331784745360e-01
9.874294331784745360e-01
9.874294331784745360e-01
9.874294331784745360e-01
9.874294331784745360e-01
9.874294331784745360e-01
9.874294331784745360e-01
9.874294331784745360e-01
9.874294331784745360e-01
9.874294331784745360e-01
9.874294331784745360e-01
9.874294331784745360e-01
9.874294331784745360e-01
9.874294331784745360e-01
9.874294331784745360e-01
9.874294331784745360e-01
9.874294331784745360e-01
9.874294331784745360e-01
9.874294331784745360e-01
9.874294331784745360e-01
9.874294331784745360e-01
9.874294331784745360e-01
9.874294331784745360e-01
9.874294331784745360e-01
9.874294331784745360e-01
9.874294331784745360e-01
9.874294331784745360e-01
9.874294331784745360e-01
9.874294331784745360e-01
9.874294331784745360e-01
9.874294331784745360e-01
9.874294331784745360e-01
9.874294331784745360e-01
9.874294331784745360e-01
9.874294331784745360e-01
9.874294331784745360e-01
9.874294331784745360e-01
9.874294331784745360e-01
9.874294331784745360e-01
9.874294331784745360e-01
9.874294331784745360e-01
9.874294331784745360e-01
9.874294331784745360e-01
9.874294331784745360e-01
9.874294331784745360e-01
9.874294331784745360e-01
9.874294331784745360e-01
9.874294331784745360e-01
9.874294331784745360e-01
9.874294331784745360e-01
9.874294331784745360e-01
9.874294331784745360e-01
9.874294331784745360e-01
9.874294331784745360e-01
9.874294331784745360e-01
9.874294331784745360e-01
9.874294331784745360e-01
9.874294331784745360e-01
9.874294331784745360e-01
9.874294331784745360e-01
9.874294331784745360e-01
9.874294331784745360e-01
9.874294331784745360e-01
9.874294331784745360e-01
9.874294331784745360e-01
9.874294331784745360e-01
9.874294331784745360e-01
9.874294331784745360e-01
9.874294331784745360e-01
9.874294331784745360e-01
9.874294331784745360e-01
9.874294331784745360e-01
9.874294331784745360e-01
9.874294331784745360e-01
9.874294331784745360e-01
9.874294331784745360e-01
9.874294331784745360e-01
9.874294331784745360e-01
9.874294331784745360e-01
9.874294331784745360e-01
9.874294331784745360e-01
9.874294331784745360e-01
9.874294331784745360e-01
9.874294331784745360e-01
9.874294331784745360e-01
9.874294331784745360e-01
9.874294331784745360e-01
9.874294331784745360e-01
9.874294331784745360e-01
9.874294331784745360e-01
9.874294331784745360e-01
9.874294331784745360e-01
9.874294331784745360e-01
9.874294331784745360e-01
9.874294331784745360e-01
9.874294331784745360e-01
9.874294331784745360e-01
9.874294331784745360e-01
9.874294331784745360e-01
9.874294331784745360e-01
9.874294331784745360e-01
9.874294331784745360e-01
9.874294331784745360e-01
9.874294331784745360e-01
9.874294331784745360e-01
9.874294331784745360e-01
9.874294331784745360e-01
9.874294331784745360e-01
9.874294331784745360e-01
9.874294331784745360e-01
9.874294331784745360e-01
9.874294331784745360e-01
9.874294331784745360e-01
9.874294331784745360e-01
9.874294331784745360e-01
9.874294331784745360e-01
9.874294331784745360e-01
9.874294331784745360e-01
9.874294331784745360e-01
9.874294331784745360e-01
9.874294331784745360e-01
9.874294331784745360e-01
9.874294331784745360e-01
9.874294331784745360e-01
9.874294331784745360e-01
9.874294331784745360e-01
9.874294331784745360e-01
9.874294331784745360e-01
9.874294331784745360e-01
9.874294331784745360e-01
9.874294331784745360e-01
9.874294331784745360e-01
9.874294331784745360e-01
9.874294331784745360e-01
9.874294331784745360e-01
9.874294331784745360e-01
9.874294331784745360e-01
9.874294331784745360e-01
9.874294331784745360e-01
9.874294331784745360e-01
9.874294331784745360e-01
9.874294331784745360e-01
9.874294331784745360e-01
9.874294331784745360e-01
9.874294331784745360e-01
9.874294331784745360e-01
9.874294331784745360e-01
9.874294331784745360e-01
9.874294331784745360e-01
9.874294331784745360e-01
9.874294331784745360e-01
9.874294331784745360e-01
9.874294331784745360e-01
9.874294331784745360e-01
9.874294331784745360e-01
9.874294331784745360e-01
9.874294331784745360e-01
9.874294331784745360e-01
9.874294331784745360e-01
9.874294331784745360e-01
9.874294331784745360e-01
9.874294331784745360e-01
9.874294331784745360e-01
9.874294331784745360e-01
9.874294331784745360e-01
9.874294331784745360e-01
9.874294331784745360e-01
9.874294331784745360e-01
9.874294331784745360e-01
9.874294331784745360e-01
9.874294331784745360e-01
9.874294331784745360e-01
9.874294331784745360e-01
9.874294331784745360e-01
9.874294331784745360e-01
9.874294331784745360e-01
9.874294331784745360e-01
9.874294331784745360e-01
9.874294331784745360e-01
9.874294331784745360e-01
9.874294331784745360e-01
9.874294331784745360e-01
9.874294331784745360e-01
9.874294331784745360e-01
9.874294331784745360e-01
9.874294331784745360e-01
9.874294331784745360e-01
9.874294331784745360e-01
9.874294331784745360e-01
9.874294331784745360e-01
9.874294331784745360e-01
9.874294331784745360e-01
9.874294331784745360e-01
9.874294331784745360e-01
9.874294331784745360e-01
9.874294331784745360e-01
9.874294331784745360e-01
9.874294331784745360e-01
9.874294331784745360e-01
9.874294331784745360e-01
9.874294331784745360e-01
9.874294331784745360e-01
9.874294331784745360e-01
9.874294331784745360e-01
9.874294331784745360e-01
9.874294331784745360e-01
9.874294331784745360e-01
9.874294331784745360e-01
9.874294331784745360e-01
9.874294331784745360e-01
9.874294331784745360e-01
9.874294331784745360e-01
9.874294331784745360e-01
9.874294331784745360e-01
9.874294331784745360e-01
9.874294331784745360e-01
9.874294331784745360e-01
9.874294331784745360e-01
9.874294331784745360e-01
9.874294331784745360e-01
9.874294331784745360e-01
9.874294331784745360e-01
9.874294331784745360e-01
9.874294331784745360e-01
9.874294331784745360e-01
9.874294331784745360e-01
9.874294331784745360e-01
9.874294331784745360e-01
9.874294331784745360e-01
9.874294331784745360e-01
9.874294331784745360e-01
9.874294331784745360e-01
9.874294331784745360e-01
9.874294331784745360e-01
9.874294331784745360e-01
9.874294331784745360e-01
9.874294331784745360e-01
9.874294331784745360e-01
9.874294331784745360e-01
9.874294331784745360e-01
9.874294331784745360e-01
9.874294331784745360e-01
9.874294331784745360e-01
9.874294331784745360e-01
9.874294331784745360e-01
9.874294331784745360e-01
9.874294331784745360e-01
9.874294331784745360e-01
9.874294331784745360e-01
9.874294331784745360e-01
9.874294331784745360e-01
9.874294331784745360e-01
9.874294331784745360e-01
9.874294331784745360e-01
9.874294331784745360e-01
9.874294331784745360e-01
9.874294331784745360e-01
9.874294331784745360e-01
9.874294331784745360e-01
9.874294331784745360e-01
9.874294331784745360e-01
9.874294331784745360e-01
9.874294331784745360e-01
9.874294331784745360e-01
9.874294331784745360e-01
9.874294331784745360e-01
9.874294331784745360e-01
9.874294331784745360e-01
9.874294331784745360e-01
9.874294331784745360e-01
9.874294331784745360e-01
9.874294331784745360e-01
9.874294331784745360e-01
9.874294331784745360e-01
9.874294331784745360e-01
9.874294331784745360e-01
9.874294331784745360e-01
9.874294331784745360e-01
9.874294331784745360e-01
9.874294331784745360e-01
9.874294331784745360e-01
9.874294331784745360e-01
9.874294331784745360e-01
9.874294331784745360e-01
9.874294331784745360e-01
9.874294331784745360e-01
9.874294331784745360e-01
9.874294331784745360e-01
9.874294331784745360e-01
9.874294331784745360e-01
9.874294331784745360e-01
9.874294331784745360e-01
9.874294331784745360e-01
9.874294331784745360e-01
9.874294331784745360e-01
9.874294331784745360e-01
9.874294331784745360e-01
9.874294331784745360e-01
9.874294331784745360e-01
9.874294331784745360e-01
9.874294331784745360e-01
9.874294331784745360e-01
9.874294331784745360e-01
9.874294331784745360e-01
9.874294331784745360e-01
9.874294331784745360e-01
9.874294331784745360e-01
9.874294331784745360e-01
9.874294331784745360e-01
9.874294331784745360e-01
9.874294331784745360e-01
9.874294331784745360e-01
9.874294331784745360e-01
9.874294331784745360e-01
9.874294331784745360e-01
9.874294331784745360e-01
9.874294331784745360e-01
9.874294331784745360e-01
9.874294331784745360e-01
9.874294331784745360e-01
9.874294331784745360e-01
9.874294331784745360e-01
9.874294331784745360e-01
9.874294331784745360e-01
9.874294331784745360e-01
9.874294331784745360e-01
9.874294331784745360e-01
9.874294331784745360e-01
9.874294331784745360e-01
9.874294331784745360e-01
9.874294331784745360e-01
9.874294331784745360e-01
9.874294331784745360e-01
9.874294331784745360e-01
9.874294331784745360e-01
9.874294331784745360e-01
9.874294331784745360e-01
9.874294331784745360e-01
9.874294331784745360e-01
9.874294331784745360e-01
9.874294331784745360e-01
9.874294331784745360e-01
9.874294331784745360e-01
9.874294331784745360e-01
9.874294331784745360e-01
9.874294331784745360e-01
9.874294331784745360e-01
9.874294331784745360e-01
9.874294331784745360e-01
9.874294331784745360e-01
9.874294331784745360e-01
9.874294331784745360e-01
9.874294331784745360e-01
9.874294331784745360e-01
9.874294331784745360e-01
9.874294331784745360e-01
9.874294331784745360e-01
9.874294331784745360e-01
9.874294331784745360e-01
9.874294331784745360e-01
9.874294331784745360e-01
9.874294331784745360e-01
9.874294331784745360e-01
9.874294331784745360e-01
9.874294331784745360e-01
9.874294331784745360e-01
9.874294331784745360e-01
9.874294331784745360e-01
9.874294331784745360e-01
9.874294331784745360e-01
9.874294331784745360e-01
9.874294331784745360e-01
9.874294331784745360e-01
9.874294331784745360e-01
9.874294331784745360e-01
9.874294331784745360e-01
9.874294331784745360e-01
9.874294331784745360e-01
9.874294331784745360e-01
9.874294331784745360e-01
9.874294331784745360e-01
9.874294331784745360e-01
9.874294331784745360e-01
9.874294331784745360e-01
9.874294331784745360e-01
9.874294331784745360e-01
9.874294331784745360e-01
9.874294331784745360e-01
9.874294331784745360e-01
9.874294331784745360e-01
9.874294331784745360e-01
9.874294331784745360e-01
9.874294331784745360e-01
9.874294331784745360e-01
9.874294331784745360e-01
9.874294331784745360e-01
9.874294331784745360e-01
9.874294331784745360e-01
9.874294331784745360e-01
9.874294331784745360e-01
9.874294331784745360e-01
9.874294331784745360e-01
9.874294331784745360e-01
9.874294331784745360e-01
9.874294331784745360e-01
9.874294331784745360e-01
9.874294331784745360e-01
9.874294331784745360e-01
9.874294331784745360e-01
9.874294331784745360e-01
9.874294331784745360e-01
9.874294331784745360e-01
9.874294331784745360e-01
9.874294331784745360e-01
9.874294331784745360e-01
9.874294331784745360e-01
9.874294331784745360e-01
9.874294331784745360e-01
9.874294331784745360e-01
9.874294331784745360e-01
9.874294331784745360e-01
9.874294331784745360e-01
9.874294331784745360e-01
9.874294331784745360e-01
9.874294331784745360e-01
9.874294331784745360e-01
9.874294331784745360e-01
9.874294331784745360e-01
9.874294331784745360e-01
9.874294331784745360e-01
9.874294331784745360e-01
9.874294331784745360e-01
9.874294331784745360e-01
9.874294331784745360e-01
9.874294331784745360e-01
9.874294331784745360e-01
9.874294331784745360e-01
9.874294331784745360e-01
9.874294331784745360e-01
9.874294331784745360e-01
9.874294331784745360e-01
9.874294331784745360e-01
9.874294331784745360e-01
9.874294331784745360e-01
9.874294331784745360e-01
9.874294331784745360e-01
9.874294331784745360e-01
9.874294331784745360e-01
9.874294331784745360e-01
9.874294331784745360e-01
9.874294331784745360e-01
9.874294331784745360e-01
9.874294331784745360e-01
9.874294331784745360e-01
9.874294331784745360e-01
9.874294331784745360e-01
9.874294331784745360e-01
9.874294331784745360e-01
9.874294331784745360e-01
9.874294331784745360e-01
9.874294331784745360e-01
9.874294331784745360e-01
9.874294331784745360e-01
9.874294331784745360e-01
9.874294331784745360e-01
9.874294331784745360e-01
9.874294331784745360e-01
9.874294331784745360e-01
9.874294331784745360e-01
9.874294331784745360e-01
9.874294331784745360e-01
9.874294331784745360e-01
9.874294331784745360e-01
9.874294331784745360e-01
9.874294331784745360e-01
9.874294331784745360e-01
9.874294331784745360e-01
9.874294331784745360e-01
9.874294331784745360e-01
9.874294331784745360e-01
9.874294331784745360e-01
9.874294331784745360e-01
9.874294331784745360e-01
9.874294331784745360e-01
9.874294331784745360e-01
9.874294331784745360e-01
9.874294331784745360e-01
9.874294331784745360e-01
9.874294331784745360e-01
9.874294331784745360e-01
9.874294331784745360e-01
9.874294331784745360e-01
9.874294331784745360e-01
9.874294331784745360e-01
9.874294331784745360e-01
9.874294331784745360e-01
9.874294331784745360e-01
9.874294331784745360e-01
9.874294331784745360e-01
9.874294331784745360e-01
9.874294331784745360e-01
9.874294331784745360e-01
9.874294331784745360e-01
9.874294331784745360e-01
9.874294331784745360e-01
9.874294331784745360e-01
9.874294331784745360e-01
9.874294331784745360e-01
9.874294331784745360e-01
9.874294331784745360e-01
9.874294331784745360e-01
9.874294331784745360e-01
9.874294331784745360e-01
9.874294331784745360e-01
9.874294331784745360e-01
9.874294331784745360e-01
9.874294331784745360e-01
9.874294331784745360e-01
9.874294331784745360e-01
9.874294331784745360e-01
9.874294331784745360e-01
9.874294331784745360e-01
9.874294331784745360e-01
9.874294331784745360e-01
9.874294331784745360e-01
9.874294331784745360e-01
9.874294331784745360e-01
9.874294331784745360e-01
9.874294331784745360e-01
9.874294331784745360e-01
9.874294331784745360e-01
9.874294331784745360e-01
9.874294331784745360e-01
9.874294331784745360e-01
9.874294331784745360e-01
9.874294331784745360e-01
9.874294331784745360e-01
9.874294331784745360e-01
9.874294331784745360e-01
9.874294331784745360e-01
9.874294331784745360e-01
9.874294331784745360e-01
9.874294331784745360e-01
9.874294331784745360e-01
9.874294331784745360e-01
9.874294331784745360e-01
9.874294331784745360e-01
9.874294331784745360e-01
9.874294331784745360e-01
9.874294331784745360e-01
9.874294331784745360e-01
9.874294331784745360e-01
9.874294331784745360e-01
9.874294331784745360e-01
9.874294331784745360e-01
9.874294331784745360e-01
9.874294331784745360e-01
9.874294331784745360e-01
9.874294331784745360e-01
9.874294331784745360e-01
9.874294331784745360e-01
9.874294331784745360e-01
9.874294331784745360e-01
9.874294331784745360e-01
9.874294331784745360e-01
9.874294331784745360e-01
9.874294331784745360e-01
9.874294331784745360e-01
9.874294331784745360e-01
9.874294331784745360e-01
9.874294331784745360e-01
9.874294331784745360e-01
9.874294331784745360e-01
9.874294331784745360e-01
9.874294331784745360e-01
9.874294331784745360e-01
9.874294331784745360e-01
9.874294331784745360e-01
9.874294331784745360e-01
9.874294331784745360e-01
9.874294331784745360e-01
9.874294331784745360e-01
9.874294331784745360e-01
9.874294331784745360e-01
9.874294331784745360e-01
9.874294331784745360e-01
9.874294331784745360e-01
9.874294331784745360e-01
9.874294331784745360e-01
9.874294331784745360e-01
9.874294331784745360e-01
9.874294331784745360e-01
9.874294331784745360e-01
9.874294331784745360e-01
9.874294331784745360e-01
9.874294331784745360e-01
9.874294331784745360e-01
9.874294331784745360e-01
9.874294331784745360e-01
9.874294331784745360e-01
9.874294331784745360e-01
9.874294331784745360e-01
9.874294331784745360e-01
9.874294331784745360e-01
9.874294331784745360e-01
9.874294331784745360e-01
9.874294331784745360e-01
9.874294331784745360e-01
9.874294331784745360e-01
9.874294331784745360e-01
9.874294331784745360e-01
9.874294331784745360e-01
9.874294331784745360e-01
9.874294331784745360e-01
9.874294331784745360e-01
9.874294331784745360e-01
9.874294331784745360e-01
9.874294331784745360e-01
9.874294331784745360e-01
9.874294331784745360e-01
9.874294331784745360e-01
9.874294331784745360e-01
9.874294331784745360e-01
9.874294331784745360e-01
9.874294331784745360e-01
9.874294331784745360e-01
9.874294331784745360e-01
9.874294331784745360e-01
9.874294331784745360e-01
9.874294331784745360e-01
9.874294331784745360e-01
9.874294331784745360e-01
9.874294331784745360e-01
9.874294331784745360e-01
9.874294331784745360e-01
9.874294331784745360e-01
9.874294331784745360e-01
9.874294331784745360e-01
9.874294331784745360e-01
9.874294331784745360e-01
9.874294331784745360e-01
9.874294331784745360e-01
9.874294331784745360e-01
9.874294331784745360e-01
9.874294331784745360e-01
9.874294331784745360e-01
9.874294331784745360e-01
9.874294331784745360e-01
9.874294331784745360e-01
9.874294331784745360e-01
9.874294331784745360e-01
9.874294331784745360e-01
9.874294331784745360e-01
9.874294331784745360e-01
9.874294331784745360e-01
9.874294331784745360e-01
9.874294331784745360e-01
9.874294331784745360e-01
9.874294331784745360e-01
9.874294331784745360e-01
9.874294331784745360e-01
9.874294331784745360e-01
9.874294331784745360e-01
9.874294331784745360e-01
9.874294331784745360e-01
9.874294331784745360e-01
9.874294331784745360e-01
9.874294331784745360e-01
9.874294331784745360e-01
9.874294331784745360e-01
9.874294331784745360e-01
9.874294331784745360e-01
9.874294331784745360e-01
9.874294331784745360e-01
9.874294331784745360e-01
9.874294331784745360e-01
9.874294331784745360e-01
9.874294331784745360e-01
9.874294331784745360e-01
9.874294331784745360e-01
9.874294331784745360e-01
9.874294331784745360e-01
9.874294331784745360e-01
9.874294331784745360e-01
9.874294331784745360e-01
9.874294331784745360e-01
9.874294331784745360e-01
9.874294331784745360e-01
9.874294331784745360e-01
9.874294331784745360e-01
9.874294331784745360e-01
9.874294331784745360e-01
9.874294331784745360e-01
9.874294331784745360e-01
9.874294331784745360e-01
9.874294331784745360e-01
9.874294331784745360e-01
9.874294331784745360e-01
9.874294331784745360e-01
9.874294331784745360e-01
9.874294331784745360e-01
9.874294331784745360e-01
9.874294331784745360e-01
9.874294331784745360e-01
9.874294331784745360e-01
9.874294331784745360e-01
9.874294331784745360e-01
9.874294331784745360e-01
9.874294331784745360e-01
9.874294331784745360e-01
9.874294331784745360e-01
9.874294331784745360e-01
9.874294331784745360e-01
9.874294331784745360e-01
9.874294331784745360e-01
9.874294331784745360e-01
9.874294331784745360e-01
9.874294331784745360e-01
9.874294331784745360e-01
9.874294331784745360e-01
9.874294331784745360e-01
9.874294331784745360e-01
9.874294331784745360e-01
9.874294331784745360e-01
9.874294331784745360e-01
9.874294331784745360e-01
9.874294331784745360e-01
9.874294331784745360e-01
9.874294331784745360e-01
9.874294331784745360e-01
9.874294331784745360e-01
9.874294331784745360e-01
9.874294331784745360e-01
9.874294331784745360e-01
9.874294331784745360e-01
9.874294331784745360e-01
9.874294331784745360e-01
9.874294331784745360e-01
9.874294331784745360e-01
9.874294331784745360e-01
9.874294331784745360e-01
9.874294331784745360e-01
9.874294331784745360e-01
9.874294331784745360e-01
9.874294331784745360e-01
9.874294331784745360e-01
9.874294331784745360e-01
9.874294331784745360e-01
9.874294331784745360e-01
9.874294331784745360e-01
9.874294331784745360e-01
9.874294331784745360e-01
9.874294331784745360e-01
9.874294331784745360e-01
9.874294331784745360e-01
9.874294331784745360e-01
9.874294331784745360e-01
9.874294331784745360e-01
9.874294331784745360e-01
9.874294331784745360e-01
9.874294331784745360e-01
9.874294331784745360e-01
9.874294331784745360e-01
9.874294331784745360e-01
9.874294331784745360e-01
9.874294331784745360e-01
9.874294331784745360e-01
9.874294331784745360e-01
9.874294331784745360e-01
9.874294331784745360e-01
9.874294331784745360e-01
9.874294331784745360e-01
9.874294331784745360e-01
9.874294331784745360e-01
9.874294331784745360e-01
9.874294331784745360e-01
9.874294331784745360e-01
9.874294331784745360e-01
9.874294331784745360e-01
9.874294331784745360e-01
9.874294331784745360e-01
