-1.899999999999999911e+00 0.000000000000000000e+00
-1.896386430678465906e+00 0.000000000000000000e+00
-1.892772861356932124e+00 0.000000000000000000e+00
-1.889159292035398119e+00 0.000000000000000000e+00
-1.885545722713864114e+00 0.000000000000000000e+00
-1.881932153392330331e+00 0.000000000000000000e+00
-1.878318584070796327e+00 0.000000000000000000e+00
-1.874705014749262544e+00 0.000000000000000000e+00
-1.871091445427728539e+00 0.000000000000000000e+00
-1.867477876106194534e+00 0.000000000000000000e+00
-1.863864306784660752e+00 0.000000000000000000e+00
-1.860250737463126747e+00 0.000000000000000000e+00
-1.856637168141592742e+00 0.000000000000000000e+00
-1.853023598820058959e+00 0.000000000000000000e+00
-1.849410029498524954e+00 0.000000000000000000e+00
-1.845796460176990950e+00 0.000000000000000000e+00
-1.842182890855457167e+00 0.000000000000000000e+00
-1.838569321533923162e+00 0.000000000000000000e+00
-1.834955752212389379e+00 0.000000000000000000e+00
-1.831342182890855375e+00 0.000000000000000000e+00
-1.827728613569321370e+00 0.000000000000000000e+00
-1.824115044247787587e+00 0.000000000000000000e+00
-1.820501474926253582e+00 0.000000000000000000e+00
-1.816887905604719577e+00 0.000000000000000000e+00
-1.813274336283185795e+00 0.000000000000000000e+00
-1.809660766961651790e+00 0.000000000000000000e+00
-1.806047197640118007e+00 0.000000000000000000e+00
-1.802433628318584002e+00 0.000000000000000000e+00
-1.798820058997049998e+00 0.000000000000000000e+00
-1.795206489675516215e+00 0.000000000000000000e+00
-1.791592920353982210e+00 0.000000000000000000e+00
-1.787979351032448205e+00 0.000000000000000000e+00
-1.784365781710914423e+00 0.000000000000000000e+00
-1.780752212389380418e+00 0.000000000000000000e+00
-1.777138643067846413e+00 0.000000000000000000e+00
-1.773525073746312630e+00 0.000000000000000000e+00
-1.769911504424778625e+00 0.000000000000000000e+00
-1.766297935103244843e+00 0.000000000000000000e+00
-1.762684365781710838e+00 0.000000000000000000e+00
-1.759070796460176833e+00 0.000000000000000000e+00
-1.755457227138643050e+00 0.000000000000000000e+00
-1.751843657817109046e+00 0.000000000000000000e+00
-1.748230088495575041e+00 0.000000000000000000e+00
-1.744616519174041258e+00 0.000000000000000000e+00
-1.741002949852507253e+00 0.000000000000000000e+00
-1.737389380530973249e+00 0.000000000000000000e+00
-1.733775811209439466e+00 0.000000000000000000e+00
-1.730162241887905461e+00 0.000000000000000000e+00
-1.726548672566371678e+00 0.000000000000000000e+00
-1.722935103244837673e+00 0.000000000000000000e+00
-1.719321533923303669e+00 0.000000000000000000e+00
-1.715707964601769886e+00 0.000000000000000000e+00
-1.712094395280235881e+00 0.000000000000000000e+00
-1.708480825958701876e+00 0.000000000000000000e+00
-1.704867256637168094e+00 0.000000000000000000e+00
-1.701253687315634089e+00 0.000000000000000000e+00
-1.697640117994100084e+00 0.000000000000000000e+00
-1.694026548672566301e+00 0.000000000000000000e+00
-1.690412979351032297e+00 0.000000000000000000e+00
-1.686799410029498514e+00 0.000000000000000000e+00
-1.683185840707964509e+00 0.000000000000000000e+00
-1.679572271386430504e+00 0.000000000000000000e+00
-1.675958702064896721e+00 0.000000000000000000e+00
-1.672345132743362717e+00 0.000000000000000000e+00
-1.668731563421828712e+00 0.000000000000000000e+00
-1.665117994100294929e+00 0.000000000000000000e+00
-1.661504424778760924e+00 0.000000000000000000e+00
-1.657890855457226920e+00 0.000000000000000000e+00
-1.654277286135693137e+00 0.000000000000000000e+00
-1.650663716814159132e+00 0.000000000000000000e+00
-1.647050147492625349e+00 0.000000000000000000e+00
-1.643436578171091345e+00 0.000000000000000000e+00
-1.639823008849557340e+00 0.000000000000000000e+00
-1.636209439528023557e+00 0.000000000000000000e+00
-1.632595870206489552e+00 0.000000000000000000e+00
-1.628982300884955770e+00 0.000000000000000000e+00
-1.625368731563421765e+00 0.000000000000000000e+00
-1.621755162241887760e+00 0.000000000000000000e+00
-1.618141592920353755e+00 0.000000000000000000e+00
-1.614528023598819972e+00 0.000000000000000000e+00
-1.610914454277285968e+00 0.000000000000000000e+00
-1.607300884955752185e+00 0.000000000000000000e+00
-1.603687315634218180e+00 0.000000000000000000e+00
-1.600073746312684175e+00 0.000000000000000000e+00
-1.596460176991150393e+00 0.000000000000000000e+00
-1.592846607669616388e+00 0.000000000000000000e+00
-1.589233038348082605e+00 0.000000000000000000e+00
-1.585619469026548600e+00 0.000000000000000000e+00
-1.582005899705014595e+00 0.000000000000000000e+00
-1.578392330383480591e+00 0.000000000000000000e+00
-1.574778761061946808e+00 0.000000000000000000e+00
-1.571165191740412803e+00 0.000000000000000000e+00
-1.567551622418879020e+00 0.000000000000000000e+00
-1.563938053097345016e+00 0.000000000000000000e+00
-1.560324483775811011e+00 0.000000000000000000e+00
-1.556710914454277228e+00 0.000000000000000000e+00
-1.553097345132743223e+00 0.000000000000000000e+00
-1.549483775811209441e+00 0.000000000000000000e+00
-1.545870206489675436e+00 0.000000000000000000e+00
-1.542256637168141431e+00 0.000000000000000000e+00
-1.538643067846607426e+00 0.000000000000000000e+00
-1.535029498525073643e+00 0.000000000000000000e+00
-1.531415929203539639e+00 0.000000000000000000e+00
-1.527802359882005856e+00 0.000000000000000000e+00
-1.524188790560471851e+00 0.000000000000000000e+00
-1.520575221238937846e+00 0.000000000000000000e+00
-1.516961651917404064e+00 0.000000000000000000e+00
-1.513348082595870059e+00 0.000000000000000000e+00
-1.509734513274336276e+00 0.000000000000000000e+00
-1.506120943952802271e+00 0.000000000000000000e+00
-1.502507374631268267e+00 0.000000000000000000e+00
-1.498893805309734262e+00 0.000000000000000000e+00
-1.495280235988200479e+00 0.000000000000000000e+00
-1.491666666666666474e+00 0.000000000000000000e+00
-1.488053097345132691e+00 0.000000000000000000e+00
-1.484439528023598687e+00 0.000000000000000000e+00
-1.480825958702064682e+00 0.000000000000000000e+00
-1.477212389380530899e+00 0.000000000000000000e+00
-1.473598820058996894e+00 0.000000000000000000e+00
-1.469985250737463112e+00 0.000000000000000000e+00
-1.466371681415929107e+00 0.000000000000000000e+00
-1.462758112094395102e+00 0.000000000000000000e+00
-1.459144542772861097e+00 0.000000000000000000e+00
-1.455530973451327315e+00 0.000000000000000000e+00
-1.451917404129793310e+00 0.000000000000000000e+00
-1.448303834808259527e+00 0.000000000000000000e+00
-1.444690265486725522e+00 0.000000000000000000e+00
-1.441076696165191517e+00 0.000000000000000000e+00
-1.437463126843657735e+00 0.000000000000000000e+00
-1.433849557522123730e+00 0.000000000000000000e+00
-1.430235988200589947e+00 0.000000000000000000e+00
-1.426622418879055942e+00 0.000000000000000000e+00
-1.423008849557521938e+00 0.000000000000000000e+00
-1.419395280235987933e+00 0.000000000000000000e+00
-1.415781710914454150e+00 0.000000000000000000e+00
-1.412168141592920145e+00 0.000000000000000000e+00
-1.408554572271386363e+00 0.000000000000000000e+00
-1.404941002949852358e+00 0.000000000000000000e+00
-1.401327433628318353e+00 0.000000000000000000e+00
-1.397713864306784570e+00 0.000000000000000000e+00
-1.394100294985250565e+00 0.000000000000000000e+00
-1.390486725663716783e+00 0.000000000000000000e+00
-1.386873156342182778e+00 0.000000000000000000e+00
-1.383259587020648773e+00 0.000000000000000000e+00
-1.379646017699114768e+00 0.000000000000000000e+00
-1.376032448377580986e+00 0.000000000000000000e+00
-1.372418879056047203e+00 0.000000000000000000e+00
-1.368805309734513198e+00 0.000000000000000000e+00
-1.365191740412979193e+00 0.000000000000000000e+00
-1.361578171091445189e+00 0.000000000000000000e+00
-1.357964601769911406e+00 0.000000000000000000e+00
-1.354351032448377401e+00 0.000000000000000000e+00
-1.350737463126843618e+00 0.000000000000000000e+00
-1.347123893805309613e+00 0.000000000000000000e+00
-1.343510324483775609e+00 0.000000000000000000e+00
-1.339896755162241604e+00 0.000000000000000000e+00
-1.336283185840707821e+00 0.000000000000000000e+00
-1.332669616519174038e+00 0.000000000000000000e+00
-1.329056047197640034e+00 0.000000000000000000e+00
-1.325442477876106029e+00 0.000000000000000000e+00
-1.321828908554572024e+00 0.000000000000000000e+00
-1.318215339233038241e+00 0.000000000000000000e+00
-1.314601769911504237e+00 0.000000000000000000e+00
-1.310988200589970454e+00 0.000000000000000000e+00
-1.307374631268436449e+00 0.000000000000000000e+00
-1.303761061946902444e+00 0.000000000000000000e+00
-1.300147492625368439e+00 0.000000000000000000e+00
-1.296533923303834657e+00 0.000000000000000000e+00
-1.292920353982300874e+00 0.000000000000000000e+00
-1.289306784660766869e+00 0.000000000000000000e+00
-1.285693215339232864e+00 0.000000000000000000e+00
-1.282079646017698860e+00 0.000000000000000000e+00
-1.278466076696165077e+00 0.000000000000000000e+00
-1.274852507374631072e+00 0.000000000000000000e+00
-1.271238938053097289e+00 0.000000000000000000e+00
-1.267625368731563285e+00 0.000000000000000000e+00
-1.264011799410029280e+00 0.000000000000000000e+00
-1.260398230088495275e+00 0.000000000000000000e+00
-1.256784660766961492e+00 0.000000000000000000e+00
-1.253171091445427709e+00 0.000000000000000000e+00
-1.249557522123893705e+00 0.000000000000000000e+00
-1.245943952802359700e+00 0.000000000000000000e+00
-1.242330383480825695e+00 0.000000000000000000e+00
-1.238716814159291912e+00 0.000000000000000000e+00
-1.235103244837757908e+00 0.000000000000000000e+00
-1.231489675516224125e+00 0.000000000000000000e+00
-1.227876106194690120e+00 0.000000000000000000e+00
-1.224262536873156115e+00 0.000000000000000000e+00
-1.220648967551622111e+00 0.000000000000000000e+00
-1.217035398230088328e+00 0.000000000000000000e+00
-1.213421828908554545e+00 0.000000000000000000e+00
-1.209808259587020540e+00 0.000000000000000000e+00
-1.206194690265486535e+00 0.000000000000000000e+00
-1.202581120943952531e+00 0.000000000000000000e+00
-1.198967551622418748e+00 0.000000000000000000e+00
-1.195353982300884743e+00 0.000000000000000000e+00
-1.191740412979350960e+00 0.000000000000000000e+00
-1.188126843657816956e+00 0.000000000000000000e+00
-1.184513274336282951e+00 0.000000000000000000e+00
-1.180899705014748946e+00 0.000000000000000000e+00
-1.177286135693215163e+00 0.000000000000000000e+00
-1.173672566371681381e+00 0.000000000000000000e+00
-1.170058997050147376e+00 0.000000000000000000e+00
-1.166445427728613371e+00 0.000000000000000000e+00
-1.162831858407079366e+00 0.000000000000000000e+00
-1.159218289085545583e+00 0.000000000000000000e+00
-1.155604719764011579e+00 0.000000000000000000e+00
-1.151991150442477796e+00 0.000000000000000000e+00
-1.148377581120943791e+00 0.000000000000000000e+00
-1.144764011799409786e+00 0.000000000000000000e+00
-1.141150442477875782e+00 0.000000000000000000e+00
-1.137536873156341999e+00 0.000000000000000000e+00
-1.133923303834808216e+00 0.000000000000000000e+00
-1.130309734513274211e+00 0.000000000000000000e+00
-1.126696165191740207e+00 0.000000000000000000e+00
-1.123082595870206202e+00 0.000000000000000000e+00
-1.119469026548672419e+00 0.000000000000000000e+00
-1.115855457227138636e+00 0.000000000000000000e+00
-1.112241887905604631e+00 0.000000000000000000e+00
-1.108628318584070627e+00 0.000000000000000000e+00
-1.105014749262536622e+00 0.000000000000000000e+00
-1.101401179941002617e+00 0.000000000000000000e+00
-1.097787610619468834e+00 0.000000000000000000e+00
-1.094174041297935052e+00 0.000000000000000000e+00
-1.090560471976401047e+00 0.000000000000000000e+00
-1.086946902654867042e+00 0.000000000000000000e+00
-1.083333333333333037e+00 0.000000000000000000e+00
-1.079719764011799255e+00 0.000000000000000000e+00
-1.076106194690265472e+00 0.000000000000000000e+00
-1.072492625368731467e+00 0.000000000000000000e+00
-1.068879056047197462e+00 0.000000000000000000e+00
-1.065265486725663457e+00 0.000000000000000000e+00
-1.061651917404129453e+00 0.000000000000000000e+00
-1.058038348082595670e+00 0.000000000000000000e+00
-1.054424778761061887e+00 0.000000000000000000e+00
-1.050811209439527882e+00 0.000000000000000000e+00
-1.047197640117993878e+00 0.000000000000000000e+00
-1.043584070796459873e+00 0.000000000000000000e+00
-1.039970501474926090e+00 0.000000000000000000e+00
-1.036356932153392307e+00 0.000000000000000000e+00
-1.032743362831858303e+00 0.000000000000000000e+00
-1.029129793510324298e+00 0.000000000000000000e+00
-1.025516224188790293e+00 0.000000000000000000e+00
-1.021902654867256510e+00 0.000000000000000000e+00
-1.018289085545722505e+00 0.000000000000000000e+00
-1.014675516224188723e+00 0.000000000000000000e+00
-1.011061946902654718e+00 0.000000000000000000e+00
-1.007448377581120713e+00 0.000000000000000000e+00
-1.003834808259586708e+00 0.000000000000000000e+00
-1.000221238938052926e+00 0.000000000000000000e+00
-9.966076696165190318e-01 0.000000000000000000e+00
-9.929941002949850271e-01 0.000000000000000000e+00
-9.893805309734511333e-01 0.000000000000000000e+00
-9.857669616519172395e-01 0.000000000000000000e+00
-9.821533923303833458e-01 0.000000000000000000e+00
-9.785398230088493410e-01 0.000000000000000000e+00
-9.749262536873154472e-01 0.000000000000000000e+00
-9.713126843657815535e-01 0.000000000000000000e+00
-9.676991150442475487e-01 0.000000000000000000e+00
-9.640855457227136549e-01 0.000000000000000000e+00
-9.604719764011797611e-01 0.000000000000000000e+00
-9.568584070796458674e-01 0.000000000000000000e+00
-9.532448377581118626e-01 0.000000000000000000e+00
-9.496312684365779688e-01 0.000000000000000000e+00
-9.460176991150440751e-01 0.000000000000000000e+00
-9.424041297935101813e-01 0.000000000000000000e+00
-9.387905604719761765e-01 0.000000000000000000e+00
-9.351769911504422828e-01 0.000000000000000000e+00
-9.315634218289083890e-01 0.000000000000000000e+00
-9.279498525073743842e-01 0.000000000000000000e+00
-9.243362831858404904e-01 0.000000000000000000e+00
-9.207227138643065967e-01 0.000000000000000000e+00
-9.171091445427727029e-01 0.000000000000000000e+00
-9.134955752212386981e-01 0.000000000000000000e+00
-9.098820058997048044e-01 0.000000000000000000e+00
-9.062684365781709106e-01 0.000000000000000000e+00
-9.026548672566370168e-01 0.000000000000000000e+00
-8.990412979351030121e-01 0.000000000000000000e+00
-8.954277286135692293e-01 0.000000000000000000e+00
-8.918141592920352245e-01 0.000000000000000000e+00
-8.882005899705012197e-01 0.000000000000000000e+00
-8.845870206489674370e-01 0.000000000000000000e+00
-8.809734513274334322e-01 0.000000000000000000e+00
-8.773598820058994274e-01 0.000000000000000000e+00
-8.737463126843656447e-01 0.000000000000000000e+00
-8.701327433628316399e-01 0.000000000000000000e+00
-8.665191740412976351e-01 0.000000000000000000e+00
-8.629056047197638524e-01 0.000000000000000000e+00
-8.592920353982298476e-01 0.000000000000000000e+00
-8.556784660766960648e-01 0.000000000000000000e+00
-8.520648967551620601e-01 0.000000000000000000e+00
-8.484513274336280553e-01 0.000000000000000000e+00
-8.448377581120942725e-01 0.000000000000000000e+00
-8.412241887905602677e-01 0.000000000000000000e+00
-8.376106194690262630e-01 0.000000000000000000e+00
-8.339970501474924802e-01 0.000000000000000000e+00
-8.303834808259584754e-01 0.000000000000000000e+00
-8.267699115044244706e-01 0.000000000000000000e+00
-8.231563421828906879e-01 0.000000000000000000e+00
-8.195427728613566831e-01 0.000000000000000000e+00
-8.159292035398229004e-01 0.000000000000000000e+00
-8.123156342182888956e-01 0.000000000000000000e+00
-8.087020648967548908e-01 0.000000000000000000e+00
-8.050884955752211081e-01 0.000000000000000000e+00
-8.014749262536871033e-01 0.000000000000000000e+00
-7.978613569321530985e-01 0.000000000000000000e+00
-7.942477876106193158e-01 0.000000000000000000e+00
-7.906342182890853110e-01 0.000000000000000000e+00
-7.870206489675513062e-01 0.000000000000000000e+00
-7.834070796460175234e-01 0.000000000000000000e+00
-7.797935103244835187e-01 0.000000000000000000e+00
-7.761799410029497359e-01 0.000000000000000000e+00
-7.725663716814157311e-01 0.000000000000000000e+00
-7.689528023598817263e-01 0.000000000000000000e+00
-7.653392330383479436e-01 0.000000000000000000e+00
-7.617256637168139388e-01 0.000000000000000000e+00
-7.581120943952799340e-01 0.000000000000000000e+00
-7.544985250737461513e-01 0.000000000000000000e+00
-7.508849557522121465e-01 0.000000000000000000e+00
-7.472713864306783638e-01 0.000000000000000000e+00
-7.436578171091443590e-01 0.000000000000000000e+00
-7.400442477876103542e-01 0.000000000000000000e+00
-7.364306784660765715e-01 0.000000000000000000e+00
-7.328171091445425667e-01 0.000000000000000000e+00
-7.292035398230085619e-01 0.000000000000000000e+00
-7.255899705014747791e-01 0.000000000000000000e+00
-7.219764011799407744e-01 0.000000000000000000e+00
-7.183628318584067696e-01 0.000000000000000000e+00
-7.147492625368729868e-01 0.000000000000000000e+00
-7.111356932153389820e-01 0.000000000000000000e+00
-7.075221238938051993e-01 0.000000000000000000e+00
-7.039085545722711945e-01 0.000000000000000000e+00
-7.002949852507371897e-01 0.000000000000000000e+00
-6.966814159292034070e-01 0.000000000000000000e+00
-6.930678466076694022e-01 0.000000000000000000e+00
-6.894542772861353974e-01 0.000000000000000000e+00
-6.858407079646016147e-01 0.000000000000000000e+00
-6.822271386430676099e-01 0.000000000000000000e+00
-6.786135693215336051e-01 0.000000000000000000e+00
-6.749999999999998224e-01 0.000000000000000000e+00
-6.713864306784658176e-01 0.000000000000000000e+00
-6.677728613569320348e-01 0.000000000000000000e+00
-6.641592920353980301e-01 0.000000000000000000e+00
-6.605457227138640253e-01 0.000000000000000000e+00
-6.569321533923302425e-01 0.000000000000000000e+00
-6.533185840707962377e-01 0.000000000000000000e+00
-6.497050147492622330e-01 0.000000000000000000e+00
-6.460914454277284502e-01 0.000000000000000000e+00
-6.424778761061944454e-01 0.000000000000000000e+00
-6.388643067846604406e-01 0.000000000000000000e+00
-6.352507374631266579e-01 0.000000000000000000e+00
-6.316371681415926531e-01 0.000000000000000000e+00
-6.280235988200588704e-01 0.000000000000000000e+00
-6.244100294985248656e-01 0.000000000000000000e+00
-6.207964601769908608e-01 0.000000000000000000e+00
-6.171828908554570781e-01 0.000000000000000000e+00
-6.135693215339230733e-01 0.000000000000000000e+00
-6.099557522123890685e-01 0.000000000000000000e+00
-6.063421828908552857e-01 0.000000000000000000e+00
-6.027286135693212810e-01 0.000000000000000000e+00
-5.991150442477872762e-01 0.000000000000000000e+00
-5.955014749262534934e-01 0.000000000000000000e+00
-5.918879056047194887e-01 0.000000000000000000e+00
-5.882743362831857059e-01 0.000000000000000000e+00
-5.846607669616517011e-01 0.000000000000000000e+00
-5.810471976401176963e-01 0.000000000000000000e+00
-5.774336283185839136e-01 0.000000000000000000e+00
-5.738200589970499088e-01 0.000000000000000000e+00
-5.702064896755159040e-01 0.000000000000000000e+00
-5.665929203539821213e-01 0.000000000000000000e+00
-5.629793510324481165e-01 0.000000000000000000e+00
-5.593657817109143338e-01 0.000000000000000000e+00
-5.557522123893803290e-01 1.670809852840632120e-312
-5.521386430678463242e-01 1.398079566203144115e-294
-5.485250737463125414e-01 1.126683946875767941e-277
-5.449115044247785367e-01 9.978804706999294604e-262
-5.412979351032445319e-01 1.100206138668502379e-246
-5.376843657817107491e-01 1.698459847878083095e-232
-5.340707964601767443e-01 4.102170510507943409e-219
-5.304572271386427396e-01 1.721184888009609785e-206
-5.268436578171089568e-01 1.384886537580463952e-194
-5.232300884955749520e-01 2.345710823976974379e-183
-5.196165191740411693e-01 9.133312861124015796e-173
-5.160029498525071645e-01 8.882664468606610657e-163
-5.123893805309731597e-01 2.333755120470260321e-153
-5.087758112094393770e-01 1.783541770580903663e-144
-5.051622418879053722e-01 4.251447257700081469e-136
-5.015486725663713674e-01 3.376119316782771029e-128
-4.979351032448375847e-01 9.504225138907581525e-121
-4.943215339233035799e-01 1.005780417145099138e-113
-4.907079646017695751e-01 4.228744551161516392e-107
-4.870943952802357924e-01 7.442541429743209061e-101
-4.834808259587017876e-01 5.760152234674056834e-95
-4.798672566371680048e-01 2.053735304625097401e-89
-4.762536873156340000e-01 3.524594299829568892e-84
-4.726401179940999953e-01 3.034658368128736602e-79
-4.690265486725662125e-01 1.363057855865478005e-74
-4.654129793510322077e-01 3.313854273924139721e-70
-4.617994100294982029e-01 4.515177702568411661e-66
-4.581858407079644202e-01 3.562820968730798463e-62
-4.545722713864304154e-01 1.679352686564605619e-58
-4.509587020648964106e-01 4.868672626379671898e-55
-4.473451327433626279e-01 8.924330073464049288e-52
-4.437315634218286231e-01 1.061540818126726510e-48
-4.401179941002948404e-01 8.397605462979901201e-46
-4.365044247787608356e-01 4.521593988600378576e-43
-4.328908554572268308e-01 1.693699959545765636e-40
-4.292772861356930481e-01 4.505526528830338245e-38
-4.256637168141590433e-01 8.678969667488159721e-36
-4.220501474926250385e-01 1.233037433039578980e-33
-4.184365781710912557e-01 1.314592601680244818e-31
-4.148230088495572510e-01 1.069077315698132448e-29
-4.112094395280232462e-01 6.734804608011262603e-28
-4.075958702064894634e-01 3.334687689593612725e-26
-4.039823008849554586e-01 1.315705382601765850e-24
-4.003687315634216759e-01 4.190417988879444009e-23
-3.967551622418876711e-01 1.090573630481108094e-21
-3.931415929203536663e-01 2.346146492854070515e-20
-3.895280235988198836e-01 4.217722425460319379e-19
-3.859144542772858788e-01 6.401423178493389991e-18
-3.823008849557518740e-01 8.282309579970994179e-17
-3.786873156342180913e-01 9.218610307555703509e-16
-3.750737463126840865e-01 8.903415584069143966e-15
-3.714601769911500817e-01 7.522310105745160115e-14
-3.678466076696162990e-01 5.602417588915606419e-13
-3.642330383480822942e-01 3.704818766092625591e-12
-3.606194690265485114e-01 2.190207604521554660e-11
-3.570058997050145067e-01 1.164989557999501719e-10
-3.533923303834805019e-01 5.609321734579511004e-10
-3.497787610619467191e-01 2.458860212074776010e-09
-3.461651917404127143e-01 9.865861641634957588e-09
-3.425516224188787096e-01 3.641860483581584501e-08
-3.389380530973449268e-01 1.242746395146925627e-07
-3.353244837758109220e-01 3.938020519732766645e-07
-3.317109144542771393e-01 1.163759479520905624e-06
-3.280973451327431345e-01 3.220225989064609806e-06
-3.244837758112091297e-01 8.375213641922161928e-06
-3.208702064896753470e-01 2.054691133510644227e-05
-3.172566371681413422e-01 4.770945190747068654e-05
-3.136430678466073374e-01 1.051845856097026043e-04
-3.100294985250735547e-01 2.208479160566690052e-04
-3.064159292035395499e-01 4.428507869443046459e-04
-3.028023598820055451e-01 8.503616624251918469e-04
-2.991887905604717623e-01 1.567563377751973698e-03
-2.955752212389377576e-01 2.780688558025443471e-03
-2.919616519174039748e-01 4.757262594058206222e-03
-2.883480825958699700e-01 7.866030181392546367e-03
-2.847345132743359652e-01 1.259538867840604044e-02
-2.811209439528021825e-01 1.956768106827863618e-02
-2.775073746312681777e-01 2.954654356919372490e-02
-2.738938053097341729e-01 4.343474444462922662e-02
-2.702802359882003902e-01 6.226060947837049053e-02
-2.666666666666663854e-01 8.715214659788078633e-02
-2.630530973451323806e-01 1.192992292426136997e-01
-2.594395280235985979e-01 1.599055026125598133e-01
-2.558259587020645931e-01 2.101328545110769108e-01
-2.522123893805308104e-01 2.710421806936111899e-01
-2.485988200589968056e-01 3.435346599700864756e-01
-2.449852507374628008e-01 4.282977875809214630e-01
-2.413716814159290180e-01 5.257600137395460616e-01
-2.377581120943950133e-01 6.360570715852619239e-01
-2.341445427728610085e-01 7.590120679873469944e-01
-2.305309734513272257e-01 8.941302823272999634e-01
-2.269174041297932209e-01 1.040608500580331386e+00
-2.233038348082592162e-01 1.197357713769824583e+00
-2.196902654867254334e-01 1.363037210730252413e+00
-2.160766961651914286e-01 1.536097540779168158e+00
-2.124631268436576459e-01 1.714829525265789689e+00
-2.088495575221236411e-01 1.897416443164651856e+00
-2.052359882005896363e-01 2.081986669627873709e+00
-2.016224188790558536e-01 2.266664360064519990e+00
-1.980088495575218488e-01 2.449616193474377646e+00
-1.943952802359878440e-01 2.629092666505858933e+00
-1.907817109144540613e-01 2.803462919116777474e+00
-1.871681415929200565e-01 2.971242537620593982e+00
-1.835545722713860517e-01 3.131114195006559520e+00
-1.799410029498522690e-01 3.281941335178316432e+00
-1.763274336283182642e-01 3.422775379321589817e+00
-1.727138643067844814e-01 3.552857128300410228e+00
-1.691002949852504766e-01 3.671613159486587286e+00
-1.654867256637164719e-01 3.778648078077668782e+00
-1.618731563421826891e-01 3.873733492143079715e+00
-1.582595870206486843e-01 3.956794548523650423e+00
-1.546460176991146795e-01 4.027894804239728899e+00
-1.510324483775808968e-01 4.087220125281093352e+00
-1.474188790560468920e-01 4.135062210270825211e+00
-1.438053097345131093e-01 4.171802237697977311e+00
-1.401917404129791045e-01 4.197895037819868058e+00
-1.365781710914450997e-01 4.213854098076762256e+00
-1.329646017699113170e-01 4.220237626757572968e+00
-1.293510324483773122e-01 4.217635825389686843e+00
-1.257374631268433074e-01 4.206659456685973630e+00
-1.221238938053095247e-01 4.187929741940361161e+00
-1.185103244837755199e-01 4.162069579087700255e+00
-1.148967551622415151e-01 4.129696039446397293e+00
-1.112831858407077323e-01 4.091414076446348247e+00
-1.076696165191737276e-01 4.047811362302792482e+00
-1.040560471976399448e-01 3.999454157502195795e+00
-1.004424778761059400e-01 3.946884112024469538e+00
-9.682890855457193524e-02 3.890615895421771775e+00
-9.321533923303815250e-02 3.831135554287448564e+00
-8.960176991150414771e-02 3.768899499480458992e+00
-8.598820058997014293e-02 3.704334031027095353e+00
-8.237463126843636019e-02 3.637835315332333064e+00
-7.876106194690235540e-02 3.569769736726113418e+00
-7.514749262536835062e-02 3.500474553070738626e+00
-7.153392330383456788e-02 3.430258792875452212e+00
-6.792035398230056309e-02 3.359404338884365959e+00
-6.430678466076678035e-02 3.288167150267263139e+00
-6.069321533923277556e-02 3.216778582243754681e+00
-5.707964601769877078e-02 3.145446768142255767e+00
-5.346607669616498804e-02 3.074358034503321235e+00
-4.985250737463098325e-02 3.003678324872614880e+00
-4.623893805309697846e-02 2.933554612400893546e+00
-4.262536873156319572e-02 2.864116285299825204e+00
-3.901179941002919094e-02 2.795476492625132092e+00
-3.539823008849518615e-02 2.727733440809271048e+00
-3.178466076696140341e-02 2.660971633886283882e+00
-2.817109144542739863e-02 2.595263052482170263e+00
-2.455752212389361588e-02 2.530668268427803902e+00
-2.094395280235961110e-02 2.467237493327290920e+00
-1.733038348082560631e-02 2.405011560620756494e+00
-1.371681415929182357e-02 2.344022841652285916e+00
-1.010324483775781879e-02 2.284296097022632921e+00
-6.489675516223814000e-03 2.225849265103203578e+00
-2.876106194690031259e-03 2.168694190036743574e+00
7.374631268439735265e-04 2.112837247431666565e+00
4.351032448377978312e-03 2.058271437333276666e+00
7.964601769911761053e-03 2.004968840774674632e+00
1.157817109144576584e-02 1.952899813443313759e+00
1.519174041297954858e-02 1.902035686298038097e+00
1.880530973451355337e-02 1.852348716871039747e+00
2.241887905604755815e-02 1.803812043328054004e+00
2.603244837758134089e-02 1.756399641127188938e+00
2.964601769911534568e-02 1.710086282127071033e+00
3.325958702064935046e-02 1.664847496004002503e+00
3.687315634218313321e-02 1.620659533846548594e+00
4.048672566371713799e-02 1.577499333803915826e+00
4.410029498525114278e-02 1.535344488672027996e+00
4.771386430678492552e-02 1.494173215308076674e+00
5.132743362831893030e-02 1.453964325770743971e+00
5.494100294985271304e-02 1.414697200089588325e+00
5.855457227138671783e-02 1.376351760572390504e+00
6.216814159292072262e-02 1.338908447564907123e+00
6.578171091445450536e-02 1.302348196581967432e+00
6.939528023598851014e-02 1.266652416733918818e+00
7.300884955752251493e-02 1.231802970376418838e+00
7.662241887905629767e-02 1.197782153915735615e+00
8.023598820059030245e-02 1.164572679705454306e+00
8.384955752212408520e-02 1.132157658974147774e+00
8.746312684365808998e-02 1.100520585726723954e+00
9.107669616519209477e-02 1.069645321565467100e+00
9.469026548672587751e-02 1.039516081379557866e+00
9.830383480825988229e-02 1.010117419854773102e+00
1.019174041297938871e-01 9.814342187575626486e-01
1.055309734513278919e-01 9.534516749501233956e-01
1.091445427728614526e-01 9.261552890955405681e-01
1.127581120943954573e-01 8.995308550139962112e-01
1.163716814159294621e-01 8.735644496533796488e-01
1.199852507374634669e-01 8.482424236392229755e-01
1.235988200589974717e-01 8.235513923710648942e-01
1.272123893805314765e-01 7.994782276337598637e-01
1.308259587020650372e-01 7.760100496940838255e-01
1.344395280235990420e-01 7.531342198544012101e-01
1.380530973451330468e-01 7.308383334366826967e-01
1.416666666666670515e-01 7.091102131715180112e-01
1.452802359882010563e-01 6.879379029680593449e-01
1.488938053097346170e-01 6.673096620421132830e-01
1.525073746312686218e-01 6.472139593806964797e-01
1.561209439528026266e-01 6.276394685226187597e-01
1.597345132743366314e-01 6.085750626355266313e-01
1.633480825958706362e-01 5.900098098710757633e-01
1.669616519174046410e-01 5.719329689805808803e-01
1.705752212389382017e-01 5.543339851747347558e-01
1.741887905604722064e-01 5.372024862114936905e-01
1.778023598820062112e-01 5.205282786973960407e-01
1.814159292035402160e-01 5.043013445880489831e-01
1.850294985250742208e-01 4.885118378745093026e-01
1.886430678466077815e-01 4.731500814428694635e-01
1.922566371681417863e-01 4.582065640950222507e-01
1.958702064896757911e-01 4.436719377193312774e-01
1.994837758112097958e-01 4.295370146004109380e-01
2.030973451327438006e-01 4.157927648578545465e-01
2.067109144542778054e-01 4.024303140043472560e-01
2.103244837758113661e-01 3.894409406140110774e-01
2.139380530973453709e-01 3.768160740924120788e-01
2.175516224188793757e-01 3.645472925400324304e-01
2.211651917404133805e-01 3.526263207015127854e-01
2.247787610619473853e-01 3.410450279932357720e-01
2.283923303834809460e-01 3.297954266023503944e-01
2.320058997050149507e-01 3.188696696503878214e-01
2.356194690265489555e-01 3.082600494151705450e-01
2.392330383480829603e-01 2.979589956046192478e-01
2.428466076696169651e-01 2.879590736764461867e-01
2.464601769911509699e-01 2.782529831976541246e-01
2.500737463126845306e-01 2.688335562377482946e-01
2.536873156342185354e-01 2.596937557895159232e-01
2.573008849557525402e-01 2.508266742109299674e-01
2.609144542772865449e-01 2.422255316813435311e-01
2.645280235988205497e-01 2.338836746646423270e-01
2.681415929203541104e-01 2.257945743712264919e-01
2.717551622418881152e-01 2.179518252096992459e-01
2.753687315634221200e-01 2.103491432179205867e-01
2.789823008849561248e-01 2.029803644614007474e-01
2.825958702064901296e-01 1.958394433850964289e-01
2.862094395280241343e-01 1.889204511021597699e-01
2.898230088495576950e-01 1.822175736002641377e-01
2.934365781710916998e-01 1.757251098424768843e-01
2.970501474926257046e-01 1.694374697354056047e-01
3.006637168141597094e-01 1.633491719321642222e-01
3.042772861356937142e-01 1.574548414316605249e-01
3.078908554572272749e-01 1.517492069286166534e-01
3.115044247787612797e-01 1.462270978603341098e-01
3.151179941002952845e-01 1.408834410866508791e-01
3.187315634218292892e-01 1.357132571282778088e-01
3.223451327433632940e-01 1.307116558759737479e-01
3.259587020648972988e-01 1.258738316683725156e-01
3.295722713864308595e-01 1.211950576197824148e-01
3.331858407079648643e-01 1.166706790607219685e-01
3.367994100294988691e-01 1.122961059333204281e-01
3.404129793510328739e-01 1.080668039610463843e-01
3.440265486725668787e-01 1.039782843876045776e-01
3.476401179941004393e-01 1.000260920536744230e-01
3.512536873156344441e-01 9.620579155296901663e-02
3.548672566371684489e-01 9.251295118193365863e-02
3.584808259587024537e-01 8.894312437178054920e-02
3.620943952802364585e-01 8.549182826991422179e-02
3.657079646017700192e-01 8.215451912368816612e-02
3.693215339233040240e-01 7.892656411809029215e-02
3.729351032448380288e-01 7.580320933798644079e-02
3.765486725663720335e-01 7.277954357576778277e-02
3.801622418879060383e-01 6.985045780198678722e-02
3.837758112094400431e-01 6.701060028117486467e-02
3.873893805309736038e-01 6.425432757690067997e-02
3.910029498525076086e-01 6.157565208914350663e-02
3.946165191740416134e-01 5.896818735631372682e-02
3.982300884955756182e-01 5.642509320281849372e-02
4.018436578171096230e-01 5.393902400823809978e-02
4.054572271386431837e-01 5.150208502154390161e-02
4.090707964601771884e-01 4.910580386335991476e-02
4.126843657817111932e-01 4.674112727330203415e-02
4.162979351032451980e-01 4.439845686584180384e-02
4.199115044247792028e-01 4.206774218075230026e-02
4.235250737463132076e-01 3.973865451637895174e-02
4.271386430678467683e-01 3.740087048164142391e-02
4.307522123893807731e-01 3.504449896146633742e-02
4.343657817109147778e-01 3.266068755479763913e-02
4.379793510324487826e-01 3.024244172492278337e-02
4.415929203539827874e-01 2.778567776292124869e-02
4.452064896755163481e-01 2.529050372101401475e-02
4.488200589970503529e-01 2.276267452638277081e-02
4.524336283185843577e-01 2.021509349109177830e-02
4.560471976401183625e-01 1.766913225748068667e-02
4.596607669616523673e-01 1.515542568053598535e-02
4.632743362831863720e-01 1.271369652200315253e-02
4.668879056047199327e-01 1.039113042460864007e-02
4.705014749262539375e-01 8.238928281857432756e-03
4.741150442477879423e-01 6.306982406485311596e-03
4.777286135693219471e-01 4.637175019720636907e-03
4.813421828908559519e-01 3.256484936340388499e-03
4.849557522123895126e-01 2.171652292737642331e-03
4.885693215339235174e-01 1.367221077218692439e-03
4.921828908554575222e-01 8.080639701090083478e-04
4.957964601769915269e-01 4.460596846155030749e-04
4.994100294985255317e-01 2.290137007557284529e-04
5.030235988200595365e-01 1.090489432825882734e-04
5.066371681415930972e-01 4.810938536208722127e-05
5.102507374631271020e-01 1.968861991382111413e-05
5.138643067846611068e-01 7.502867804049576287e-06
5.174778761061951116e-01 2.679919276990393273e-06
5.210914454277291163e-01 9.056490472225539866e-07
5.247050147492626770e-01 2.930260461455517339e-07
5.283185840707966818e-01 9.204947211148724165e-08
5.319321533923306866e-01 2.850798418460662987e-08
5.355457227138646914e-01 8.843988890280617298e-09
5.391592920353986962e-01 2.791531466054650305e-09
5.427728613569327010e-01 9.095869783142179555e-10
5.463864306784662617e-01 3.098682060570454739e-10
5.500000000000002665e-01 1.115299022069205711e-10
5.536135693215342712e-01 4.275215758827044895e-11
5.572271386430682760e-01 1.754890470607382362e-11
5.608407079646022808e-01 7.737317318203483890e-12
5.644542772861358415e-01 3.667264023147246460e-12
5.680678466076698463e-01 1.866457235326199770e-12
5.716814159292038511e-01 1.017189241719728604e-12
5.752949852507378559e-01 5.911293039832577721e-13
5.789085545722718606e-01 3.644237703870283791e-13
5.825221238938058654e-01 2.369435060185754256e-13
5.861356932153394261e-01 1.614950976805583924e-13
5.897492625368734309e-01 1.146978635638793081e-13
5.933628318584074357e-01 8.441056292398330245e-14
5.969764011799414405e-01 6.404450976118447139e-14
6.005899705014754453e-01 4.987452132524755311e-14
6.042035398230090060e-01 3.971274962531264603e-14
6.078171091445430108e-01 3.222823212549992709e-14
6.114306784660770155e-01 2.658456437679618089e-14
6.150442477876110203e-01 2.224016959495512360e-14
6.186578171091450251e-01 1.883458972167813502e-14
6.222713864306790299e-01 1.612177749641949002e-14
6.258849557522125906e-01 1.392985401038179429e-14
6.294985250737465954e-01 1.213619256796998955e-14
6.331120943952806002e-01 1.065161314573922870e-14
6.367256637168146050e-01 9.410126111226701230e-15
6.403392330383486097e-01 8.362133720336571628e-15
6.439528023598821704e-01 7.469832524058790801e-15
6.475663716814161752e-01 6.704044986776334761e-15
6.511799410029501800e-01 6.041996913396001754e-15
6.547935103244841848e-01 5.465732133358344347e-15
6.584070796460181896e-01 4.960963977806474560e-15
6.620206489675521944e-01 4.516231101431865593e-15
6.656342182890857551e-01 4.122268716850746632e-15
6.692477876106197598e-01 3.771534590582206893e-15
6.728613569321537646e-01 3.457847805781696443e-15
6.764749262536877694e-01 3.176110782034922034e-15
6.800884955752217742e-01 2.922093516402463223e-15
6.837020648967553349e-01 2.692264841829510045e-15
6.873156342182893397e-01 2.483659569213769838e-15
6.909292035398233445e-01 2.293773257097406022e-15
6.945427728613573493e-01 2.120478420161008072e-15
6.981563421828913540e-01 1.961957485282580324e-15
7.017699115044253588e-01 1.816648909260711356e-15
7.053834808259589195e-01 1.683203693474034902e-15
7.089970501474929243e-01 1.560450149210255291e-15
7.126106194690269291e-01 1.447365236999682088e-15
7.162241887905609339e-01 1.343051164121840227e-15
7.198377581120949387e-01 1.246716201206399230e-15
7.234513274336284994e-01 1.157658896183120138e-15
7.270648967551625041e-01 1.075255031857785921e-15
7.306784660766965089e-01 9.989468061732907461e-16
7.342920353982305137e-01 9.282338186200617908e-16
7.379056047197645185e-01 8.626655288661228793e-16
7.415191740412985233e-01 8.018349192075481574e-16
7.451327433628320840e-01 7.453731445667802179e-16
7.487463126843660888e-01 6.929449953335680222e-16
7.523598820059000936e-01 6.442450315657703448e-16
7.559734513274340983e-01 5.989942736798383328e-16
7.595870206489681031e-01 5.569373561230908348e-16
7.632005899705016638e-01 5.178400677049546786e-16
7.668141592920356686e-01 4.814872161176976415e-16
7.704277286135696734e-01 4.476807653692489964e-16
7.740412979351036782e-01 4.162382039121398210e-16
7.776548672566376830e-01 3.869911086059628741e-16
7.812684365781712437e-01 3.597838756312648800e-16
7.848820058997052485e-01 3.344725943488685052e-16
7.884955752212392532e-01 3.109240440835341805e-16
7.921091445427732580e-01 2.890147970759290954e-16
7.957227138643072628e-01 2.686304135291845829e-16
7.993362831858412676e-01 2.496647168854815819e-16
8.029498525073748283e-01 2.320191392930538476e-16
8.065634218289088331e-01 2.156021287353834469e-16
8.101769911504428379e-01 2.003286105502308975e-16
8.137905604719768426e-01 1.861194971122950272e-16
8.174041297935108474e-01 1.729012403279952819e-16
8.210176991150444081e-01 1.606054223240891915e-16
8.246312684365784129e-01 1.491683803287481551e-16
8.282448377581124177e-01 1.385308622643606136e-16
8.318584070796464225e-01 1.286377100122422327e-16
8.354719764011804273e-01 1.194375676842003460e-16
8.390855457227144321e-01 1.108826125553865032e-16
8.426991150442479928e-01 1.029283065864729774e-16
8.463126843657819975e-01 9.553316669801934483e-17
8.499262536873160023e-01 8.865855216250624567e-17
8.535398230088500071e-01 8.226846765468787889e-17
8.571533923303840119e-01 7.632938065314065338e-17
8.607669616519175726e-01 7.081005201850629855e-17
8.643805309734515774e-01 6.568137868994483289e-17
8.679941002949855822e-01 6.091624754322158746e-17
8.716076696165195870e-01 5.648939954354403140e-17
8.752212389380535917e-01 5.237730340566148636e-17
8.788348082595875965e-01 4.855803804409946926e-17
8.824483775811211572e-01 4.501118315907384193e-17
8.860619469026551620e-01 4.171771735955752863e-17
8.896755162241891668e-01 3.865992327510824708e-17
8.932890855457231716e-01 3.582129915305617442e-17
8.969026548672571764e-01 3.318647647823097781e-17
9.005162241887907371e-01 3.074114318904770820e-17
9.041297935103247418e-01 2.847197209695255423e-17
9.077433628318587466e-01 2.636655414637725522e-17
9.113569321533927514e-01 2.441333617976490228e-17
9.149705014749267562e-01 2.260156289726280125e-17
9.185840707964607610e-01 2.092122272352364643e-17
9.221976401179943217e-01 1.936299731501440245e-17
9.258112094395283265e-01 1.791821446041548109e-17
9.294247787610623313e-01 1.657880414437013792e-17
9.330383480825963360e-01 1.533725756106230298e-17
9.366519174041303408e-01 1.418658887909129411e-17
9.402654867256639015e-01 1.312029957291989743e-17
9.438790560471979063e-01 1.213234514894124003e-17
9.474926253687319111e-01 1.121710410602508868e-17
9.511061946902659159e-01 1.036934898133612253e-17
9.547197640117999207e-01 9.584219342360388343e-18
9.583333333333339255e-01 8.857196595481223649e-18
9.619469026548674861e-01 8.184080490179230742e-18
9.655604719764014909e-01 7.560967206047460132e-18
9.691740412979354957e-01 6.984228917361506030e-18
9.727876106194695005e-01 6.450494736961198068e-18
9.764011799410035053e-01 5.956632947740864343e-18
9.800147492625370660e-01 5.499734436131762109e-18
9.836283185840710708e-01 5.077097247633564352e-18
9.872418879056050756e-01 4.686212189739891071e-18
9.908554572271390803e-01 4.324749412536522681e-18
9.944690265486730851e-01 3.990545901850161472e-18
9.980825958702070899e-01 3.681593824121045643e-18
1.001696165191740651e+00 3.396029666180156125e-18
1.005309734513274655e+00 3.132124116853332943e-18
1.008923303834808660e+00 2.888272640810288200e-18
1.012536873156342665e+00 2.662986698339862358e-18
1.016150442477876670e+00 2.454885567782533626e-18
1.019764011799410230e+00 2.262688730200828890e-18
1.023377581120944235e+00 2.085208778529817783e-18
1.026991150442478240e+00 1.921344815938931377e-18
1.030604719764012245e+00 1.770076310460963687e-18
1.034218289085546250e+00 1.630457375118839045e-18
1.037831858407080254e+00 1.501611444811306802e-18
1.041445427728613815e+00 1.382726323119326118e-18
1.045058997050147820e+00 1.273049573969320210e-18
1.048672566371681825e+00 1.171884234750022248e-18
1.052286135693215829e+00 1.078584829031008772e-18
1.055899705014749834e+00 9.925536584814031988e-19
1.059513274336283395e+00 9.132373549435654072e-19
1.063126843657817400e+00 8.401236748837475939e-19
1.066740412979351404e+00 7.727385196268870747e-19
1.070353982300885409e+00 7.106431658898113797e-19
1.073967551622419414e+00 6.534316921627631210e-19
1.077581120943953419e+00 6.007285874561210911e-19
1.081194690265486980e+00 5.521865298337607853e-19
1.084808259587020984e+00 5.074843229990514273e-19
1.088421828908554989e+00 4.663249799894387157e-19
1.092035398230088994e+00 4.284339437726525381e-19
1.095648967551622999e+00 3.935574352273398291e-19
1.099262536873156559e+00 3.614609196342698235e-19
1.102876106194690564e+00 3.319276834059577963e-19
1.106489675516224569e+00 3.047575133439618163e-19
1.110103244837758574e+00 2.797654712377883742e-19
1.113716814159292579e+00 2.567807571091341301e-19
1.117330383480826583e+00 2.356456548623558482e-19
1.120943952802360144e+00 2.162145545292232851e-19
1.124557522123894149e+00 1.983530456942483836e-19
1.128171091445428154e+00 1.819370770590769542e-19
1.131784660766962158e+00 1.668521774513114415e-19
1.135398230088496163e+00 1.529927339071825001e-19
1.139011799410029724e+00 1.402613227595090769e-19
1.142625368731563729e+00 1.285680899443562994e-19
1.146238938053097733e+00 1.178301770025993169e-19
1.149852507374631738e+00 1.079711894978508420e-19
1.153466076696165743e+00 9.892070480075316247e-20
1.157079646017699748e+00 9.061381640277524940e-20
1.160693215339233308e+00 8.299071212132483619e-20
1.164306784660767313e+00 7.599628374311978481e-20
1.167920353982301318e+00 6.957976582534375028e-20
1.171533923303835323e+00 6.369440153480315258e-20
1.175147492625369328e+00 5.829713355512739297e-20
1.178761061946902888e+00 5.334831823151568985e-20
1.182374631268436893e+00 4.881146125242064081e-20
1.185988200589970898e+00 4.465297328854934062e-20
1.189601769911504903e+00 4.084194412214222270e-20
1.193215339233038907e+00 3.734993390431189348e-20
1.196828908554572468e+00 3.415078027578319135e-20
1.200442477876106473e+00 3.122042017712264377e-20
1.204056047197640478e+00 2.853672525901576079e-20
1.207669616519174483e+00 2.607934988167818744e-20
1.211283185840708487e+00 2.382959076555429602e-20
1.214896755162242492e+00 2.177025742338234111e-20
1.218510324483776053e+00 1.988555256685623308e-20
1.222123893805310058e+00 1.816096173982426910e-20
1.225737463126844062e+00 1.658315148451562456e-20
1.229351032448378067e+00 1.513987539798463806e-20
1.232964601769912072e+00 1.381988748306159994e-20
1.236578171091445633e+00 1.261286224184234867e-20
1.240191740412979637e+00 1.150932100038004185e-20
1.243805309734513642e+00 1.050056399097058037e-20
1.247418879056047647e+00 9.578607753436770442e-21
1.251032448377581652e+00 8.736127449334346060e-21
1.254646017699115657e+00 7.966403713162864340e-21
1.258259587020649217e+00 7.263273692660522990e-21
1.261873156342183222e+00 6.621085956225619170e-21
1.265486725663717227e+00 6.034658969594686717e-21
1.269100294985251232e+00 5.499242866237899229e-21
1.272713864306785236e+00 5.010484256643829094e-21
1.276327433628318797e+00 4.564393840857512803e-21
1.279941002949852802e+00 4.157316606427684520e-21
1.283554572271386807e+00 3.785904410405120556e-21
1.287168141592920811e+00 3.447090759303992652e-21
1.290781710914454816e+00 3.138067615088303507e-21
1.294395280235988821e+00 2.856264068344340352e-21
1.298008849557522382e+00 2.599326731932694654e-21
1.301622418879056386e+00 2.365101719642713453e-21
1.305235988200590391e+00 2.151618084766997638e-21
1.308849557522124396e+00 1.957072603132490562e-21
1.312463126843658401e+00 1.779815794023689918e-21
1.316076696165191962e+00 1.618339080666736723e-21
1.319690265486725966e+00 1.471262999555757602e-21
1.323303834808259971e+00 1.337326374944421631e-21
1.326917404129793976e+00 1.215376381332676707e-21
1.330530973451327981e+00 1.104359422796152822e-21
1.334144542772861985e+00 1.003312763564587079e-21
1.337758112094395546e+00 9.113568493925730123e-22
1.341371681415929551e+00 8.276882640113455245e-22
1.344985250737463556e+00 7.515732693330761787e-22
1.348598820058997561e+00 6.823418821259181544e-22
1.352212389380531565e+00 6.193824436147461020e-22
1.355825958702065126e+00 5.621366419111323351e-22
1.359439528023599131e+00 5.100949503589742532e-22
1.363053097345133136e+00 4.627924478190873582e-22
1.366666666666667140e+00 4.198049896248696411e-22
1.370280235988201145e+00 3.807457004402672328e-22
1.373893805309735150e+00 3.452617625550665029e-22
1.377507374631268711e+00 3.130314752771172931e-22
1.381120943952802715e+00 2.837615630390512747e-22
1.384734513274336720e+00 2.571847116418249038e-22
1.388348082595870725e+00 2.330573137200540436e-22
1.391961651917404730e+00 2.111574060459914368e-22
1.395575221238938290e+00 1.912827826998574002e-22
1.399188790560472295e+00 1.732492694333394520e-22
1.402802359882006300e+00 1.568891457493214890e-22
1.406415929203540305e+00 1.420497023218458679e-22
1.410029498525074310e+00 1.285919223936538180e-22
1.413643067846608314e+00 1.163892767210197849e-22
1.417256637168141875e+00 1.053266224932579143e-22
1.420870206489675880e+00 9.529919744323301060e-23
1.424483775811209885e+00 8.621170109063125670e-23
1.428097345132743889e+00 7.797745572670009512e-23
1.431710914454277894e+00 7.051764036230247864e-23
1.435324483775811455e+00 6.376059142453108165e-23
1.438938053097345460e+00 5.764116450487624307e-23
1.442551622418879465e+00 5.210015193754031359e-23
1.446165191740413469e+00 4.708375142330862455e-23
1.449778761061947474e+00 4.254308131556453931e-23
1.453392330383481479e+00 3.843373855329645813e-23
1.457005899705015040e+00 3.471539556402771970e-23
1.460619469026549044e+00 3.135143276985084698e-23
1.464233038348083049e+00 2.830860361443960362e-23
1.467846607669617054e+00 2.555672929005171251e-23
1.471460176991151059e+00 2.306842058308965441e-23
1.475073746312684619e+00 2.081882447642792273e-23
1.478687315634218624e+00 1.878539334810447896e-23
1.482300884955752629e+00 1.694767479058081258e-23
1.485914454277286634e+00 1.528712024393624021e-23
1.489528023598820639e+00 1.378691079139418162e-23
1.493141592920354643e+00 1.243179860757385233e-23
1.496755162241888204e+00 1.120796267993014240e-23
1.500368731563422209e+00 1.010287754295249898e-23
1.503982300884956214e+00 9.105193873738330138e-24
1.507595870206490218e+00 8.204629897372281845e-24
1.511209439528024223e+00 7.391872641897409303e-24
1.514823008849557784e+00 6.658488166247106202e-24
1.518436578171091789e+00 5.996839960973236035e-24
1.522050147492625793e+00 5.400014791545621630e-24
1.525663716814159798e+00 4.861755317949442399e-24
1.529277286135693803e+00 4.376398882782333738e-24
1.532890855457227808e+00 3.938821913499509402e-24
1.536504424778761368e+00 3.544389433302599322e-24
1.540117994100295373e+00 3.188909219798366933e-24
1.543731563421829378e+00 2.868590191330273655e-24
1.547345132743363383e+00 2.580004638121846925e-24
1.550958702064897388e+00 2.320053949381214646e-24
1.554572271386430948e+00 2.085937518563253016e-24
1.558185840707964953e+00 1.875124537326449175e-24
1.561799410029498958e+00 1.685328414587841115e-24
1.565412979351032963e+00 1.514483580678417026e-24
1.569026548672566967e+00 1.360724458132102071e-24
1.572640117994100972e+00 1.222366400278530788e-24
1.576253687315634533e+00 1.097888416716600122e-24
1.579867256637168538e+00 9.859175210720010776e-25
1.583480825958702543e+00 8.852145513248016319e-25
1.587094395280236547e+00 7.946613265548337111e-25
1.590707964601770552e+00 7.132490163122490547e-25
1.594321533923304113e+00 6.400676100778588205e-25
1.597935103244838118e+00 5.742963845328176514e-25
1.601548672566372122e+00 5.151952756949598423e-25
1.605162241887906127e+00 4.620970714805829132e-25
1.608775811209440132e+00 4.144003479899469696e-25
1.612389380530973693e+00 3.715630798574249438e-25
1.616002949852507697e+00 3.330968614161906814e-25
1.619616519174041702e+00 2.985616812574527948e-25
1.623230088495575707e+00 2.675611980670026977e-25
1.626843657817109712e+00 2.397384704443208171e-25
1.630457227138643717e+00 2.147720977937003166e-25
1.634070796460177277e+00 1.923727333623954706e-25
1.637684365781711282e+00 1.722799341228951128e-25
1.641297935103245287e+00 1.542593154877473384e-25
1.644911504424779292e+00 1.380999818352455668e-25
1.648525073746313296e+00 1.236122065402786983e-25
1.652138643067846857e+00 1.106253376708041361e-25
1.655752212389380862e+00 9.898590774966730790e-26
1.659365781710914867e+00 8.855592801419504346e-26
1.662979351032448871e+00 7.921134945073621360e-26
1.666592920353982876e+00 7.084067455535900136e-26
1.670206489675516881e+00 6.334370529054026691e-26
1.673820058997050442e+00 5.663041408519786164e-26
1.677433628318584447e+00 5.061992597458843823e-26
1.681047197640118451e+00 4.523960110926197278e-26
1.684660766961652456e+00 4.042420788893645812e-26
1.688274336283186461e+00 3.611517790776522422e-26
1.691887905604720022e+00 3.225993474066127125e-26
1.695501474926254026e+00 2.881128936428093828e-26
1.699115044247788031e+00 2.572689569824620682e-26
1.702728613569322036e+00 2.296876037881890211e-26
1.706342182890856041e+00 2.050280144465856818e-26
1.709955752212390045e+00 1.829845112791825991e-26
1.713569321533923606e+00 1.632829840882739326e-26
1.717182890855457611e+00 1.456776741258735714e-26
1.720796460176991616e+00 1.299482810800194550e-26
1.724410029498525621e+00 1.158973611153387547e-26
1.728023598820059625e+00 1.033479871183001804e-26
1.731637168141593186e+00 9.214164511271702979e-27
1.735250737463127191e+00 8.213634335610345264e-27
1.738864306784661196e+00 7.320491292770947605e-27
1.742477876106195200e+00 6.523348069773232542e-27
1.746091445427729205e+00 5.812009744524525782e-27
1.749705014749263210e+00 5.177350558885763113e-27
1.753318584070796771e+00 4.611203252623107292e-27
1.756932153392330775e+00 4.106259696203205755e-27
1.760545722713864780e+00 3.655981685286833863e-27
1.764159292035398785e+00 3.254520872503929315e-27
1.767772861356932790e+00 2.896646913828127050e-27
1.771386430678466350e+00 2.577682998654202629e-27
1.775000000000000355e+00 2.293448015483405615e-27
1.778613569321534360e+00 2.040204679798846791e-27
1.782227138643068365e+00 1.814613018050236204e-27
1.785840707964602370e+00 1.613688662378242355e-27
1.789454277286136374e+00 1.434765465429121677e-27
1.793067846607669935e+00 1.275461993926242534e-27
1.796681415929203940e+00 1.133651504098142213e-27
1.800294985250737945e+00 1.007435042092993993e-27
1.803908554572271949e+00 8.951173485600169414e-28
1.807522123893805954e+00 7.951852790454238654e-28
1.811135693215339515e+00 7.062884810786483471e-28
1.814749262536873520e+00 6.272220951362170459e-28
1.818362831858407525e+00 5.569112703493398298e-28
1.821976401179941529e+00 4.943973071275702465e-28
1.825589970501475534e+00 4.388252580392515170e-28
1.829203539823009539e+00 3.894328355295097760e-28
1.832817109144543100e+00 3.455404905607944976e-28
1.836430678466077104e+00 3.065425402007808024e-28
1.840044247787611109e+00 2.718992347130518958e-28
1.843657817109145114e+00 2.411296659683790904e-28
1.847271386430679119e+00 2.138054291141898141e-28
1.850884955752212679e+00 1.895449585317767756e-28
1.854498525073746684e+00 1.680084672773824730e-28
1.858112094395280689e+00 1.488934265373996361e-28
1.861725663716814694e+00 1.319305282131755922e-28
1.865339233038348699e+00 1.168800796624615210e-28
1.868952802359882703e+00 1.035287849305768850e-28
1.872566371681416264e+00 9.168687156566002634e-29
1.876179941002950269e+00 8.118552638424389440e-29
1.879793510324484274e+00 7.187460738543811688e-29
1.883407079646018278e+00 6.362060244856383279e-29
1.887020648967552283e+00 5.630480853079210029e-29
1.890634218289085844e+00 4.982170784394359564e-29
1.894247787610619849e+00 4.407751996585966611e-29
1.897861356932153853e+00 3.898891106090927417e-29
1.901474926253687858e+00 3.448184337244331515e-29
1.905088495575221863e+00 3.049054993119959097e-29
1.908702064896755868e+00 2.695662101888132465e-29
1.912315634218289429e+00 2.382819035468281253e-29
1.915929203539823433e+00 2.105921025144318849e-29
1.919542772861357438e+00 1.860880613294756790e-29
1.923156342182891443e+00 1.644070182842676763e-29
1.926769911504425448e+00 1.452270797707130628e-29
1.930383480825959008e+00 1.282626669550905554e-29
1.933997050147493013e+00 1.132604639474963511e-29
1.937610619469027018e+00 9.999581289103792632e-30
1.941224188790561023e+00 8.826950726108371185e-30
1.944837758112095027e+00 7.790493990794647429e-30
1.948451327433629032e+00 6.874556706247047668e-30
1.952064896755162593e+00 6.065265371128633067e-30
1.955678466076696598e+00 5.350326948954011567e-30
1.959292035398230603e+00 4.718850758057361553e-30
1.962905604719764607e+00 4.161190209628954618e-30
1.966519174041298612e+00 3.668802207666249868e-30
1.970132743362832173e+00 3.234122262569376383e-30
1.973746312684366178e+00 2.850453582434525407e-30
1.977359882005900182e+00 2.511868595577220975e-30
1.980973451327434187e+00 2.213121526869394994e-30
1.984587020648968192e+00 1.949570801279839259e-30
1.988200589970502197e+00 1.717110182505365439e-30
1.991814159292035757e+00 1.512107674513042510e-30
1.995427728613569762e+00 1.331351320738296825e-30
1.999041297935103767e+00 1.172001130994636403e-30
2.002654867256637772e+00 1.031546451086310175e-30
2.006268436578171777e+00 9.077681658022599511e-31
2.009882005899705337e+00 7.987051933891751753e-31
2.013495575221239342e+00 7.026247896559302771e-31
2.017109144542773347e+00 6.179962333391124535e-31
2.020722713864307352e+00 5.434675119726438064e-31
2.024336283185841356e+00 4.778446698906043554e-31
2.027949852507374917e+00 4.200735177144687051e-31
2.031563421828908922e+00 3.692234362439293521e-31
2.035176991150442927e+00 3.244730375344669347e-31
2.038790560471976931e+00 2.850974725088373516e-31
2.042404129793510936e+00 2.504571980742931226e-31
2.046017699115044941e+00 2.199880377231408468e-31
2.049631268436578502e+00 1.931923882687214609e-31
2.053244837758112507e+00 1.696314419668691133e-31
2.056858407079646511e+00 1.489183080232885386e-31
2.060471976401180516e+00 1.307119305924515394e-31
2.064085545722714521e+00 1.147117120155676759e-31
2.067699115044248082e+00 1.006527603848234156e-31
2.071312684365782086e+00 8.830168970258445574e-32
2.074926253687316091e+00 7.745290905583495448e-32
2.078539823008850096e+00 6.792534446172880291e-32
2.082153392330384101e+00 5.955954346176119217e-32
2.085766961651918106e+00 5.221511823990018630e-32
2.089380530973451666e+00 4.576848809500883626e-32
2.092994100294985671e+00 4.011088658134537456e-32
2.096607669616519676e+00 3.514660260714691121e-32
2.100221238938053236e+00 3.079142830654905282e-32
2.103834808259587685e+00 2.697128962533151754e-32
2.107448377581121246e+00 2.362103833079481216e-32
2.111061946902655695e+00 2.068338661052967060e-32
2.114675516224189256e+00 1.810796759950917570e-32
2.118289085545722816e+00 1.585050710111384223e-32
2.121902654867257265e+00 1.387209347378721259e-32
2.125516224188790826e+00 1.213853416554209280e-32
2.129129793510325275e+00 1.061978871592834139e-32
2.132743362831858835e+00 9.289469228796702007e-33
2.136356932153393284e+00 8.124400366764244829e-33
2.139970501474926845e+00 7.104231845190891805e-33
2.143584070796460406e+00 6.211097223439499852e-33
2.147197640117994855e+00 5.429313516440950325e-33
2.150811209439528415e+00 4.745116790913994718e-33
2.154424778761062864e+00 4.146429477617016440e-33
2.158038348082596425e+00 3.622655632255589926e-33
2.161651917404129986e+00 3.164500820655680486e-33
2.165265486725664434e+00 2.763813695272280754e-33
2.168879056047197995e+00 2.413446675934099520e-33
2.172492625368732444e+00 2.107133453206977757e-33
2.176106194690266005e+00 1.839381302542379813e-33
2.179719764011799565e+00 1.605376435586848578e-33
2.183333333333334014e+00 1.400900825325430907e-33
2.186946902654867575e+00 1.222259127348983522e-33
2.190560471976402024e+00 1.066214483336838381e-33
2.194174041297935585e+00 9.299321373731095534e-34
2.197787610619469145e+00 8.109299232071661867e-34
2.201401179941003594e+00 7.070347930155404258e-34
2.205014749262537155e+00 6.163446573804646749e-34
2.208628318584071604e+00 5.371948936213376900e-34
2.212241887905605164e+00 4.681289566791061775e-34
2.215855457227138725e+00 4.078725946676613392e-34
2.219469026548673174e+00 3.553112310527126623e-34
2.223082595870206735e+00 3.094701281407426720e-34
2.226696165191741184e+00 2.694969930002106515e-34
2.230309734513274744e+00 2.346467278356377838e-34
2.233923303834809193e+00 2.042680628444236063e-34
2.237536873156342754e+00 1.777918412884152646e-34
2.241150442477876314e+00 1.547207544136279983e-34
2.244764011799410763e+00 1.346203484063260898e-34
2.248377581120944324e+00 1.171111471768568003e-34
2.251991150442478773e+00 1.018617537670183548e-34
2.255604719764012334e+00 8.858280989130161060e-35
2.259218289085545894e+00 7.702170781972592198e-35
2.262831858407080343e+00 6.695796173239101293e-35
2.266445427728613904e+00 5.819915703420410861e-35
2.270058997050148353e+00 5.057740610105266511e-35
2.273672566371681913e+00 4.394624770024714738e-35
2.277286135693215474e+00 3.817793503413386479e-35
2.280899705014749923e+00 3.316106412455856412e-35
2.284513274336283484e+00 2.879850020015068566e-35
2.288126843657817933e+00 2.500556496767815540e-35
2.291740412979351493e+00 2.170845223064469271e-35
2.295353982300885054e+00 1.884284333978565749e-35
2.298967551622419503e+00 1.635269748926266629e-35
2.302581120943953064e+00 1.418919496867345756e-35
2.306194690265487512e+00 1.230981419714707784e-35
2.309808259587021073e+00 1.067752574808824341e-35
2.313421828908555522e+00 9.260088662005294763e-36
2.317035398230089083e+00 8.029436176374609630e-36
2.320648967551622643e+00 6.961139606817363290e-36
2.324262536873157092e+00 6.033940520858022633e-36
2.327876106194690653e+00 5.229342578340596539e-36
2.331489675516225102e+00 4.531255492639250097e-36
2.335103244837758663e+00 3.925684512831226348e-36
2.338716814159292223e+00 3.400459655480733810e-36
2.342330383480826672e+00 2.944999640102471643e-36
2.345943952802360233e+00 2.550106117409240495e-36
2.349557522123894682e+00 2.207784335282859276e-36
2.353171091445428242e+00 1.911086873814074610e-36
2.356784660766961803e+00 1.653977506327736477e-36
2.360398230088496252e+00 1.431212615597158532e-36
2.364011799410029813e+00 1.238237920050935606e-36
2.367625368731564262e+00 1.071098549499030928e-36
2.371238938053097822e+00 9.263607588371941755e-37
2.374852507374631383e+00 8.010437857831226516e-37
2.378466076696165832e+00 6.925605488696372669e-37
2.382079646017699393e+00 5.986660480936832293e-37
2.385693215339233841e+00 5.174124757917165501e-37
2.389306784660767402e+00 4.471101721223530788e-37
2.392920353982301851e+00 3.862936702765360863e-37
2.396533923303835412e+00 3.336921732330306169e-37
2.400147492625368972e+00 2.882038882897803828e-37
2.403761061946903421e+00 2.488737192826047346e-37
2.407374631268436982e+00 2.148738806991533383e-37
2.410988200589971431e+00 1.854870539974834684e-37
2.414601769911504991e+00 1.600917553771600097e-37
2.418215339233038552e+00 1.381496269347632354e-37
2.421828908554573001e+00 1.191944003571281915e-37
2.425442477876106562e+00 1.028223147576269587e-37
2.429056047197641011e+00 8.868379854909733370e-38
2.432669616519174571e+00 7.647624990176183043e-38
2.436283185840708132e+00 6.593777181768041559e-38
2.439896755162242581e+00 5.684173657033523609e-38
2.443510324483776142e+00 4.899207056110084598e-38
2.447123893805310590e+00 4.221916484308191302e-38
2.450737463126844151e+00 3.637632892598948645e-38
2.454351032448377712e+00 3.133671623879295241e-38
2.457964601769912161e+00 2.699065899531731433e-38
2.461578171091445721e+00 2.324335836078033804e-38
2.465191740412980170e+00 2.001288291102811018e-38
2.468805309734513731e+00 1.722843454731966037e-38
2.472418879056048180e+00 1.482884639695022872e-38
2.476032448377581741e+00 1.276128189761325647e-38
2.479646017699115301e+00 1.098010832161937681e-38
2.483259587020649750e+00 9.445921523941066605e-39
2.486873156342183311e+00 8.124701764118476498e-39
2.490486725663717760e+00 6.987083116484660423e-39
2.494100294985251320e+00 6.007721297978338693e-39
2.497713864306784881e+00 5.164746753601323584e-39
2.501327433628319330e+00 4.439291585939135508e-39
2.504941002949852891e+00 3.815080431558968426e-39
2.508554572271387340e+00 3.278076703614024159e-39
2.512168141592920900e+00 2.816176762719218692e-39
2.515781710914454461e+00 2.418945569890765217e-39
2.519395280235988910e+00 2.077388235865464034e-39
2.523008849557522471e+00 1.783752627634618091e-39
2.526622418879056919e+00 1.531358840543251396e-39
2.530235988200590480e+00 1.314451905849925827e-39
2.533849557522124041e+00 1.128074590508306817e-39
2.537463126843658490e+00 9.679575680215334111e-40
2.541076696165192050e+00 8.304246050360147128e-40
2.544690265486726499e+00 7.123107253639924650e-40
2.548303834808260060e+00 6.108915877923502182e-40
2.551917404129794509e+00 5.238225519669224541e-40
2.555530973451328070e+00 4.490861127186511835e-40
2.559144542772861630e+00 3.849465616431464859e-40
2.562758112094396079e+00 3.299108892443073761e-40
2.566371681415929640e+00 2.826950746862507081e-40
2.569985250737464089e+00 2.421950259424248638e-40
2.573598820058997649e+00 2.074615332832828308e-40
2.577212389380531210e+00 1.776786856906775073e-40
2.580825958702065659e+00 1.521452747360751547e-40
2.584439528023599220e+00 1.302587752767712192e-40
2.588053097345133668e+00 1.115015483699542416e-40
2.591666666666667229e+00 9.542896025684487982e-41
2.595280235988200790e+00 8.165915314847539400e-41
2.598893805309735239e+00 6.986423973700362822e-41
2.602507374631268799e+00 5.976272462765301350e-41
2.606120943952803248e+00 5.111298290093318564e-41
2.609734513274336809e+00 4.370764934779050746e-41
2.613348082595870370e+00 3.736879206966260950e-41
2.616961651917404819e+00 3.194376153261367300e-41
2.620575221238938379e+00 2.730162118254778744e-41
2.624188790560472828e+00 2.333007869020751937e-41
2.627802359882006389e+00 1.993284807988820896e-41
2.631415929203539950e+00 1.702738264572655340e-41
2.635029498525074398e+00 1.454292688393595550e-41
2.638643067846607959e+00 1.241884284858396299e-41
2.642256637168142408e+00 1.060317252929671390e-41
2.645870206489675969e+00 9.051403186553955781e-42
2.649483775811210418e+00 7.725407180819928140e-42
2.653097345132743978e+00 6.592531796746382791e-42
2.656710914454277539e+00 5.624817980065231982e-42
2.660324483775811988e+00 4.798329848143677115e-42
2.663938053097345549e+00 4.092579370346874629e-42
2.667551622418879997e+00 3.490032797676005079e-42
2.671165191740413558e+00 2.975687301064678214e-42
2.674778761061947119e+00 2.536707896074303765e-42
2.678392330383481568e+00 2.162116124711190982e-42
2.682005899705015128e+00 1.842523163822345431e-42
2.685619469026549577e+00 1.569901060930089810e-42
2.689233038348083138e+00 1.337386685637765802e-42
2.692846607669616699e+00 1.139113747862395228e-42
2.696460176991151148e+00 9.700688904026273553e-43
2.700073746312684708e+00 8.259684275696374224e-43
2.703687315634219157e+00 7.031527866318599412e-43
2.707300884955752718e+00 5.984961256850094785e-43
2.710914454277286278e+00 5.093289597644609927e-43
2.714528023598820727e+00 4.333719347797030582e-43
2.718141592920354288e+00 3.686791532077088222e-43
2.721755162241888737e+00 3.135896825298222050e-43
2.725368731563422298e+00 2.666860723535444461e-43
2.728982300884956747e+00 2.267588735389024574e-43
2.732595870206490307e+00 1.927762963197811887e-43
2.736209439528023868e+00 1.638582677118162734e-43
2.739823008849558317e+00 1.392542542966908451e-43
2.743436578171091877e+00 1.183243072381471672e-43
2.747050147492626326e+00 1.005228642374334749e-43
2.750663716814159887e+00 8.538490990218827046e-44
2.754277286135693448e+00 7.251415324914939376e-44
2.757890855457227897e+00 6.157293013826317367e-44
2.761504424778761457e+00 5.227358049945614144e-44
2.765117994100295906e+00 4.437108626137352197e-44
2.768731563421829467e+00 3.765678677709213437e-44
2.772345132743363028e+00 3.195301500013789943e-44
2.775958702064897476e+00 2.710852032574242349e-44
2.779572271386431037e+00 2.299456341814930090e-44
2.783185840707965486e+00 1.950158495973989594e-44
2.786799410029499047e+00 1.653636448084731412e-44
2.790412979351032607e+00 1.401959760195396840e-44
2.794026548672567056e+00 1.188383043675739342e-44
2.797640117994100617e+00 1.007169881659503230e-44
2.801253687315635066e+00 8.534427620167571463e-45
2.804867256637168627e+00 7.230552012475638010e-45
2.808480825958703075e+00 6.124827972019779448e-45
2.812094395280236636e+00 5.187304251769721398e-45
2.815707964601770197e+00 4.392531993663763759e-45
2.819321533923304646e+00 3.718891698396848220e-45
2.822935103244838206e+00 3.148020227503870942e-45
2.826548672566372655e+00 2.664323056583106659e-45
2.830162241887906216e+00 2.254559169623370744e-45
2.833775811209439777e+00 1.907487838563144504e-45
2.837389380530974226e+00 1.613568115392357684e-45
2.841002949852507786e+00 1.364703215665897595e-45
2.844616519174042235e+00 1.154023125903887669e-45
2.848230088495575796e+00 9.756997518467323700e-46
2.851843657817109357e+00 8.247897645062047094e-46
2.855457227138643805e+00 6.971010175447817330e-46
2.859070796460177366e+00 5.890790206936981088e-46
2.862684365781711815e+00 4.977104751205167353e-46
2.866297935103245376e+00 4.204413210442196808e-46
2.869911504424778936e+00 3.551071267060496468e-46
2.873525073746313385e+00 2.998739706802981262e-46
2.877138643067846946e+00 2.531882446359851424e-46
2.880752212389381395e+00 2.137340380751300998e-46
2.884365781710914955e+00 1.803969662535943281e-46
2.887979351032449404e+00 1.522334725570150924e-46
2.891592920353982965e+00 1.284447814207353205e-46
2.895206489675516526e+00 1.083548011777647159e-46
2.898820058997050975e+00 9.139138116800751234e-47
2.902433628318584535e+00 7.707041676384455766e-47
2.906047197640118984e+00 6.498237197057941268e-47
2.909660766961652545e+00 5.478085392205728588e-47
2.913274336283186106e+00 4.617292859296220858e-47
2.916887905604720554e+00 3.891091382602383846e-47
2.920501474926254115e+00 3.278542554566432065e-47
2.924115044247788564e+00 2.761948684358239790e-47
2.927728613569322125e+00 2.326353836266949877e-47
2.931342182890855685e+00 1.959121283130571122e-47
2.934955752212390134e+00 1.649575735378126885e-47
2.938569321533923695e+00 1.388700469373830983e-47
2.942182890855458144e+00 1.168880976278948079e-47
2.945796460176991705e+00 9.836880244142650909e-48
2.949410029498525265e+00 8.276941078765942618e-48
2.953023598820059714e+00 6.963181708527709633e-48
2.956637168141593275e+00 5.856942750781823936e-48
2.960250737463127724e+00 4.925605381360477624e-48
2.963864306784661284e+00 4.141652304786630412e-48
2.967477876106195733e+00 3.481873942533640794e-48
2.971091445427729294e+00 2.926697500632434942e-48
2.974705014749262855e+00 2.459619995724681360e-48
2.978318584070797304e+00 2.066729216413611906e-48
2.981932153392330864e+00 1.736299053166780901e-48
2.985545722713865313e+00 1.458447711904510868e-48
2.989159292035398874e+00 1.224849090566793746e-48
2.992772861356932435e+00 1.028489092590598696e-48
2.996386430678466883e+00 8.634599173077497940e-49
3.000000000000000000e+00 7.247864395437685903e-49
