-7.000000000000000888e+00 1.162611603272805357e-47
-6.987389829497858251e+00 2.084676118160273582e-47
-6.974779658995713838e+00 3.732075964956684256e-47
-6.962169488493571201e+00 6.670683133062456218e-47
-6.949559317991428564e+00 1.190414224075658952e-46
-6.936949147489284151e+00 2.120966798111787672e-46
-6.924338976987141514e+00 3.772920082224476315e-46
-6.911728806484998877e+00 6.700841150140448292e-46
-6.899118635982854464e+00 1.188198574308527370e-45
-6.886508465480711827e+00 2.103568825299180066e-45
-6.873898294978569190e+00 3.718197264310255552e-45
-6.861288124476424777e+00 6.561696473365288265e-45
-6.848677953974282140e+00 1.156133176384345500e-44
-6.836067783472139503e+00 2.033797055872050248e-44
-6.823457612969995090e+00 3.572032452547309242e-44
-6.810847442467852453e+00 6.263703850239459272e-44
-6.798237271965709816e+00 1.096617272433269985e-43
-6.785627101463565403e+00 1.916845022851927364e-43
-6.773016930961422766e+00 3.345237696274325389e-43
-6.760406760459280129e+00 5.828744667410413822e-43
-6.747796589957135716e+00 1.013984126687691297e-42
-6.735186419454993079e+00 1.761146019833541651e-42
-6.722576248952850442e+00 3.053990391868034406e-42
-6.709966078450706028e+00 5.287471829389327614e-42
-6.697355907948563392e+00 9.139797504953594658e-42
-6.684745737446420755e+00 1.577368618423279561e-41
-6.672135566944276341e+00 2.717927962358353579e-41
-6.659525396442133705e+00 4.675744999716288612e-41
-6.646915225939991068e+00 8.031040821445481161e-41
-6.634305055437846654e+00 1.377212626606578733e-40
-6.621694884935704017e+00 2.357970205858693230e-40
-6.609084714433561381e+00 4.030730801308120028e-40
-6.596474543931416967e+00 6.879192246296647675e-40
-6.583864373429274330e+00 1.172193418439685494e-39
-6.571254202927131693e+00 1.994202695309852977e-39
-6.558644032424987280e+00 3.387252061107310094e-39
-6.546033861922844643e+00 5.744257996097086848e-39
-6.533423691420702006e+00 9.725872515487565694e-39
-6.520813520918557593e+00 1.644112115873544165e-38
-6.508203350416414956e+00 2.774869206552558104e-38
-6.495593179914272319e+00 4.675863713468769578e-38
-6.482983009412127906e+00 7.866642592415823035e-38
-6.470372838909985269e+00 1.321372458918748273e-37
-6.457762668407842632e+00 2.215997915953106248e-37
-6.445152497905698219e+00 3.710408437987139717e-37
-6.432542327403555582e+00 6.202722808469264027e-37
-6.419932156901412945e+00 1.035264496310800779e-36
-6.407321986399268532e+00 1.725156777313348960e-36
-6.394711815897125895e+00 2.870213000883592636e-36
-6.382101645394983258e+00 4.767689957556125107e-36
-6.369491474892838845e+00 7.906972212893102956e-36
-6.356881304390696208e+00 1.309244498782600290e-35
-6.344271133888551795e+00 2.164410590979522625e-35
-6.331660963386409158e+00 3.572456093256722634e-35
-6.319050792884266521e+00 5.887114948594279215e-35
-6.306440622382123884e+00 9.686045557700714200e-35
-6.293830451879979471e+00 1.591105161427242792e-34
-6.281220281377836834e+00 2.609514154295676835e-34
-6.268610110875692421e+00 4.272960065844353238e-34
-6.255999940373549784e+00 6.985643619056668317e-34
-6.243389769871407147e+00 1.140229944351405700e-33
-6.230779599369264510e+00 1.858176198409828790e-33
-6.218169428867120097e+00 3.023359478347129642e-33
-6.205559258364977460e+00 4.911352861415585268e-33
-6.192949087862833046e+00 7.965645077850774106e-33
-6.180338917360690409e+00 1.289879797670649486e-32
-6.167728746858547773e+00 2.085383893114948310e-32
-6.155118576356405136e+00 3.366133099234985759e-32
-6.142508405854260722e+00 5.424816589738312527e-32
-6.129898235352118085e+00 8.728655454566427446e-32
-6.117288064849973672e+00 1.402226496319227346e-31
-6.104677894347831035e+00 2.249041788349383333e-31
-6.092067723845688398e+00 3.601516665267551435e-31
-6.079457553343545761e+00 5.758135645204136539e-31
-6.066847382841401348e+00 9.191511264648879391e-31
-6.054237212339258711e+00 1.464874897223695312e-30
-6.041627041837114298e+00 2.330895167220312117e-30
-6.029016871334971661e+00 3.702998607452699628e-30
-6.016406700832829024e+00 5.873445859639113615e-30
-6.003796530330684611e+00 9.301243542528917409e-30
-5.991186359828541974e+00 1.470610622199045112e-29
-5.978576189326399337e+00 2.321469749143772230e-29
-5.965966018824254924e+00 3.658786080685225738e-29
-5.953355848322112287e+00 5.757310846453533953e-29
-5.940745677819969650e+00 9.045051018228440799e-29
-5.928135507317827013e+00 1.418766931256372020e-28
-5.915525336815682600e+00 2.221875907004843185e-28
-5.902915166313539963e+00 3.474059559501489785e-28
-5.890304995811395550e+00 5.423297758996167905e-28
-5.877694825309252913e+00 8.452756937852475236e-28
-5.865084654807110276e+00 1.315352232002547078e-27
-5.852474484304965863e+00 2.043593522012034335e-27
-5.839864313802823226e+00 3.169974341412105230e-27
-5.827254143300680589e+00 4.909370032321939211e-27
-5.814643972798536176e+00 7.591097871726601474e-27
-5.802033802296393539e+00 1.171904522150886536e-26
-5.789423631794250902e+00 1.806295075349712214e-26
-5.776813461292106489e+00 2.779674908574507276e-26
-5.764203290789963852e+00 4.270789534544028892e-26
-5.751593120287821215e+00 6.551356003289311198e-26
-5.738982949785676801e+00 1.003374616082297580e-25
-5.726372779283534165e+00 1.534277488559526464e-25
-5.713762608781391528e+00 2.342359889058027258e-25
-5.701152438279247114e+00 3.570362001526210234e-25
-5.688542267777104477e+00 5.433501786139669228e-25
-5.675932097274961841e+00 8.255746008120436093e-25
-5.663321926772818315e+00 1.252396348061656813e-24
-5.650711756270674790e+00 1.896864181934850291e-24
-5.638101585768532154e+00 2.868399691599751515e-24
-5.625491415266388628e+00 4.330640171405808007e-24
-5.612881244764245103e+00 6.527900842499287132e-24
-5.600271074262102466e+00 9.824354560267932035e-24
-5.587660903759958941e+00 1.476194390700025890e-23
-5.575050733257815416e+00 2.214583869710656220e-23
-5.562440562755672779e+00 3.317032960206504390e-23
-5.549830392253529254e+00 4.960398063076285974e-23
-5.537220221751385729e+00 7.406147784369765547e-23
-5.524610051249243092e+00 1.104021003046811170e-22
-5.511999880747099567e+00 1.643128124569417475e-22
-5.499389710244956042e+00 2.441600864986440382e-22
-5.486779539742813405e+00 3.622322163767218758e-22
-5.474169369240669880e+00 5.365480906202381873e-22
-5.461559198738526355e+00 7.934862895843950130e-22
-5.448949028236382830e+00 1.171600123736761364e-21
-5.436338857734240193e+00 1.727144264128816405e-21
-5.423728687232096668e+00 2.542067393812942491e-21
-5.411118516729953143e+00 3.735551784444441460e-21
-5.398508346227810506e+00 5.480645778410265227e-21
-5.385898175725666981e+00 8.028196509532414060e-21
-5.373288005223523456e+00 1.174122900416792154e-20
-5.360677834721380819e+00 1.714424812189505798e-20
-5.348067664219237294e+00 2.499382156562783853e-20
-5.335457493717093769e+00 3.637945930776491729e-20
-5.322847323214951132e+00 5.286755007603178624e-20
-5.310237152712807607e+00 7.670638532590418742e-20
-5.297626982210664082e+00 1.111177027881184095e-19
-5.285016811708520557e+00 1.607105592298697645e-19
-5.272406641206377920e+00 2.320678661501806786e-19
-5.259796470704234395e+00 3.345762134309245897e-19
-5.247186300202090870e+00 4.815979040807521246e-19
-5.234576129699948233e+00 6.921235172610589632e-19
-5.221965959197804708e+00 9.930980597491338042e-19
-5.209355788695661182e+00 1.422689702317709285e-18
-5.196745618193518546e+00 2.034875246388547782e-18
-5.184135447691375020e+00 2.905861779696565807e-18
-5.171525277189231495e+00 4.143064538430158960e-18
-5.158915106687088858e+00 5.897637104432695888e-18
-5.146304936184945333e+00 8.381929678373599730e-18
-5.133694765682801808e+00 1.189377226587625626e-17
-5.121084595180659171e+00 1.685019309976291405e-17
-5.108474424678515646e+00 2.383415847593267818e-17
-5.095864254176372121e+00 3.365925193127709689e-17
-5.083254083674229484e+00 4.745902509066086417e-17
-5.070643913172085959e+00 6.681021992806040146e-17
-5.058033742669942434e+00 9.390241156418732866e-17
-5.045423572167799797e+00 1.317711590365888112e-16
-5.032813401665656272e+00 1.846178897910508036e-16
-5.020203231163512747e+00 2.582480287382768520e-16
-5.007593060661370110e+00 3.606700538383337763e-16
-4.994982890159226585e+00 5.029131736446955907e-16
-4.982372719657083060e+00 7.001414956674080780e-16
-4.969762549154940423e+00 9.731695773960408253e-16
-4.957152378652796898e+00 1.350520406596716229e-15
-4.944542208150653373e+00 1.871215130485936102e-15
-4.931932037648510736e+00 2.588548189798697840e-15
-4.919321867146367211e+00 3.575187099817375693e-15
-4.906711696644223686e+00 4.930049763358262674e-15
-4.894101526142081049e+00 6.787562817572758298e-15
-4.881491355639937524e+00 9.330103764796009249e-15
-4.868881185137793999e+00 1.280469272764455808e-14
-4.856271014635651362e+00 1.754534640570369792e-14
-4.843660844133507837e+00 2.400296293333696378e-14
-4.831050673631364312e+00 3.278520522518453920e-14
-4.818440503129221675e+00 4.470963525143470504e-14
-4.805830332627078150e+00 6.087437831390109946e-14
-4.793220162124934625e+00 8.275193673242591532e-14
-4.780609991622791988e+00 1.123135189389783342e-13
-4.767999821120648463e+00 1.521935216162477607e-13
-4.755389650618504938e+00 2.059067514111997812e-13
-4.742779480116362301e+00 2.781347934940223233e-13
-4.730169309614218776e+00 3.751028750881106697e-13
-4.717559139112075250e+00 5.050749491607946911e-13
-4.704948968609932614e+00 6.790029383413541726e-13
-4.692338798107789088e+00 9.113766409939628212e-13
-4.679728627605645563e+00 1.221334354403863430e-12
-4.667118457103502926e+00 1.634111627505953279e-12
-4.654508286601359401e+00 2.182927742030991035e-12
-4.641898116099215876e+00 2.911437824276107022e-12
-4.629287945597073239e+00 3.876914525422154204e-12
-4.616677775094929714e+00 5.154368998403987932e-12
-4.604067604592786189e+00 6.841878969031288194e-12
-4.591457434090643552e+00 9.067465195136718807e-12
-4.578847263588500027e+00 1.199795044265471375e-11
-4.566237093086356502e+00 1.585035213570679101e-11
-4.553626922584213865e+00 2.090650706744370780e-11
-4.541016752082070340e+00 2.753181140988996487e-11
-4.528406581579926815e+00 3.619919087901465069e-11
-4.515796411077784178e+00 4.751970553224160914e-11
-4.503186240575640653e+00 6.228155509685370204e-11
-4.490576070073497128e+00 8.149970080398123142e-11
-4.477965899571354491e+00 1.064788790504859438e-10
-4.465355729069210966e+00 1.388934758891491785e-10
-4.452745558567067441e+00 1.808885898571301744e-10
-4.440135388064924804e+00 2.352076709077575366e-10
-4.427525217562781279e+00 3.053534298835957452e-10
-4.414915047060637754e+00 3.957903199154060108e-10
-4.402304876558495117e+00 5.121988631500420544e-10
-4.389694706056351592e+00 6.617945110593242784e-10
-4.377084535554208067e+00 8.537266773330988821e-10
-4.364474365052065430e+00 1.099577180124636982e-09
-4.351864194549921905e+00 1.413981707499007092e-09
-4.339254024047778380e+00 1.815403233446316989e-09
-4.326643853545635743e+00 2.327092747835964536e-09
-4.314033683043492218e+00 2.978280441969015429e-09
-4.301423512541348693e+00 3.805649870771656140e-09
-4.288813342039206056e+00 4.855158897147894146e-09
-4.276203171537062531e+00 6.184284769562422718e-09
-4.263593001034919006e+00 7.864786906203230419e-09
-4.250982830532776369e+00 9.986100341920788597e-09
-4.238372660030632844e+00 1.265949589914205189e-08
-4.225762489528489319e+00 1.602317062064708527e-08
-4.213152319026346682e+00 2.024846459974244202e-08
-4.200542148524203157e+00 2.554743896302928631e-08
-4.187931978022059631e+00 3.218209503804460767e-08
-4.175321807519916995e+00 4.047556916450738681e-08
-4.162711637017773469e+00 5.082569936050382124e-08
-4.150101466515629944e+00 6.372143512173410114e-08
-4.137491296013487307e+00 7.976264722700371904e-08
-4.124881125511343782e+00 9.968399526615308086e-08
-4.112270955009200257e+00 1.243836275555388214e-07
-4.099660784507057620e+00 1.549576237538401185e-07
-4.087050614004914095e+00 1.927412473567511277e-07
-4.074440443502770570e+00 2.393582561496437959e-07
-4.061830273000627933e+00 2.967797267289021854e-07
-4.049220102498484408e+00 3.673940877468455846e-07
-4.036609931996340883e+00 4.540903292679592309e-07
-4.023999761494198246e+00 5.603566665132211793e-07
-4.011389590992054721e+00 6.903972895695502486e-07
-3.998779420489911196e+00 8.492702308814815336e-07
-3.986169249987768559e+00 1.043049834304982199e-06
-3.973559079485625034e+00 1.279017818186141631e-06
-3.960948908983481509e+00 1.565887495508913879e-06
-3.948338738481338872e+00 1.914066351925503811e-06
-3.935728567979194459e+00 2.335962892772762792e-06
-3.923118397477051822e+00 2.846344458267696591e-06
-3.910508226974909185e+00 3.462753577087530439e-06
-3.897898056472764772e+00 4.205991387276508228e-06
-3.885287885970622135e+00 5.100677704261774414e-06
-3.872677715468479498e+00 6.175898462405631538e-06
-3.860067544966335085e+00 7.465952501840701092e-06
-3.847457374464192448e+00 9.011211018099250406e-06
-3.834847203962049811e+00 1.085910443868162450e-05
-3.822237033459905398e+00 1.306525303693602856e-05
-3.809626862957762761e+00 1.569475923625257845e-05
-3.797016692455620124e+00 1.882368129102267071e-05
-3.784406521953475711e+00 2.254070987790666848e-05
-3.771796351451333074e+00 2.694907076932029385e-05
-3.759186180949190437e+00 3.216867957522236322e-05
-3.746576010447046023e+00 3.833857477857095504e-05
-3.733965839944903387e+00 4.561965946161241145e-05
-3.721355669442760750e+00 5.419778235968877563e-05
-3.708745498940616336e+00 6.428719168379661887e-05
-3.696135328438473699e+00 7.613439675200258934e-05
-3.683525157936331063e+00 9.002247421785954692e-05
-3.670914987434186649e+00 1.062758572186395180e-04
-3.658304816932044012e+00 1.252656470617511048e-04
-3.645694646429901375e+00 1.474154880596011943e-04
-3.633084475927756962e+00 1.732080467408641622e-04
-3.620474305425614325e+00 2.031921368332921898e-04
-3.607864134923471688e+00 2.379905310458983530e-04
-3.595253964421327275e+00 2.783084996873186009e-04
-3.582643793919184638e+00 3.249431144505652452e-04
-3.570033623417041113e+00 3.787933531719691986e-04
-3.557423452914897588e+00 4.408710379346225802e-04
-3.544813282412754951e+00 5.123126344300293553e-04
-3.532203111910611426e+00 5.943922043360823533e-04
-3.519592941408467901e+00 6.885339501415288933e-04
-3.506982770906325264e+00 7.963278487950956183e-04
-3.494372600404181739e+00 9.195454489931162521e-04
-3.481762429902038214e+00 1.060154404291181914e-03
-3.469152259399895577e+00 1.220336902935559471e-03
-3.456542088897752052e+00 1.402507333824157005e-03
-3.443931918395608527e+00 1.609331032355089614e-03
-3.431321747893465890e+00 1.843743723130637736e-03
-3.418711577391322365e+00 2.108971567194564169e-03
-3.406101406889178840e+00 2.408551700757932679e-03
-3.393491236387036203e+00 2.746353130120161162e-03
-3.380881065884892678e+00 3.126597823839970692e-03
-3.368270895382749153e+00 3.553881818307736296e-03
-3.355660724880606516e+00 4.033196126910188264e-03
-3.343050554378462991e+00 4.569947215955790128e-03
-3.330440383876319466e+00 5.169976785296307754e-03
-3.317830213374176829e+00 5.839580556893277617e-03
-3.305220042872033304e+00 6.585525761752169215e-03
-3.292609872369889779e+00 7.415066970972370754e-03
-3.279999701867747142e+00 8.335959905605443490e-03
-3.267389531365603617e+00 9.356472828954562337e-03
-3.254779360863460091e+00 1.048539510538054609e-02
-3.242169190361317455e+00 1.173204249063460047e-02
-3.229559019859173929e+00 1.310625870338323964e-02
-3.216948849357030404e+00 1.461841281636429637e-02
-3.204338678854887767e+00 1.627939199912748977e-02
-3.191728508352744242e+00 1.810058914329971957e-02
-3.179118337850600717e+00 2.009388490632588176e-02
-3.166508167348458080e+00 2.227162372141337082e-02
-3.153897996846314555e+00 2.464658334043625179e-02
-3.141287826344171030e+00 2.723193750342704084e-02
-3.128677655842028393e+00 3.004121136343385415e-02
-3.116067485339884868e+00 3.308822933934878890e-02
-3.103457314837741343e+00 3.638705512204434139e-02
-3.090847144335598706e+00 3.995192362102648054e-02
-3.078236973833455181e+00 4.379716470973511050e-02
-3.065626803331311656e+00 4.793711870758855104e-02
-3.053016632829169019e+00 5.238604362550441235e-02
-3.040406462327025494e+00 5.715801429851345011e-02
-3.027796291824881969e+00 6.226681363357160215e-02
-3.015186121322739332e+00 6.772581631201274321e-02
-3.002575950820595807e+00 7.354786540308186349e-02
-2.989965780318452282e+00 7.974514246670247331e-02
-2.977355609816309645e+00 8.632903184849456679e-02
-2.964745439314166120e+00 9.330997998320277043e-02
-2.952135268812022595e+00 1.006973507561804426e-01
-2.939525098309879958e+00 1.084992777226837790e-01
-2.926914927807736433e+00 1.167225148543898638e-01
-2.914304757305592908e+00 1.253722866610595954e-01
-2.901694586803450271e+00 1.344521393909254015e-01
-2.889084416301306746e+00 1.439637947351870284e-01
-2.876474245799163221e+00 1.539070076529210074e-01
-2.863864075297020584e+00 1.642794299886499165e-01
-2.851253904794877059e+00 1.750764816073609176e-01
-2.838643734292733534e+00 1.862912313498527872e-01
-2.826033563790590897e+00 1.979142863589740120e-01
-2.813423393288447372e+00 2.099336988631158862e-01
-2.800813222786303847e+00 2.223348854138717245e-01
-2.788203052284161210e+00 2.351005587873251090e-01
-2.775592881782017685e+00 2.482106832309562972e-01
-2.762982711279874160e+00 2.616424460469659041e-01
-2.750372540777731523e+00 2.753702504288053077e-01
-2.737762370275587998e+00 2.893657301676100801e-01
-2.725152199773444472e+00 3.035977872510446929e-01
-2.712542029271301836e+00 3.180326531742890817e-01
-2.699931858769158310e+00 3.326339745593221431e-01
-2.687321688267014785e+00 3.473629240716574751e-01
-2.674711517764872148e+00 3.621783322837013874e-01
-2.662101347262728623e+00 3.770368536473105991e-01
-2.649491176760585098e+00 3.918931438867537254e-01
-2.636881006258442461e+00 4.067000702976163451e-01
-2.624270835756298936e+00 4.214089405775813812e-01
-2.611660665254155411e+00 4.359697629030843125e-01
-2.599050494752012774e+00 4.503314773577598018e-01
-2.586440324249869249e+00 4.644423011279354974e-01
-2.573830153747725724e+00 4.782499928084606444e-01
-2.561219983245583087e+00 4.917021778521942221e-01
-2.548609812743439562e+00 5.047466748191897778e-01
-2.535999642241296037e+00 5.173318292560087350e-01
-2.523389471739152512e+00 5.294068522549274514e-01
-2.510779301237009875e+00 5.409221539614991192e-01
-2.498169130734866350e+00 5.518297095062273394e-01
-2.485558960232722825e+00 5.620833507909189786e-01
-2.472948789730580188e+00 5.716391208761280041e-01
-2.460338619228436663e+00 5.804555811884525296e-01
-2.447728448726293138e+00 5.884941116163806551e-01
-2.435118278224150501e+00 5.957191931494572046e-01
-2.422508107722006976e+00 6.020986701591484191e-01
-2.409897937219863451e+00 6.076039896034957088e-01
-2.397287766717720814e+00 6.122104146582695305e-01
-2.384677596215577289e+00 6.158972105310134282e-01
-2.372067425713433764e+00 6.186478004989335311e-01
-2.359457255211291127e+00 6.204498905219022475e-01
-2.346847084709147602e+00 6.212955611159628466e-01
-2.334236914207004077e+00 6.211813255230917985e-01
-2.321626743704861440e+00 6.201081535779829901e-01
-2.309016573202717915e+00 6.180814610440716894e-01
-2.296406402700574390e+00 6.151110645668717014e-01
-2.283796232198431753e+00 6.112111027632084470e-01
-2.271186061696288228e+00 6.063999243209801104e-01
-2.258575891194144702e+00 6.006999443738598732e-01
-2.245965720692002066e+00 5.941374707126100274e-01
-2.233355550189858540e+00 5.867425017019479716e-01
-2.220745379687715015e+00 5.785484980821627987e-01
-2.208135209185572378e+00 5.695921310820807326e-01
-2.195525038683428853e+00 5.599130094932974755e-01
-2.182914868181285328e+00 5.495533885427950072e-01
-2.170304697679142691e+00 5.385578635508011525e-01
-2.157694527176999166e+00 5.269730514710194713e-01
-2.145084356674855641e+00 5.148472634806088299e-01
-2.132474186172713004e+00 5.022301718171676699e-01
-2.119864015670569479e+00 4.891724740503756719e-01
-2.107253845168425954e+00 4.757255579268245271e-01
-2.094643674666283317e+00 4.619411698414349621e-01
-2.082033504164139792e+00 4.478710898671459106e-01
-2.069423333661996267e+00 4.335668161220208594e-01
-2.056813163159853630e+00 4.190792610697053888e-01
-2.044202992657710105e+00 4.044584621408073843e-01
-2.031592822155566580e+00 3.897533088315945360e-01
-2.018982651653423943e+00 3.750112881871310866e-01
-2.006372481151280418e+00 3.602782503121620405e-01
-1.993762310649136893e+00 3.455981952792424594e-01
-1.981152140146994256e+00 3.310130825233700280e-01
-1.968541969644850731e+00 3.165626635304204517e-01
-1.955931799142707206e+00 3.022843383283842500e-01
-1.943321628640564569e+00 2.882130361609018254e-01
-1.930711458138421044e+00 2.743811199479780361e-01
-1.918101287636277519e+00 2.608183148907545212e-01
-1.905491117134134882e+00 2.475516601153282537e-01
-1.892880946631991357e+00 2.346054863900767229e-01
-1.880270776129847832e+00 2.220013979719836772e-01
-1.867660605627705195e+00 2.097583109694664549e-01
-1.855050435125561670e+00 1.978924740341348187e-01
-1.842440264623418145e+00 1.864175258593850915e-01
-1.829830094121275508e+00 1.753445651983353559e-01
-1.817219923619131983e+00 1.646822354281808898e-01
-1.804609753116988458e+00 1.544368239380378427e-01
-1.791999582614845821e+00 1.446123687490435683e-01
-1.779389412112702296e+00 1.352107800912024094e-01
-1.766779241610558771e+00 1.262319669708668046e-01
-1.754169071108415245e+00 1.176739708736493778e-01
-1.741558900606272609e+00 1.095331042621258549e-01
-1.728948730104129083e+00 1.018040923083277094e-01
-1.716338559601985558e+00 9.448021637599240963e-02
-1.703728389099842921e+00 8.755345785474487330e-02
-1.691118218597699396e+00 8.101464104596711735e-02
-1.678508048095555871e+00 7.485357390450539383e-02
-1.665897877593413234e+00 6.905918554750158089e-02
-1.653287707091269709e+00 6.361967873911317239e-02
-1.640677536589126184e+00 5.852256243104032862e-02
-1.628067366086983547e+00 5.375496578657409236e-02
-1.615457195584840022e+00 4.930356281743612096e-02
-1.602847025082696497e+00 4.515477740581913535e-02
-1.590236854580553860e+00 4.129486616914168629e-02
-1.577626684078410335e+00 3.771001294533569276e-02
-1.565016513576266810e+00 3.438641557365324647e-02
-1.552406343074124173e+00 3.131036489061183453e-02
-1.539796172571980648e+00 2.846831616326863518e-02
-1.527186002069837123e+00 2.584695172354671555e-02
-1.514575831567694486e+00 2.343323831821692363e-02
-1.501965661065550961e+00 2.121447485869539656e-02
-1.489355490563407436e+00 1.917833427048878936e-02
-1.476745320061264799e+00 1.731289838384987914e-02
-1.464135149559121274e+00 1.560668649769734323e-02
-1.451524979056977749e+00 1.404867774084052334e-02
-1.438914808554835112e+00 1.262832820029230300e-02
-1.426304638052691587e+00 1.133558262685083369e-02
-1.413694467550548062e+00 1.016088148917322805e-02
-1.401084297048405425e+00 9.095163724879458400e-03
-1.388474126546261900e+00 8.129865625298571610e-03
-1.375863956044118375e+00 7.256916277840912144e-03
-1.363253785541975738e+00 6.468729978669104409e-03
-1.350643615039832213e+00 5.758196012184316204e-03
-1.338033444537688688e+00 5.118666184822053510e-03
-1.325423274035546051e+00 4.543940432064068335e-03
-1.312813103533402526e+00 4.028250971802130667e-03
-1.300202933031259001e+00 3.566245098260745466e-03
-1.287592762529116364e+00 3.152967094617340447e-03
-1.274982592026972839e+00 2.783839450586245590e-03
-1.262372421524829313e+00 2.454643639547078333e-03
-1.249762251022686677e+00 2.161500671188376806e-03
-1.237152080520543151e+00 1.900851612052116080e-03
-1.224541910018399626e+00 1.669438247475317234e-03
-1.211931739516256989e+00 1.464284026250663260e-03
-1.199321569014113464e+00 1.282675414876141952e-03
-1.186711398511969939e+00 1.122143767740609510e-03
-1.174101228009827302e+00 9.804478002979936328e-04
-1.161491057507683777e+00 8.555567350904497116e-04
-1.148880887005540252e+00 7.456341747367732382e-04
-1.136270716503397615e+00 6.490227414646836720e-04
-1.123660546001254090e+00 5.642296186479251732e-04
-1.111050375499110565e+00 4.899122529857559416e-04
-1.098440204996967928e+00 4.248664961871624103e-04
-1.085830034494824403e+00 3.680133909950032353e-04
-1.073219863992680878e+00 3.183883837104340472e-04
-1.060609693490538241e+00 2.751306704470549190e-04
-1.047999522988394716e+00 2.374734136959951120e-04
-1.035389352486251191e+00 2.047346946108383929e-04
-1.022779181984108554e+00 1.763091702370266599e-04
-1.010169011481965029e+00 1.516604035668906207e-04
-9.975588409798215039e-01 1.303138325691139223e-04
-9.849486704776788670e-01 1.118503424245286004e-04
-9.723384999755353419e-01 9.590040508084808309e-05
-9.597283294733918169e-01 8.213874994209626216e-05
-9.471181589712491800e-01 7.027953008583495004e-05
-9.345079884691056549e-01 6.007194852258503504e-05
-9.218978179669621298e-01 5.129631046727121360e-05
-9.092876474648186047e-01 4.376046877674545670e-05
-8.966774769626759678e-01 3.729663049131369551e-05
-8.840673064605324427e-01 3.175849435258407913e-05
-8.714571359583889176e-01 2.701869085761685974e-05
-8.588469654562462807e-01 2.296649794062090901e-05
-8.462367949541027556e-01 1.950580670308800751e-05
-8.336266244519592306e-01 1.655331371292992714e-05
-8.210164539498165936e-01 1.403691791847731091e-05
-8.084062834476730686e-01 1.189430211582185143e-05
-7.957961129455295435e-01 1.007167998703225162e-05
-7.831859424433869066e-01 8.522691556611113961e-06
-7.705757719412433815e-01 7.207431358963442646e-06
-7.579656014390998564e-01 6.091595023080566906e-06
-7.453554309369572195e-01 5.145731317006993654e-06
-7.327452604348136944e-01 4.344587655662586108e-06
-7.201350899326701693e-01 3.666538417438606666e-06
-7.075249194305275324e-01 3.093086568104188503e-06
-6.949147489283840073e-01 2.608429902138867379e-06
-6.823045784262404823e-01 2.199084143875372144e-06
-6.696944079240978454e-01 1.853556026183798175e-06
-6.570842374219543203e-01 1.562060116183229105e-06
-6.444740669198107952e-01 1.316274022649436888e-06
-6.318638964176681583e-01 1.109127032054814374e-06
-6.192537259155246332e-01 9.346179739607063500e-07
-6.066435554133811081e-01 7.876583914330608807e-07
-5.940333849112384712e-01 6.639378411060197836e-07
-5.814232144090949461e-01 5.598081513731965203e-07
-5.688130439069514210e-01 4.721845489139557143e-07
-5.562028734048087841e-01 3.984606521970348639e-07
-5.435927029026652590e-01 3.364361097315447504e-07
-5.309825324005217340e-01 2.842547276767339712e-07
-5.183723618983790971e-01 2.403517606494361849e-07
-5.057621913962355720e-01 2.034090209779771850e-07
-4.931520208940920469e-01 1.723167148717296373e-07
-4.805418503919494100e-01 1.461410445309517096e-07
-4.679316798898058849e-01 1.240966991911552947e-07
-4.553215093876623598e-01 1.055235582190601080e-07
-4.427113388855197229e-01 8.986697057556464847e-08
-4.301011683833761978e-01 7.666107122077187853e-08
-4.174909978812326727e-01 6.551469621807825111e-08
-4.048808273790900358e-01 5.609948131465039552e-08
-3.922706568769465107e-01 4.813983881373011407e-08
-3.796604863748029857e-01 4.140450524138798885e-08
-3.670503158726603488e-01 3.569942725533677967e-08
-3.544401453705168237e-01 3.086177679937836086e-08
-3.418299748683732986e-01 2.675492002000569862e-08
-3.292198043662306617e-01 2.326419076087167730e-08
-3.166096338640871366e-01 2.029334399528199565e-08
-3.039994633619436115e-01 1.776156888828948865e-08
-2.913892928598009746e-01 1.560100960273035276e-08
-2.787791223576574495e-01 1.375465420358763985e-08
-2.661689518555139244e-01 1.217458840251566401e-08
-2.535587813533712875e-01 1.082052655977486464e-08
-2.409486108512277625e-01 9.658579355216270174e-09
-2.283384403490842374e-01 8.660224725037115966e-09
-2.157282698469416005e-01 7.801445895306275817e-09
-2.031180993447980754e-01 7.062010211341137294e-09
-1.907296212577645478e-01 6.435269349816155850e-09
-1.790751809198734557e-01 5.923539424250874447e-09
-1.681328766829025823e-01 5.502961402976316427e-09
-1.578591939883211837e-01 5.154594161043638894e-09
-1.482132772030496648e-01 4.864018666954103013e-09
-1.391567671477560997e-01 4.620131276921563974e-09
-1.306536485528615454e-01 4.414287936114331469e-09
-1.226701068356443602e-01 4.239690414682481506e-09
-1.151743936288669723e-01 4.090940685876980598e-09
-1.081367005261812397e-01 3.963713977704956063e-09
-1.015290405422311915e-01 3.854516220191636818e-09
-9.532513681604738720e-02 3.760502343548418787e-09
-8.950031811513789459e-02 3.679338837192737636e-09
-8.403142072473115953e-02 3.609098828052048631e-09
-7.889669633199995757e-02 3.548181274012841454e-09
-7.407572553895482026e-02 3.495248201511628881e-09
-6.954933666007066806e-02 3.449175560332534822e-09
-6.529952948172380867e-02 3.409014439478711529e-09
-6.130940368025181858e-02 3.373960229184380261e-09
-5.756309161397969026e-02 3.343327923687901331e-09
-5.404569522193657799e-02 3.316532204725976283e-09
-5.074322677833183887e-02 3.293071273632420717e-09
-4.764255326718694339e-02 3.272513643203555520e-09
-4.473134415591366320e-02 3.254487282275870284e-09
-4.199802236014917034e-02 3.238670642728355060e-09
-3.943171820485173729e-02 3.224785202207179788e-09
-3.702222619856760516e-02 3.212589234820708573e-09
-3.475996444897584692e-02 3.201872582606542624e-09
-3.263593655831751456e-02 3.192452247288628063e-09
-3.064169584717604811e-02 3.184168658100627881e-09
-2.876931176433708895e-02 3.176882499751056546e-09
-2.701133834915109624e-02 3.170472006819901831e-09
-2.536078462097863737e-02 3.164830648409910212e-09
-2.381108677796769241e-02 3.159865140790915391e-09
-2.235608209460499679e-02 3.155493736879667874e-09
-2.098998441423788677e-02 3.151644750305957514e-09
-1.970736113910750986e-02 3.148255278999266667e-09
-1.850311162639044910e-02 3.145270099055511805e-09
-1.737244690433337180e-02 3.142640704390042345e-09
-1.631087062781888183e-02 3.140324471570088091e-09
-1.531416119762810286e-02 3.138283932421045544e-09
-1.437835497229224616e-02 3.136486139647331093e-09
-1.349973050577157364e-02 3.134902112907842281e-09
-1.267479374828037013e-02 3.133506354623373360e-09
-1.190026415140387275e-02 3.132276426331364940e-09
-1.117306162225225469e-02 3.131192577700510829e-09
-1.049029427477177374e-02 3.130237421412470683e-09
-9.849246929502866038e-03 3.129395648047657534e-09
-9.247370316051994887e-03 3.128653775902493246e-09
-8.682270935339195597e-03 3.127999931342049519e-09
-8.151701541304996398e-03 3.127423655869674729e-09
-7.653552204225974771e-03 3.126915736593461622e-09
-7.185841920100037063e-03 3.126468057196699278e-09
-6.746710732733945948e-03 3.126073466889804299e-09
-6.334412337204842376e-03 3.125725665140541443e-09
-5.947307135282262590e-03 3.125419100256981721e-09
-5.583855715193143839e-03 3.125148880138080518e-09
-5.242612729801200168e-03 3.124910693716554845e-09
-4.922221148855803613e-03 3.124700741800345123e-09
-4.621406862452884928e-03 3.124515676179397992e-09
-4.338973614247355545e-03 3.124352546002091608e-09
-4.073798244268176869e-03 3.124208750547732039e-09
-3.824826222417472815e-03 3.124081997627933911e-09
-3.591067454892035368e-03 3.123970266942348456e-09
-3.371592346850472034e-03 3.123871777795979695e-09
-3.165528105668122608e-03 3.123784960657126662e-09
-2.972055270078842893e-03 3.123708432096866040e-09
-2.790404451401243442e-03 3.123640972707354864e-09
-2.619853273889739126e-03 3.123581507643553501e-09
-2.459723502043294555e-03 3.123529089475847230e-09
-2.309378343447928035e-03 3.123482883078997499e-09
-2.168219916426995363e-03 3.123442152314477393e-09
-2.035686872428882702e-03 3.123406248293548436e-09
-1.911252163696946192e-03 3.123374599032825643e-09
-1.794420947344431763e-03 3.123346700337157739e-09
-1.684728617499294890e-03 3.123322107763851647e-09
-1.581738957693386684e-03 3.123300429539917399e-09
-1.485042406148618429e-03 3.123281320319244236e-09
-1.394254427061488973e-03 3.123264475679942057e-09
-1.309013981409089993e-03 3.123249627274167067e-09
-1.228982091195453740e-03 3.123236538552844990e-09
-1.153840491428526288e-03 3.123225000997280624e-09
-1.083290364467113165e-03 3.123214830797301010e-09
-1.017051151704679570e-03 3.123205865923333842e-09
-9.548594378642998991e-04 3.123197963545377728e-09
-8.964679034679587247e-04 3.123190997757753402e-09
-8.416443413144891576e-04 3.123184857573895912e-09
-7.901707330548732918e-04 3.123179445158286255e-09
-7.418423821927417998e-04 3.123174674268232936e-09
-6.964671000622763746e-04 3.123170468880205802e-09
-6.538644415463101345e-04 3.123166761979058279e-09
-6.138649874953195544e-04 3.123163494490365499e-09
-5.763096709937077546e-04 3.123160614339750377e-09
-5.410491447940707658e-04 3.123158075623375308e-09
-5.079431874039339089e-04 3.123155837876820385e-09
-4.768601454631505969e-04 3.123153865430482230e-09
-4.476764101943878299e-04 3.123152126841573053e-09
-4.202759258447686459e-04 3.123150594393187104e-09
-3.945497281637799845e-04 3.123149243652898903e-09
-3.703955110821903832e-04 3.123148053083514787e-09
-3.477172198687347553e-04 3.123147003700077510e-09
-3.264246691466341703e-04 3.123146078767362568e-09
-3.064331842509692436e-04 3.123145263533426367e-09
-2.876632645006474724e-04 3.123144544994506190e-09
-2.700402670458676067e-04 3.123143911687877629e-09
-2.534941100338807115e-04 3.123143353509371097e-09
-2.379589939125882462e-04 3.123142861552205198e-09
-2.233731397636618432e-04 3.123142427965235679e-09
-2.096785436246481258e-04 3.123142045827827821e-09
-1.968207458230403738e-04 3.123141709039575479e-09
-1.847486144050079770e-04 3.123141412223133826e-09
-1.734141417975726429e-04 3.123141150638518071e-09
-1.627722538955931274e-04 3.123140920107550845e-09
-1.527806308143372189e-04 3.123140716947353987e-09
-1.433995385948514170e-04 3.123140537911609619e-09
-1.345916711928507147e-04 3.123140380138773267e-09
-1.263220021227506255e-04 3.123140241106607875e-09
-1.185576451668948804e-04 3.123140118591802916e-09
-1.112677235960431003e-04 3.123140010634725333e-09
-1.044232473810362147e-04 3.123139915508007354e-09
-9.799699790736354202e-05 3.123139831689139516e-09
-9.196341973416139544e-05 3.123139757836095308e-09
-8.629851896719176359e-05 3.123139692766035406e-09
-8.097976784167412539e-05 3.123139635436359444e-09
-7.598601513551331310e-05 3.123139584928106159e-09
-7.129740205665540287e-05 3.123139540431338758e-09
-6.689528327009240302e-05 3.123139501232142471e-09
-6.276215275045356852e-05 3.123139466701329395e-09
-5.888157416531500463e-05 3.123139436284328282e-09
-5.523811551239205268e-05 3.123139409492355628e-09
-5.181728775067791524e-05 3.123139385894623628e-09
-4.860548718147756638e-05 3.123139365111495670e-09
-4.558994135021126844e-05 3.123139346808349902e-09
-4.275865825384858419e-05 3.123139330690275340e-09
-4.010037865198160146e-05 3.123139316497379695e-09
-3.760453129189908716e-05 3.123139304000638576e-09
-3.526119086959958525e-05 3.123139292998210814e-09
-3.306103855956327154e-05 3.123139283312189712e-09
-3.099532495632644548e-05 3.123139274785860939e-09
-2.905583528048395544e-05 3.123139267281061345e-09
-2.723485671075096226e-05 3.123139260676082884e-09
-2.552514771217800657e-05 3.123139254863653878e-09
-2.391990923854284747e-05 3.123139249749283004e-09
-2.241275769439721272e-05 3.123139245249676484e-09
-2.099769954925015053e-05 3.123139241291458435e-09
-1.966910750293300909e-05 3.123139237809997098e-09
-1.842169810736080741e-05 3.123139234748327440e-09
-1.725051075570132930e-05 3.123139232056241667e-09
-1.615088795539561633e-05 3.123139229689568333e-09
-1.511845680657980123e-05 3.123139227609361294e-09
-1.414911161225593266e-05 3.123139225781280559e-09
-1.323899755105558475e-05 3.123139224175100951e-09
-1.238449534766613459e-05 3.123139222764248463e-09
-1.158220687996078599e-05 3.123139221525267149e-09
-1.082894166559426607e-05 3.123139220437485766e-09
-1.012170417432434343e-05 3.123139219482729915e-09
-9.457681915605696142e-06 3.123139218644988688e-09
-8.834234254082606896e-06 3.123139217910159068e-09
-8.248881908502043135e-06 3.123139217265803155e-09
-7.699297092288845179e-06 3.123139216701047247e-09
-7.183294256573823982e-06 3.123139216206204643e-09
-6.698821398861734940e-06 3.123139215772831899e-09
-6.243951902777456888e-06 3.123139215393483975e-09
-5.816876876438485798e-06 3.123139215061569482e-09
-5.415897958985060038e-06 3.123139214771341584e-09
-5.039420566662596439e-06 3.123139214517706501e-09
-4.685947551597296836e-06 3.123139214296193737e-09
-4.354073248047161842e-06 3.123139214102874597e-09
-4.042477882453245495e-06 3.123139213934287743e-09
-3.749922325059951160e-06 3.123139213787404041e-09
-3.475243162234227762e-06 3.123139213659516128e-09
-3.217348069887064443e-06 3.123139213548293423e-09
-2.975211469598384632e-06 3.123139213451684104e-09
-2.747870450171603521e-06 3.123139213367856380e-09
-2.534420938398601179e-06 3.123139213295180292e-09
-2.334014103807039897e-06 3.123139213232334831e-09
-2.145852983093271333e-06 3.123139213178021738e-09
-1.969189310816785935e-06 3.123139213131164852e-09
-1.803320543752548581e-06 3.123139213090854273e-09
-1.647587067068355029e-06 3.123139213056224770e-09
-1.501369571216668681e-06 3.123139213026555456e-09
-1.364086589109387048e-06 3.123139213001201956e-09
-1.235192183781944781e-06 3.123139212979620814e-09
-1.114173777351006344e-06 3.123139212961290905e-09
-1.000550112631961414e-06 3.123139212945812288e-09
-8.938693393104654022e-07 3.123139212932775095e-09
-7.937072170570570337e-07 3.123139212921901392e-09
-6.996654284390261791e-07 3.123139212912847486e-09
-6.113699949207071113e-07 3.123139212905380113e-09
-5.284697896529079203e-07 3.123139212899310676e-09
-4.506351411371571005e-07 3.123139212894395155e-09
-3.775565222121384326e-07 3.123139212890489622e-09
-3.089433191486484405e-07 3.123139212887471653e-09
-2.445226759580218821e-07 3.123139212885163819e-09
-1.840384093183425875e-07 3.123139212883488365e-09
-1.272499898032904365e-07 3.123139212882345615e-09
-7.393158536218592144e-08 3.123139212881657401e-09
-2.387116324756687046e-08 3.123139212881335627e-09
2.387116324756687046e-08 3.123139212881335627e-09
7.393158536217865548e-08 3.123139212881657401e-09
1.272499898032904365e-07 3.123139212882345615e-09
1.840384093183425875e-07 3.123139212883488365e-09
2.445226759580130942e-07 3.123139212885163819e-09
3.089433191486484405e-07 3.123139212887471653e-09
3.775565222121384326e-07 3.123139212890489622e-09
4.506351411371465126e-07 3.123139212894395155e-09
5.284697896529079203e-07 3.123139212899310676e-09
6.113699949207071113e-07 3.123139212905380113e-09
6.996654284390133677e-07 3.123139212912847486e-09
7.937072170570570337e-07 3.123139212921901392e-09
8.938693393104654022e-07 3.123139212932775095e-09
1.000550112631946167e-06 3.123139212945812288e-09
1.114173777351006344e-06 3.123139212961290905e-09
1.235192183781944781e-06 3.123139212979620814e-09
1.364086589109368413e-06 3.123139213001201956e-09
1.501369571216668681e-06 3.123139213026555456e-09
1.647587067068355029e-06 3.123139213056224770e-09
1.803320543752526134e-06 3.123139213090854273e-09
1.969189310816785935e-06 3.123139213131164852e-09
2.145852983093271333e-06 3.123139213178021738e-09
2.334014103807012369e-06 3.123139213232334831e-09
2.534420938398601179e-06 3.123139213295180292e-09
2.747870450171603521e-06 3.123139213367856380e-09
2.975211469598351597e-06 3.123139213451684104e-09
3.217348069887064443e-06 3.123139213548293423e-09
3.475243162234227762e-06 3.123139213659516128e-09
3.749922325059911349e-06 3.123139213787404041e-09
4.042477882453245495e-06 3.123139213934287743e-09
4.354073248047161842e-06 3.123139214102874597e-09
4.685947551597248555e-06 3.123139214296193737e-09
5.039420566662596439e-06 3.123139214517706501e-09
5.415897958985004981e-06 3.123139214771341584e-09
5.816876876438427352e-06 3.123139215061569482e-09
6.243951902777456888e-06 3.123139215393483975e-09
6.698821398861668871e-06 3.123139215772831899e-09
7.183294256573753678e-06 3.123139216206204643e-09
7.699297092288845179e-06 3.123139216701047247e-09
8.248881908501963514e-06 3.123139217265803155e-09
8.834234254082522193e-06 3.123139217910159068e-09
9.457681915605696142e-06 3.123139218644988688e-09
1.012170417432424687e-05 3.123139219482729915e-09
1.082894166559416273e-05 3.123139220437485766e-09
1.158220687996078599e-05 3.123139221525267149e-09
1.238449534766601939e-05 3.123139222764248463e-09
1.323899755105545939e-05 3.123139224175100951e-09
1.414911161225593266e-05 3.123139225781280559e-09
1.511845680657965724e-05 3.123139227609361294e-09
1.615088795539546725e-05 3.123139229689568333e-09
1.725051075570132930e-05 3.123139232056241667e-09
1.842169810736063801e-05 3.123139234748327440e-09
1.966910750293282952e-05 3.123139237809997098e-09
2.099769954925015053e-05 3.123139241291458435e-09
2.241275769439700604e-05 3.123139245249676484e-09
2.391990923854262385e-05 3.123139249749283004e-09
2.552514771217800657e-05 3.123139254863653878e-09
2.723485671075071492e-05 3.123139260676082884e-09
2.905583528048369117e-05 3.123139267281061345e-09
3.099532495632644548e-05 3.123139274785860939e-09
3.306103855956297338e-05 3.123139283312189712e-09
3.526119086959926676e-05 3.123139292998210814e-09
3.760453129189908716e-05 3.123139304000638576e-09
4.010037865198123555e-05 3.123139316497379695e-09
4.275865825384819795e-05 3.123139330690275340e-09
4.558994135021126844e-05 3.123139346808349902e-09
4.860548718147712592e-05 3.123139365111495670e-09
5.181728775067744768e-05 3.123139385894623628e-09
5.523811551239205268e-05 3.123139409492355628e-09
5.888157416531447608e-05 3.123139436284328282e-09
6.276215275045299931e-05 3.123139466701329395e-09
6.689528327009240302e-05 3.123139501232142471e-09
7.129740205665476590e-05 3.123139540431338758e-09
7.598601513551263547e-05 3.123139584928106159e-09
8.097976784167412539e-05 3.123139635436359444e-09
8.629851896719099109e-05 3.123139692766035406e-09
9.196341973416056873e-05 3.123139757836095308e-09
9.799699790736354202e-05 3.123139831689139516e-09
1.044232473810352796e-04 3.123139915508007354e-09
1.112677235960420974e-04 3.123140010634725333e-09
1.185576451668948804e-04 3.123140118591802916e-09
1.263220021227494871e-04 3.123140241106607875e-09
1.345916711928494950e-04 3.123140380138773267e-09
1.433995385948514170e-04 3.123140537911609619e-09
1.527806308143358637e-04 3.123140716947353987e-09
1.627722538955916909e-04 3.123140920107550845e-09
1.734141417975726429e-04 3.123141150638518071e-09
1.847486144050063236e-04 3.123141412223133826e-09
1.968207458230386390e-04 3.123141709039575479e-09
2.096785436246481258e-04 3.123142045827827821e-09
2.233731397636598375e-04 3.123142427965235679e-09
2.379589939125861320e-04 3.123142861552205198e-09
2.534941100338807115e-04 3.123143353509371097e-09
2.700402670458652214e-04 3.123143911687877629e-09
2.876632645006474724e-04 3.123144544994506190e-09
3.064331842509692436e-04 3.123145263533426367e-09
3.264246691466312429e-04 3.123146078767362568e-09
3.477172198687347553e-04 3.123147003700077510e-09
3.703955110821903832e-04 3.123148053083514787e-09
3.945497281637764609e-04 3.123149243652898903e-09
4.202759258447686459e-04 3.123150594393187104e-09
4.476764101943878299e-04 3.123152126841573053e-09
4.768601454631463685e-04 3.123153865430482230e-09
5.079431874039339089e-04 3.123155837876820385e-09
5.410491447940683806e-04 3.123158075623375308e-09
5.763096709937052609e-04 3.123160614339750377e-09
6.138649874953195544e-04 3.123163494490365499e-09
6.538644415463072072e-04 3.123166761979058279e-09
6.964671000622733388e-04 3.123170468880205802e-09
7.418423821927417998e-04 3.123174674268232936e-09
7.901707330548697139e-04 3.123179445158286255e-09
8.416443413144852545e-04 3.123184857573895912e-09
8.964679034679587247e-04 3.123190997757753402e-09
9.548594378642956708e-04 3.123197963545377728e-09
1.017051151704675017e-03 3.123205865923333842e-09
1.083290364467113165e-03 3.123214830797301010e-09
1.153840491428521084e-03 3.123225000997280624e-09
1.228982091195448319e-03 3.123236538552844990e-09
1.309013981409089993e-03 3.123249627274167067e-09
1.394254427061482901e-03 3.123264475679942057e-09
1.485042406148611707e-03 3.123281320319244236e-09
1.581738957693386684e-03 3.123300429539917399e-09
1.684728617499287517e-03 3.123322107763851647e-09
1.794420947344423523e-03 3.123346700337157739e-09
1.911252163696946192e-03 3.123374599032825643e-09
2.035686872428873594e-03 3.123406248293548436e-09
2.168219916426985822e-03 3.123442152314477393e-09
2.309378343447928035e-03 3.123482883078997499e-09
2.459723502043281544e-03 3.123529089475847230e-09
2.619853273889716141e-03 3.123581507643553501e-09
2.790404451401243442e-03 3.123640972707354864e-09
2.972055270078832485e-03 3.123708432096866040e-09
3.165528105668094852e-03 3.123784960657126662e-09
3.371592346850472034e-03 3.123871777795979695e-09
3.591067454892016286e-03 3.123970266942348456e-09
3.824826222417438987e-03 3.124081997627933911e-09
4.073798244268176869e-03 3.124208750547732039e-09
4.338973614247340800e-03 3.124352546002091608e-09
4.621406862452843295e-03 3.124515676179397992e-09
4.922221148855803613e-03 3.124700741800345123e-09
5.242612729801172412e-03 3.124910693716554845e-09
5.583855715193094399e-03 3.125148880138080518e-09
5.947307135282262590e-03 3.125419100256981721e-09
6.334412337204820692e-03 3.125725665140541443e-09
6.746710732733886100e-03 3.126073466889804299e-09
7.185841920100037063e-03 3.126468057196699278e-09
7.653552204225934005e-03 3.126915736593461622e-09
8.151701541304925275e-03 3.127423655869674729e-09
8.682270935339195597e-03 3.127999931342049519e-09
9.247370316051963662e-03 3.128653775902493246e-09
9.849246929502777567e-03 3.129395648047646367e-09
1.049029427477177374e-02 3.130237421412470683e-09
1.117306162225219397e-02 3.131192577700510829e-09
1.190026415140376694e-02 3.132276426331364940e-09
1.267479374828037013e-02 3.133506354623373360e-09
1.349973050577152334e-02 3.134902112907842281e-09
1.437835497229211779e-02 3.136486139647331093e-09
1.531416119762810286e-02 3.138283932421045544e-09
1.631087062781879510e-02 3.140324471570088091e-09
1.737244690433321567e-02 3.142640704390042345e-09
1.850311162639044910e-02 3.145270099055511805e-09
1.970736113910743700e-02 3.148255278999266667e-09
2.098998441423769942e-02 3.151644750305957514e-09
2.235608209460499679e-02 3.155493736879667874e-09
2.381108677796757098e-02 3.159865140790915391e-09
2.536078462097841185e-02 3.164830648409910212e-09
2.701133834915109624e-02 3.170472006819901831e-09
2.876931176433698834e-02 3.176882499751056546e-09
3.064169584717577749e-02 3.184168658100627881e-09
3.263593655831751456e-02 3.192452247288628063e-09
3.475996444897566651e-02 3.201872582606542624e-09
3.702222619856727903e-02 3.212589234820708573e-09
3.943171820485173729e-02 3.224785202207179788e-09
4.199802236014902462e-02 3.238670642728355060e-09
4.473134415591326768e-02 3.254487282275870284e-09
4.764255326718694339e-02 3.272513643203555520e-09
5.074322677833156825e-02 3.293071273632408723e-09
5.404569522193609227e-02 3.316532204725952708e-09
5.756309161397969026e-02 3.343327923687901331e-09
6.130940368025160347e-02 3.373960229184368267e-09
6.529952948172323968e-02 3.409014439478699121e-09
6.954933666007066806e-02 3.449175560332534822e-09
7.407572553895443168e-02 3.495248201511628881e-09
7.889669633199926368e-02 3.548181274012829047e-09
8.403142072473115953e-02 3.609098828052048631e-09
8.950031811513757540e-02 3.679338837192724814e-09
9.532513681604654066e-02 3.760502343548405552e-09
1.015290405422311915e-01 3.854516220191636818e-09
1.081367005261806707e-01 3.963713977704956063e-09
1.151743936288659592e-01 4.090940685876966536e-09
1.226701068356443602e-01 4.239690414682481506e-09
1.306536485528610736e-01 4.414287936114315753e-09
1.391567671477548507e-01 4.620131276921547431e-09
1.482132772030496648e-01 4.864018666954103013e-09
1.578591939883203232e-01 5.154594161043601671e-09
1.681328766829011112e-01 5.502961402976277550e-09
1.790751809198728173e-01 5.923539424250853768e-09
1.907296212577638539e-01 6.435269349816110355e-09
2.031180993447962990e-01 7.062010211341037206e-09
2.157282698469407123e-01 7.801445895306191445e-09
2.283384403490833492e-01 8.660224725037023322e-09
2.409486108512259861e-01 9.658579355216099775e-09
2.535587813533703994e-01 1.082052655977482494e-08
2.661689518555130363e-01 1.217458840251553497e-08
2.787791223576556732e-01 1.375465420358744463e-08
2.913892928598000864e-01 1.560100960273013107e-08
3.039994633619427233e-01 1.776156888828935961e-08
3.166096338640853602e-01 2.029334399528163500e-08
3.292198043662297735e-01 2.326419076087134643e-08
3.418299748683724104e-01 2.675492002000541407e-08
3.544401453705150473e-01 3.086177679937770573e-08
3.670503158726594606e-01 3.569942725533639586e-08
3.796604863748020975e-01 4.140450524138739990e-08
3.922706568769447344e-01 4.813983881372925380e-08
4.048808273790891477e-01 5.609948131464959481e-08
4.174909978812317846e-01 6.551469621807778789e-08
4.301011683833744215e-01 7.666107122077052857e-08
4.427113388855188347e-01 8.986697057556337792e-08
4.553215093876614716e-01 1.055235582190589831e-07
4.679316798898041085e-01 1.240966991911526477e-07
4.805418503919485218e-01 1.461410445309501479e-07
4.931520208940911587e-01 1.723167148717271756e-07
5.057621913962337956e-01 2.034090209779728439e-07
5.183723618983782089e-01 2.403517606494340673e-07
5.309825324005208458e-01 2.842547276767304242e-07
5.435927029026652590e-01 3.364361097315447504e-07
5.562028734048078960e-01 3.984606521970313169e-07
5.688130439069505329e-01 4.721845489139498380e-07
5.814232144090949461e-01 5.598081513731965203e-07
5.940333849112375830e-01 6.639378411060091956e-07
6.066435554133802199e-01 7.876583914330497634e-07
6.192537259155246332e-01 9.346179739607063500e-07
6.318638964176672701e-01 1.109127032054802515e-06
6.444740669198099070e-01 1.316274022649422912e-06
6.570842374219543203e-01 1.562060116183229105e-06
6.696944079240969572e-01 1.853556026183778270e-06
6.823045784262395941e-01 2.199084143875348427e-06
6.949147489283840073e-01 2.608429902138867379e-06
7.075249194305266442e-01 3.093086568104155469e-06
7.201350899326692812e-01 3.666538417438567703e-06
7.327452604348136944e-01 4.344587655662586108e-06
7.453554309369563313e-01 5.145731317006920809e-06
7.579656014390989682e-01 6.091595023080480509e-06
7.705757719412433815e-01 7.207431358963442646e-06
7.831859424433860184e-01 8.522691556611007235e-06
7.957961129455286553e-01 1.007167998703218047e-05
8.084062834476730686e-01 1.189430211582185143e-05
8.210164539498157055e-01 1.403691791847716183e-05
8.336266244519583424e-01 1.655331371292972047e-05
8.462367949541027556e-01 1.950580670308800751e-05
8.588469654562453925e-01 2.296649794062058375e-05
8.714571359583880295e-01 2.701869085761652431e-05
8.840673064605324427e-01 3.175849435258407913e-05
8.966774769626750796e-01 3.729663049131323472e-05
9.092876474648177165e-01 4.376046877674522631e-05
9.218978179669621298e-01 5.129631046727121360e-05
9.345079884691047667e-01 6.007194852258471656e-05
9.471181589712474036e-01 7.027953008583356768e-05
9.597283294733918169e-01 8.213874994209626216e-05
9.723384999755344538e-01 9.590040508084740547e-05
9.849486704776770907e-01 1.118503424245258221e-04
9.975588409798215039e-01 1.303138325691139223e-04
1.010169011481964141e+00 1.516604035668898346e-04
1.022779181984106778e+00 1.763091702370225941e-04
1.035389352486251191e+00 2.047346946108383929e-04
1.047999522988393828e+00 2.374734136959942717e-04
1.060609693490536465e+00 2.751306704470500401e-04
1.073219863992680878e+00 3.183883837104340472e-04
1.085830034494823515e+00 3.680133909949986275e-04
1.098440204996966152e+00 4.248664961871541162e-04
1.111050375499110565e+00 4.899122529857559416e-04
1.123660546001253202e+00 5.642296186479171501e-04
1.136270716503395839e+00 6.490227414646668668e-04
1.148880887005540252e+00 7.456341747367732382e-04
1.161491057507682889e+00 8.555567350904451579e-04
1.174101228009825526e+00 9.804478002979743340e-04
1.186711398511969939e+00 1.122143767740609510e-03
1.199321569014112576e+00 1.282675414876123738e-03
1.211931739516255213e+00 1.464284026250620326e-03
1.224541910018399626e+00 1.669438247475317234e-03
1.237152080520542263e+00 1.900851612052090710e-03
1.249762251022684900e+00 2.161500671188334305e-03
1.262372421524829313e+00 2.454643639547078333e-03
1.274982592026971950e+00 2.783839450586206125e-03
1.287592762529114587e+00 3.152967094617290141e-03
1.300202933031259001e+00 3.566245098260745466e-03
1.312813103533401637e+00 4.028250971802116789e-03
1.325423274035544274e+00 4.543940432063987671e-03
1.338033444537688688e+00 5.118666184822053510e-03
1.350643615039831325e+00 5.758196012184305795e-03
1.363253785541973961e+00 6.468729978668995122e-03
1.375863956044118375e+00 7.256916277840912144e-03
1.388474126546261012e+00 8.129865625298528242e-03
1.401084297048403648e+00 9.095163724879288397e-03
1.413694467550548062e+00 1.016088148917322805e-02
1.426304638052690699e+00 1.133558262685068277e-02
1.438914808554833336e+00 1.262832820029208963e-02
1.451524979056977749e+00 1.404867774084052334e-02
1.464135149559120386e+00 1.560668649769727384e-02
1.476745320061263023e+00 1.731289838384965016e-02
1.489355490563407436e+00 1.917833427048878936e-02
1.501965661065550073e+00 2.121447485869524391e-02
1.514575831567692710e+00 2.343323831821649689e-02
1.527186002069837123e+00 2.584695172354671555e-02
1.539796172571979760e+00 2.846831616326819109e-02
1.552406343074122397e+00 3.131036489061166800e-02
1.565016513576266810e+00 3.438641557365324647e-02
1.577626684078409447e+00 3.771001294533515846e-02
1.590236854580552084e+00 4.129486616914115199e-02
1.602847025082696497e+00 4.515477740581913535e-02
1.615457195584839134e+00 4.930356281743548952e-02
1.628067366086981771e+00 5.375496578657371072e-02
1.640677536589126184e+00 5.852256243104032862e-02
1.653287707091268821e+00 6.361967873911322791e-02
1.665897877593411458e+00 6.905918554750026250e-02
1.678508048095555871e+00 7.485357390450539383e-02
1.691118218597698508e+00 8.101464104596578508e-02
1.703728389099841145e+00 8.755345785474429043e-02
1.716338559601985558e+00 9.448021637599240963e-02
1.728948730104128195e+00 1.018040923083280702e-01
1.741558900606270832e+00 1.095331042621251749e-01
1.754169071108415245e+00 1.176739708736493778e-01
1.766779241610557882e+00 1.262319669708658609e-01
1.779389412112700519e+00 1.352107800912007995e-01
1.791999582614844932e+00 1.446123687490420695e-01
1.804609753116987569e+00 1.544368239380369268e-01
1.817219923619130206e+00 1.646822354281786138e-01
1.829830094121274620e+00 1.753445651983330522e-01
1.842440264623417256e+00 1.864175258593825102e-01
1.855050435125559893e+00 1.978924740341341248e-01
1.867660605627704307e+00 2.097583109694647341e-01
1.880270776129846944e+00 2.220013979719838160e-01
1.892880946631989580e+00 2.346054863900716159e-01
1.905491117134133994e+00 2.475516601153267826e-01
1.918101287636276631e+00 2.608183148907516902e-01
1.930711458138419268e+00 2.743811199479754270e-01
1.943321628640563681e+00 2.882130361608988278e-01
1.955931799142706318e+00 3.022843383283823071e-01
1.968541969644848955e+00 3.165626635304180092e-01
1.981152140146993368e+00 3.310130825233695839e-01
1.993762310649136005e+00 3.455981952792410161e-01
2.006372481151278642e+00 3.602782503121592095e-01
2.018982651653423055e+00 3.750112881871293657e-01
2.031592822155565692e+00 3.897533088315958127e-01
2.044202992657708329e+00 4.044584621408045533e-01
2.056813163159852742e+00 4.190792610697065546e-01
2.069423333661995379e+00 4.335668161220190830e-01
2.082033504164138016e+00 4.478710898671468543e-01
2.094643674666282429e+00 4.619411698414331857e-01
2.107253845168425066e+00 4.757255579268242496e-01
2.119864015670569479e+00 4.891724740503756719e-01
2.132474186172712116e+00 5.022301718171702234e-01
2.145084356674854753e+00 5.148472634806046111e-01
2.157694527176999166e+00 5.269730514710194713e-01
2.170304697679141803e+00 5.385578635507973777e-01
2.182914868181284440e+00 5.495533885427948961e-01
2.195525038683428853e+00 5.599130094932974755e-01
2.208135209185571490e+00 5.695921310820765138e-01
2.220745379687714127e+00 5.785484980821591350e-01
2.233355550189858540e+00 5.867425017019479716e-01
2.245965720692001177e+00 5.941374707126099164e-01
2.258575891194143814e+00 6.006999443738644251e-01
2.271186061696288228e+00 6.063999243209801104e-01
2.283796232198430864e+00 6.112111027632094462e-01
2.296406402700573501e+00 6.151110645668766974e-01
2.309016573202717915e+00 6.180814610440716894e-01
2.321626743704860552e+00 6.201081535779886522e-01
2.334236914207003188e+00 6.211813255230919095e-01
2.346847084709147602e+00 6.212955611159628466e-01
2.359457255211290239e+00 6.204498905219069105e-01
2.372067425713432876e+00 6.186478004989297563e-01
2.384677596215577289e+00 6.158972105310134282e-01
2.397287766717719926e+00 6.122104146582705297e-01
2.409897937219862563e+00 6.076039896035013710e-01
2.422508107722006976e+00 6.020986701591484191e-01
2.435118278224149613e+00 5.957191931494515424e-01
2.447728448726292250e+00 5.884941116163814323e-01
2.460338619228436663e+00 5.804555811884525296e-01
2.472948789730579300e+00 5.716391208761328890e-01
2.485558960232721937e+00 5.620833507909183124e-01
2.498169130734866350e+00 5.518297095062273394e-01
2.510779301237008987e+00 5.409221539615003405e-01
2.523389471739151624e+00 5.294068522549282285e-01
2.535999642241296037e+00 5.173318292560087350e-01
2.548609812743438674e+00 5.047466748191891117e-01
2.561219983245581311e+00 4.917021778521989406e-01
2.573830153747725724e+00 4.782499928084606444e-01
2.586440324249868361e+00 4.644423011279384395e-01
2.599050494752010998e+00 4.503314773577654084e-01
2.611660665254155411e+00 4.359697629030843125e-01
2.624270835756298048e+00 4.214089405775875430e-01
2.636881006258440685e+00 4.067000702976178439e-01
2.649491176760585098e+00 3.918931438867537254e-01
2.662101347262727735e+00 3.770368536473104881e-01
2.674711517764870372e+00 3.621783322837089369e-01
2.687321688267014785e+00 3.473629240716574751e-01
2.699931858769157422e+00 3.326339745593245856e-01
2.712542029271300059e+00 3.180326531742918572e-01
2.725152199773444472e+00 3.035977872510446929e-01
2.737762370275587109e+00 2.893657301676145766e-01
2.750372540777729746e+00 2.753702504288053077e-01
2.762982711279874160e+00 2.616424460469659041e-01
2.775592881782016796e+00 2.482106832309532995e-01
2.788203052284159433e+00 2.351005587873286617e-01
2.800813222786303847e+00 2.223348854138717245e-01
2.813423393288446483e+00 2.099336988631191614e-01
2.826033563790589120e+00 1.979142863589760659e-01
2.838643734292733534e+00 1.862912313498527872e-01
2.851253904794876171e+00 1.750764816073616670e-01
2.863864075297018807e+00 1.642794299886506937e-01
2.876474245799163221e+00 1.539070076529210074e-01
2.889084416301305858e+00 1.439637947351867786e-01
2.901694586803448495e+00 1.344521393909266505e-01
2.914304757305592908e+00 1.253722866610595954e-01
2.926914927807735545e+00 1.167225148543902247e-01
2.939525098309878182e+00 1.084992777226844035e-01
2.952135268812022595e+00 1.006973507561804426e-01
2.964745439314165232e+00 9.330997998320438025e-02
2.977355609816307869e+00 8.632903184849567702e-02
2.989965780318452282e+00 7.974514246670247331e-02
3.002575950820594919e+00 7.354786540308205778e-02
3.015186121322737556e+00 6.772581631201367303e-02
3.027796291824881969e+00 6.226681363357160215e-02
3.040406462327024606e+00 5.715801429851433829e-02
3.053016632829167243e+00 5.238604362550518256e-02
3.065626803331311656e+00 4.793711870758855104e-02
3.078236973833454293e+00 4.379716470973499254e-02
3.090847144335596930e+00 3.995192362102692463e-02
3.103457314837741343e+00 3.638705512204434139e-02
3.116067485339883980e+00 3.308822933934930238e-02
3.128677655842026617e+00 3.004121136343445436e-02
3.141287826344171030e+00 2.723193750342704084e-02
3.153897996846313667e+00 2.464658334043616505e-02
3.166508167348456304e+00 2.227162372141333266e-02
3.179118337850600717e+00 2.009388490632588176e-02
3.191728508352743354e+00 1.810058914329994509e-02
3.204338678854885991e+00 1.627939199912754875e-02
3.216948849357030404e+00 1.461841281636429637e-02
3.229559019859173041e+00 1.310625870338347383e-02
3.242169190361315678e+00 1.173204249063465252e-02
3.254779360863460091e+00 1.048539510538054609e-02
3.267389531365602728e+00 9.356472828954588358e-03
3.279999701867745365e+00 8.335959905605590942e-03
3.292609872369889779e+00 7.415066970972370754e-03
3.305220042872032415e+00 6.585525761752164010e-03
3.317830213374175052e+00 5.839580556893288026e-03
3.330440383876319466e+00 5.169976785296307754e-03
3.343050554378462103e+00 4.569947215955814414e-03
3.355660724880604739e+00 4.033196126910238571e-03
3.368270895382749153e+00 3.553881818307736296e-03
3.380881065884891790e+00 3.126597823839970692e-03
3.393491236387034427e+00 2.746353130120229250e-03
3.406101406889178840e+00 2.408551700757932679e-03
3.418711577391321477e+00 2.108971567194554628e-03
3.431321747893464114e+00 1.843743723130698235e-03
3.443931918395608527e+00 1.609331032355089614e-03
3.456542088897751164e+00 1.402507333824159390e-03
3.469152259399893801e+00 1.220336902935595250e-03
3.481762429902038214e+00 1.060154404291181914e-03
3.494372600404180851e+00 9.195454489931195047e-04
3.506982770906323488e+00 7.963278487950927994e-04
3.519592941408467901e+00 6.885339501415288933e-04
3.532203111910610538e+00 5.943922043361018689e-04
3.544813282412753175e+00 5.123126344300461604e-04
3.557423452914897588e+00 4.408710379346225802e-04
3.570033623417040225e+00 3.787933531719742401e-04
3.582643793919182862e+00 3.249431144505664378e-04
3.595253964421327275e+00 2.783084996873186009e-04
3.607864134923469912e+00 2.379905310458983530e-04
3.620474305425612549e+00 2.031921368332986679e-04
3.633084475927756962e+00 1.732080467408641622e-04
3.645694646429899599e+00 1.474154880596033085e-04
3.658304816932042236e+00 1.252656470617544387e-04
3.670914987434186649e+00 1.062758572186395180e-04
3.683525157936329286e+00 9.002247421786163401e-05
3.696135328438471923e+00 7.613439675200489327e-05
3.708745498940616336e+00 6.428719168379661887e-05
3.721355669442758973e+00 5.419778235969051035e-05
3.733965839944901610e+00 4.561965946161321782e-05
3.746576010447046023e+00 3.833857477857095504e-05
3.759186180949188660e+00 3.216867957522339321e-05
3.771796351451333074e+00 2.694907076932029385e-05
3.784406521953475711e+00 2.254070987790666848e-05
3.797016692455618347e+00 1.882368129102310439e-05
3.809626862957762761e+00 1.569475923625257845e-05
3.822237033459905398e+00 1.306525303693602856e-05
3.834847203962048034e+00 1.085910443868197178e-05
3.847457374464192448e+00 9.011211018099250406e-06
3.860067544966335085e+00 7.465952501840701092e-06
3.872677715468477722e+00 6.175898462405828896e-06
3.885287885970622135e+00 5.100677704261774414e-06
3.897898056472764772e+00 4.205991387276508228e-06
3.910508226974907409e+00 3.462753577087641400e-06
3.923118397477051822e+00 2.846344458267696591e-06
3.935728567979194459e+00 2.335962892772762792e-06
3.948338738481337096e+00 1.914066351925568609e-06
3.960948908983481509e+00 1.565887495508913879e-06
3.973559079485624146e+00 1.279017818186157513e-06
3.986169249987766783e+00 1.043049834305006340e-06
3.998779420489911196e+00 8.492702308814815336e-07
4.011389590992053833e+00 6.903972895695638011e-07
4.023999761494196470e+00 5.603566665132350495e-07
4.036609931996340883e+00 4.540903292679592309e-07
4.049220102498483520e+00 3.673940877468455846e-07
4.061830273000626157e+00 2.967797267289095970e-07
4.074440443502770570e+00 2.393582561496437959e-07
4.087050614004913207e+00 1.927412473567538541e-07
4.099660784507055844e+00 1.549576237538461800e-07
4.112270955009200257e+00 1.243836275555388214e-07
4.124881125511342894e+00 9.968399526615484110e-08
4.137491296013485531e+00 7.976264722700428815e-08
4.150101466515629944e+00 6.372143512173410114e-08
4.162711637017772581e+00 5.082569936050454254e-08
4.175321807519915218e+00 4.047556916450853824e-08
4.187931978022059631e+00 3.218209503804460767e-08
4.200542148524202268e+00 2.554743896303037488e-08
4.213152319026344905e+00 2.024846459974294826e-08
4.225762489528489319e+00 1.602317062064708527e-08
4.238372660030631955e+00 1.265949589914236622e-08
4.250982830532774592e+00 9.986100341921144285e-09
4.263593001034919006e+00 7.864786906203230419e-09
4.276203171537061642e+00 6.184284769562949632e-09
4.288813342039204279e+00 4.855158897148032285e-09
4.301423512541348693e+00 3.805649870771656140e-09
4.314033683043491330e+00 2.978280441969100215e-09
4.326643853545633966e+00 2.327092747836030711e-09
4.339254024047778380e+00 1.815403233446316989e-09
4.351864194549921017e+00 1.413981707499007092e-09
4.364474365052063654e+00 1.099577180124668208e-09
4.377084535554208067e+00 8.537266773330988821e-10
4.389694706056350704e+00 6.617945110593477496e-10
4.402304876558493341e+00 5.121988631500566334e-10
4.414915047060635978e+00 3.957903199154284998e-10
4.427525217562778614e+00 3.053534298836044306e-10
4.440135388064924804e+00 2.352076709077575366e-10
4.452745558567067441e+00 1.808885898571301744e-10
4.465355729069210078e+00 1.388934758891516342e-10
4.477965899571352715e+00 1.064788790504923674e-10
4.490576070073495352e+00 8.149970080398587139e-11
4.503186240575637989e+00 6.228155509685613189e-11
4.515796411077784178e+00 4.751970553224160914e-11
4.528406581579926815e+00 3.619919087901465069e-11
4.541016752082069452e+00 2.753181140989055294e-11
4.553626922584212089e+00 2.090650706744400507e-11
4.566237093086354726e+00 1.585035213570701719e-11
4.578847263588500915e+00 1.199795044265454411e-11
4.591457434090643552e+00 9.067465195136718807e-12
4.604067604592786189e+00 6.841878969031288194e-12
4.616677775094928826e+00 5.154368998404391021e-12
4.629287945597071463e+00 3.876914525422333534e-12
4.641898116099214100e+00 2.911437824276293218e-12
4.654508286601360290e+00 2.182927742030959935e-12
4.667118457103502926e+00 1.634111627505953279e-12
4.679728627605645563e+00 1.221334354403863430e-12
4.692338798107788200e+00 9.113766409939725147e-13
4.704948968609930837e+00 6.790029383413662896e-13
4.717559139112073474e+00 5.050749491608126645e-13
4.730169309614219664e+00 3.751028750881040054e-13
4.742779480116362301e+00 2.781347934940223233e-13
4.755389650618504938e+00 2.059067514111997812e-13
4.767999821120647574e+00 1.521935216162542483e-13
4.780609991622790211e+00 1.123135189389867151e-13
4.793220162124932848e+00 8.275193673242768237e-14
4.805830332627079038e+00 6.087437831390002661e-14
4.818440503129221675e+00 4.470963525143470504e-14
4.831050673631364312e+00 3.278520522518453920e-14
4.843660844133506949e+00 2.400296293333721937e-14
4.856271014635649586e+00 1.754534640570438265e-14
4.868881185137792222e+00 1.280469272764551418e-14
4.881491355639938412e+00 9.330103764795942984e-15
4.894101526142081049e+00 6.787562817572758298e-15
4.906711696644223686e+00 4.930049763358262674e-15
4.919321867146366323e+00 3.575187099817452213e-15
4.931932037648508960e+00 2.588548189798734916e-15
4.944542208150651597e+00 1.871215130486082041e-15
4.957152378652797786e+00 1.350520406596677969e-15
4.969762549154940423e+00 9.731695773960408253e-16
4.982372719657083060e+00 7.001414956674080780e-16
4.994982890159225697e+00 5.029131736447205384e-16
5.007593060661368334e+00 3.606700538383517228e-16
5.020203231163510971e+00 2.582480287382860226e-16
5.032813401665657160e+00 1.846178897910389953e-16
5.045423572167799797e+00 1.317711590365888112e-16
5.058033742669942434e+00 9.390241156418732866e-17
5.070643913172085071e+00 6.681021992806324875e-17
5.083254083674227708e+00 4.745902509066491324e-17
5.095864254176370345e+00 3.365925193127781180e-17
5.108474424678516534e+00 2.383415847593166129e-17
5.121084595180659171e+00 1.685019309976291405e-17
5.133694765682801808e+00 1.189377226587625626e-17
5.146304936184944445e+00 8.381929678373957182e-18
5.158915106687087082e+00 5.897637104433114971e-18
5.171525277189229719e+00 4.143064538430336145e-18
5.184135447691375909e+00 2.905861779696524593e-18
5.196745618193518546e+00 2.034875246388547782e-18
5.209355788695661182e+00 1.422689702317709285e-18
5.221965959197803819e+00 9.930980597491409301e-19
5.234576129699946456e+00 6.921235172611080745e-19
5.247186300202089093e+00 4.815979040807794728e-19
5.259796470704235283e+00 3.345762134309174638e-19
5.272406641206377920e+00 2.320678661501806786e-19
5.285016811708520557e+00 1.607105592298697645e-19
5.297626982210663193e+00 1.111177027881207929e-19
5.310237152712805830e+00 7.670638532590964021e-20
5.322847323214948467e+00 5.286755007603666727e-20
5.335457493717094657e+00 3.637945930776465849e-20
5.348067664219237294e+00 2.499382156562783853e-20
5.360677834721379931e+00 1.714424812189530173e-20
5.373288005223522568e+00 1.174122900416842258e-20
5.385898175725665205e+00 8.028196509532755612e-21
5.398508346227807841e+00 5.480645778410771536e-21
5.411118516729954031e+00 3.735551784444441460e-21
5.423728687232096668e+00 2.542067393812942491e-21
5.436338857734239305e+00 1.727144264128902169e-21
5.448949028236381942e+00 1.171600123736794654e-21
5.461559198738524579e+00 7.934862895844682698e-22
5.474169369240667216e+00 5.365480906202839845e-22
5.486779539742813405e+00 3.622322163767218758e-22
5.499389710244956042e+00 2.441600864986440382e-22
5.511999880747098679e+00 1.643128124569464260e-22
5.524610051249241316e+00 1.104021003046842674e-22
5.537220221751383953e+00 7.406147784369871342e-23
5.549830392253526590e+00 4.960398063076568092e-23
5.562440562755672779e+00 3.317032960206504390e-23
5.575050733257815416e+00 2.214583869710656220e-23
5.587660903759958053e+00 1.476194390700025890e-23
5.600271074262100690e+00 9.824354560268559455e-24
5.612881244764243327e+00 6.527900842499565577e-24
5.625491415266385964e+00 4.330640171406084983e-24
5.638101585768532154e+00 2.868399691599751515e-24
5.650711756270674790e+00 1.896864181934850291e-24
5.663321926772817427e+00 1.252396348061692261e-24
5.675932097274960064e+00 8.255746008120905372e-25
5.688542267777102701e+00 5.433501786139669228e-25
5.701152438279245338e+00 3.570362001526235488e-25
5.713762608781391528e+00 2.342359889058027258e-25
5.726372779283534165e+00 1.534277488559526464e-25
5.738982949785676801e+00 1.003374616082297580e-25
5.751593120287819438e+00 6.551356003289636066e-26
5.764203290789962075e+00 4.270789534544302103e-26
5.776813461292104712e+00 2.779674908574744327e-26
5.789423631794250902e+00 1.806295075349712214e-26
5.802033802296393539e+00 1.171904522150886536e-26
5.814643972798536176e+00 7.591097871726601474e-27
5.827254143300678813e+00 4.909370032322358210e-27
5.839864313802821449e+00 3.169974341412263073e-27
5.852474484304964086e+00 2.043593522012179621e-27
5.865084654807110276e+00 1.315352232002547078e-27
5.877694825309252913e+00 8.452756937852475236e-28
5.890304995811395550e+00 5.423297758996167905e-28
5.902915166313538187e+00 3.474059559501637762e-28
5.915525336815680824e+00 2.221875907005001028e-28
5.928135507317823460e+00 1.418766931256533450e-28
5.940745677819969650e+00 9.045051018228440799e-29
5.953355848322112287e+00 5.757310846453533953e-29
5.965966018824254924e+00 3.658786080685225738e-29
5.978576189326397561e+00 2.321469749143970094e-29
5.991186359828540198e+00 1.470610622199128909e-29
6.003796530330682835e+00 9.301243542529445698e-30
6.016406700832829024e+00 5.873445859639113615e-30
6.029016871334971661e+00 3.702998607452699628e-30
6.041627041837114298e+00 2.330895167220312117e-30
6.054237212339256935e+00 1.464874897223778514e-30
6.066847382841399572e+00 9.191511264649532746e-31
6.079457553343542209e+00 5.758135645204790771e-31
6.092067723845688398e+00 3.601516665267551435e-31
6.104677894347831035e+00 2.249041788349383333e-31
6.117288064849973672e+00 1.402226496319227346e-31
6.129898235352116309e+00 8.728655454567171886e-32
6.142508405854258946e+00 5.424816589738544617e-32
6.155118576356401583e+00 3.366133099235416549e-32
6.167728746858547773e+00 2.085383893114948310e-32
6.180338917360690409e+00 1.289879797670649486e-32
6.192949087862833046e+00 7.965645077850774106e-33
6.205559258364975683e+00 4.911352861415794641e-33
6.218169428867118320e+00 3.023359478347387254e-33
6.230779599369264510e+00 1.858176198409828790e-33
6.243389769871407147e+00 1.140229944351405700e-33
6.255999940373549784e+00 6.985643619056668317e-34
6.268610110875692421e+00 4.272960065844353238e-34
6.281220281377835057e+00 2.609514154295899209e-34
6.293830451879977694e+00 1.591105161427378354e-34
6.306440622382123884e+00 9.686045557700714200e-35
6.319050792884266521e+00 5.887114948594279215e-35
6.331660963386409158e+00 3.572456093256722634e-35
6.344271133888551795e+00 2.164410590979522625e-35
6.356881304390694432e+00 1.309244498782674860e-35
6.369491474892837068e+00 7.906972212893776493e-36
6.382101645394983258e+00 4.767689957556125107e-36
6.394711815897125895e+00 2.870213000883592636e-36
6.407321986399268532e+00 1.725156777313348960e-36
6.419932156901411169e+00 1.035264496310889147e-36
6.432542327403553806e+00 6.202722808469968969e-37
6.445152497905696443e+00 3.710408437987350615e-37
6.457762668407842632e+00 2.215997915953106248e-37
6.470372838909985269e+00 1.321372458918748273e-37
6.482983009412127906e+00 7.866642592415823035e-38
6.495593179914270543e+00 4.675863713469035288e-38
6.508203350416413180e+00 2.774869206552754908e-38
6.520813520918555817e+00 1.644112115873684329e-38
6.533423691420702006e+00 9.725872515487565694e-39
6.546033861922844643e+00 5.744257996097086848e-39
6.558644032424987280e+00 3.387252061107310094e-39
6.571254202927129917e+00 1.994202695309966517e-39
6.583864373429272554e+00 1.172193418439785495e-39
6.596474543931415191e+00 6.879192246297038378e-40
6.609084714433561381e+00 4.030730801308120028e-40
6.621694884935704017e+00 2.357970205858693230e-40
6.634305055437846654e+00 1.377212626606578733e-40
6.646915225939989291e+00 8.031040821445822719e-41
6.659525396442131928e+00 4.675744999716753540e-41
6.672135566944274565e+00 2.717927962358546789e-41
6.684745737446420755e+00 1.577368618423279561e-41
6.697355907948563392e+00 9.139797504953594658e-42
6.709966078450706028e+00 5.287471829389327614e-42
6.722576248952848665e+00 3.053990391868381700e-42
6.735186419454991302e+00 1.761146019833642016e-42
6.747796589957133939e+00 1.013984126687748967e-42
6.760406760459280129e+00 5.828744667410413822e-43
6.773016930961422766e+00 3.345237696274325389e-43
6.785627101463565403e+00 1.916845022851927364e-43
6.798237271965708040e+00 1.096617272433363579e-43
6.810847442467850676e+00 6.263703850239637499e-44
6.823457612969993313e+00 3.572032452547613921e-44
6.836067783472139503e+00 2.033797055872050248e-44
6.848677953974282140e+00 1.156133176384345500e-44
6.861288124476424777e+00 6.561696473365288265e-45
6.873898294978567414e+00 3.718197264310625821e-45
6.886508465480710051e+00 2.103568825299478771e-45
6.899118635982852688e+00 1.188198574308611847e-45
6.911728806484998877e+00 6.700841150140448292e-46
6.924338976987141514e+00 3.772920082224476315e-46
6.936949147489284151e+00 2.120966798111787672e-46
6.949559317991426788e+00 1.190414224075726627e-46
6.962169488493569425e+00 6.670683133063498573e-47
6.974779658995712062e+00 3.732075964957214670e-47
6.987389829497858251e+00 2.084676118160273582e-47
7.000000000000000888e+00 1.162611603272805357e-47
