1.000000000000000000e+00
1.000000000000000000e+00
1.000000000000000000e+00
9.666144760760752019e-01
9.226051004090932706e-01
8.783828538932325625e-01
8.456691985668399747e-01
8.205267102084713438e-01
7.863990585468613181e-01
7.817129285811048600e-01
7.891184878495791644e-01
7.817519414698795854e-01
7.768961193130933252e-01
7.805701113243973532e-01
7.805993344360155906e-01
7.806079315767616711e-01
7.816321402731946089e-01
7.836306127698754453e-01
7.849718485043077898e-01
7.830913073822722836e-01
7.809558850314789469e-01
7.799463014655442228e-01
7.793520554431641045e-01
7.773889782412398697e-01
7.734842744342552701e-01
7.700693596555062692e-01
7.709229596178543975e-01
7.721471376708927137e-01
7.721471376708927137e-01
7.748805243913933216e-01
7.745043560892895806e-01
7.785626985676914469e-01
7.767870623566297539e-01
7.760952905563319737e-01
7.771066475505624682e-01
7.773985085689819607e-01
7.793543629551669127e-01
7.796568492815345586e-01
7.781689803950793127e-01
7.746680109344512566e-01
7.743937945992233063e-01
7.760548698432543357e-01
7.737032912217938208e-01
7.750279165977401741e-01
7.745294661678359116e-01
7.742766772641886952e-01
7.742766772641886952e-01
7.760331679762074719e-01
7.758033151418320950e-01
7.758033151418320950e-01
7.765398234485920703e-01
7.754235289350449589e-01
7.757823721214084367e-01
7.747231540241713565e-01
7.723708559210050728e-01
7.719615642702589708e-01
7.719615642702589708e-01
7.717609598362888956e-01
7.721518009671710647e-01
7.706174274609274288e-01
7.717337219744745402e-01
7.717337219744745402e-01
7.732445649142998256e-01
7.732445649142998256e-01
7.732445649142998256e-01
7.735268136062452005e-01
7.733476222739891215e-01
7.750340970430630305e-01
7.750340970430630305e-01
7.750340970430630305e-01
7.750340970430630305e-01
7.750340970430630305e-01
7.756652079023668156e-01
7.756652079023668156e-01
7.756652079023668156e-01
7.743162920207146138e-01
7.743162920207146138e-01
7.743162920207146138e-01
7.743162920207146138e-01
7.743162920207146138e-01
7.744517047722788705e-01
7.743116126224383056e-01
7.743116126224383056e-01
7.743116126224383056e-01
7.756605285040906184e-01
7.759119709147344057e-01
7.759119709147344057e-01
7.759119709147344057e-01
7.764337994960995859e-01
7.764337994960995859e-01
7.764337994960995859e-01
7.764337994960995859e-01
7.750848836144472731e-01
7.750848836144472731e-01
7.749648192835356664e-01
7.749648192835356664e-01
7.749648192835356664e-01
7.749648192835356664e-01
7.749648192835356664e-01
7.749648192835356664e-01
7.749648192835356664e-01
7.763137351651879792e-01
7.763137351651879792e-01
7.763137351651879792e-01
7.763137351651879792e-01
7.762077477902451506e-01
7.762077477902451506e-01
7.762077477902451506e-01
7.762077477902451506e-01
7.748588319085928378e-01
7.748588319085928378e-01
7.750594363425629130e-01
7.750594363425629130e-01
7.750594363425629130e-01
7.750594363425629130e-01
7.750594363425629130e-01
7.750594363425629130e-01
7.764083522242151147e-01
7.764083522242151147e-01
7.764083522242151147e-01
7.764083522242151147e-01
7.764083522242151147e-01
7.764083522242151147e-01
7.764083522242151147e-01
7.764083522242151147e-01
7.764083522242151147e-01
7.764083522242151147e-01
7.764083522242151147e-01
7.764083522242151147e-01
7.764083522242151147e-01
7.763222382776986397e-01
7.763222382776986397e-01
7.763222382776986397e-01
7.763222382776986397e-01
7.763222382776986397e-01
7.763222382776986397e-01
7.763222382776986397e-01
7.763222382776986397e-01
7.763222382776986397e-01
7.763222382776986397e-01
7.763222382776986397e-01
7.763222382776986397e-01
7.761216338437285645e-01
7.761216338437285645e-01
7.761216338437285645e-01
7.761216338437285645e-01
7.760450389817288297e-01
7.760450389817288297e-01
7.760450389817288297e-01
7.760450389817288297e-01
7.760450389817288297e-01
7.760450389817288297e-01
7.760450389817288297e-01
7.760450389817288297e-01
7.760450389817288297e-01
7.760450389817288297e-01
7.760450389817288297e-01
7.760450389817288297e-01
7.760450389817288297e-01
7.760450389817288297e-01
7.760450389817288297e-01
7.760450389817288297e-01
7.760450389817288297e-01
7.760450389817288297e-01
7.760450389817288297e-01
7.760450389817288297e-01
7.760450389817288297e-01
7.760450389817288297e-01
7.760450389817288297e-01
7.760450389817288297e-01
7.760450389817288297e-01
7.760450389817288297e-01
7.760450389817288297e-01
7.760450389817288297e-01
7.760450389817288297e-01
7.760450389817288297e-01
7.760450389817288297e-01
7.760450389817288297e-01
7.760450389817288297e-01
7.760450389817288297e-01
7.760450389817288297e-01
7.760450389817288297e-01
7.760450389817288297e-01
7.760450389817288297e-01
7.760450389817288297e-01
7.760450389817288297e-01
7.760450389817288297e-01
7.760450389817288297e-01
7.760450389817288297e-01
7.760450389817288297e-01
7.760450389817288297e-01
7.760450389817288297e-01
7.760450389817288297e-01
7.760450389817288297e-01
7.760450389817288297e-01
7.760450389817288297e-01
7.760450389817288297e-01
7.760450389817288297e-01
7.760450389817288297e-01
7.760450389817288297e-01
7.760450389817288297e-01
7.760450389817288297e-01
7.760450389817288297e-01
7.760450389817288297e-01
7.760450389817288297e-01
7.760450389817288297e-01
7.760450389817288297e-01
7.760450389817288297e-01
7.760450389817288297e-01
7.760450389817288297e-01
7.760450389817288297e-01
7.760450389817288297e-01
7.760450389817288297e-01
7.760450389817288297e-01
7.760450389817288297e-01
7.760450389817288297e-01
7.760450389817288297e-01
7.760450389817288297e-01
7.759937831889630599e-01
7.759937831889630599e-01
7.759937831889630599e-01
7.759937831889630599e-01
7.759937831889630599e-01
7.759937831889630599e-01
7.759937831889630599e-01
7.759937831889630599e-01
7.759937831889630599e-01
7.759937831889630599e-01
7.759937831889630599e-01
7.759937831889630599e-01
7.759937831889630599e-01
7.759937831889630599e-01
7.759937831889630599e-01
7.759937831889630599e-01
7.759937831889630599e-01
7.759937831889630599e-01
7.759937831889630599e-01
7.759937831889630599e-01
7.759937831889630599e-01
7.759937831889630599e-01
7.759937831889630599e-01
7.759937831889630599e-01
7.759937831889630599e-01
7.759937831889630599e-01
7.759937831889630599e-01
7.759937831889630599e-01
7.759937831889630599e-01
7.759937831889630599e-01
7.759937831889630599e-01
7.759937831889630599e-01
