1.000000000000000000e+00
9.931578609249535061e-01
9.825958930517066925e-01
9.734810779288015636e-01
9.653761206480613311e-01
9.432861343758226491e-01
9.394095758449000355e-01
9.363262331113972881e-01
9.342911409021111835e-01
9.291974813006097511e-01
9.258336853650223075e-01
9.242224687574815967e-01
9.202092392669820597e-01
9.196496647057653684e-01
9.196496647057653684e-01
9.192481490898046781e-01
9.192481490898046781e-01
9.192481490898046781e-01
9.192481490898046781e-01
9.192481490898046781e-01
9.192481490898046781e-01
9.192481490898046781e-01
9.192481490898046781e-01
9.192481490898046781e-01
9.192481490898046781e-01
9.192481490898046781e-01
9.192481490898046781e-01
9.192481490898046781e-01
9.192481490898046781e-01
9.192481490898046781e-01
9.192481490898046781e-01
9.192481490898046781e-01
9.192481490898046781e-01
9.192481490898046781e-01
9.192481490898046781e-01
9.192481490898046781e-01
9.192481490898046781e-01
9.192481490898046781e-01
9.192481490898046781e-01
9.192481490898046781e-01
9.192481490898046781e-01
9.192481490898046781e-01
9.192481490898046781e-01
9.192481490898046781e-01
9.192481490898046781e-01
9.192481490898046781e-01
9.192481490898046781e-01
9.192481490898046781e-01
9.192481490898046781e-01
9.192481490898046781e-01
9.192481490898046781e-01
9.192481490898046781e-01
9.192481490898046781e-01
9.192481490898046781e-01
9.192481490898046781e-01
9.192481490898046781e-01
9.192481490898046781e-01
9.192481490898046781e-01
9.192481490898046781e-01
9.192481490898046781e-01
9.192481490898046781e-01
9.192481490898046781e-01
9.192481490898046781e-01
9.192481490898046781e-01
9.192481490898046781e-01
9.192481490898046781e-01
9.192481490898046781e-01
9.192481490898046781e-01
9.192481490898046781e-01
9.192481490898046781e-01
9.192481490898046781e-01
9.192481490898046781e-01
9.192481490898046781e-01
9.192481490898046781e-01
9.192481490898046781e-01
9.192481490898046781e-01
9.192481490898046781e-01
9.192481490898046781e-01
9.192481490898046781e-01
9.192481490898046781e-01
9.192481490898046781e-01
9.192481490898046781e-01
9.192481490898046781e-01
9.192481490898046781e-01
9.192481490898046781e-01
9.192481490898046781e-01
9.192481490898046781e-01
9.192481490898046781e-01
9.192481490898046781e-01
9.192481490898046781e-01
9.192481490898046781e-01
9.192481490898046781e-01
9.192481490898046781e-01
9.192481490898046781e-01
9.192481490898046781e-01
9.192481490898046781e-01
9.192481490898046781e-01
9.192481490898046781e-01
9.192481490898046781e-01
9.192481490898046781e-01
9.192481490898046781e-01
9.192481490898046781e-01
9.192481490898046781e-01
9.192481490898046781e-01
9.192481490898046781e-01
9.192481490898046781e-01
9.192481490898046781e-01
9.192481490898046781e-01
9.192481490898046781e-01
9.192481490898046781e-01
9.192481490898046781e-01
9.192481490898046781e-01
9.192481490898046781e-01
9.192481490898046781e-01
9.192481490898046781e-01
9.192481490898046781e-01
9.192481490898046781e-01
9.192481490898046781e-01
9.192481490898046781e-01
9.192481490898046781e-01
9.192481490898046781e-01
9.192481490898046781e-01
9.192481490898046781e-01
9.192481490898046781e-01
9.192481490898046781e-01
9.192481490898046781e-01
9.192481490898046781e-01
9.192481490898046781e-01
9.192481490898046781e-01
9.192481490898046781e-01
9.192481490898046781e-01
9.192481490898046781e-01
9.192481490898046781e-01
9.192481490898046781e-01
9.192481490898046781e-01
9.192481490898046781e-01
9.192481490898046781e-01
9.192481490898046781e-01
9.192481490898046781e-01
9.192481490898046781e-01
9.192481490898046781e-01
9.192481490898046781e-01
9.192481490898046781e-01
9.192481490898046781e-01
9.192481490898046781e-01
9.192481490898046781e-01
9.192481490898046781e-01
9.192481490898046781e-01
9.192481490898046781e-01
9.192481490898046781e-01
9.192481490898046781e-01
9.192481490898046781e-01
9.192481490898046781e-01
9.192481490898046781e-01
9.192481490898046781e-01
9.192481490898046781e-01
9.192481490898046781e-01
9.192481490898046781e-01
9.192481490898046781e-01
9.192481490898046781e-01
9.192481490898046781e-01
9.192481490898046781e-01
9.192481490898046781e-01
9.192481490898046781e-01
9.192481490898046781e-01
9.192481490898046781e-01
9.192481490898046781e-01
9.192481490898046781e-01
9.192481490898046781e-01
9.192481490898046781e-01
9.192481490898046781e-01
9.192481490898046781e-01
9.192481490898046781e-01
9.192481490898046781e-01
9.192481490898046781e-01
9.192481490898046781e-01
9.192481490898046781e-01
9.192481490898046781e-01
9.192481490898046781e-01
9.192481490898046781e-01
9.192481490898046781e-01
9.192481490898046781e-01
9.192481490898046781e-01
9.192481490898046781e-01
9.192481490898046781e-01
9.192481490898046781e-01
9.192481490898046781e-01
9.192481490898046781e-01
9.192481490898046781e-01
9.192481490898046781e-01
9.192481490898046781e-01
9.192481490898046781e-01
9.192481490898046781e-01
9.192481490898046781e-01
9.192481490898046781e-01
9.192481490898046781e-01
9.192481490898046781e-01
9.192481490898046781e-01
9.192481490898046781e-01
9.192481490898046781e-01
9.192481490898046781e-01
9.192481490898046781e-01
9.192481490898046781e-01
9.192481490898046781e-01
9.192481490898046781e-01
9.192481490898046781e-01
9.192481490898046781e-01
9.192481490898046781e-01
9.192481490898046781e-01
9.192481490898046781e-01
9.192481490898046781e-01
9.192481490898046781e-01
9.192481490898046781e-01
9.192481490898046781e-01
9.192481490898046781e-01
9.192481490898046781e-01
9.192481490898046781e-01
9.192481490898046781e-01
9.192481490898046781e-01
9.192481490898046781e-01
9.192481490898046781e-01
9.192481490898046781e-01
9.192481490898046781e-01
9.192481490898046781e-01
9.192481490898046781e-01
9.192481490898046781e-01
9.192481490898046781e-01
9.192481490898046781e-01
9.192481490898046781e-01
9.192481490898046781e-01
9.192481490898046781e-01
9.192481490898046781e-01
9.192481490898046781e-01
9.192481490898046781e-01
9.192481490898046781e-01
9.192481490898046781e-01
9.192481490898046781e-01
9.192481490898046781e-01
9.192481490898046781e-01
9.192481490898046781e-01
9.192481490898046781e-01
9.192481490898046781e-01
9.192481490898046781e-01
9.192481490898046781e-01
9.192481490898046781e-01
9.192481490898046781e-01
9.192481490898046781e-01
9.192481490898046781e-01
9.192481490898046781e-01
9.192481490898046781e-01
