1.000000000000000000e+00
1.000000000000000000e+00
1.000000000000000000e+00
9.880832191896198324e-01
9.614936371624567268e-01
9.511206241923757521e-01
9.481222026569392503e-01
9.481222026569392503e-01
9.509595838888287300e-01
9.504330580947512042e-01
9.504330580947512042e-01
9.504330580947512042e-01
9.504330580947512042e-01
9.504330580947512042e-01
9.504330580947512042e-01
9.504330580947512042e-01
9.504330580947512042e-01
9.504330580947512042e-01
9.504330580947512042e-01
9.504330580947512042e-01
9.504330580947512042e-01
9.504330580947512042e-01
9.504330580947512042e-01
9.504330580947512042e-01
9.504330580947512042e-01
9.504330580947512042e-01
9.504330580947512042e-01
9.504330580947512042e-01
9.504330580947512042e-01
9.504330580947512042e-01
9.504330580947512042e-01
9.504330580947512042e-01
9.504330580947512042e-01
9.504330580947512042e-01
9.504330580947512042e-01
9.504330580947512042e-01
9.504330580947512042e-01
9.504330580947512042e-01
9.504330580947512042e-01
9.504330580947512042e-01
9.449827106569326229e-01
9.449827106569326229e-01
9.449827106569326229e-01
9.449827106569326229e-01
9.449827106569326229e-01
9.449827106569326229e-01
9.449827106569326229e-01
9.449827106569326229e-01
9.449827106569326229e-01
9.449827106569326229e-01
9.449827106569326229e-01
9.449827106569326229e-01
9.449827106569326229e-01
9.449827106569326229e-01
9.449827106569326229e-01
9.449827106569326229e-01
9.449827106569326229e-01
9.449827106569326229e-01
9.449827106569326229e-01
9.449827106569326229e-01
9.449827106569326229e-01
9.449827106569326229e-01
9.449827106569326229e-01
9.449827106569326229e-01
9.449827106569326229e-01
9.449827106569326229e-01
9.449827106569326229e-01
9.449827106569326229e-01
9.449827106569326229e-01
9.449827106569326229e-01
9.449827106569326229e-01
9.449827106569326229e-01
9.449827106569326229e-01
9.449827106569326229e-01
9.449827106569326229e-01
9.449827106569326229e-01
9.449827106569326229e-01
9.449827106569326229e-01
9.449827106569326229e-01
9.449827106569326229e-01
9.449827106569326229e-01
9.449827106569326229e-01
9.449827106569326229e-01
9.449827106569326229e-01
9.449827106569326229e-01
9.449827106569326229e-01
9.449827106569326229e-01
9.449827106569326229e-01
9.449827106569326229e-01
9.449827106569326229e-01
9.449827106569326229e-01
9.449827106569326229e-01
9.449827106569326229e-01
9.449827106569326229e-01
9.449827106569326229e-01
9.449827106569326229e-01
9.449827106569326229e-01
9.449827106569326229e-01
9.449827106569326229e-01
9.449827106569326229e-01
9.449827106569326229e-01
9.449827106569326229e-01
9.449827106569326229e-01
9.449827106569326229e-01
9.449827106569326229e-01
9.449827106569326229e-01
9.449827106569326229e-01
9.449827106569326229e-01
9.449827106569326229e-01
9.449827106569326229e-01
9.449827106569326229e-01
9.449827106569326229e-01
9.449827106569326229e-01
9.449827106569326229e-01
9.449827106569326229e-01
9.449827106569326229e-01
9.449827106569326229e-01
9.449827106569326229e-01
9.449827106569326229e-01
9.449827106569326229e-01
9.449827106569326229e-01
9.449827106569326229e-01
9.449827106569326229e-01
9.449827106569326229e-01
9.449827106569326229e-01
9.449827106569326229e-01
9.449827106569326229e-01
9.449827106569326229e-01
9.449827106569326229e-01
9.449827106569326229e-01
9.449827106569326229e-01
9.449827106569326229e-01
9.449827106569326229e-01
9.449827106569326229e-01
9.449827106569326229e-01
9.449827106569326229e-01
9.449827106569326229e-01
9.449827106569326229e-01
9.449827106569326229e-01
9.449827106569326229e-01
9.449827106569326229e-01
9.449827106569326229e-01
9.449827106569326229e-01
9.449827106569326229e-01
9.449827106569326229e-01
9.449827106569326229e-01
9.449827106569326229e-01
9.449827106569326229e-01
9.449827106569326229e-01
9.449827106569326229e-01
9.449827106569326229e-01
9.449827106569326229e-01
9.449827106569326229e-01
9.449827106569326229e-01
9.449827106569326229e-01
9.449827106569326229e-01
9.449827106569326229e-01
9.449827106569326229e-01
9.449827106569326229e-01
9.449827106569326229e-01
9.449827106569326229e-01
9.449827106569326229e-01
9.449827106569326229e-01
9.449827106569326229e-01
9.449827106569326229e-01
9.449827106569326229e-01
9.449827106569326229e-01
9.449827106569326229e-01
9.449827106569326229e-01
9.449827106569326229e-01
9.449827106569326229e-01
9.449827106569326229e-01
9.449827106569326229e-01
9.449827106569326229e-01
9.449827106569326229e-01
9.449827106569326229e-01
9.449827106569326229e-01
9.449827106569326229e-01
9.449827106569326229e-01
9.449827106569326229e-01
9.449827106569326229e-01
9.449827106569326229e-01
9.449827106569326229e-01
9.449827106569326229e-01
9.449827106569326229e-01
9.449827106569326229e-01
9.449827106569326229e-01
9.449827106569326229e-01
9.449827106569326229e-01
9.449827106569326229e-01
9.449827106569326229e-01
9.449827106569326229e-01
9.449827106569326229e-01
9.449827106569326229e-01
9.449827106569326229e-01
9.449827106569326229e-01
9.449827106569326229e-01
9.449827106569326229e-01
9.449827106569326229e-01
9.449827106569326229e-01
9.449827106569326229e-01
9.449827106569326229e-01
9.449827106569326229e-01
9.449827106569326229e-01
9.449827106569326229e-01
9.449827106569326229e-01
9.449827106569326229e-01
9.449827106569326229e-01
9.449827106569326229e-01
9.449827106569326229e-01
9.449827106569326229e-01
9.449827106569326229e-01
9.449827106569326229e-01
9.449827106569326229e-01
9.449827106569326229e-01
9.449827106569326229e-01
9.449827106569326229e-01
9.449827106569326229e-01
9.449827106569326229e-01
9.449827106569326229e-01
9.449827106569326229e-01
9.449827106569326229e-01
9.449827106569326229e-01
9.449827106569326229e-01
9.449827106569326229e-01
9.449827106569326229e-01
9.449827106569326229e-01
9.449827106569326229e-01
9.449827106569326229e-01
9.449827106569326229e-01
9.449827106569326229e-01
9.449827106569326229e-01
9.449827106569326229e-01
9.449827106569326229e-01
9.449827106569326229e-01
9.449827106569326229e-01
9.449827106569326229e-01
9.449827106569326229e-01
9.449827106569326229e-01
9.449827106569326229e-01
9.449827106569326229e-01
9.449827106569326229e-01
9.449827106569326229e-01
9.449827106569326229e-01
9.449827106569326229e-01
9.449827106569326229e-01
9.449827106569326229e-01
9.449827106569326229e-01
9.449827106569326229e-01
9.449827106569326229e-01
