0.000000000000000000e+00
5.183946501747646596e-02
4.983788466400455169e-02
5.578068803294320560e-02
6.097806412530717979e-02
6.554961162795068519e-02
6.459752172260078973e-02
6.290984487849930751e-02
6.231255904136511620e-02
6.273401757456524563e-02
6.216486837912268276e-02
6.365987137204046076e-02
6.376667095458507517e-02
6.610775416102158963e-02
6.611530018095884698e-02
6.612575845085283399e-02
6.617945095149820045e-02
6.617945095149820045e-02
6.607739735273354675e-02
6.562851281048982799e-02
6.562851281048982799e-02
6.562400926873691864e-02
6.563157248912067365e-02
6.563157248912067365e-02
6.563609371558647154e-02
6.744221753774611028e-02
6.744221753774611028e-02
6.744221753774611028e-02
6.744221753774611028e-02
6.744221753774611028e-02
6.744221753774611028e-02
6.744221753774611028e-02
6.744221753774611028e-02
6.744221753774611028e-02
6.744221753774611028e-02
6.744221753774611028e-02
6.744221753774611028e-02
6.744221753774611028e-02
6.744221753774611028e-02
6.744221753774611028e-02
6.744221753774611028e-02
6.744221753774611028e-02
6.744221753774611028e-02
6.744221753774611028e-02
6.744221753774611028e-02
6.744221753774611028e-02
6.744221753774611028e-02
6.744221753774611028e-02
6.744221753774611028e-02
6.744221753774611028e-02
6.744221753774611028e-02
6.744221753774611028e-02
6.744221753774611028e-02
6.744221753774611028e-02
6.744221753774611028e-02
6.744221753774611028e-02
6.744221753774611028e-02
6.744221753774611028e-02
6.744221753774611028e-02
6.744221753774611028e-02
6.744221753774611028e-02
6.744221753774611028e-02
6.744221753774611028e-02
6.744221753774611028e-02
6.744221753774611028e-02
6.744221753774611028e-02
6.744221753774611028e-02
6.744221753774611028e-02
6.744221753774611028e-02
6.744221753774611028e-02
6.744221753774611028e-02
6.744221753774611028e-02
6.744221753774611028e-02
6.744221753774611028e-02
6.744221753774611028e-02
6.744221753774611028e-02
6.744221753774611028e-02
6.744221753774611028e-02
6.744221753774611028e-02
6.744221753774611028e-02
6.744221753774611028e-02
6.744221753774611028e-02
6.744221753774611028e-02
6.744221753774611028e-02
6.744221753774611028e-02
6.744221753774611028e-02
6.744221753774611028e-02
6.744221753774611028e-02
6.744221753774611028e-02
6.744221753774611028e-02
6.744221753774611028e-02
6.744221753774611028e-02
6.744221753774611028e-02
6.744221753774611028e-02
6.744221753774611028e-02
6.744221753774611028e-02
6.744221753774611028e-02
6.744221753774611028e-02
6.744221753774611028e-02
6.744221753774611028e-02
6.744221753774611028e-02
6.744221753774611028e-02
6.744221753774611028e-02
6.744221753774611028e-02
6.744221753774611028e-02
6.744221753774611028e-02
6.744221753774611028e-02
6.744221753774611028e-02
6.744221753774611028e-02
6.744221753774611028e-02
6.744221753774611028e-02
6.744221753774611028e-02
6.744221753774611028e-02
6.744221753774611028e-02
6.744221753774611028e-02
6.744221753774611028e-02
6.744221753774611028e-02
6.744221753774611028e-02
6.744221753774611028e-02
6.744221753774611028e-02
6.744221753774611028e-02
6.744221753774611028e-02
6.744221753774611028e-02
6.744221753774611028e-02
6.744221753774611028e-02
6.744221753774611028e-02
6.744221753774611028e-02
6.744221753774611028e-02
6.744221753774611028e-02
6.744221753774611028e-02
6.744221753774611028e-02
6.744221753774611028e-02
6.744221753774611028e-02
6.744221753774611028e-02
6.744221753774611028e-02
6.744221753774611028e-02
6.744221753774611028e-02
6.744221753774611028e-02
6.744221753774611028e-02
6.744221753774611028e-02
6.744221753774611028e-02
6.744221753774611028e-02
6.744221753774611028e-02
6.744221753774611028e-02
6.744221753774611028e-02
6.744221753774611028e-02
6.744221753774611028e-02
6.744221753774611028e-02
6.744221753774611028e-02
6.744221753774611028e-02
6.744221753774611028e-02
6.744221753774611028e-02
6.744221753774611028e-02
6.744221753774611028e-02
6.744221753774611028e-02
6.744221753774611028e-02
6.744221753774611028e-02
6.744221753774611028e-02
6.744221753774611028e-02
6.744221753774611028e-02
6.744221753774611028e-02
6.744221753774611028e-02
6.744221753774611028e-02
6.744221753774611028e-02
6.744221753774611028e-02
6.744221753774611028e-02
6.744221753774611028e-02
6.744221753774611028e-02
6.744221753774611028e-02
6.744221753774611028e-02
6.744221753774611028e-02
6.744221753774611028e-02
6.744221753774611028e-02
6.744221753774611028e-02
6.744221753774611028e-02
6.744221753774611028e-02
6.744221753774611028e-02
6.744221753774611028e-02
6.744221753774611028e-02
6.744221753774611028e-02
6.744221753774611028e-02
6.744221753774611028e-02
6.744221753774611028e-02
6.744221753774611028e-02
6.744221753774611028e-02
6.744221753774611028e-02
6.744221753774611028e-02
6.744221753774611028e-02
6.744221753774611028e-02
6.744221753774611028e-02
6.744221753774611028e-02
6.744221753774611028e-02
6.744221753774611028e-02
6.744221753774611028e-02
6.744221753774611028e-02
6.744221753774611028e-02
6.744221753774611028e-02
6.744221753774611028e-02
6.744221753774611028e-02
6.744221753774611028e-02
6.744221753774611028e-02
6.744221753774611028e-02
6.744221753774611028e-02
6.744221753774611028e-02
6.744221753774611028e-02
6.744221753774611028e-02
6.744221753774611028e-02
6.744221753774611028e-02
6.744221753774611028e-02
6.744221753774611028e-02
6.744221753774611028e-02
6.744221753774611028e-02
6.744221753774611028e-02
6.744221753774611028e-02
6.744221753774611028e-02
6.744221753774611028e-02
6.744221753774611028e-02
6.744221753774611028e-02
6.744221753774611028e-02
6.744221753774611028e-02
6.744221753774611028e-02
6.744221753774611028e-02
6.744221753774611028e-02
6.744221753774611028e-02
6.744221753774611028e-02
6.744221753774611028e-02
6.744221753774611028e-02
6.744221753774611028e-02
6.744221753774611028e-02
6.744221753774611028e-02
6.744221753774611028e-02
6.744221753774611028e-02
6.744221753774611028e-02
6.744221753774611028e-02
6.744221753774611028e-02
6.744221753774611028e-02
6.744221753774611028e-02
6.744221753774611028e-02
6.744221753774611028e-02
6.744221753774611028e-02
6.744221753774611028e-02
6.744221753774611028e-02
6.744221753774611028e-02
6.744221753774611028e-02
6.744221753774611028e-02
6.744221753774611028e-02
6.744221753774611028e-02
6.744221753774611028e-02
6.744221753774611028e-02
6.744221753774611028e-02
