-7.000000000000000888e+00 1.360658436192766026e-102
-6.987389829497858251e+00 3.452792083476238337e-102
-6.974779658995713838e+00 8.746261362541439950e-102
-6.962169488493571201e+00 2.211592285332990340e-101
-6.949559317991428564e+00 5.582363963052187285e-101
-6.936949147489284151e+00 1.406570721167483091e-100
-6.924338976987141514e+00 3.537815779423947411e-100
-6.911728806484998877e+00 8.882576325751202831e-100
-6.899118635982854464e+00 2.226243410722358165e-99
-6.886508465480711827e+00 5.569756199896218679e-99
-6.873898294978569190e+00 1.391007388912483316e-98
-6.861288124476424777e+00 3.467785880345723017e-98
-6.848677953974282140e+00 8.629876271950429364e-98
-6.836067783472139503e+00 2.143809517973583151e-97
-6.823457612969995090e+00 5.316147500946915240e-97
-6.810847442467852453e+00 1.315942530063613797e-96
-6.798237271965709816e+00 3.251664788687080514e-96
-6.785627101463565403e+00 8.020536653649299210e-96
-6.773016930961422766e+00 1.974830255701323632e-95
-6.760406760459280129e+00 4.853831223270056480e-95
-6.747796589957135716e+00 1.190879977300384569e-94
-6.735186419454993079e+00 2.916618378536663376e-94
-6.722576248952850442e+00 7.130490138559414376e-94
-6.709966078450706028e+00 1.740152011323970983e-93
-6.697355907948563392e+00 4.239190061369833775e-93
-6.684745737446420755e+00 1.030875818029078614e-92
-6.672135566944276341e+00 2.502404118381292072e-92
-6.659525396442133705e+00 6.063676680640788271e-92
-6.646915225939991068e+00 1.466702353006201471e-91
-6.634305055437846654e+00 3.541401513505669481e-91
-6.621694884935704017e+00 8.535627242099288834e-91
-6.609084714433561381e+00 2.053632222601658838e-90
-6.596474543931416967e+00 4.932155042652401079e-90
-6.583864373429274330e+00 1.182435486444136663e-89
-6.571254202927131693e+00 2.829728295744017892e-89
-6.558644032424987280e+00 6.759871346258355581e-89
-6.546033861922844643e+00 1.611975349624582184e-88
-6.533423691420702006e+00 3.837112183048725312e-88
-6.520813520918557593e+00 9.117517230659666639e-88
-6.508203350416414956e+00 2.162591769013374953e-87
-6.495593179914272319e+00 5.120333114664518861e-87
-6.482983009412127906e+00 1.210173011285057475e-86
-6.470372838909985269e+00 2.855105412608506544e-86
-6.457762668407842632e+00 6.723913644936953196e-86
-6.445152497905698219e+00 1.580692021800848332e-85
-6.432542327403555582e+00 3.709346533962273674e-85
-6.419932156901412945e+00 8.689052561548812971e-85
-6.407321986399268532e+00 2.031758887011933646e-84
-6.394711815897125895e+00 4.742381585129248616e-84
-6.382101645394983258e+00 1.104956708867285633e-83
-6.369491474892838845e+00 2.569912438266807092e-83
-6.356881304390696208e+00 5.966443611771242146e-83
-6.344271133888551795e+00 1.382728009462805545e-82
-6.331660963386409158e+00 3.198761350403663462e-82
-6.319050792884266521e+00 7.386702925988411161e-82
-6.306440622382123884e+00 1.702719043354690758e-81
-6.293830451879979471e+00 3.917948949463961194e-81
-6.281220281377836834e+00 8.999074025770360538e-81
-6.268610110875692421e+00 2.063288698002242619e-80
-6.255999940373549784e+00 4.722208395314774126e-80
-6.243389769871407147e+00 1.078830271666778916e-79
-6.230779599369264510e+00 2.460275687627015561e-79
-6.218169428867120097e+00 5.600630886263941461e-79
-6.205559258364977460e+00 1.272660314801291537e-78
-6.192949087862833046e+00 2.886757318965777853e-78
-6.180338917360690409e+00 6.536272060905693820e-78
-6.167728746858547773e+00 1.477310840109571045e-77
-6.155118576356405136e+00 3.333000773264404792e-77
-6.142508405854260722e+00 7.506207343114518444e-77
-6.129898235352118085e+00 1.687435406596779202e-76
-6.117288064849973672e+00 3.786649101424749978e-76
-6.104677894347831035e+00 8.482114203956384036e-76
-6.092067723845688398e+00 1.896593082428035381e-75
-6.079457553343545761e+00 4.233163529756035933e-75
-6.066847382841401348e+00 9.431409674787972763e-75
-6.054237212339258711e+00 2.097532491029735140e-74
-6.041627041837114298e+00 4.656516530336593726e-74
-6.029016871334971661e+00 1.031890960517561930e-73
-6.016406700832829024e+00 2.282582665728501526e-73
-6.003796530330684611e+00 5.040099497698759722e-73
-5.991186359828541974e+00 1.110890962082876187e-72
-5.978576189326399337e+00 2.444124500531072467e-72
-5.965966018824254924e+00 5.367778938615234726e-72
-5.953355848322112287e+00 1.176752593074950164e-71
-5.940745677819969650e+00 2.575104087397982231e-71
-5.928135507317827013e+00 5.625010424775846721e-71
-5.915525336815682600e+00 1.226508693371102574e-70
-5.902915166313539963e+00 2.669540545927214596e-70
-5.890304995811395550e+00 5.799904450900667409e-70
-5.877694825309252913e+00 1.257834255209238066e-69
-5.865084654807110276e+00 2.722977748564508214e-69
-5.852474484304965863e+00 5.884135917800883521e-69
-5.839864313802823226e+00 1.269226296215137998e-68
-5.827254143300680589e+00 2.732832544466745005e-68
-5.814643972798536176e+00 5.873600528704680164e-68
-5.802033802296393539e+00 1.260123318958441928e-67
-5.789423631794250902e+00 2.698601626214344942e-67
-5.776813461292106489e+00 5.768746090907539330e-67
-5.764203290789963852e+00 1.230951144806747799e-66
-5.751593120287821215e+00 2.621903985610648723e-66
-5.738982949785676801e+00 5.574541506901958696e-66
-5.726372779283534165e+00 1.183089916954494786e-65
-5.713762608781391528e+00 2.506353987663230679e-65
-5.701152438279247114e+00 5.300086376911781903e-65
-5.688542267777104477e+00 1.118765830524081813e-64
-5.675932097274961841e+00 2.357278918180869957e-64
-5.663321926772818315e+00 4.957903930727797216e-64
-5.650711756270674790e+00 1.040879420257771128e-63
-5.638101585768532154e+00 2.181311752294914877e-63
-5.625491415266388628e+00 4.562993824350829925e-63
-5.612881244764245103e+00 9.527888553527897861e-63
-5.600271074262102466e+00 1.985902501203140691e-62
-5.587660903759958941e+00 4.131744555894848754e-62
-5.575050733257815416e+00 8.580707740735399332e-62
-5.562440562755672779e+00 1.778798199808407108e-61
-5.549830392253529254e+00 3.680815040307891315e-61
-5.537220221751385729e+00 7.602822794820320928e-61
-5.524610051249243092e+00 1.567541753766032935e-60
-5.511999880747099567e+00 3.226090597635505456e-60
-5.499389710244956042e+00 6.627458369594957410e-60
-5.486779539742813405e+00 1.359033865841026531e-59
-5.474169369240669880e+00 2.781801808900523882e-59
-5.461559198738526355e+00 5.683744405630891405e-59
-5.448949028236382830e+00 1.159191412174422893e-58
-5.436338857734240193e+00 2.359868713579311411e-58
-5.423728687232096668e+00 4.795483634370783427e-58
-5.411118516729953143e+00 9.727218625363870459e-58
-5.398508346227810506e+00 1.969502078055097272e-57
-5.385898175725666981e+00 3.980480684816906264e-57
-5.373288005223523456e+00 8.030188080806778551e-57
-5.360677834721380819e+00 1.617062626641959653e-56
-5.348067664219237294e+00 3.250414111961204465e-56
-5.335457493717093769e+00 6.521704062998918482e-56
-5.322847323214951132e+00 1.306152312374224682e-55
-5.310237152712807607e+00 2.611179372350447019e-55
-5.297626982210664082e+00 5.210621643024202533e-55
-5.285016811708520557e+00 1.037891904331813768e-54
-5.272406641206377920e+00 2.063594036250610605e-54
-5.259796470704234395e+00 4.095488954555842024e-54
-5.247186300202090870e+00 8.113278970334398819e-54
-5.234576129699948233e+00 1.604338531245100971e-53
-5.221965959197804708e+00 3.166681406091214867e-53
-5.209355788695661182e+00 6.239090436317394652e-53
-5.196745618193518546e+00 1.227005578858935698e-52
-5.184135447691375020e+00 2.408684609339422335e-52
-5.171525277189231495e+00 4.719774798130491201e-52
-5.158915106687088858e+00 9.231459096058719028e-52
-5.146304936184945333e+00 1.802299446908004745e-51
-5.133694765682801808e+00 3.512294057182905804e-51
-5.121084595180659171e+00 6.832220905677839991e-51
-5.108474424678515646e+00 1.326599513225382083e-50
-5.095864254176372121e+00 2.571132512321986053e-50
-5.083254083674229484e+00 4.974112101593416167e-50
-5.070643913172085959e+00 9.605344551144128748e-50
-5.058033742669942434e+00 1.851468746235253621e-49
-5.045423572167799797e+00 3.562260436849540991e-49
-5.032813401665656272e+00 6.841330642624990015e-49
-5.020203231163512747e+00 1.311477695721631897e-48
-5.007593060661370110e+00 2.509495591457947784e-48
-4.994982890159226585e+00 4.793105055222749344e-48
-4.982372719657083060e+00 9.138022516144122690e-48
-4.969762549154940423e+00 1.738969824594971319e-47
-4.957152378652796898e+00 3.303210077690804332e-47
-4.944542208150653373e+00 6.263029392693254703e-47
-4.931932037648510736e+00 1.185322667215404374e-46
-4.919321867146367211e+00 2.239197453919490305e-46
-4.906711696644223686e+00 4.222324746984425555e-46
-4.894101526142081049e+00 7.947199007004547737e-46
-4.881491355639937524e+00 1.493067814244093194e-45
-4.868881185137793999e+00 2.799933663038881547e-45
-4.856271014635651362e+00 5.241052216179977653e-45
-4.843660844133507837e+00 9.792453976460406489e-45
-4.831050673631364312e+00 1.826277087403514105e-44
-4.818440503129221675e+00 3.399723917618141453e-44
-4.805830332627078150e+00 6.317165405543042574e-44
-4.793220162124934625e+00 1.171661694896863849e-43
-4.780609991622791988e+00 2.169118945833643308e-43
-4.767999821120648463e+00 4.008348022791766004e-43
-4.755389650618504938e+00 7.393467351051422524e-43
-4.742779480116362301e+00 1.361229473839497321e-42
-4.730169309614218776e+00 2.501581972828124694e-42
-4.717559139112075250e+00 4.588789171956308830e-42
-4.704948968609932614e+00 8.401971491022464247e-42
-4.692338798107789088e+00 1.535549406386068679e-41
-4.679728627605645563e+00 2.801209793734880172e-41
-4.667118457103502926e+00 5.100661300787588970e-41
-4.654508286601359401e+00 9.270562812161231363e-41
-4.641898116099215876e+00 1.681838290091623587e-40
-4.629287945597073239e+00 3.045514315472061234e-40
-4.616677775094929714e+00 5.504718088521710111e-40
-4.604067604592786189e+00 9.931327407613079741e-40
-4.591457434090643552e+00 1.788451006996218533e-39
-4.578847263588500027e+00 3.214726840440366206e-39
-4.566237093086356502e+00 5.767772665242826032e-39
-4.553626922584213865e+00 1.032925430536076065e-38
-4.541016752082070340e+00 1.846402284606652515e-38
-4.528406581579926815e+00 3.294427517164208594e-38
-4.515796411077784178e+00 5.867182508585138222e-38
-4.503186240575640653e+00 1.042977633468946270e-37
-4.490576070073497128e+00 1.850614200553105807e-37
-4.477965899571354491e+00 3.277570365625899112e-37
-4.465355729069210966e+00 5.794061975427974616e-37
-4.452745558567067441e+00 1.022372041983260793e-36
-4.440135388064924804e+00 1.800649756002354298e-36
-4.427525217562781279e+00 3.165510202886285109e-36
-4.414915047060637754e+00 5.554591339922205601e-36
-4.402304876558495117e+00 9.728685521392712616e-36
-4.389694706056351592e+00 1.700785744057712151e-35
-4.377084535554208067e+00 2.967824181988054907e-35
-4.364474365052065430e+00 5.169155314925692748e-35
-4.351864194549921905e+00 8.986561938996502766e-35
-4.339254024047778380e+00 1.559408395638133417e-34
-4.326643853545635743e+00 2.700960266910433584e-34
-4.314033683043492218e+00 4.669477409092856732e-34
-4.301423512541348693e+00 8.057676750549348683e-34
-4.288813342039206056e+00 1.387850237138210990e-33
-4.276203171537062531e+00 2.385977195867373964e-33
-4.263593001034919006e+00 4.094308979864170491e-33
-4.250982830532776369e+00 7.012700605295192636e-33
-4.238372660030632844e+00 1.198891985596878222e-32
-4.225762489528489319e+00 2.045806746820332831e-32
-4.213152319026346682e+00 3.484485488571326440e-32
-4.200542148524203157e+00 5.923821047810831517e-32
-4.187931978022059631e+00 1.005203815506224687e-31
-4.175321807519916995e+00 1.702530746014313118e-31
-4.162711637017773469e+00 2.878221044446034854e-31
-4.150101466515629944e+00 4.856701111905502812e-31
-4.137491296013487307e+00 8.179869363220063555e-31
-4.124881125511343782e+00 1.375114368401976490e-30
-4.112270955009200257e+00 2.307376346085372664e-30
-4.099660784507057620e+00 3.864425305844943535e-30
-4.087050614004914095e+00 6.460080995247273442e-30
-4.074440443502770570e+00 1.077897020442984011e-29
-4.061830273000627933e+00 1.795157421336141618e-29
-4.049220102498484408e+00 2.984100602393058411e-29
-4.036609931996340883e+00 4.951191560693791470e-29
-4.023999761494198246e+00 8.199569250056132981e-29
-4.011389590992054721e+00 1.355367528449859634e-28
-3.998779420489911196e+00 2.236183991812952825e-28
-3.986169249987768559e+00 3.682494422380493459e-28
-3.973559079485625034e+00 6.052857548453026081e-28
-3.960948908983481509e+00 9.930298065601782230e-28
-3.948338738481338872e+00 1.626100090881664432e-27
-3.935728567979194459e+00 2.657755974538879047e-27
-3.923118397477051822e+00 4.335762158900617392e-27
-3.910508226974909185e+00 7.059890975958613276e-27
-3.897898056472764772e+00 1.147393566019620401e-26
-3.885287885970622135e+00 1.861265693149309465e-26
-3.872677715468479498e+00 3.013599629085602752e-26
-3.860067544966335085e+00 4.870164435054191091e-26
-3.847457374464192448e+00 7.855652340782870492e-26
-3.834847203962049811e+00 1.264739585434511240e-25
-3.822237033459905398e+00 2.032356360181600524e-25
-3.809626862957762761e+00 3.259704006546449687e-25
-3.797016692455620124e+00 5.218379868590628825e-25
-3.784406521953475711e+00 8.338195871234245301e-25
-3.771796351451333074e+00 1.329802157356389008e-24
-3.759186180949190437e+00 2.116801662425077162e-24
-3.746576010447046023e+00 3.363188056643373077e-24
-3.733965839944903387e+00 5.333344519949310693e-24
-3.721355669442760750e+00 8.441609914210124648e-24
-3.708745498940616336e+00 1.333606561834345604e-23
-3.696135328438473699e+00 2.102841884987100464e-23
-3.683525157936331063e+00 3.309494095697385014e-23
-3.670914987434186649e+00 5.198671108468145591e-23
-3.658304816932044012e+00 8.150766604767046691e-23
-3.645694646429901375e+00 1.275497448340294836e-22
-3.633084475927756962e+00 1.992211262746759968e-22
-3.620474305425614325e+00 3.105742777909753978e-22
-3.607864134923471688e+00 4.832473788202421676e-22
-3.595253964421327275e+00 7.504937712761420597e-22
-3.582643793919184638e+00 1.163316449858998007e-21
-3.570033623417041113e+00 1.799788474147004374e-21
-3.557423452914897588e+00 2.779185331999297321e-21
-3.544813282412754951e+00 4.283370301531157310e-21
-3.532203111910611426e+00 6.589089772141900946e-21
-3.519592941408467901e+00 1.011664565437488265e-20
-3.506982770906325264e+00 1.550310116062318250e-20
-3.494372600404181739e+00 2.371216271901762579e-20
-3.481762429902038214e+00 3.619877790799073009e-20
-3.469152259399895577e+00 5.515519424265698268e-20
-3.456542088897752052e+00 8.387804591270136044e-20
-3.443931918395608527e+00 1.273148822758354620e-19
-3.431321747893465890e+00 1.928761943239001836e-19
-3.418711577391322365e+00 2.916394515084477598e-19
-3.406101406889178840e+00 4.401307439860994207e-19
-3.393491236387036203e+00 6.629557247814547937e-19
-3.380881065884892678e+00 9.966767461287277461e-19
-3.368270895382749153e+00 1.495514747845857737e-18
-3.355660724880606516e+00 2.239717477330247286e-18
-3.343050554378462991e+00 3.347815611352687361e-18
-3.330440383876319466e+00 4.994536134123906843e-18
-3.317830213374176829e+00 7.436930278376453378e-18
-3.305220042872033304e+00 1.105240428209798879e-17
-3.292609872369889779e+00 1.639396090881210104e-17
-3.279999701867747142e+00 2.427027425977034897e-17
-3.267389531365603617e+00 3.586152073089262877e-17
-3.254779360863460091e+00 5.288658449294736403e-17
-3.242169190361317455e+00 7.784392168204239912e-17
-3.229559019859173929e+00 1.143578094058184275e-16
-3.216948849357030404e+00 1.676750502276209567e-16
-3.204338678854887767e+00 2.453760211711179840e-16
-3.191728508352744242e+00 3.583904347113023617e-16
-3.179118337850600717e+00 5.224453525377561529e-16
-3.166508167348458080e+00 7.601250640615643511e-16
-3.153897996846314555e+00 1.103795217590746005e-15
-3.141287826344171030e+00 1.599745076684622039e-15
-3.128677655842028393e+00 2.314042973109780690e-15
-3.116067485339884868e+00 3.340796038161355439e-15
-3.103457314837741343e+00 4.813776775599689384e-15
-3.090847144335598706e+00 6.922754195721388806e-15
-3.078236973833455181e+00 9.936384470016077711e-15
-3.065626803331311656e+00 1.423422756889280908e-14
-3.053016632829169019e+00 2.035143282484089280e-14
-3.040406462327025494e+00 2.904097341610857441e-14
-3.027796291824881969e+00 4.136013630637928215e-14
-3.015186121322739332e+00 5.879046361921441734e-14
-3.002575950820595807e+00 8.340372646808849175e-14
-2.989965780318452282e+00 1.180911043621945747e-13
-2.977355609816309645e+00 1.668789582974122643e-13
-2.964745439314166120e+00 2.353629772978298599e-13
-2.952135268812022595e+00 3.313037821035470185e-13
-2.939525098309879958e+00 4.654422605448195579e-13
-2.926914927807736433e+00 6.526132749228904044e-13
-2.914304757305592908e+00 9.132636201956511538e-13
-2.901694586803450271e+00 1.275516454959652140e-12
-2.889084416301306746e+00 1.777972801832563058e-12
-2.876474245799163221e+00 2.473504947348996746e-12
-2.863864075297020584e+00 3.434381656088686957e-12
-2.851253904794877059e+00 4.759177543389472359e-12
-2.838643734292733534e+00 6.582067150327300196e-12
-2.826033563790590897e+00 9.085299133446099675e-12
-2.813423393288447372e+00 1.251590158347787519e-11
-2.800813222786303847e+00 1.720800391750109563e-11
-2.788203052284161210e+00 2.361259726638021965e-11
-2.775592881782017685e+00 3.233712351297908929e-11
-2.762982711279874160e+00 4.419802103253750613e-11
-2.750372540777731523e+00 6.029031097158629222e-11
-2.737762370275587998e+00 8.207954275631426243e-11
-2.725152199773444472e+00 1.115230088336546558e-10
-2.712542029271301836e+00 1.512291840200352692e-10
-2.699931858769158310e+00 2.046669669923254859e-10
-2.687321688267014785e+00 2.764396542642653337e-10
-2.674711517764872148e+00 3.726428527535510274e-10
-2.662101347262728623e+00 5.013309753729153181e-10
-2.649491176760585098e+00 6.731238626015046138e-10
-2.636881006258442461e+00 9.019938002362448262e-10
-2.624270835756298936e+00 1.206284214330023775e-09
-2.611660665254155411e+00 1.610025178254756757e-09
-2.599050494752012774e+00 2.144628249990313433e-09
-2.586440324249869249e+00 2.851064908584045907e-09
-2.573830153747725724e+00 3.782659998373741249e-09
-2.561219983245583087e+00 5.008665357288121700e-09
-2.548609812743439562e+00 6.618820700016241191e-09
-2.535999642241296037e+00 8.729160653924487977e-09
-2.523389471739152512e+00 1.148939077323666725e-08
-2.510779301237009875e+00 1.509223397795344189e-08
-2.498169130734866350e+00 1.978524526715349028e-08
-2.485558960232722825e+00 2.588571040694318662e-08
-2.472948789730580188e+00 3.379938792286654116e-08
-2.460338619228436663e+00 4.404402823220314668e-08
-2.447728448726293138e+00 5.727881510551368011e-08
-2.435118278224150501e+00 7.434112981515578396e-08
-2.422508107722006976e+00 9.629234539871842643e-08
-2.409897937219863451e+00 1.244747267814141981e-07
-2.397287766717720814e+00 1.605819528043241294e-07
-2.384677596215577289e+00 2.067463007765382268e-07
-2.372067425713433764e+00 2.656461569732978511e-07
-2.359457255211291127e+00 3.406382533245954932e-07
-2.346847084709147602e+00 4.359198991104733782e-07
-2.334236914207004077e+00 5.567274965848063753e-07
-2.321626743704861440e+00 7.095788230056393308e-07
-2.309016573202717915e+00 9.025679526442443100e-07
-2.296406402700574390e+00 1.145723307227245014e-06
-2.283796232198431753e+00 1.451441190269674016e-06
-2.271186061696288228e+00 1.835009310137179636e-06
-2.258575891194144702e+00 2.315237260354714460e-06
-2.245965720692002066e+00 2.915213736858338206e-06
-2.233355550189858540e+00 3.663213464517685848e-06
-2.220745379687715015e+00 4.593780413358531213e-06
-2.208135209185572378e+00 5.749017941674432303e-06
-2.195525038683428853e+00 7.180121039891848467e-06
-2.182914868181285328e+00 8.949190893630574217e-06
-2.170304697679142691e+00 1.113137755999259584e-05
-2.157694527176999166e+00 1.381740267403943214e-05
-2.145084356674855641e+00 1.711652078005659105e-05
-2.132474186172713004e+00 2.115998511046507979e-05
-2.119864015670569479e+00 2.610509139575557919e-05
-2.107253845168425954e+00 3.213988154582154809e-05
-2.094643674666283317e+00 3.948859774007840715e-05
-2.082033504164139792e+00 4.841798651975201821e-05
-2.069423333661996267e+00 5.924456178154629432e-05
-2.056813163159853630e+00 7.234294498612944715e-05
-2.044202992657710105e+00 8.815541023986521625e-05
-2.031592822155566580e+00 1.072027709661826944e-04
-2.018982651653423943e+00 1.300967533925631613e-04
-2.006372481151280418e+00 1.575540097314830784e-04
-1.993762310649136893e+00 1.904119303707758665e-04
-1.981152140146994256e+00 2.296464192005477449e-04
-1.968541969644850731e+00 2.763917989278674020e-04
-1.955931799142707206e+00 3.319630133523686420e-04
-1.943321628640564569e+00 3.978802905319521531e-04
-1.930711458138421044e+00 4.758964239472914556e-04
-1.918101287636277519e+00 5.680268175278098929e-04
-1.905491117134134882e+00 6.765824240489626187e-04
-1.892880946631991357e+00 8.042056842506716419e-04
-1.880270776129847832e+00 9.539095453531759930e-04
-1.867660605627705195e+00 1.129119601765913184e-03
-1.855050435125561670e+00 1.333719357034291592e-03
-1.842440264623418145e+00 1.572098553843793165e-03
-1.829830094121275508e+00 1.849204457677241934e-03
-1.817219923619131983e+00 2.170595909090793085e-03
-1.804609753116988458e+00 2.542499879270728423e-03
-1.791999582614845821e+00 2.971870173476112535e-03
-1.779389412112702296e+00 3.466447827288339067e-03
-1.766779241610558771e+00 4.034822631666767044e-03
-1.754169071108415245e+00 4.686495105318115063e-03
-1.741558900606272609e+00 5.431938107825921673e-03
-1.728948730104129083e+00 6.282657155701946647e-03
-1.716338559601985558e+00 7.251248367747245918e-03
-1.703728389099842921e+00 8.351452827984995331e-03
-1.691118218597699396e+00 9.598206016493309942e-03
-1.678508048095555871e+00 1.100768082369825603e-02
-1.665897877593413234e+00 1.259732253547322760e-02
-1.653287707091269709e+00 1.438587405848543339e-02
-1.640677536589126184e+00 1.639338955178694379e-02
-1.628067366086983547e+00 1.864123454607520547e-02
-1.615457195584840022e+00 2.115207057104571270e-02
-1.602847025082696497e+00 2.394982227861709723e-02
-1.590236854580553860e+00 2.705962505045467550e-02
-1.577626684078410335e+00 3.050775111689954869e-02
-1.565016513576266810e+00 3.432151229579127882e-02
-1.552406343074124173e+00 3.852913758797937155e-02
-1.539796172571980648e+00 4.315962404529876534e-02
-1.527186002069837123e+00 4.824255955952405639e-02
-1.514575831567694486e+00 5.380791650953281602e-02
-1.501965661065550961e+00 5.988581554976593613e-02
-1.489355490563407436e+00 6.650625922612629637e-02
-1.476745320061264799e+00 7.369883556435306848e-02
-1.464135149559121274e+00 8.149239228780695565e-02
-1.451524979056977749e+00 8.991468288215133386e-02
-1.438914808554835112e+00 9.899198632748976157e-02
-1.426304638052691587e+00 1.087487029563470459e-01
-1.413694467550548062e+00 1.192069295589294198e-01
-1.401084297048405425e+00 1.303860175342377858e-01
-1.388474126546261900e+00 1.423021185639587738e-01
-1.375863956044118375e+00 1.549677229515723231e-01
-1.363253785541975738e+00 1.683911964063217470e-01
-1.350643615039832213e+00 1.825763216443220260e-01
-1.338033444537688688e+00 1.975218517100526816e-01
-1.325423274035546051e+00 2.132210823739066341e-01
-1.312813103533402526e+00 2.296614513179242867e-01
-1.300202933031259001e+00 2.468241720663020555e-01
-1.287592762529116364e+00 2.646839107342690012e-01
-1.274982592026972839e+00 2.832085136448715401e-01
-1.262372421524829313e+00 3.023587936863998960e-01
-1.249762251022686677e+00 3.220883829449127655e-01
-1.237152080520543151e+00 3.423436586402331949e-01
-1.224541910018399626e+00 3.630637487176968103e-01
-1.211931739516256989e+00 3.841806226028775528e-01
-1.199321569014113464e+00 4.056192716521904162e-01
-1.186711398511969939e+00 4.272979824309169894e-01
-1.174101228009827302e+00 4.491287053563898790e-01
-1.161491057507683777e+00 4.710175186463816388e-01
-1.148880887005540252e+00 4.928651871055600986e-01
-1.136270716503397615e+00 5.145678132889255352e-01
-1.123660546001254090e+00 5.360175762765883034e-01
-1.111050375499110565e+00 5.571035530691477167e-01
-1.098440204996967928e+00 5.777126145169404481e-01
-1.085830034494824403e+00 5.977303869804755365e-01
-1.073219863992680878e+00 6.170422691405330617e-01
-1.060609693490538241e+00 6.355344920530250352e-01
-1.047999522988394716e+00 6.530952093414791326e-01
-1.035389352486251191e+00 6.696156034121268918e-01
-1.022779181984108554e+00 6.849909927918707009e-01
-1.010169011481965029e+00 6.991219251533906665e-01
-9.975588409798215039e-01 7.119152403239866755e-01
-9.849486704776788670e-01 7.232850875912010258e-01
-9.723384999755353419e-01 7.331538819266911755e-01
-9.597283294733918169e-01 7.414531843527225607e-01
-9.471181589712491800e-01 7.481244926317103250e-01
-9.345079884691056549e-01 7.531199291909829174e-01
-9.218978179669621298e-01 7.564028159469285972e-01
-9.092876474648186047e-01 7.579481250989814622e-01
-8.966774769626759678e-01 7.577427994670371536e-01
-8.840673064605324427e-01 7.557859353777046652e-01
-8.714571359583889176e-01 7.520888258712277175e-01
-8.588469654562462807e-01 7.466748620360836863e-01
-8.462367949541027556e-01 7.395792938709933040e-01
-8.336266244519592306e-01 7.308488539275981299e-01
-8.210164539498165936e-01 7.205412492787092171e-01
-8.084062834476730686e-01 7.087245294837789533e-01
-7.957961129455295435e-01 6.954763402017855034e-01
-7.831859424433869066e-01 6.808830738924191994e-01
-7.705757719412433815e-01 6.650389306113579924e-01
-7.579656014390998564e-01 6.480449032148293265e-01
-7.453554309369572195e-01 6.300077023174807112e-01
-7.327452604348136944e-01 6.110386370765467090e-01
-7.201350899326701693e-01 5.912524682939750420e-01
-7.075249194305275324e-01 5.707662504353172572e-01
-6.949147489283840073e-01 5.496981789618695657e-01
-6.823045784262404823e-01 5.281664588635124336e-01
-6.696944079240978454e-01 5.062882094941274502e-01
-6.570842374219543203e-01 4.841784197756847097e-01
-6.444740669198107952e-01 4.619489665763206188e-01
-6.318638964176681583e-01 4.397077075615570818e-01
-6.192537259155246332e-01 4.175576582114990942e-01
-6.066435554133811081e-01 3.955962609127864904e-01
-5.940333849112384712e-01 3.739147523920399174e-01
-5.814232144090949461e-01 3.525976336541177258e-01
-5.688130439069514210e-01 3.317222447962503984e-01
-5.562028734048087841e-01 3.113584452269664848e-01
-5.435927029026652590e-01 2.915683980054409874e-01
-5.309825324005217340e-01 2.724064563697379260e-01
-5.183723618983790971e-01 2.539191473386286924e-01
-5.057621913962355720e-01 2.361452468543999983e-01
-4.931520208940920469e-01 2.191159395490385187e-01
-4.805418503919494100e-01 2.028550544932151700e-01
-4.679316798898058849e-01 1.873793725672467381e-01
-4.553215093876623598e-01 1.726989930152217911e-01
-4.427113388855197229e-01 1.588177495768559322e-01
-4.301011683833761978e-01 1.457336675323746000e-01
-4.174909978812326727e-01 1.334394436373369519e-01
-4.048808273790900358e-01 1.219229706099206750e-01
-3.922706568769465107e-01 1.111678525896780401e-01
-3.796604863748029857e-01 1.011539359320375170e-01
-3.670503158726603488e-01 9.185783542384147460e-02
-3.544401453705168237e-01 8.325345156560710891e-02
-3.418299748683732986e-01 7.531246997168426771e-02
-3.292198043662306617e-01 6.800484237514663188e-02
-3.166096338640871366e-01 6.129923967506065857e-02
-3.039994633619436115e-01 5.516347587472701652e-02
-2.913892928598009746e-01 4.956490123041492474e-02
-2.787791223576574495e-01 4.447075884524066131e-02
-2.661689518555139244e-01 3.984851110730491114e-02
-2.535587813533712875e-01 3.566612401571028768e-02
-2.409486108512277625e-01 3.189231954372795386e-02
-2.283384403490842374e-01 2.849679884535695484e-02
-2.157282698469416005e-01 2.545042270920564245e-02
-2.031180993447980754e-01 2.272536993620582341e-02
-1.907296212577645478e-01 2.033558361055209582e-02
-1.790751809198734557e-01 1.832615998032791765e-02
-1.681328766829025823e-01 1.663342779456675191e-02
-1.578591939883211837e-01 1.520205969749110694e-02
-1.482132772030496648e-01 1.398732707493867584e-02
-1.391567671477560997e-01 1.295293750136207109e-02
-1.306536485528615454e-01 1.206932625724546800e-02
-1.226701068356443602e-01 1.131230746256092941e-02
-1.151743936288669723e-01 1.066200777387238049e-02
-1.081367005261812397e-01 1.010202390384679766e-02
-1.015290405422311915e-01 9.618754226055901621e-03
-9.532513681604738720e-02 9.200868944218908857e-03
-8.950031811513789459e-02 8.838887750135278679e-03
-8.403142072473115953e-02 8.524843643175485791e-03
-7.889669633199995757e-02 8.252012806995981734e-03
-7.407572553895482026e-02 8.014698239275431721e-03
-6.954933666007066806e-02 7.808054918258128425e-03
-6.529952948172380867e-02 7.627948203055580009e-03
-6.130940368025181858e-02 7.470838596559069116e-03
-5.756309161397969026e-02 7.333687492288830552e-03
-5.404569522193657799e-02 7.213879678230864997e-03
-5.074322677833183887e-02 7.109159292045259815e-03
-4.764255326718694339e-02 7.017576612370750658e-03
-4.473134415591366320e-02 6.937443659605560010e-03
-4.199802236014917034e-02 6.867296753073595834e-03
-3.943171820485173729e-02 6.805865234941876202e-03
-3.702222619856760516e-02 6.752044703648753428e-03
-3.475996444897584692e-02 6.704874354037394443e-03
-3.263593655831751456e-02 6.663517606657910416e-03
-3.064169584717604811e-02 6.627245510921484298e-03
-2.876931176433708895e-02 6.595422389306273940e-03
-2.701133834915109624e-02 6.567493928313817945e-03
-2.536078462097863737e-02 6.542976015615821830e-03
-2.381108677796769241e-02 6.521445940111504982e-03
-2.235608209460499679e-02 6.502534370779190255e-03
-2.098998441423788677e-02 6.485918423452785228e-03
-1.970736113910750986e-02 6.471315786397559972e-03
-1.850311162639044910e-02 6.458479432813754063e-03
-1.737244690433337180e-02 6.447193161326845480e-03
-1.631087062781888183e-02 6.437267664852282592e-03
-1.531416119762810286e-02 6.428537118901284445e-03
-1.437835497229224616e-02 6.420856211796198594e-03
-1.349973050577157364e-02 6.414097558434763389e-03
-1.267479374828037013e-02 6.408149446916219447e-03
-1.190026415140387275e-02 6.402913886478871740e-03
-1.117306162225225469e-02 6.398304836497357116e-03
-1.049029427477177374e-02 6.394246828925128322e-03
-9.849246929502866038e-03 6.390673547972294637e-03
-9.247370316051994887e-03 6.387526749628725554e-03
-8.682270935339195597e-03 6.384755255289999848e-03
-8.151701541304996398e-03 6.382314082295927928e-03
-7.653552204225974771e-03 6.380163683595669114e-03
-7.185841920100037063e-03 6.378269282514299060e-03
-6.746710732733945948e-03 6.376600290439755209e-03
-6.334412337204842376e-03 6.375129796847974102e-03
-5.947307135282262590e-03 6.373834122469084450e-03
-5.583855715193143839e-03 6.372692427597766336e-03
-5.242612729801200168e-03 6.371686368591468648e-03
-4.922221148855803613e-03 6.370799796500303987e-03
-4.621406862452884928e-03 6.370018492556072179e-03
-4.338973614247355545e-03 6.369329935924029212e-03
-4.073798244268176869e-03 6.368723099709633524e-03
-3.824826222417472815e-03 6.368188271723720234e-03
-3.591067454892035368e-03 6.367716896951983868e-03
-3.371592346850472034e-03 6.367301439061410183e-03
-3.165528105668122608e-03 6.366935258610674324e-03
-2.972055270078842893e-03 6.366612505923858155e-03
-2.790404451401243442e-03 6.366328026841290566e-03
-2.619853273889739126e-03 6.366077279782812737e-03
-2.459723502043294555e-03 6.365856262752030668e-03
-2.309378343447928035e-03 6.365661449079680449e-03
-2.168219916426995363e-03 6.365489730850985850e-03
-2.035686872428882702e-03 6.365338369091476899e-03
-1.911252163696946192e-03 6.365204949898525463e-03
-1.794420947344431763e-03 6.365087345804594336e-03
-1.684728617499294890e-03 6.364983681745164934e-03
-1.581738957693386684e-03 6.364892305079538487e-03
-1.485042406148618429e-03 6.364811759179864539e-03
-1.394254427061488973e-03 6.364740760162503931e-03
-1.309013981409089993e-03 6.364678176385829902e-03
-1.228982091195453740e-03 6.364623010385144809e-03
-1.153840491428526288e-03 6.364574382954070811e-03
-1.083290364467113165e-03 6.364531519116391027e-03
-1.017051151704679570e-03 6.364493735764053563e-03
-9.548594378642998991e-04 6.364460430762290157e-03
-8.964679034679587247e-04 6.364431073348180215e-03
-8.416443413144891576e-04 6.364405195668126729e-03
-7.901707330548732918e-04 6.364382385319691977e-03
-7.418423821927417998e-04 6.364362278777753630e-03
-6.964671000622763746e-04 6.364344555600888291e-03
-6.538644415463101345e-04 6.364328933324156501e-03
-6.138649874953195544e-04 6.364315162957915120e-03
-5.763096709937077546e-04 6.364303025020283562e-03
-5.410491447940707658e-04 6.364292326039884887e-03
-5.079431874039339089e-04 6.364282895473227439e-03
-4.768601454631505969e-04 6.364274582987246645e-03
-4.476764101943878299e-04 6.364267256064547011e-03
-4.202759258447686459e-04 6.364260797891835991e-03
-3.945497281637799845e-04 6.364255105499080911e-03
-3.703955110821903832e-04 6.364250088118876894e-03
-3.477172198687347553e-04 6.364245665740522750e-03
-3.264246691466341703e-04 6.364241767835248156e-03
-3.064331842509692436e-04 6.364238332232718259e-03
-2.876632645006474724e-04 6.364235304130499635e-03
-2.700402670458676067e-04 6.364232635220746712e-03
-2.534941100338807115e-04 6.364230282921084364e-03
-2.379589939125882462e-04 6.364228209695597244e-03
-2.233731397636618432e-04 6.364226382457240962e-03
-2.096785436246481258e-04 6.364224772040319618e-03
-1.968207458230403738e-04 6.364223352736088184e-03
-1.847486144050079770e-04 6.364222101882883315e-03
-1.734141417975726429e-04 6.364220999505091833e-03
-1.627722538955931274e-04 6.364220027994941728e-03
-1.527806308143372189e-04 6.364219171831636546e-03
-1.433995385948514170e-04 6.364218417334432248e-03
-1.345916711928507147e-04 6.364217752444124507e-03
-1.263220021227506255e-04 6.364217166531278488e-03
-1.185576451668948804e-04 6.364216650226471421e-03
-1.112677235960431003e-04 6.364216195271206987e-03
-1.044232473810362147e-04 6.364215794386048584e-03
-9.799699790736354202e-05 6.364215441154653929e-03
-9.196341973416139544e-05 6.364215129921562547e-03
-8.629851896719176359e-05 6.364214855701879128e-03
-8.097976784167412539e-05 6.364214614101927278e-03
-7.598601513551331310e-05 6.364214401249011430e-03
-7.129740205665540287e-05 6.364214213729803803e-03
-6.689528327009240302e-05 6.364214048535762197e-03
-6.276215275045356852e-05 6.364213903015287187e-03
-5.888157416531500463e-05 6.364213774831338488e-03
-5.523811551239205268e-05 6.364213661924101977e-03
-5.181728775067791524e-05 6.364213562478086318e-03
-4.860548718147756638e-05 6.364213474893404623e-03
-4.558994135021126844e-05 6.364213397759888036e-03
-4.275865825384858419e-05 6.364213329834790198e-03
-4.010037865198160146e-05 6.364213270022807574e-03
-3.760453129189908716e-05 6.364213217358833698e-03
-3.526119086959958525e-05 6.364213170992165380e-03
-3.306103855956327154e-05 6.364213130173186975e-03
-3.099532495632644548e-05 6.364213094241320118e-03
-2.905583528048395544e-05 6.364213062614445388e-03
-2.723485671075096226e-05 6.364213034779605919e-03
-2.552514771217800657e-05 6.364213010284777011e-03
-2.391990923854284747e-05 6.364212988731674826e-03
-2.241275769439721272e-05 6.364212969769354397e-03
-2.099769954925015053e-05 6.364212953088585652e-03
-1.966910750293300909e-05 6.364212938416939809e-03
-1.842169810736080741e-05 6.364212925514374508e-03
-1.725051075570132930e-05 6.364212914169371446e-03
-1.615088795539561633e-05 6.364212904195684639e-03
-1.511845680657980123e-05 6.364212895429168480e-03
-1.414911161225593266e-05 6.364212887725247646e-03
-1.323899755105558475e-05 6.364212880956515370e-03
-1.238449534766613459e-05 6.364212875010890301e-03
-1.158220687996078599e-05 6.364212869789494069e-03
-1.082894166559426607e-05 6.364212865205326822e-03
-1.012170417432434343e-05 6.364212861181791844e-03
-9.457681915605696142e-06 6.364212857651363291e-03
-8.834234254082606896e-06 6.364212854554616473e-03
-8.248881908502043135e-06 6.364212851839195703e-03
-7.699297092288845179e-06 6.364212849459119532e-03
-7.183294256573823982e-06 6.364212847373789360e-03
-6.698821398861734940e-06 6.364212845547465545e-03
-6.243951902777456888e-06 6.364212843948809442e-03
-5.816876876438485798e-06 6.364212842550078485e-03
-5.415897958985060038e-06 6.364212841327001290e-03
-5.039420566662596439e-06 6.364212840258130603e-03
-4.685947551597296836e-06 6.364212839324622124e-03
-4.354073248047161842e-06 6.364212838509942204e-03
-4.042477882453245495e-06 6.364212837799500082e-03
-3.749922325059951160e-06 6.364212837180444060e-03
-3.475243162234227762e-06 6.364212836641523589e-03
-3.217348069887064443e-06 6.364212836172818653e-03
-2.975211469598384632e-06 6.364212835765676451e-03
-2.747870450171603521e-06 6.364212835412363586e-03
-2.534420938398601179e-06 6.364212835106181423e-03
-2.334014103807039897e-06 6.364212834841251852e-03
-2.145852983093271333e-06 6.364212834612345548e-03
-1.969189310816785935e-06 6.364212834414935752e-03
-1.803320543752548581e-06 6.364212834245043006e-03
-1.647587067068355029e-06 6.364212834099088577e-03
-1.501369571216668681e-06 6.364212833974047974e-03
-1.364086589109387048e-06 6.364212833867231509e-03
-1.235192183781944781e-06 6.364212833776265212e-03
-1.114173777351006344e-06 6.364212833699057006e-03
-1.000550112631961414e-06 6.364212833633820995e-03
-8.938693393104654022e-07 6.364212833578900518e-03
-7.937072170570570337e-07 6.364212833533018816e-03
-6.996654284390261791e-07 6.364212833494880921e-03
-6.113699949207071113e-07 6.364212833463435588e-03
-5.284697896529079203e-07 6.364212833437801579e-03
-4.506351411371571005e-07 6.364212833417089848e-03
-3.775565222121384326e-07 6.364212833400686303e-03
-3.089433191486484405e-07 6.364212833387900524e-03
-2.445226759580218821e-07 6.364212833378212093e-03
-1.840384093183425875e-07 6.364212833371146565e-03
-1.272499898032904365e-07 6.364212833366336176e-03
-7.393158536218592144e-08 6.364212833363453066e-03
-2.387116324756687046e-08 6.364212833362079165e-03
2.387116324756687046e-08 6.364212833362079165e-03
7.393158536217865548e-08 6.364212833363453066e-03
1.272499898032904365e-07 6.364212833366336176e-03
1.840384093183425875e-07 6.364212833371146565e-03
2.445226759580130942e-07 6.364212833378212093e-03
3.089433191486484405e-07 6.364212833387900524e-03
3.775565222121384326e-07 6.364212833400686303e-03
4.506351411371465126e-07 6.364212833417089848e-03
5.284697896529079203e-07 6.364212833437801579e-03
6.113699949207071113e-07 6.364212833463435588e-03
6.996654284390133677e-07 6.364212833494880921e-03
7.937072170570570337e-07 6.364212833533018816e-03
8.938693393104654022e-07 6.364212833578900518e-03
1.000550112631946167e-06 6.364212833633820995e-03
1.114173777351006344e-06 6.364212833699057006e-03
1.235192183781944781e-06 6.364212833776265212e-03
1.364086589109368413e-06 6.364212833867231509e-03
1.501369571216668681e-06 6.364212833974047974e-03
1.647587067068355029e-06 6.364212834099088577e-03
1.803320543752526134e-06 6.364212834245043006e-03
1.969189310816785935e-06 6.364212834414935752e-03
2.145852983093271333e-06 6.364212834612345548e-03
2.334014103807012369e-06 6.364212834841251852e-03
2.534420938398601179e-06 6.364212835106181423e-03
2.747870450171603521e-06 6.364212835412363586e-03
2.975211469598351597e-06 6.364212835765676451e-03
3.217348069887064443e-06 6.364212836172818653e-03
3.475243162234227762e-06 6.364212836641523589e-03
3.749922325059911349e-06 6.364212837180444060e-03
4.042477882453245495e-06 6.364212837799500082e-03
4.354073248047161842e-06 6.364212838509942204e-03
4.685947551597248555e-06 6.364212839324622124e-03
5.039420566662596439e-06 6.364212840258130603e-03
5.415897958985004981e-06 6.364212841327001290e-03
5.816876876438427352e-06 6.364212842550078485e-03
6.243951902777456888e-06 6.364212843948809442e-03
6.698821398861668871e-06 6.364212845547465545e-03
7.183294256573753678e-06 6.364212847373789360e-03
7.699297092288845179e-06 6.364212849459119532e-03
8.248881908501963514e-06 6.364212851839195703e-03
8.834234254082522193e-06 6.364212854554616473e-03
9.457681915605696142e-06 6.364212857651363291e-03
1.012170417432424687e-05 6.364212861181791844e-03
1.082894166559416273e-05 6.364212865205326822e-03
1.158220687996078599e-05 6.364212869789494069e-03
1.238449534766601939e-05 6.364212875010890301e-03
1.323899755105545939e-05 6.364212880956515370e-03
1.414911161225593266e-05 6.364212887725247646e-03
1.511845680657965724e-05 6.364212895429168480e-03
1.615088795539546725e-05 6.364212904195684639e-03
1.725051075570132930e-05 6.364212914169371446e-03
1.842169810736063801e-05 6.364212925514374508e-03
1.966910750293282952e-05 6.364212938416939809e-03
2.099769954925015053e-05 6.364212953088585652e-03
2.241275769439700604e-05 6.364212969769354397e-03
2.391990923854262385e-05 6.364212988731674826e-03
2.552514771217800657e-05 6.364213010284777011e-03
2.723485671075071492e-05 6.364213034779605919e-03
2.905583528048369117e-05 6.364213062614445388e-03
3.099532495632644548e-05 6.364213094241320118e-03
3.306103855956297338e-05 6.364213130173186975e-03
3.526119086959926676e-05 6.364213170992165380e-03
3.760453129189908716e-05 6.364213217358833698e-03
4.010037865198123555e-05 6.364213270022807574e-03
4.275865825384819795e-05 6.364213329834790198e-03
4.558994135021126844e-05 6.364213397759888036e-03
4.860548718147712592e-05 6.364213474893404623e-03
5.181728775067744768e-05 6.364213562478086318e-03
5.523811551239205268e-05 6.364213661924101977e-03
5.888157416531447608e-05 6.364213774831361040e-03
6.276215275045299931e-05 6.364213903015287187e-03
6.689528327009240302e-05 6.364214048535762197e-03
7.129740205665476590e-05 6.364214213729803803e-03
7.598601513551263547e-05 6.364214401249011430e-03
8.097976784167412539e-05 6.364214614101927278e-03
8.629851896719099109e-05 6.364214855701879128e-03
9.196341973416056873e-05 6.364215129921562547e-03
9.799699790736354202e-05 6.364215441154653929e-03
1.044232473810352796e-04 6.364215794386048584e-03
1.112677235960420974e-04 6.364216195271206987e-03
1.185576451668948804e-04 6.364216650226471421e-03
1.263220021227494871e-04 6.364217166531278488e-03
1.345916711928494950e-04 6.364217752444124507e-03
1.433995385948514170e-04 6.364218417334432248e-03
1.527806308143358637e-04 6.364219171831636546e-03
1.627722538955916909e-04 6.364220027994941728e-03
1.734141417975726429e-04 6.364220999505091833e-03
1.847486144050063236e-04 6.364222101882883315e-03
1.968207458230386390e-04 6.364223352736088184e-03
2.096785436246481258e-04 6.364224772040319618e-03
2.233731397636598375e-04 6.364226382457240962e-03
2.379589939125861320e-04 6.364228209695597244e-03
2.534941100338807115e-04 6.364230282921084364e-03
2.700402670458652214e-04 6.364232635220746712e-03
2.876632645006474724e-04 6.364235304130499635e-03
3.064331842509692436e-04 6.364238332232718259e-03
3.264246691466312429e-04 6.364241767835248156e-03
3.477172198687347553e-04 6.364245665740522750e-03
3.703955110821903832e-04 6.364250088118876894e-03
3.945497281637764609e-04 6.364255105499080911e-03
4.202759258447686459e-04 6.364260797891835991e-03
4.476764101943878299e-04 6.364267256064547011e-03
4.768601454631463685e-04 6.364274582987246645e-03
5.079431874039339089e-04 6.364282895473227439e-03
5.410491447940683806e-04 6.364292326039884887e-03
5.763096709937052609e-04 6.364303025020283562e-03
6.138649874953195544e-04 6.364315162957915120e-03
6.538644415463072072e-04 6.364328933324156501e-03
6.964671000622733388e-04 6.364344555600888291e-03
7.418423821927417998e-04 6.364362278777753630e-03
7.901707330548697139e-04 6.364382385319691977e-03
8.416443413144852545e-04 6.364405195668126729e-03
8.964679034679587247e-04 6.364431073348180215e-03
9.548594378642956708e-04 6.364460430762290157e-03
1.017051151704675017e-03 6.364493735764053563e-03
1.083290364467113165e-03 6.364531519116391027e-03
1.153840491428521084e-03 6.364574382954070811e-03
1.228982091195448319e-03 6.364623010385144809e-03
1.309013981409089993e-03 6.364678176385829902e-03
1.394254427061482901e-03 6.364740760162503931e-03
1.485042406148611707e-03 6.364811759179887091e-03
1.581738957693386684e-03 6.364892305079538487e-03
1.684728617499287517e-03 6.364983681745164934e-03
1.794420947344423523e-03 6.365087345804594336e-03
1.911252163696946192e-03 6.365204949898525463e-03
2.035686872428873594e-03 6.365338369091476899e-03
2.168219916426985822e-03 6.365489730850985850e-03
2.309378343447928035e-03 6.365661449079680449e-03
2.459723502043281544e-03 6.365856262752002045e-03
2.619853273889716141e-03 6.366077279782812737e-03
2.790404451401243442e-03 6.366328026841290566e-03
2.972055270078832485e-03 6.366612505923858155e-03
3.165528105668094852e-03 6.366935258610674324e-03
3.371592346850472034e-03 6.367301439061410183e-03
3.591067454892016286e-03 6.367716896952012491e-03
3.824826222417438987e-03 6.368188271723720234e-03
4.073798244268176869e-03 6.368723099709633524e-03
4.338973614247340800e-03 6.369329935924029212e-03
4.621406862452843295e-03 6.370018492556072179e-03
4.922221148855803613e-03 6.370799796500303987e-03
5.242612729801172412e-03 6.371686368591468648e-03
5.583855715193094399e-03 6.372692427597766336e-03
5.947307135282262590e-03 6.373834122469084450e-03
6.334412337204820692e-03 6.375129796847974102e-03
6.746710732733886100e-03 6.376600290439755209e-03
7.185841920100037063e-03 6.378269282514299060e-03
7.653552204225934005e-03 6.380163683595669114e-03
8.151701541304925275e-03 6.382314082295927928e-03
8.682270935339195597e-03 6.384755255289999848e-03
9.247370316051963662e-03 6.387526749628725554e-03
9.849246929502777567e-03 6.390673547972294637e-03
1.049029427477177374e-02 6.394246828925128322e-03
1.117306162225219397e-02 6.398304836497357116e-03
1.190026415140376694e-02 6.402913886478871740e-03
1.267479374828037013e-02 6.408149446916219447e-03
1.349973050577152334e-02 6.414097558434763389e-03
1.437835497229211779e-02 6.420856211796198594e-03
1.531416119762810286e-02 6.428537118901284445e-03
1.631087062781879510e-02 6.437267664852260041e-03
1.737244690433321567e-02 6.447193161326845480e-03
1.850311162639044910e-02 6.458479432813754063e-03
1.970736113910743700e-02 6.471315786397559972e-03
2.098998441423769942e-02 6.485918423452785228e-03
2.235608209460499679e-02 6.502534370779190255e-03
2.381108677796757098e-02 6.521445940111504982e-03
2.536078462097841185e-02 6.542976015615821830e-03
2.701133834915109624e-02 6.567493928313817945e-03
2.876931176433698834e-02 6.595422389306273940e-03
3.064169584717577749e-02 6.627245510921484298e-03
3.263593655831751456e-02 6.663517606657910416e-03
3.475996444897566651e-02 6.704874354036977242e-03
3.702222619856727903e-02 6.752044703648753428e-03
3.943171820485173729e-02 6.805865234941876202e-03
4.199802236014902462e-02 6.867296753073595834e-03
4.473134415591326768e-02 6.937443659605560010e-03
4.764255326718694339e-02 7.017576612370750658e-03
5.074322677833156825e-02 7.109159292045259815e-03
5.404569522193609227e-02 7.213879678230832905e-03
5.756309161397969026e-02 7.333687492288830552e-03
6.130940368025160347e-02 7.470838596559042227e-03
6.529952948172323968e-02 7.627948203055553121e-03
6.954933666007066806e-02 7.808054918258128425e-03
7.407572553895443168e-02 8.014698239275431721e-03
7.889669633199926368e-02 8.252012806995952243e-03
8.403142072473115953e-02 8.524843643175485791e-03
8.950031811513757540e-02 8.838887750135245719e-03
9.532513681604654066e-02 9.200868944218842937e-03
1.015290405422311915e-01 9.618754226055901621e-03
1.081367005261806707e-01 1.010202390384672654e-02
1.151743936288659592e-01 1.066200777387230590e-02
1.226701068356443602e-01 1.131230746256092941e-02
1.306536485528610736e-01 1.206932625724542463e-02
1.391567671477548507e-01 1.295293750136196700e-02
1.482132772030496648e-01 1.398732707493867584e-02
1.578591939883203232e-01 1.520205969749093174e-02
1.681328766829011112e-01 1.663342779456649864e-02
1.790751809198728173e-01 1.832615998032784133e-02
1.907296212577638539e-01 2.033558361055195357e-02
2.031180993447962990e-01 2.272536993620550075e-02
2.157282698469407123e-01 2.545042270920545163e-02
2.283384403490833492e-01 2.849679884535665300e-02
2.409486108512259861e-01 3.189231954372737099e-02
2.535587813533703994e-01 3.566612401571016278e-02
2.661689518555130363e-01 3.984851110730462664e-02
2.787791223576556732e-01 4.447075884524018946e-02
2.913892928598000864e-01 4.956490123041439044e-02
3.039994633619427233e-01 5.516347587472662795e-02
3.166096338640853602e-01 6.129923967505975652e-02
3.292198043662297735e-01 6.800484237514589636e-02
3.418299748683724104e-01 7.531246997168346280e-02
3.544401453705150473e-01 8.325345156560588766e-02
3.670503158726594606e-01 9.185783542384078071e-02
3.796604863748020975e-01 1.011539359320364484e-01
3.922706568769447344e-01 1.111678525896768605e-01
4.048808273790891477e-01 1.219229706099198146e-01
4.174909978812317846e-01 1.334394436373364801e-01
4.301011683833744215e-01 1.457336675323735453e-01
4.427113388855188347e-01 1.588177495768542113e-01
4.553215093876614716e-01 1.726989930152205144e-01
4.679316798898041085e-01 1.873793725672446842e-01
4.805418503919485218e-01 2.028550544932136712e-01
4.931520208940911587e-01 2.191159395490377415e-01
5.057621913962337956e-01 2.361452468543982497e-01
5.183723618983782089e-01 2.539191473386286924e-01
5.309825324005208458e-01 2.724064563697369823e-01
5.435927029026652590e-01 2.915683980054409874e-01
5.562028734048078960e-01 3.113584452269653191e-01
5.688130439069505329e-01 3.317222447962491216e-01
5.814232144090949461e-01 3.525976336541177258e-01
5.940333849112375830e-01 3.739147523920372529e-01
6.066435554133802199e-01 3.955962609127836038e-01
6.192537259155246332e-01 4.175576582114990942e-01
6.318638964176672701e-01 4.397077075615554720e-01
6.444740669198099070e-01 4.619489665763206188e-01
6.570842374219543203e-01 4.841784197756847097e-01
6.696944079240969572e-01 5.062882094941255628e-01
6.823045784262395941e-01 5.281664588635124336e-01
6.949147489283840073e-01 5.496981789618695657e-01
7.075249194305266442e-01 5.707662504353172572e-01
7.201350899326692812e-01 5.912524682939750420e-01
7.327452604348136944e-01 6.110386370765467090e-01
7.453554309369563313e-01 6.300077023174761592e-01
7.579656014390989682e-01 6.480449032148269950e-01
7.705757719412433815e-01 6.650389306113579924e-01
7.831859424433860184e-01 6.808830738924191994e-01
7.957961129455286553e-01 6.954763402017880569e-01
8.084062834476730686e-01 7.087245294837789533e-01
8.210164539498157055e-01 7.205412492787092171e-01
8.336266244519583424e-01 7.308488539275981299e-01
8.462367949541027556e-01 7.395792938709933040e-01
8.588469654562453925e-01 7.466748620360810218e-01
8.714571359583880295e-01 7.520888258712277175e-01
8.840673064605324427e-01 7.557859353777046652e-01
8.966774769626750796e-01 7.577427994670343780e-01
9.092876474648177165e-01 7.579481250989842378e-01
9.218978179669621298e-01 7.564028159469285972e-01
9.345079884691047667e-01 7.531199291909884685e-01
9.471181589712474036e-01 7.481244926317131005e-01
9.597283294733918169e-01 7.414531843527225607e-01
9.723384999755344538e-01 7.331538819266965046e-01
9.849486704776770907e-01 7.232850875912010258e-01
9.975588409798215039e-01 7.119152403239866755e-01
1.010169011481964141e+00 6.991219251533957735e-01
1.022779181984106778e+00 6.849909927918707009e-01
1.035389352486251191e+00 6.696156034121268918e-01
1.047999522988393828e+00 6.530952093414839066e-01
1.060609693490536465e+00 6.355344920530296982e-01
1.073219863992680878e+00 6.170422691405330617e-01
1.085830034494823515e+00 5.977303869804755365e-01
1.098440204996966152e+00 5.777126145169446669e-01
1.111050375499110565e+00 5.571035530691477167e-01
1.123660546001253202e+00 5.360175762765883034e-01
1.136270716503395839e+00 5.145678132889255352e-01
1.148880887005540252e+00 4.928651871055600986e-01
1.161491057507682889e+00 4.710175186463850250e-01
1.174101228009825526e+00 4.491287053563930987e-01
1.186711398511969939e+00 4.272979824309169894e-01
1.199321569014112576e+00 4.056192716521904162e-01
1.211931739516255213e+00 3.841806226028789406e-01
1.224541910018399626e+00 3.630637487176968103e-01
1.237152080520542263e+00 3.423436586402331949e-01
1.249762251022684900e+00 3.220883829449163183e-01
1.262372421524829313e+00 3.023587936863998960e-01
1.274982592026971950e+00 2.832085136448715401e-01
1.287592762529114587e+00 2.646839107342709441e-01
1.300202933031259001e+00 2.468241720663020555e-01
1.312813103533401637e+00 2.296614513179259520e-01
1.325423274035544274e+00 2.132210823739081884e-01
1.338033444537688688e+00 1.975218517100526816e-01
1.350643615039831325e+00 1.825763216443233583e-01
1.363253785541973961e+00 1.683911964063242173e-01
1.375863956044118375e+00 1.549677229515723231e-01
1.388474126546261012e+00 1.423021185639598285e-01
1.401084297048403648e+00 1.303860175342387295e-01
1.413694467550548062e+00 1.192069295589294198e-01
1.426304638052690699e+00 1.087487029563470459e-01
1.438914808554833336e+00 9.899198632749085791e-02
1.451524979056977749e+00 8.991468288215133386e-02
1.464135149559120386e+00 8.149239228780753852e-02
1.476745320061263023e+00 7.369883556435440075e-02
1.489355490563407436e+00 6.650625922612629637e-02
1.501965661065550073e+00 5.988581554976615123e-02
1.514575831567692710e+00 5.380791650953341276e-02
1.527186002069837123e+00 4.824255955952405639e-02
1.539796172571979760e+00 4.315962404529891799e-02
1.552406343074122397e+00 3.852913758798034299e-02
1.565016513576266810e+00 3.432151229579127882e-02
1.577626684078409447e+00 3.050775111689954869e-02
1.590236854580552084e+00 2.705962505045516817e-02
1.602847025082696497e+00 2.394982227861709723e-02
1.615457195584839134e+00 2.115207057104579597e-02
1.628067366086981771e+00 1.864123454607561833e-02
1.640677536589126184e+00 1.639338955178694379e-02
1.653287707091268821e+00 1.438587405848575258e-02
1.665897877593411458e+00 1.259732253547336117e-02
1.678508048095555871e+00 1.100768082369825603e-02
1.691118218597698508e+00 9.598206016493276982e-03
1.703728389099841145e+00 8.351452827985180946e-03
1.716338559601985558e+00 7.251248367747245918e-03
1.728948730104128195e+00 6.282657155702063741e-03
1.741558900606270832e+00 5.431938107826081268e-03
1.754169071108415245e+00 4.686495105318115063e-03
1.766779241610557882e+00 4.034822631666795667e-03
1.779389412112700519e+00 3.466447827288412793e-03
1.791999582614844932e+00 2.971870173476122944e-03
1.804609753116987569e+00 2.542499879270748806e-03
1.817219923619130206e+00 2.170595909090841224e-03
1.829830094121274620e+00 1.849204457677241934e-03
1.842440264623417256e+00 1.572098553843804224e-03
1.855050435125559893e+00 1.333719357034335393e-03
1.867660605627704307e+00 1.129119601765917087e-03
1.880270776129846944e+00 9.539095453531895455e-04
1.892880946631989580e+00 8.042056842506837850e-04
1.905491117134133994e+00 6.765824240489680397e-04
1.918101287636276631e+00 5.680268175278119528e-04
1.930711458138419268e+00 4.758964239473053876e-04
1.943321628640563681e+00 3.978802905319563815e-04
1.955931799142706318e+00 3.319630133523721657e-04
1.968541969644848955e+00 2.763917989278752625e-04
1.981152140146993368e+00 2.296464192005514312e-04
1.993762310649136005e+00 1.904119303707778993e-04
2.006372481151278642e+00 1.575540097314861413e-04
2.018982651653423055e+00 1.300967533925640829e-04
2.031592822155565692e+00 1.072027709661851745e-04
2.044202992657708329e+00 8.815541023986756084e-05
2.056813163159852742e+00 7.234294498613112767e-05
2.069423333661995379e+00 5.924456178154672122e-05
2.082033504164138016e+00 4.841798651975408497e-05
2.094643674666282429e+00 3.948859774007896958e-05
2.107253845168425066e+00 3.213988154582206308e-05
2.119864015670569479e+00 2.610509139575557919e-05
2.132474186172712116e+00 2.115998511046553041e-05
2.145084356674854753e+00 1.711652078005671302e-05
2.157694527176999166e+00 1.381740267403943214e-05
2.170304697679141803e+00 1.113137755999267377e-05
2.182914868181284440e+00 8.949190893630701272e-06
2.195525038683428853e+00 7.180121039891848467e-06
2.208135209185571490e+00 5.749017941674473808e-06
2.220745379687714127e+00 4.593780413358563401e-06
2.233355550189858540e+00 3.663213464517685848e-06
2.245965720692001177e+00 2.915213736858379711e-06
2.258575891194143814e+00 2.315237260354767823e-06
2.271186061696288228e+00 1.835009310137179636e-06
2.283796232198430864e+00 1.451441190269704933e-06
2.296406402700573501e+00 1.145723307227277624e-06
2.309016573202717915e+00 9.025679526442443100e-07
2.321626743704860552e+00 7.095788230056594478e-07
2.334236914207003188e+00 5.567274965848182338e-07
2.346847084709147602e+00 4.359198991104733782e-07
2.359457255211290239e+00 3.406382533246051812e-07
2.372067425713432876e+00 2.656461569733016098e-07
2.384677596215577289e+00 2.067463007765382268e-07
2.397287766717719926e+00 1.605819528043289734e-07
2.409897937219862563e+00 1.244747267814179568e-07
2.422508107722006976e+00 9.629234539871842643e-08
2.435118278224149613e+00 7.434112981515631335e-08
2.447728448726292250e+00 5.727881510551490434e-08
2.460338619228436663e+00 4.404402823220314668e-08
2.472948789730579300e+00 3.379938792286750069e-08
2.485558960232721937e+00 2.588571040694355389e-08
2.498169130734866350e+00 1.978524526715349028e-08
2.510779301237008987e+00 1.509223397795376615e-08
2.523389471739151624e+00 1.148939077323683103e-08
2.535999642241296037e+00 8.729160653924487977e-09
2.548609812743438674e+00 6.618820700016359478e-09
2.561219983245581311e+00 5.008665357288299544e-09
2.573830153747725724e+00 3.782659998373741249e-09
2.586440324249868361e+00 2.851064908584096778e-09
2.599050494752010998e+00 2.144628249990412281e-09
2.611660665254155411e+00 1.610025178254756757e-09
2.624270835756298048e+00 1.206284214330058103e-09
2.636881006258440685e+00 9.019938002362800848e-10
2.649491176760585098e+00 6.731238626015046138e-10
2.662101347262727735e+00 5.013309753729224525e-10
2.674711517764870372e+00 3.726428527535722239e-10
2.687321688267014785e+00 2.764396542642653337e-10
2.699931858769157422e+00 2.046669669923298544e-10
2.712542029271300059e+00 1.512291840200406458e-10
2.725152199773444472e+00 1.115230088336546558e-10
2.737762370275587109e+00 8.207954275631658887e-11
2.750372540777729746e+00 6.029031097158864451e-11
2.762982711279874160e+00 4.419802103253750613e-11
2.775592881782016796e+00 3.233712351297965798e-11
2.788203052284159433e+00 2.361259726638156059e-11
2.800813222786303847e+00 1.720800391750109563e-11
2.813423393288446483e+00 1.251590158347836471e-11
2.826033563790589120e+00 9.085299133446519727e-12
2.838643734292733534e+00 6.582067150327300196e-12
2.851253904794876171e+00 4.759177543389573333e-12
2.863864075297018807e+00 3.434381656088833571e-12
2.876474245799163221e+00 2.473504947348996746e-12
2.889084416301305858e+00 1.777972801832588301e-12
2.901694586803448495e+00 1.275516454959706666e-12
2.914304757305592908e+00 9.132636201956511538e-13
2.926914927807735545e+00 6.526132749229043388e-13
2.939525098309878182e+00 4.654422605448377332e-13
2.952135268812022595e+00 3.313037821035470185e-13
2.964745439314165232e+00 2.353629772978365242e-13
2.977355609816307869e+00 1.668789582974205694e-13
2.989965780318452282e+00 1.180911043621945747e-13
3.002575950820594919e+00 8.340372646809027142e-14
3.015186121322737556e+00 5.879046361921734560e-14
3.027796291824881969e+00 4.136013630637928215e-14
3.040406462327024606e+00 2.904097341610960309e-14
3.053016632829167243e+00 2.035143282484183313e-14
3.065626803331311656e+00 1.423422756889280908e-14
3.078236973833454293e+00 9.936384470016289125e-15
3.090847144335596930e+00 6.922754195721782448e-15
3.103457314837741343e+00 4.813776775599689384e-15
3.116067485339883980e+00 3.340796038161450103e-15
3.128677655842026617e+00 2.314042973109879297e-15
3.141287826344171030e+00 1.599745076684622039e-15
3.153897996846313667e+00 1.103795217590777560e-15
3.166508167348456304e+00 7.601250640615966944e-16
3.179118337850600717e+00 5.224453525377561529e-16
3.191728508352743354e+00 3.583904347113176459e-16
3.204338678854885991e+00 2.453760211711284364e-16
3.216948849357030404e+00 1.676750502276209567e-16
3.229559019859173041e+00 1.143578094058257491e-16
3.242169190361315678e+00 7.784392168204571480e-17
3.254779360863460091e+00 5.288658449294736403e-17
3.267389531365602728e+00 3.586152073089314030e-17
3.279999701867745365e+00 2.427027425977207461e-17
3.292609872369889779e+00 1.639396090881210104e-17
3.305220042872032415e+00 1.105240428209830310e-17
3.317830213374175052e+00 7.436930278376664460e-18
3.330440383876319466e+00 4.994536134123906843e-18
3.343050554378462103e+00 3.347815611352734739e-18
3.355660724880604739e+00 2.239717477330342812e-18
3.368270895382749153e+00 1.495514747845857737e-18
3.380881065884891790e+00 9.966767461287560572e-19
3.393491236387034427e+00 6.629557247815018827e-19
3.406101406889178840e+00 4.401307439860994207e-19
3.418711577391321477e+00 2.916394515084519006e-19
3.431321747893464114e+00 1.928761943239139058e-19
3.443931918395608527e+00 1.273148822758354620e-19
3.456542088897751164e+00 8.387804591270255211e-20
3.469152259399893801e+00 5.515519424266012436e-20
3.481762429902038214e+00 3.619877790799073009e-20
3.494372600404180851e+00 2.371216271901796283e-20
3.506982770906323488e+00 1.550310116062384453e-20
3.519592941408467901e+00 1.011664565437488265e-20
3.532203111910610538e+00 6.589089772142182312e-21
3.544813282412753175e+00 4.283370301531400308e-21
3.557423452914897588e+00 2.779185331999297321e-21
3.570033623417040225e+00 1.799788474147055531e-21
3.582643793919182862e+00 1.163316449859064023e-21
3.595253964421327275e+00 7.504937712761420597e-22
3.607864134923469912e+00 4.832473788202627622e-22
3.620474305425612549e+00 3.105742777909974971e-22
3.633084475927756962e+00 1.992211262746759968e-22
3.645694646429899599e+00 1.275497448340367481e-22
3.658304816932042236e+00 8.150766604767511012e-23
3.670914987434186649e+00 5.198671108468145591e-23
3.683525157936329286e+00 3.309494095697573093e-23
3.696135328438471923e+00 2.102841884987249752e-23
3.708745498940616336e+00 1.333606561834345604e-23
3.721355669442758973e+00 8.441609914210724150e-24
3.733965839944901610e+00 5.333344519949614117e-24
3.746576010447046023e+00 3.363188056643373077e-24
3.759186180949188660e+00 2.116801662425227405e-24
3.771796351451333074e+00 1.329802157356389008e-24
3.784406521953475711e+00 8.338195871234245301e-25
3.797016692455618347e+00 5.218379868591036575e-25
3.809626862957762761e+00 3.259704006546449687e-25
3.822237033459905398e+00 2.032356360181600524e-25
3.834847203962048034e+00 1.264739585434601009e-25
3.847457374464192448e+00 7.855652340782870492e-26
3.860067544966335085e+00 4.870164435054191091e-26
3.872677715468477722e+00 3.013599629085773795e-26
3.885287885970622135e+00 1.861265693149309465e-26
3.897898056472764772e+00 1.147393566019620401e-26
3.910508226974907409e+00 7.059890975959015057e-27
3.923118397477051822e+00 4.335762158900617392e-27
3.935728567979194459e+00 2.657755974538879047e-27
3.948338738481337096e+00 1.626100090881756626e-27
3.960948908983481509e+00 9.930298065601782230e-28
3.973559079485624146e+00 6.052857548453240424e-28
3.986169249987766783e+00 3.682494422380754886e-28
3.998779420489911196e+00 2.236183991812952825e-28
4.011389590992053833e+00 1.355367528449898198e-28
4.023999761494196470e+00 8.199569250056831388e-29
4.036609931996340883e+00 4.951191560693791470e-29
4.049220102498483520e+00 2.984100602393143049e-29
4.061830273000626157e+00 1.795157421336243632e-29
4.074440443502770570e+00 1.077897020442984011e-29
4.087050614004913207e+00 6.460080995247364526e-30
4.099660784507055844e+00 3.864425305845218190e-30
4.112270955009200257e+00 2.307376346085372664e-30
4.124881125511342894e+00 1.375114368402035170e-30
4.137491296013485531e+00 8.179869363220529487e-31
4.150101466515629944e+00 4.856701111905502812e-31
4.162711637017772581e+00 2.878221044446075579e-31
4.175321807519915218e+00 1.702530746014433980e-31
4.187931978022059631e+00 1.005203815506224687e-31
4.200542148524202268e+00 5.923821047811336203e-32
4.213152319026344905e+00 3.484485488571524592e-32
4.225762489528489319e+00 2.045806746820332831e-32
4.238372660030631955e+00 1.198891985596912296e-32
4.250982830532774592e+00 7.012700605295690753e-33
4.263593001034919006e+00 4.094308979864170491e-33
4.276203171537061642e+00 2.385977195867543310e-33
4.288813342039204279e+00 1.387850237138329361e-33
4.301423512541348693e+00 8.057676750549348683e-34
4.314033683043491330e+00 4.669477409092989301e-34
4.326643853545633966e+00 2.700960266910664083e-34
4.339254024047778380e+00 1.559408395638133417e-34
4.351864194549921017e+00 8.986561938996758282e-35
4.364474365052063654e+00 5.169155314926060520e-35
4.377084535554208067e+00 2.967824181988054907e-35
4.389694706056350704e+00 1.700785744057760528e-35
4.402304876558493341e+00 9.728685521393403526e-36
4.414915047060635978e+00 5.554591339922679348e-36
4.427525217562778614e+00 3.165510202886600495e-36
4.440135388064924804e+00 1.800649756002354298e-36
4.452745558567067441e+00 1.022372041983260793e-36
4.465355729069210078e+00 5.794061975428221847e-37
4.477965899571352715e+00 3.277570365626225273e-37
4.490576070073495352e+00 1.850614200553342597e-37
4.503186240575637989e+00 1.042977633469064874e-37
4.515796411077784178e+00 5.867182508585138222e-38
4.528406581579926815e+00 3.294427517164208594e-38
4.541016752082069452e+00 1.846402284606731341e-38
4.553626922584212089e+00 1.032925430536149540e-38
4.566237093086354726e+00 5.767772665243154255e-39
4.578847263588500915e+00 3.214726840440274851e-39
4.591457434090643552e+00 1.788451006996218533e-39
4.604067604592786189e+00 9.931327407613079741e-40
4.616677775094928826e+00 5.504718088522179118e-40
4.629287945597071463e+00 3.045514315472320615e-40
4.641898116099214100e+00 1.681838290091838718e-40
4.654508286601360290e+00 9.270562812161098818e-41
4.667118457103502926e+00 5.100661300787588970e-41
4.679728627605645563e+00 2.801209793734880172e-41
4.692338798107788200e+00 1.535549406386090600e-41
4.704948968609930837e+00 8.401971491022940900e-42
4.717559139112073474e+00 4.588789171956635095e-42
4.730169309614219664e+00 2.501581972828017957e-42
4.742779480116362301e+00 1.361229473839497321e-42
4.755389650618504938e+00 7.393467351051422524e-43
4.767999821120647574e+00 4.008348022791993816e-43
4.780609991622790211e+00 2.169118945833889839e-43
4.793220162124932848e+00 1.171661694896930360e-43
4.805830332627079038e+00 6.317165405542772744e-44
4.818440503129221675e+00 3.399723917618141453e-44
4.831050673631364312e+00 1.826277087403514105e-44
4.843660844133506949e+00 9.792453976460685280e-45
4.856271014635649586e+00 5.241052216180350412e-45
4.868881185137792222e+00 2.799933663039239682e-45
4.881491355639938412e+00 1.493067814244050877e-45
4.894101526142081049e+00 7.947199007004547737e-46
4.906711696644223686e+00 4.222324746984425555e-46
4.919321867146366323e+00 2.239197453919585984e-46
4.931932037648508960e+00 1.185322667215471660e-46
4.944542208150651597e+00 6.263029392693966460e-47
4.957152378652797786e+00 3.303210077690663341e-47
4.969762549154940423e+00 1.738969824594971319e-47
4.982372719657083060e+00 9.138022516144122690e-48
4.994982890159225697e+00 4.793105055223022209e-48
5.007593060661368334e+00 2.509495591458161701e-48
5.020203231163510971e+00 1.311477695721762252e-48
5.032813401665657160e+00 6.841330642624406607e-49
5.045423572167799797e+00 3.562260436849540991e-49
5.058033742669942434e+00 1.851468746235253621e-49
5.070643913172085071e+00 9.605344551144673793e-50
5.083254083674227708e+00 4.974112101594122637e-50
5.095864254176370345e+00 2.571132512322132285e-50
5.108474424678516534e+00 1.326599513225306831e-50
5.121084595180659171e+00 6.832220905677839991e-51
5.133694765682801808e+00 3.512294057182905804e-51
5.146304936184944445e+00 1.802299446908107119e-51
5.158915106687087082e+00 9.231459096059767992e-52
5.171525277189229719e+00 4.719774798130894021e-52
5.184135447691375909e+00 2.408684609339354085e-52
5.196745618193518546e+00 1.227005578858935698e-52
5.209355788695661182e+00 6.239090436317394652e-53
5.221965959197803819e+00 3.166681406091214867e-53
5.234576129699946456e+00 1.604338531245306136e-53
5.247186300202089093e+00 8.113278970335090818e-54
5.259796470704235283e+00 4.095488954555609039e-54
5.272406641206377920e+00 2.063594036250610605e-54
5.285016811708520557e+00 1.037891904331813768e-54
5.297626982210663193e+00 5.210621643024351046e-55
5.310237152712805830e+00 2.611179372350818302e-55
5.322847323214948467e+00 1.306152312374465925e-55
5.335457493717094657e+00 6.521704062998548105e-56
5.348067664219237294e+00 3.250414111961204465e-56
5.360677834721379931e+00 1.617062626642005610e-56
5.373288005223522568e+00 8.030188080807234731e-57
5.385898175725665205e+00 3.980480684817245852e-57
5.398508346227807841e+00 1.969502078055432898e-57
5.411118516729954031e+00 9.727218625363594543e-58
5.423728687232096668e+00 4.795483634370783427e-58
5.436338857734239305e+00 2.359868713579445478e-58
5.448949028236381942e+00 1.159191412174488688e-58
5.461559198738524579e+00 5.683744405631537860e-59
5.474169369240667216e+00 2.781801808901077481e-59
5.486779539742813405e+00 1.359033865841026531e-59
5.499389710244956042e+00 6.627458369594957410e-60
5.511999880747098679e+00 3.226090597635780708e-60
5.524610051249241316e+00 1.567541753766166692e-60
5.537220221751383953e+00 7.602822794820968986e-61
5.549830392253526590e+00 3.680815040308414322e-61
5.562440562755672779e+00 1.778798199808407108e-61
5.575050733257815416e+00 8.580707740735399332e-62
5.587660903759958053e+00 4.131744555894966206e-62
5.600271074262100690e+00 1.985902501203422662e-62
5.612881244764243327e+00 9.527888553528709660e-63
5.625491415266385964e+00 4.562993824351219092e-63
5.638101585768532154e+00 2.181311752294914877e-63
5.650711756270674790e+00 1.040879420257771128e-63
5.663321926772817427e+00 4.957903930727938228e-64
5.675932097274960064e+00 2.357278918181071018e-64
5.688542267777102701e+00 1.118765830524177115e-64
5.701152438279245338e+00 5.300086376912233953e-65
5.713762608781391528e+00 2.506353987663230679e-65
5.726372779283534165e+00 1.183089916954494786e-65
5.738982949785676801e+00 5.574541506901958696e-66
5.751593120287819438e+00 2.621903985610947067e-66
5.764203290789962075e+00 1.230951144806852694e-66
5.776813461292104712e+00 5.768746090908358986e-67
5.789423631794250902e+00 2.698601626214344942e-67
5.802033802296393539e+00 1.260123318958441928e-67
5.814643972798536176e+00 5.873600528704680164e-68
5.827254143300678813e+00 2.732832544467055917e-68
5.839864313802821449e+00 1.269226296215282129e-68
5.852474484304964086e+00 5.884135917801552703e-69
5.865084654807110276e+00 2.722977748564508214e-69
5.877694825309252913e+00 1.257834255209238066e-69
5.890304995811395550e+00 5.799904450900667409e-70
5.902915166313538187e+00 2.669540545927442376e-70
5.915525336815680824e+00 1.226508693371207134e-70
5.928135507317823460e+00 5.625010424776965510e-71
5.940745677819969650e+00 2.575104087397982231e-71
5.953355848322112287e+00 1.176752593074950164e-71
5.965966018824254924e+00 5.367778938615234726e-72
5.978576189326397561e+00 2.444124500531350455e-72
5.991186359828540198e+00 1.110890962083002488e-72
6.003796530330682835e+00 5.040099497699332790e-73
6.016406700832829024e+00 2.282582665728501526e-73
6.029016871334971661e+00 1.031890960517561930e-73
6.041627041837114298e+00 4.656516530336593726e-74
6.054237212339256935e+00 2.097532491029973526e-74
6.066847382841399572e+00 9.431409674788775890e-75
6.079457553343542209e+00 4.233163529756998606e-75
6.092067723845688398e+00 1.896593082428035381e-75
6.104677894347831035e+00 8.482114203956384036e-76
6.117288064849973672e+00 3.786649101424749978e-76
6.129898235352116309e+00 1.687435406596923100e-76
6.142508405854258946e+00 7.506207343115158160e-77
6.155118576356401583e+00 3.333000773265162634e-77
6.167728746858547773e+00 1.477310840109571045e-77
6.180338917360690409e+00 6.536272060905693820e-78
6.192949087862833046e+00 2.886757318965777853e-78
6.205559258364975683e+00 1.272660314801472272e-78
6.218169428867118320e+00 5.600630886264577870e-79
6.230779599369264510e+00 2.460275687627015561e-79
6.243389769871407147e+00 1.078830271666778916e-79
6.255999940373549784e+00 4.722208395314774126e-80
6.268610110875692421e+00 2.063288698002242619e-80
6.281220281377835057e+00 8.999074025771383017e-81
6.293830451879977694e+00 3.917948949464517845e-81
6.306440622382123884e+00 1.702719043354690758e-81
6.319050792884266521e+00 7.386702925988411161e-82
6.331660963386409158e+00 3.198761350403663462e-82
6.344271133888551795e+00 1.382728009462805545e-82
6.356881304390694432e+00 5.966443611771750547e-83
6.369491474892837068e+00 2.569912438267099331e-83
6.382101645394983258e+00 1.104956708867285633e-83
6.394711815897125895e+00 4.742381585129248616e-84
6.407321986399268532e+00 2.031758887011933646e-84
6.419932156901411169e+00 8.689052561550047398e-85
6.432542327403553806e+00 3.709346533962800591e-85
6.445152497905696443e+00 1.580692021801028067e-85
6.457762668407842632e+00 6.723913644936953196e-86
6.470372838909985269e+00 2.855105412608506544e-86
6.482983009412127906e+00 1.210173011285057475e-86
6.495593179914270543e+00 5.120333114665101070e-87
6.508203350416413180e+00 2.162591769013682130e-87
6.520813520918555817e+00 9.117517230660184555e-88
6.533423691420702006e+00 3.837112183048725312e-88
6.546033861922844643e+00 1.611975349624582184e-88
6.558644032424987280e+00 6.759871346258355581e-89
6.571254202927129917e+00 2.829728295744258921e-89
6.583864373429272554e+00 1.182435486444237469e-89
6.596474543931415191e+00 4.932155042653102191e-90
6.609084714433561381e+00 2.053632222601658838e-90
6.621694884935704017e+00 8.535627242099288834e-91
6.634305055437846654e+00 3.541401513505669481e-91
6.646915225939989291e+00 1.466702353006326280e-91
6.659525396442131928e+00 6.063676680641822445e-92
6.672135566944274565e+00 2.502404118381505311e-92
6.684745737446420755e+00 1.030875818029078614e-92
6.697355907948563392e+00 4.239190061369833775e-93
6.709966078450706028e+00 1.740152011323970983e-93
6.722576248952848665e+00 7.130490138560224453e-94
6.735186419454991302e+00 2.916618378536912466e-94
6.747796589957133939e+00 1.190879977300486228e-94
6.760406760459280129e+00 4.853831223270056480e-95
6.773016930961422766e+00 1.974830255701323632e-95
6.785627101463565403e+00 8.020536653649299210e-96
6.798237271965708040e+00 3.251664788687635213e-96
6.810847442467850676e+00 1.315942530063726067e-96
6.823457612969993313e+00 5.316147500947519214e-97
6.836067783472139503e+00 2.143809517973583151e-97
6.848677953974282140e+00 8.629876271950429364e-98
6.861288124476424777e+00 3.467785880345723017e-98
6.873898294978567414e+00 1.391007388912641358e-98
6.886508465480710051e+00 5.569756199897485620e-99
6.899118635982852688e+00 2.226243410722674494e-99
6.911728806484998877e+00 8.882576325751202831e-100
6.924338976987141514e+00 3.537815779423947411e-100
6.936949147489284151e+00 1.406570721167483091e-100
6.949559317991426788e+00 5.582363963052980391e-101
6.962169488493569425e+00 2.211592285333367542e-101
6.974779658995712062e+00 8.746261362542681955e-102
6.987389829497858251e+00 3.452792083476238337e-102
7.000000000000000888e+00 1.360658436192766026e-102
