-1.899999999999999911e+00 0.000000000000000000e+00
-1.896386430678465906e+00 0.000000000000000000e+00
-1.892772861356932124e+00 0.000000000000000000e+00
-1.889159292035398119e+00 0.000000000000000000e+00
-1.885545722713864114e+00 0.000000000000000000e+00
-1.881932153392330331e+00 0.000000000000000000e+00
-1.878318584070796327e+00 0.000000000000000000e+00
-1.874705014749262544e+00 0.000000000000000000e+00
-1.871091445427728539e+00 0.000000000000000000e+00
-1.867477876106194534e+00 0.000000000000000000e+00
-1.863864306784660752e+00 0.000000000000000000e+00
-1.860250737463126747e+00 0.000000000000000000e+00
-1.856637168141592742e+00 0.000000000000000000e+00
-1.853023598820058959e+00 0.000000000000000000e+00
-1.849410029498524954e+00 0.000000000000000000e+00
-1.845796460176990950e+00 0.000000000000000000e+00
-1.842182890855457167e+00 0.000000000000000000e+00
-1.838569321533923162e+00 0.000000000000000000e+00
-1.834955752212389379e+00 0.000000000000000000e+00
-1.831342182890855375e+00 0.000000000000000000e+00
-1.827728613569321370e+00 0.000000000000000000e+00
-1.824115044247787587e+00 0.000000000000000000e+00
-1.820501474926253582e+00 0.000000000000000000e+00
-1.816887905604719577e+00 0.000000000000000000e+00
-1.813274336283185795e+00 0.000000000000000000e+00
-1.809660766961651790e+00 0.000000000000000000e+00
-1.806047197640118007e+00 0.000000000000000000e+00
-1.802433628318584002e+00 0.000000000000000000e+00
-1.798820058997049998e+00 0.000000000000000000e+00
-1.795206489675516215e+00 0.000000000000000000e+00
-1.791592920353982210e+00 0.000000000000000000e+00
-1.787979351032448205e+00 0.000000000000000000e+00
-1.784365781710914423e+00 0.000000000000000000e+00
-1.780752212389380418e+00 0.000000000000000000e+00
-1.777138643067846413e+00 0.000000000000000000e+00
-1.773525073746312630e+00 0.000000000000000000e+00
-1.769911504424778625e+00 0.000000000000000000e+00
-1.766297935103244843e+00 0.000000000000000000e+00
-1.762684365781710838e+00 0.000000000000000000e+00
-1.759070796460176833e+00 0.000000000000000000e+00
-1.755457227138643050e+00 0.000000000000000000e+00
-1.751843657817109046e+00 0.000000000000000000e+00
-1.748230088495575041e+00 0.000000000000000000e+00
-1.744616519174041258e+00 0.000000000000000000e+00
-1.741002949852507253e+00 0.000000000000000000e+00
-1.737389380530973249e+00 0.000000000000000000e+00
-1.733775811209439466e+00 0.000000000000000000e+00
-1.730162241887905461e+00 0.000000000000000000e+00
-1.726548672566371678e+00 0.000000000000000000e+00
-1.722935103244837673e+00 0.000000000000000000e+00
-1.719321533923303669e+00 0.000000000000000000e+00
-1.715707964601769886e+00 0.000000000000000000e+00
-1.712094395280235881e+00 0.000000000000000000e+00
-1.708480825958701876e+00 0.000000000000000000e+00
-1.704867256637168094e+00 0.000000000000000000e+00
-1.701253687315634089e+00 0.000000000000000000e+00
-1.697640117994100084e+00 0.000000000000000000e+00
-1.694026548672566301e+00 0.000000000000000000e+00
-1.690412979351032297e+00 0.000000000000000000e+00
-1.686799410029498514e+00 0.000000000000000000e+00
-1.683185840707964509e+00 0.000000000000000000e+00
-1.679572271386430504e+00 0.000000000000000000e+00
-1.675958702064896721e+00 0.000000000000000000e+00
-1.672345132743362717e+00 0.000000000000000000e+00
-1.668731563421828712e+00 0.000000000000000000e+00
-1.665117994100294929e+00 0.000000000000000000e+00
-1.661504424778760924e+00 0.000000000000000000e+00
-1.657890855457226920e+00 0.000000000000000000e+00
-1.654277286135693137e+00 0.000000000000000000e+00
-1.650663716814159132e+00 0.000000000000000000e+00
-1.647050147492625349e+00 0.000000000000000000e+00
-1.643436578171091345e+00 0.000000000000000000e+00
-1.639823008849557340e+00 0.000000000000000000e+00
-1.636209439528023557e+00 0.000000000000000000e+00
-1.632595870206489552e+00 0.000000000000000000e+00
-1.628982300884955770e+00 0.000000000000000000e+00
-1.625368731563421765e+00 0.000000000000000000e+00
-1.621755162241887760e+00 0.000000000000000000e+00
-1.618141592920353755e+00 0.000000000000000000e+00
-1.614528023598819972e+00 0.000000000000000000e+00
-1.610914454277285968e+00 0.000000000000000000e+00
-1.607300884955752185e+00 0.000000000000000000e+00
-1.603687315634218180e+00 0.000000000000000000e+00
-1.600073746312684175e+00 0.000000000000000000e+00
-1.596460176991150393e+00 0.000000000000000000e+00
-1.592846607669616388e+00 0.000000000000000000e+00
-1.589233038348082605e+00 0.000000000000000000e+00
-1.585619469026548600e+00 0.000000000000000000e+00
-1.582005899705014595e+00 0.000000000000000000e+00
-1.578392330383480591e+00 0.000000000000000000e+00
-1.574778761061946808e+00 0.000000000000000000e+00
-1.571165191740412803e+00 0.000000000000000000e+00
-1.567551622418879020e+00 0.000000000000000000e+00
-1.563938053097345016e+00 0.000000000000000000e+00
-1.560324483775811011e+00 0.000000000000000000e+00
-1.556710914454277228e+00 0.000000000000000000e+00
-1.553097345132743223e+00 0.000000000000000000e+00
-1.549483775811209441e+00 0.000000000000000000e+00
-1.545870206489675436e+00 0.000000000000000000e+00
-1.542256637168141431e+00 0.000000000000000000e+00
-1.538643067846607426e+00 0.000000000000000000e+00
-1.535029498525073643e+00 0.000000000000000000e+00
-1.531415929203539639e+00 0.000000000000000000e+00
-1.527802359882005856e+00 0.000000000000000000e+00
-1.524188790560471851e+00 0.000000000000000000e+00
-1.520575221238937846e+00 0.000000000000000000e+00
-1.516961651917404064e+00 0.000000000000000000e+00
-1.513348082595870059e+00 0.000000000000000000e+00
-1.509734513274336276e+00 0.000000000000000000e+00
-1.506120943952802271e+00 0.000000000000000000e+00
-1.502507374631268267e+00 0.000000000000000000e+00
-1.498893805309734262e+00 0.000000000000000000e+00
-1.495280235988200479e+00 0.000000000000000000e+00
-1.491666666666666474e+00 0.000000000000000000e+00
-1.488053097345132691e+00 0.000000000000000000e+00
-1.484439528023598687e+00 0.000000000000000000e+00
-1.480825958702064682e+00 0.000000000000000000e+00
-1.477212389380530899e+00 0.000000000000000000e+00
-1.473598820058996894e+00 0.000000000000000000e+00
-1.469985250737463112e+00 0.000000000000000000e+00
-1.466371681415929107e+00 0.000000000000000000e+00
-1.462758112094395102e+00 0.000000000000000000e+00
-1.459144542772861097e+00 0.000000000000000000e+00
-1.455530973451327315e+00 0.000000000000000000e+00
-1.451917404129793310e+00 0.000000000000000000e+00
-1.448303834808259527e+00 0.000000000000000000e+00
-1.444690265486725522e+00 0.000000000000000000e+00
-1.441076696165191517e+00 0.000000000000000000e+00
-1.437463126843657735e+00 0.000000000000000000e+00
-1.433849557522123730e+00 0.000000000000000000e+00
-1.430235988200589947e+00 0.000000000000000000e+00
-1.426622418879055942e+00 0.000000000000000000e+00
-1.423008849557521938e+00 0.000000000000000000e+00
-1.419395280235987933e+00 0.000000000000000000e+00
-1.415781710914454150e+00 0.000000000000000000e+00
-1.412168141592920145e+00 0.000000000000000000e+00
-1.408554572271386363e+00 0.000000000000000000e+00
-1.404941002949852358e+00 0.000000000000000000e+00
-1.401327433628318353e+00 0.000000000000000000e+00
-1.397713864306784570e+00 0.000000000000000000e+00
-1.394100294985250565e+00 0.000000000000000000e+00
-1.390486725663716783e+00 0.000000000000000000e+00
-1.386873156342182778e+00 0.000000000000000000e+00
-1.383259587020648773e+00 0.000000000000000000e+00
-1.379646017699114768e+00 0.000000000000000000e+00
-1.376032448377580986e+00 0.000000000000000000e+00
-1.372418879056047203e+00 0.000000000000000000e+00
-1.368805309734513198e+00 0.000000000000000000e+00
-1.365191740412979193e+00 0.000000000000000000e+00
-1.361578171091445189e+00 0.000000000000000000e+00
-1.357964601769911406e+00 0.000000000000000000e+00
-1.354351032448377401e+00 0.000000000000000000e+00
-1.350737463126843618e+00 0.000000000000000000e+00
-1.347123893805309613e+00 0.000000000000000000e+00
-1.343510324483775609e+00 0.000000000000000000e+00
-1.339896755162241604e+00 0.000000000000000000e+00
-1.336283185840707821e+00 0.000000000000000000e+00
-1.332669616519174038e+00 0.000000000000000000e+00
-1.329056047197640034e+00 0.000000000000000000e+00
-1.325442477876106029e+00 0.000000000000000000e+00
-1.321828908554572024e+00 0.000000000000000000e+00
-1.318215339233038241e+00 0.000000000000000000e+00
-1.314601769911504237e+00 0.000000000000000000e+00
-1.310988200589970454e+00 0.000000000000000000e+00
-1.307374631268436449e+00 0.000000000000000000e+00
-1.303761061946902444e+00 0.000000000000000000e+00
-1.300147492625368439e+00 0.000000000000000000e+00
-1.296533923303834657e+00 0.000000000000000000e+00
-1.292920353982300874e+00 0.000000000000000000e+00
-1.289306784660766869e+00 0.000000000000000000e+00
-1.285693215339232864e+00 0.000000000000000000e+00
-1.282079646017698860e+00 0.000000000000000000e+00
-1.278466076696165077e+00 0.000000000000000000e+00
-1.274852507374631072e+00 0.000000000000000000e+00
-1.271238938053097289e+00 0.000000000000000000e+00
-1.267625368731563285e+00 0.000000000000000000e+00
-1.264011799410029280e+00 0.000000000000000000e+00
-1.260398230088495275e+00 0.000000000000000000e+00
-1.256784660766961492e+00 0.000000000000000000e+00
-1.253171091445427709e+00 0.000000000000000000e+00
-1.249557522123893705e+00 0.000000000000000000e+00
-1.245943952802359700e+00 0.000000000000000000e+00
-1.242330383480825695e+00 0.000000000000000000e+00
-1.238716814159291912e+00 0.000000000000000000e+00
-1.235103244837757908e+00 0.000000000000000000e+00
-1.231489675516224125e+00 0.000000000000000000e+00
-1.227876106194690120e+00 0.000000000000000000e+00
-1.224262536873156115e+00 0.000000000000000000e+00
-1.220648967551622111e+00 0.000000000000000000e+00
-1.217035398230088328e+00 0.000000000000000000e+00
-1.213421828908554545e+00 0.000000000000000000e+00
-1.209808259587020540e+00 0.000000000000000000e+00
-1.206194690265486535e+00 0.000000000000000000e+00
-1.202581120943952531e+00 0.000000000000000000e+00
-1.198967551622418748e+00 0.000000000000000000e+00
-1.195353982300884743e+00 0.000000000000000000e+00
-1.191740412979350960e+00 0.000000000000000000e+00
-1.188126843657816956e+00 0.000000000000000000e+00
-1.184513274336282951e+00 0.000000000000000000e+00
-1.180899705014748946e+00 0.000000000000000000e+00
-1.177286135693215163e+00 0.000000000000000000e+00
-1.173672566371681381e+00 0.000000000000000000e+00
-1.170058997050147376e+00 0.000000000000000000e+00
-1.166445427728613371e+00 0.000000000000000000e+00
-1.162831858407079366e+00 0.000000000000000000e+00
-1.159218289085545583e+00 0.000000000000000000e+00
-1.155604719764011579e+00 0.000000000000000000e+00
-1.151991150442477796e+00 0.000000000000000000e+00
-1.148377581120943791e+00 0.000000000000000000e+00
-1.144764011799409786e+00 0.000000000000000000e+00
-1.141150442477875782e+00 0.000000000000000000e+00
-1.137536873156341999e+00 0.000000000000000000e+00
-1.133923303834808216e+00 0.000000000000000000e+00
-1.130309734513274211e+00 0.000000000000000000e+00
-1.126696165191740207e+00 0.000000000000000000e+00
-1.123082595870206202e+00 0.000000000000000000e+00
-1.119469026548672419e+00 0.000000000000000000e+00
-1.115855457227138636e+00 0.000000000000000000e+00
-1.112241887905604631e+00 0.000000000000000000e+00
-1.108628318584070627e+00 0.000000000000000000e+00
-1.105014749262536622e+00 0.000000000000000000e+00
-1.101401179941002617e+00 0.000000000000000000e+00
-1.097787610619468834e+00 0.000000000000000000e+00
-1.094174041297935052e+00 0.000000000000000000e+00
-1.090560471976401047e+00 0.000000000000000000e+00
-1.086946902654867042e+00 0.000000000000000000e+00
-1.083333333333333037e+00 0.000000000000000000e+00
-1.079719764011799255e+00 0.000000000000000000e+00
-1.076106194690265472e+00 0.000000000000000000e+00
-1.072492625368731467e+00 0.000000000000000000e+00
-1.068879056047197462e+00 0.000000000000000000e+00
-1.065265486725663457e+00 0.000000000000000000e+00
-1.061651917404129453e+00 0.000000000000000000e+00
-1.058038348082595670e+00 0.000000000000000000e+00
-1.054424778761061887e+00 0.000000000000000000e+00
-1.050811209439527882e+00 0.000000000000000000e+00
-1.047197640117993878e+00 0.000000000000000000e+00
-1.043584070796459873e+00 0.000000000000000000e+00
-1.039970501474926090e+00 0.000000000000000000e+00
-1.036356932153392307e+00 0.000000000000000000e+00
-1.032743362831858303e+00 0.000000000000000000e+00
-1.029129793510324298e+00 0.000000000000000000e+00
-1.025516224188790293e+00 0.000000000000000000e+00
-1.021902654867256510e+00 0.000000000000000000e+00
-1.018289085545722505e+00 0.000000000000000000e+00
-1.014675516224188723e+00 0.000000000000000000e+00
-1.011061946902654718e+00 0.000000000000000000e+00
-1.007448377581120713e+00 0.000000000000000000e+00
-1.003834808259586708e+00 0.000000000000000000e+00
-1.000221238938052926e+00 0.000000000000000000e+00
-9.966076696165190318e-01 0.000000000000000000e+00
-9.929941002949850271e-01 0.000000000000000000e+00
-9.893805309734511333e-01 0.000000000000000000e+00
-9.857669616519172395e-01 0.000000000000000000e+00
-9.821533923303833458e-01 0.000000000000000000e+00
-9.785398230088493410e-01 0.000000000000000000e+00
-9.749262536873154472e-01 0.000000000000000000e+00
-9.713126843657815535e-01 0.000000000000000000e+00
-9.676991150442475487e-01 0.000000000000000000e+00
-9.640855457227136549e-01 0.000000000000000000e+00
-9.604719764011797611e-01 0.000000000000000000e+00
-9.568584070796458674e-01 0.000000000000000000e+00
-9.532448377581118626e-01 0.000000000000000000e+00
-9.496312684365779688e-01 0.000000000000000000e+00
-9.460176991150440751e-01 0.000000000000000000e+00
-9.424041297935101813e-01 0.000000000000000000e+00
-9.387905604719761765e-01 0.000000000000000000e+00
-9.351769911504422828e-01 0.000000000000000000e+00
-9.315634218289083890e-01 0.000000000000000000e+00
-9.279498525073743842e-01 0.000000000000000000e+00
-9.243362831858404904e-01 0.000000000000000000e+00
-9.207227138643065967e-01 0.000000000000000000e+00
-9.171091445427727029e-01 0.000000000000000000e+00
-9.134955752212386981e-01 0.000000000000000000e+00
-9.098820058997048044e-01 0.000000000000000000e+00
-9.062684365781709106e-01 0.000000000000000000e+00
-9.026548672566370168e-01 0.000000000000000000e+00
-8.990412979351030121e-01 0.000000000000000000e+00
-8.954277286135692293e-01 0.000000000000000000e+00
-8.918141592920352245e-01 0.000000000000000000e+00
-8.882005899705012197e-01 0.000000000000000000e+00
-8.845870206489674370e-01 0.000000000000000000e+00
-8.809734513274334322e-01 0.000000000000000000e+00
-8.773598820058994274e-01 0.000000000000000000e+00
-8.737463126843656447e-01 0.000000000000000000e+00
-8.701327433628316399e-01 0.000000000000000000e+00
-8.665191740412976351e-01 0.000000000000000000e+00
-8.629056047197638524e-01 0.000000000000000000e+00
-8.592920353982298476e-01 0.000000000000000000e+00
-8.556784660766960648e-01 0.000000000000000000e+00
-8.520648967551620601e-01 0.000000000000000000e+00
-8.484513274336280553e-01 0.000000000000000000e+00
-8.448377581120942725e-01 0.000000000000000000e+00
-8.412241887905602677e-01 0.000000000000000000e+00
-8.376106194690262630e-01 0.000000000000000000e+00
-8.339970501474924802e-01 0.000000000000000000e+00
-8.303834808259584754e-01 0.000000000000000000e+00
-8.267699115044244706e-01 0.000000000000000000e+00
-8.231563421828906879e-01 0.000000000000000000e+00
-8.195427728613566831e-01 0.000000000000000000e+00
-8.159292035398229004e-01 0.000000000000000000e+00
-8.123156342182888956e-01 0.000000000000000000e+00
-8.087020648967548908e-01 0.000000000000000000e+00
-8.050884955752211081e-01 0.000000000000000000e+00
-8.014749262536871033e-01 0.000000000000000000e+00
-7.978613569321530985e-01 0.000000000000000000e+00
-7.942477876106193158e-01 0.000000000000000000e+00
-7.906342182890853110e-01 0.000000000000000000e+00
-7.870206489675513062e-01 0.000000000000000000e+00
-7.834070796460175234e-01 0.000000000000000000e+00
-7.797935103244835187e-01 0.000000000000000000e+00
-7.761799410029497359e-01 0.000000000000000000e+00
-7.725663716814157311e-01 0.000000000000000000e+00
-7.689528023598817263e-01 0.000000000000000000e+00
-7.653392330383479436e-01 0.000000000000000000e+00
-7.617256637168139388e-01 0.000000000000000000e+00
-7.581120943952799340e-01 0.000000000000000000e+00
-7.544985250737461513e-01 0.000000000000000000e+00
-7.508849557522121465e-01 0.000000000000000000e+00
-7.472713864306783638e-01 0.000000000000000000e+00
-7.436578171091443590e-01 0.000000000000000000e+00
-7.400442477876103542e-01 0.000000000000000000e+00
-7.364306784660765715e-01 0.000000000000000000e+00
-7.328171091445425667e-01 0.000000000000000000e+00
-7.292035398230085619e-01 0.000000000000000000e+00
-7.255899705014747791e-01 0.000000000000000000e+00
-7.219764011799407744e-01 0.000000000000000000e+00
-7.183628318584067696e-01 0.000000000000000000e+00
-7.147492625368729868e-01 0.000000000000000000e+00
-7.111356932153389820e-01 0.000000000000000000e+00
-7.075221238938051993e-01 0.000000000000000000e+00
-7.039085545722711945e-01 0.000000000000000000e+00
-7.002949852507371897e-01 0.000000000000000000e+00
-6.966814159292034070e-01 0.000000000000000000e+00
-6.930678466076694022e-01 0.000000000000000000e+00
-6.894542772861353974e-01 0.000000000000000000e+00
-6.858407079646016147e-01 0.000000000000000000e+00
-6.822271386430676099e-01 0.000000000000000000e+00
-6.786135693215336051e-01 0.000000000000000000e+00
-6.749999999999998224e-01 0.000000000000000000e+00
-6.713864306784658176e-01 0.000000000000000000e+00
-6.677728613569320348e-01 0.000000000000000000e+00
-6.641592920353980301e-01 0.000000000000000000e+00
-6.605457227138640253e-01 0.000000000000000000e+00
-6.569321533923302425e-01 0.000000000000000000e+00
-6.533185840707962377e-01 0.000000000000000000e+00
-6.497050147492622330e-01 0.000000000000000000e+00
-6.460914454277284502e-01 0.000000000000000000e+00
-6.424778761061944454e-01 0.000000000000000000e+00
-6.388643067846604406e-01 0.000000000000000000e+00
-6.352507374631266579e-01 0.000000000000000000e+00
-6.316371681415926531e-01 0.000000000000000000e+00
-6.280235988200588704e-01 0.000000000000000000e+00
-6.244100294985248656e-01 0.000000000000000000e+00
-6.207964601769908608e-01 0.000000000000000000e+00
-6.171828908554570781e-01 0.000000000000000000e+00
-6.135693215339230733e-01 0.000000000000000000e+00
-6.099557522123890685e-01 0.000000000000000000e+00
-6.063421828908552857e-01 0.000000000000000000e+00
-6.027286135693212810e-01 0.000000000000000000e+00
-5.991150442477872762e-01 0.000000000000000000e+00
-5.955014749262534934e-01 0.000000000000000000e+00
-5.918879056047194887e-01 0.000000000000000000e+00
-5.882743362831857059e-01 0.000000000000000000e+00
-5.846607669616517011e-01 0.000000000000000000e+00
-5.810471976401176963e-01 0.000000000000000000e+00
-5.774336283185839136e-01 0.000000000000000000e+00
-5.738200589970499088e-01 0.000000000000000000e+00
-5.702064896755159040e-01 0.000000000000000000e+00
-5.665929203539821213e-01 0.000000000000000000e+00
-5.629793510324481165e-01 0.000000000000000000e+00
-5.593657817109143338e-01 0.000000000000000000e+00
-5.557522123893803290e-01 7.788791494730787752e-308
-5.521386430678463242e-01 5.090321161208521169e-290
-5.485250737463125414e-01 3.214552563983235402e-273
-5.449115044247785367e-01 2.238656076882323166e-257
-5.412979351032445319e-01 1.947625857807164981e-242
-5.376843657817107491e-01 2.381138096628636093e-228
-5.340707964601767443e-01 4.571460445590091969e-215
-5.304572271386427396e-01 1.530486208677277086e-202
-5.268436578171089568e-01 9.864053343076755598e-191
-5.232300884955749520e-01 1.343566061269374941e-179
-5.196165191740411693e-01 4.223580802455625151e-169
-5.160029498525071645e-01 3.329691788280836806e-159
-5.123893805309731597e-01 7.119931578871778831e-150
-5.087758112094393770e-01 4.446532460231290147e-141
-5.051622418879053722e-01 8.696659360810920949e-133
-5.015486725663713674e-01 5.689425736434576558e-125
-4.979351032448375847e-01 1.324809603159224522e-117
-4.943215339233035799e-01 1.164305681694016080e-110
-4.907079646017695751e-01 4.081593675501070950e-104
-4.870943952802357924e-01 6.013187062619778151e-98
-4.834808259587017876e-01 3.910872841375233385e-92
-4.798672566371680048e-01 1.176277159262982910e-86
-4.762536873156340000e-01 1.709404736197997776e-81
-4.726401179940999953e-01 1.250936943631929103e-76
-4.690265486725662125e-01 4.793157719102586819e-72
-4.654129793510322077e-01 9.976683102388213561e-68
-4.617994100294982029e-01 1.167904033205435202e-63
-4.581858407079644202e-01 7.945296386273872044e-60
-4.545722713864304154e-01 3.239781522153413518e-56
-4.509587020648964106e-01 8.152400094271673847e-53
-4.473451327433626279e-01 1.301261264293499132e-49
-4.437315634218286231e-01 1.352141124941048037e-46
-4.401179941002948404e-01 9.373237318467126841e-44
-4.365044247787608356e-01 4.436057728454333202e-41
-4.328908554572268308e-01 1.464896690794549051e-38
-4.292772861356930481e-01 3.445447862338997400e-36
-4.256637168141590433e-01 5.884838237147167735e-34
-4.220501474926250385e-01 7.433922084635209949e-32
-4.184365781710912557e-01 7.066277273952403586e-30
-4.148230088495572510e-01 5.137154204417886247e-28
-4.112094395280232462e-01 2.900569728460168786e-26
-4.075958702064894634e-01 1.290518950328171239e-24
-4.039823008849554586e-01 4.586705043352272639e-23
-4.003687315634216759e-01 1.319140611930697484e-21
-3.967551622418876711e-01 3.107536418086693502e-20
-3.931415929203536663e-01 6.065374876783184290e-19
-3.895280235988198836e-01 9.915488305118058969e-18
-3.859144542772858788e-01 1.371568904346469139e-16
-3.823008849557518740e-01 1.620871451060773551e-15
-3.786873156342180913e-01 1.651390628327012589e-14
-3.750737463126840865e-01 1.462985994966357750e-13
-3.714601769911500817e-01 1.136127355785767515e-12
-3.678466076696162990e-01 7.793243626172477318e-12
-3.642330383480822942e-01 4.755909018638219017e-11
-3.606194690265485114e-01 2.599650275639621128e-10
-3.570058997050145067e-01 1.280963926784134800e-09
-3.533923303834805019e-01 5.724213439373613393e-09
-3.497787610619467191e-01 2.333022164038651335e-08
-3.461651917404127143e-01 8.719116079106004502e-08
-3.425516224188787096e-01 3.003102961179061745e-07
-3.389380530973449268e-01 9.578124380146644446e-07
-3.353244837758109220e-01 2.841536989215021910e-06
-3.317109144542771393e-01 7.874578517618309337e-06
-3.280973451327431345e-01 2.046613485942383998e-05
-3.244837758112091297e-01 5.007407450670547445e-05
-3.208702064896753470e-01 1.157441471597754493e-04
-3.172566371681413422e-01 2.535982350079090818e-04
-3.136430678466073374e-01 5.283518300243546240e-04
-3.100294985250735547e-01 1.049832718941581073e-03
-3.064159292035395499e-01 1.995045552404397377e-03
-3.028023598820055451e-01 3.635526502843459181e-03
-2.991887905604717623e-01 6.368594031847040621e-03
-2.955752212389377576e-01 1.074977274041690432e-02
-2.919616519174039748e-01 1.752239501239261782e-02
-2.883480825958699700e-01 2.763947153292794362e-02
-2.847345132743359652e-01 4.227265011705234193e-02
-2.811209439528021825e-01 6.280363938179869820e-02
-2.775073746312681777e-01 9.079489061275734796e-02
-2.738938053097341729e-01 1.279384614721484348e-01
-2.702802359882003902e-01 1.759845288493295246e-01
-2.666666666666663854e-01 2.366535824293077017e-01
-2.630530973451323806e-01 3.115385118172827039e-01
-2.594395280235985979e-01 4.020042641886309442e-01
-2.558259587020645931e-01 5.090932917622452702e-01
-2.522123893805308104e-01 6.334445816544317376e-01
-2.485988200589968056e-01 7.752327688724328647e-01
-2.449852507374628008e-01 9.341318978086956548e-01
-2.413716814159290180e-01 1.109306107243488881e+00
-2.377581120943950133e-01 1.299427170497526429e+00
-2.341445427728610085e-01 1.502716694470728642e+00
-2.305309734513272257e-01 1.717009071202277193e+00
-2.269174041297932209e-01 1.939830103557991237e+00
-2.233038348082592162e-01 2.168485630531802322e+00
-2.196902654867254334e-01 2.400154424424246091e+00
-2.160766961651914286e-01 2.631980036748375440e+00
-2.124631268436576459e-01 2.861157016294372468e+00
-2.088495575221236411e-01 3.085007884912993603e+00
-2.052359882005896363e-01 3.301048313595551509e+00
-2.016224188790558536e-01 3.507038989959859965e+00
-1.980088495575218488e-01 3.701023628669525944e+00
-1.943952802359878440e-01 3.881353394789237132e+00
-1.907817109144540613e-01 4.046698657253892328e+00
-1.871681415929200565e-01 4.196049457059388033e+00
-1.835545722713860517e-01 4.328706370245913426e+00
-1.799410029498522690e-01 4.444263588252496788e+00
-1.763274336283182642e-01 4.542586053403869784e+00
-1.727138643067844814e-01 4.623782403481459191e+00
-1.691002949852504766e-01 4.688175324570581282e+00
-1.654867256637164719e-01 4.736270711319982674e+00
-1.618731563421826891e-01 4.768726810393808968e+00
-1.582595870206486843e-01 4.786324294007427760e+00
-1.546460176991146795e-01 4.789937989468982416e+00
-1.510324483775808968e-01 4.780510787044233822e+00
-1.474188790560468920e-01 4.759030068159725957e+00
-1.438053097345131093e-01 4.726506841995865571e+00
-1.401917404129791045e-01 4.683957651688060331e+00
-1.365781710914450997e-01 4.632389210765392562e+00
-1.329646017699113170e-01 4.572785654111979348e+00
-1.293510324483773122e-01 4.506098232930494163e+00
-1.257374631268433074e-01 4.433237246894712769e+00
-1.221238938053095247e-01 4.355065985781550353e+00
-1.185103244837755199e-01 4.272396444385423209e+00
-1.148967551622415151e-01 4.185986575684148114e+00
-1.112831858407077323e-01 4.096538855601060902e+00
-1.076696165191737276e-01 4.004699946196710769e+00
-1.040560471976399448e-01 3.911061260969702413e+00
-1.004424778761059400e-01 3.816160254729887846e+00
-9.682890855457193524e-02 3.720482280108083462e+00
-9.321533923303815250e-02 3.624462872329075935e+00
-8.960176991150414771e-02 3.528490342776208433e+00
-8.598820058997014293e-02 3.432908579677893979e+00
-8.237463126843636019e-02 3.338019970669999559e+00
-7.876106194690235540e-02 3.244088376874959323e+00
-7.514749262536835062e-02 3.151342101424414288e+00
-7.153392330383456788e-02 3.059976807044604286e+00
-6.792035398230056309e-02 2.970158347480785110e+00
-6.430678466076678035e-02 2.882025486249319091e+00
-6.069321533923277556e-02 2.795692483588177790e+00
-5.707964601769877078e-02 2.711251538654179338e+00
-5.346607669616498804e-02 2.628775079115751812e+00
-4.985250737463098325e-02 2.548317894442603038e+00
-4.623893805309697846e-02 2.469919112521045346e+00
-4.262536873156319572e-02 2.393604021838503737e+00
-3.901179941002919094e-02 2.319385743491197971e+00
-3.539823008849518615e-02 2.247266758767090700e+00
-3.178466076696140341e-02 2.177240299129580947e+00
-2.817109144542739863e-02 2.109291606148598675e+00
-2.455752212389361588e-02 2.043399069361116815e+00
-2.094395280235961110e-02 1.979535250248612988e+00
-1.733038348082560631e-02 1.917667800541608125e+00
-1.371681415929182357e-02 1.857760282943736518e+00
-1.010324483775781879e-02 1.799772902141183906e+00
-6.489675516223814000e-03 1.743663153658969955e+00
-2.876106194690031259e-03 1.689386397764406356e+00
7.374631268439735265e-04 1.636896330787287246e+00
4.351032448377978312e-03 1.586138862685033013e+00
7.964601769911761053e-03 1.537046461731129909e+00
1.157817109144576584e-02 1.489553053089920365e+00
1.519174041297954858e-02 1.443595939278576434e+00
1.880530973451355337e-02 1.399115592210994130e+00
2.241887905604755815e-02 1.356055459600142399e+00
2.603244837758134089e-02 1.314361784630446950e+00
2.964601769911534568e-02 1.273983437902034721e+00
3.325958702064935046e-02 1.234871760730782642e+00
3.687315634218313321e-02 1.196980418962760195e+00
4.048672566371713799e-02 1.160265266529892259e+00
4.410029498525114278e-02 1.124684218035934213e+00
4.771386430678492552e-02 1.090197129718256885e+00
5.132743362831893030e-02 1.056765688183077145e+00
5.494100294985271304e-02 1.024353306359081506e+00
5.855457227138671783e-02 9.929250261573928649e-01
6.216814159292072262e-02 9.624474273660053036e-01
6.578171091445450536e-02 9.328885423425148371e-01
6.939528023598851014e-02 9.042177761027497818e-01
7.300884955752251493e-02 8.764058314330791521e-01
7.662241887905629767e-02 8.494246386822573713e-01
8.023598820059030245e-02 8.232472899144017697e-01
8.384955752212408520e-02 7.978479771282371846e-01
8.746312684365808998e-02 7.732019342694194108e-01
9.107669616519209477e-02 7.492853827828237501e-01
9.469026548672587751e-02 7.260754804698678067e-01
9.830383480825988229e-02 7.035502734329753816e-01
1.019174041297938871e-01 6.816886509048907250e-01
1.055309734513278919e-01 6.604703027747887978e-01
1.091445427728614526e-01 6.398756796364843957e-01
1.127581120943954573e-01 6.198859551962556669e-01
1.163716814159294621e-01 6.004829908891236023e-01
1.199852507374634669e-01 5.816493025627224034e-01
1.235988200589974717e-01 5.633680290978237970e-01
1.272123893805314765e-01 5.456229028432033612e-01
1.308259587020650372e-01 5.283982217510351242e-01
1.344395280235990420e-01 5.116788231065696468e-01
1.380530973451330468e-01 4.954500587529140909e-01
1.416666666666670515e-01 4.796977717183933954e-01
1.452802359882010563e-01 4.644082741600258357e-01
1.488938053097346170e-01 4.495683265423064401e-01
1.525073746312686218e-01 4.351651179758005417e-01
1.561209439528026266e-01 4.211862476449107495e-01
1.597345132743366314e-01 4.076197072587102177e-01
1.633480825958706362e-01 3.944538644630219415e-01
1.669616519174046410e-01 3.816774471557838333e-01
1.705752212389382017e-01 3.692795286515130893e-01
1.741887905604722064e-01 3.572495136439641783e-01
1.778023598820062112e-01 3.455771249194080630e-01
1.814159292035402160e-01 3.342523907757802282e-01
1.850294985250742208e-01 3.232656331058643695e-01
1.886430678466077815e-01 3.126074561051514489e-01
1.922566371681417863e-01 3.022687355674708587e-01
1.958702064896757911e-01 2.922406087338008662e-01
1.994837758112097958e-01 2.825144646616852828e-01
2.030973451327438006e-01 2.730819350847140115e-01
2.067109144542778054e-01 2.639348857333864151e-01
2.103244837758113661e-01 2.550654080903671517e-01
2.139380530973453709e-01 2.464658115547944672e-01
2.175516224188793757e-01 2.381286159918033773e-01
2.211651917404133805e-01 2.300465446448831941e-01
2.247787610619473853e-01 2.222125173899544004e-01
2.283923303834809460e-01 2.146196443114252450e-01
2.320058997050149507e-01 2.072612195814965419e-01
2.356194690265489555e-01 2.001307156252805641e-01
2.392330383480829603e-01 1.932217775551681449e-01
2.428466076696169651e-01 1.865282178589536544e-01
2.464601769911509699e-01 1.800440113271320197e-01
2.500737463126845306e-01 1.737632902055938344e-01
2.536873156342185354e-01 1.676803395608208735e-01
2.573008849557525402e-01 1.617895928454117782e-01
2.609144542772865449e-01 1.560856276524767994e-01
2.645280235988205497e-01 1.505631616481512558e-01
2.681415929203541104e-01 1.452170486720844034e-01
2.717551622418881152e-01 1.400422749963690372e-01
2.753687315634221200e-01 1.350339557339543528e-01
2.789823008849561248e-01 1.301873313880902161e-01
2.825958702064901296e-01 1.254977645348823168e-01
2.862094395280241343e-01 1.209607366314826432e-01
2.898230088495576950e-01 1.165718449429178766e-01
2.934365781710916998e-01 1.123267995809344028e-01
2.970501474926257046e-01 1.082214206486840635e-01
3.006637168141597094e-01 1.042516354854059329e-01
3.042772861356937142e-01 1.004134760056335229e-01
3.078908554572272749e-01 9.670307612779423245e-02
3.115044247787612797e-01 9.311666928734418924e-02
3.151179941002952845e-01 8.965058602993587755e-02
3.187315634218292892e-01 8.630125168032388994e-02
3.223451327433632940e-01 8.306518408303573131e-02
3.259587020648972988e-01 7.993899141104038319e-02
3.295722713864308595e-01 7.691937003889517954e-02
3.331858407079648643e-01 7.400310247706470834e-02
3.367994100294988691e-01 7.118705536430280922e-02
3.404129793510328739e-01 6.846817751518873008e-02
3.440265486725668787e-01 6.584349802006843333e-02
3.476401179941004393e-01 6.331012439483431342e-02
3.512536873156344441e-01 6.086524077810415850e-02
3.548672566371684489e-01 5.850610617351997833e-02
3.584808259587024537e-01 5.623005273499184081e-02
3.620943952802364585e-01 5.403448409283123643e-02
3.657079646017700192e-01 5.191687371880861213e-02
3.693215339233040240e-01 4.987476332825114406e-02
3.729351032448380288e-01 4.790576131735294063e-02
3.765486725663720335e-01 4.600754123391499056e-02
3.801622418879060383e-01 4.417784027975051042e-02
3.837758112094400431e-01 4.241445784298625982e-02
3.873893805309736038e-01 4.071525405845993067e-02
3.910029498525076086e-01 3.907814839434870652e-02
3.946165191740416134e-01 3.750111826306874035e-02
3.982300884955756182e-01 3.598219765433790379e-02
4.018436578171096230e-01 3.451947578811161849e-02
4.054572271386431837e-01 3.311109578486631788e-02
4.090707964601771884e-01 3.175525335038513475e-02
4.126843657817111932e-01 3.045019547184805997e-02
4.162979351032451980e-01 2.919421912155897858e-02
4.199115044247792028e-01 2.798566996410675051e-02
4.235250737463132076e-01 2.682294106211453866e-02
4.271386430678467683e-01 2.570447157496332999e-02
4.307522123893807731e-01 2.462874544399833512e-02
4.343657817109147778e-01 2.359429005669619675e-02
4.379793510324487826e-01 2.259967488108806724e-02
4.415929203539827874e-01 2.164351006039171715e-02
4.452064896755163481e-01 2.072444495627097719e-02
4.488200589970503529e-01 1.984116662742851922e-02
4.524336283185843577e-01 1.899239822832037711e-02
4.560471976401183625e-01 1.817689731066809977e-02
4.596607669616523673e-01 1.739345400814014397e-02
4.632743362831863720e-01 1.664088908209336928e-02
4.668879056047199327e-01 1.591805180365246652e-02
4.705014749262539375e-01 1.522381764471149312e-02
4.741150442477879423e-01 1.455708574778208017e-02
4.777286135693219471e-01 1.391677614212113306e-02
4.813421828908559519e-01 1.330182667149955485e-02
4.849557522123895126e-01 1.271118959764530251e-02
4.885693215339235174e-01 1.214382784330452110e-02
4.921828908554575222e-01 1.159871084072914074e-02
4.957964601769915269e-01 1.107480995620510091e-02
4.994100294985255317e-01 1.057109347040904347e-02
5.030235988200595365e-01 1.008652110987501120e-02
5.066371681415930972e-01 9.620038149372974953e-03
5.102507374631271020e-01 9.170569142221420347e-03
5.138643067846611068e-01 8.737011390383978005e-03
5.174778761061951116e-01 8.318228345081094335e-03
5.210914454277291163e-01 7.913043239835076958e-03
5.247050147492626770e-01 7.520233411566358550e-03
5.283185840707966818e-01 7.138525973612116007e-03
5.319321533923306866e-01 6.766595780503889199e-03
5.355457227138646914e-01 6.403066980476944219e-03
5.391592920353986962e-01 6.046519896155758307e-03
5.427728613569327010e-01 5.695505503933722020e-03
5.463864306784662617e-01 5.348570373688080887e-03
5.500000000000002665e-01 5.004295519272543985e-03
5.536135693215342712e-01 4.661353070169557689e-03
5.572271386430682760e-01 4.318584784587274801e-03
5.608407079646022808e-01 3.975105834071636021e-03
5.644542772861358415e-01 3.630435495825225928e-03
5.680678466076698463e-01 3.284652746291103886e-03
5.716814159292038511e-01 2.938568566971049012e-03
5.752949852507378559e-01 2.593897560887178672e-03
5.789085545722718606e-01 2.253399419781994869e-03
5.825221238938058654e-01 1.920947462282184427e-03
5.861356932153394261e-01 1.601470716165960323e-03
5.897492625368734309e-01 1.300714459082537734e-03
5.933628318584074357e-01 1.024780489283668144e-03
5.969764011799414405e-01 7.794504744561332353e-04
6.005899705014754453e-01 5.693643298708476975e-04
6.042035398230090060e-01 3.972068366158550893e-04
6.078171091445430108e-01 2.631169347793426696e-04
6.114306784660770155e-01 1.645313263777567578e-04
6.150442477876110203e-01 9.657614577363295648e-05
6.186578171091450251e-01 5.294186119667369344e-05
6.222713864306790299e-01 2.699139872212103408e-05
6.258849557522125906e-01 1.276231657537448371e-05
6.294985250737465954e-01 5.590907774673586592e-06
6.331120943952806002e-01 2.272109230689728388e-06
6.367256637168146050e-01 8.598804685253735600e-07
6.403392330383486097e-01 3.050591280627970837e-07
6.439528023598821704e-01 1.024110561084655146e-07
6.475663716814161752e-01 3.292355811952564200e-08
6.511799410029501800e-01 1.027865847997353146e-08
6.547935103244841848e-01 3.164491373125889686e-09
6.584070796460181896e-01 9.761496332542575605e-10
6.620206489675521944e-01 3.064397454016525700e-10
6.656342182890857551e-01 9.932867210730697777e-11
6.692477876106197598e-01 3.366779911725258143e-11
6.728613569321537646e-01 1.205867049531989271e-11
6.764749262536877694e-01 4.600259122531491840e-12
6.800884955752217742e-01 1.879399721475789419e-12
6.837020648967553349e-01 8.247404642139962238e-13
6.873156342182893397e-01 3.890679331572878982e-13
6.909292035398233445e-01 1.970805900249824667e-13
6.945427728613573493e-01 1.068921648232605429e-13
6.981563421828913540e-01 6.181764809621091740e-14
7.017699115044253588e-01 3.792140974673555264e-14
7.053834808259589195e-01 2.453179417327884142e-14
7.089970501474929243e-01 1.663447439511636713e-14
7.126106194690269291e-01 1.175250706436232693e-14
7.162241887905609339e-01 8.603216803323583784e-15
7.198377581120949387e-01 6.492356240989726523e-15
7.234513274336284994e-01 5.028371762023597608e-15
7.270648967551625041e-01 3.981831366057732320e-15
7.306784660766965089e-01 3.213465035205794324e-15
7.342920353982305137e-01 2.635931517668553880e-15
7.379056047197645185e-01 2.192786157925339780e-15
7.415191740412985233e-01 1.846530316951471084e-15
7.451327433628320840e-01 1.571613238130627952e-15
7.487463126843660888e-01 1.350217435070332222e-15
7.523598820059000936e-01 1.169653244314993611e-15
7.559734513274340983e-01 1.020708385538631927e-15
7.595870206489681031e-01 8.965783464460898852e-16
7.632005899705016638e-01 7.921581909714294185e-16
7.668141592920356686e-01 7.035641381236755837e-16
7.704277286135696734e-01 6.278041904091100697e-16
7.740412979351036782e-01 5.625473102649607582e-16
7.776548672566376830e-01 5.059589451300632783e-16
7.812684365781712437e-01 4.565820006268821734e-16
7.848820058997052485e-01 4.132494625376149666e-16
7.884955752212392532e-01 3.750194068007854315e-16
7.921091445427732580e-01 3.411260838150228447e-16
7.957227138643072628e-01 3.109427062111777743e-16
7.993362831858412676e-01 2.839528690337483228e-16
8.029498525073748283e-01 2.597284133956376384e-16
8.065634218289088331e-01 2.379121518752169482e-16
8.101769911504428379e-01 2.182042978410565833e-16
8.137905604719768426e-01 2.003517407620503076e-16
8.174041297935108474e-01 1.841395250040889196e-16
8.210176991150444081e-01 1.693840457955308865e-16
8.246312684365784129e-01 1.559275912566589636e-16
8.282448377581124177e-01 1.436339449717506036e-16
8.318584070796464225e-01 1.323848279758559722e-16
8.354719764011804273e-01 1.220770078653835095e-16
8.390855457227144321e-01 1.126199401841990754e-16
8.426991150442479928e-01 1.039338359277201282e-16
8.463126843657819975e-01 9.594807144066954280e-17
8.499262536873160023e-01 8.859987431161594870e-17
8.535398230088500071e-01 8.183323250424272840e-17
8.571533923303840119e-01 7.559798465870886097e-17
8.607669616519175726e-01 6.984905792927948073e-17
8.643805309734515774e-01 6.454582639245085874e-17
8.679941002949855822e-01 5.965156834674552831e-17
8.716076696165195870e-01 5.513300502784543096e-17
8.752212389380535917e-01 5.095990661127634047e-17
8.788348082595875965e-01 4.710475404914518085e-17
8.824483775811211572e-01 4.354244742813221179e-17
8.860619469026551620e-01 4.025005325349983667e-17
8.896755162241891668e-01 3.720658444510989296e-17
8.932890855457231716e-01 3.439280794483744675e-17
8.969026548672571764e-01 3.179107573452108935e-17
9.005162241887907371e-01 2.938517579244588486e-17
9.041297935103247418e-01 2.716020010836977122e-17
9.077433628318587466e-01 2.510242735925171563e-17
9.113569321533927514e-01 2.319921824157584503e-17
9.149705014749267562e-01 2.143892177868755290e-17
9.185840707964607610e-01 1.981079118647517390e-17
9.221976401179943217e-01 1.830490809903992231e-17
9.258112094395283265e-01 1.691211413646623479e-17
9.294247787610623313e-01 1.562394894646788788e-17
9.330383480825963360e-01 1.443259397623078391e-17
9.366519174041303408e-01 1.333082133478277725e-17
9.402654867256639015e-01 1.231194719336878070e-17
9.438790560471979063e-01 1.136978924461378294e-17
9.474926253687319111e-01 1.049862780313611949e-17
9.511061946902659159e-01 9.693170182702402178e-18
9.547197640117999207e-01 8.948518029615568895e-18
9.583333333333339255e-01 8.260137330108598799e-18
9.619469026548674861e-01 7.623830842153970818e-18
9.655604719764014909e-01 7.035712730189265008e-18
9.691740412979354957e-01 6.492185205521986737e-18
9.727876106194695005e-01 5.989916996215158024e-18
9.764011799410035053e-01 5.525823488573863996e-18
9.800147492625370660e-01 5.097048398352682495e-18
9.836283185840710708e-01 4.700946843842700749e-18
9.872418879056050756e-01 4.335069705346955906e-18
9.908554572271390803e-01 3.997149166465129369e-18
9.944690265486730851e-01 3.685085342278493921e-18
9.980825958702070899e-01 3.396933908123649484e-18
1.001696165191740651e+00 3.130894650312722362e-18
1.005309734513274655e+00 2.885300867018099792e-18
1.008923303834808660e+00 2.658609553696732059e-18
1.012536873156342665e+00 2.449392312964854622e-18
1.016150442477876670e+00 2.256326933830040658e-18
1.019764011799410230e+00 2.078189589702755164e-18
1.023377581120944235e+00 1.913847608700945238e-18
1.026991150442478240e+00 1.762252773478105039e-18
1.030604719764012245e+00 1.622435111184842790e-18
1.034218289085546250e+00 1.493497137257213322e-18
1.037831858407080254e+00 1.374608519538102917e-18
1.041445427728613815e+00 1.265001131812239778e-18
1.045058997050147820e+00 1.163964468192550065e-18
1.048672566371681825e+00 1.070841391957579679e-18
1.052286135693215829e+00 9.850241944246341175e-19
1.055899705014749834e+00 9.059509412688449961e-19
1.059513274336283395e+00 8.331020853777969771e-19
1.063126843657817400e+00 7.659973268786417424e-19
1.066740412979351404e+00 7.041927024012593132e-19
1.070353982300885409e+00 6.472778869572646462e-19
1.073967551622419414e+00 5.948736930303158744e-19
1.077581120943953419e+00 5.466297525962334540e-19
1.081194690265486980e+00 5.022223688300127045e-19
1.084808259587020984e+00 4.613525252173223149e-19
1.088421828908554989e+00 4.237440406774520999e-19
1.092035398230088994e+00 3.891418601277890248e-19
1.095648967551622999e+00 3.573104706826586240e-19
1.099262536873156559e+00 3.280324343861788672e-19
1.102876106194690564e+00 3.011070290337743131e-19
1.106489675516224569e+00 2.763489892446248545e-19
1.110103244837758574e+00 2.535873405106140089e-19
1.113716814159292579e+00 2.326643194701677906e-19
1.117330383480826583e+00 2.134343741402687053e-19
1.120943952802360144e+00 1.957632382900828619e-19
1.124557522123894149e+00 1.795270745574224274e-19
1.128171091445428154e+00 1.646116812971139496e-19
1.131784660766962158e+00 1.509117585103776191e-19
1.135398230088496163e+00 1.383302285386928462e-19
1.139011799410029724e+00 1.267776075160947265e-19
1.142625368731563729e+00 1.161714238620968237e-19
1.146238938053097733e+00 1.064356803652444177e-19
1.149852507374631738e+00 9.750035665587995267e-20
1.153466076696165743e+00 8.930094909771453887e-20
1.157079646017699748e+00 8.177804534219849482e-20
1.160693215339233308e+00 7.487693098895213409e-20
1.164306784660767313e+00 6.854722598043042442e-20
1.167920353982301318e+00 6.274254853088855818e-20
1.171533923303835323e+00 5.742020454917667155e-20
1.175147492625369328e+00 5.254090066313789689e-20
1.178761061946902888e+00 4.806847909091093720e-20
1.182374631268436893e+00 4.396967273222069172e-20
1.185988200589970898e+00 4.021387897136947683e-20
1.189601769911504903e+00 3.677295079372904663e-20
1.193215339233038907e+00 3.362100391982186349e-20
1.196828908554572468e+00 3.073423875595067960e-20
1.200442477876106473e+00 2.809077604844821223e-20
1.204056047197640478e+00 2.567050521037131557e-20
1.207669616519174483e+00 2.345494436534250234e-20
1.211283185840708487e+00 2.142711122365620978e-20
1.214896755162242492e+00 1.957140397108993357e-20
1.218510324483776053e+00 1.787349141147566403e-20
1.222123893805310058e+00 1.632021166030581444e-20
1.225737463126844062e+00 1.489947873880573712e-20
1.229351032448378067e+00 1.360019646625961855e-20
1.232964601769912072e+00 1.241217909323679841e-20
1.236578171091445633e+00 1.132607815994518042e-20
1.240191740412979637e+00 1.033331510249073031e-20
1.243805309734513642e+00 9.426019165565675540e-21
1.247418879056047647e+00 8.596970213200140748e-21
1.251032448377581652e+00 7.839546059917183629e-21
1.254646017699115657e+00 7.147673973066668103e-21
1.258259587020649217e+00 6.515786023466254279e-21
1.261873156342183222e+00 5.938777985883909173e-21
1.265486725663717227e+00 5.411971513507363840e-21
1.269100294985251232e+00 4.931079331476761112e-21
1.272713864306785236e+00 4.492173213944365459e-21
1.276327433628318797e+00 4.091654527069175529e-21
1.279941002949852802e+00 3.726227136966572972e-21
1.283554572271386807e+00 3.392872497005569404e-21
1.287168141592920811e+00 3.088826743072289386e-21
1.290781710914454816e+00 2.811559638581076313e-21
1.294395280235988821e+00 2.558755223188603480e-21
1.298008849557522382e+00 2.328294030428684327e-21
1.301622418879056386e+00 2.118236749898730768e-21
1.305235988200590391e+00 1.926809219257834214e-21
1.308849557522124396e+00 1.752388640197636554e-21
1.312463126843658401e+00 1.593490920774609237e-21
1.316076696165191962e+00 1.448759054096428749e-21
1.319690265486725966e+00 1.316952450379747206e-21
1.323303834808259971e+00 1.196937145888255638e-21
1.326917404129793976e+00 1.087676818254084733e-21
1.330530973451327981e+00 9.882245432227534224e-22
1.334144542772861985e+00 8.977152329743911347e-22
1.337758112094395546e+00 8.153587008930711233e-22
1.341371681415929551e+00 7.404333020131848400e-22
1.344985250737463556e+00 6.722801023920797926e-22
1.348598820058997561e+00 6.102975343679129539e-22
1.352212389380531565e+00 5.539364980846025403e-22
1.355825958702065126e+00 5.026958728220718299e-22
1.359439528023599131e+00 4.561184045820524750e-22
1.363053097345133136e+00 4.137869390636606428e-22
1.366666666666667140e+00 3.753209716380982759e-22
1.370280235988201145e+00 3.403734882128716443e-22
1.373893805309735150e+00 3.086280729780943650e-22
1.377507374631268711e+00 2.797962609644830239e-22
1.381120943952802715e+00 2.536151151269751944e-22
1.384734513274336720e+00 2.298450093115396120e-22
1.388348082595870725e+00 2.082675999761294844e-22
1.391961651917404730e+00 1.886839709303620445e-22
1.395575221238938290e+00 1.709129366413625993e-22
1.399188790560472295e+00 1.547894908337433981e-22
1.402802359882006300e+00 1.401633881983851512e-22
1.406415929203540305e+00 1.268978480240971488e-22
1.410029498525074310e+00 1.148683694858893637e-22
1.413643067846608314e+00 1.039616491691967563e-22
1.417256637168141875e+00 9.407459218703720198e-23
1.420870206489675880e+00 8.511340896197299842e-23
1.424483775811209885e+00 7.699279040191954557e-23
1.428097345132743889e+00 6.963515480269306560e-23
1.431710914454277894e+00 6.296996036513141400e-23
1.435324483775811455e+00 5.693307772436524930e-23
1.438938053097345460e+00 5.146621735699586874e-23
1.442551622418879465e+00 4.651640716195166417e-23
1.446165191740413469e+00 4.203551590549271240e-23
1.449778761061947474e+00 3.797981858326923773e-23
1.453392330383481479e+00 3.430960008488271654e-23
1.457005899705015040e+00 3.098879385161497262e-23
1.460619469026549044e+00 2.798465249795519856e-23
1.464233038348083049e+00 2.526744762440848789e-23
1.467846607669617054e+00 2.281019628456519514e-23
1.471460176991151059e+00 2.058841178539960453e-23
1.475073746312684619e+00 1.857987669773311704e-23
1.478687315634218624e+00 1.676443613525502507e-23
1.482300884955752629e+00 1.512380952678482638e-23
1.485914454277286634e+00 1.364141925881172258e-23
1.489528023598820639e+00 1.230223470490445242e-23
1.493141592920354643e+00 1.109263028640414945e-23
1.496755162241888204e+00 1.000025632584804675e-23
1.500368731563422209e+00 9.013921561722986630e-24
1.503982300884956214e+00 8.123486291222847313e-24
1.507595870206490218e+00 7.319765197435456253e-24
1.511209439528024223e+00 6.594438999509046644e-24
1.514823008849557784e+00 5.939974139470243936e-24
1.518436578171091789e+00 5.349549788075924240e-24
1.522050147492625793e+00 4.816991514912367618e-24
1.525663716814159798e+00 4.336711025396654735e-24
1.529277286135693803e+00 3.903651419845321222e-24
1.532890855457227808e+00 3.513237477760445352e-24
1.536504424778761368e+00 3.161330514332074612e-24
1.540117994100295373e+00 2.844187396210715058e-24
1.543731563421829378e+00 2.558423340191758688e-24
1.547345132743363383e+00 2.300978151861842560e-24
1.550958702064897388e+00 2.069085591763550625e-24
1.554572271386430948e+00 1.860245584478597518e-24
1.558185840707964953e+00 1.672199011443516843e-24
1.561799410029498958e+00 1.502904851501289639e-24
1.565412979351032963e+00 1.350519454346880375e-24
1.569026548672566967e+00 1.213377751322247501e-24
1.572640117994100972e+00 1.089976225613034983e-24
1.576253687315634533e+00 9.789574799441444686e-25
1.579867256637168538e+00 8.790962544974902803e-25
1.583480825958702543e+00 7.892867611060369361e-25
1.587094395280236547e+00 7.085312119250653937e-25
1.590707964601770552e+00 6.359294318488951097e-25
1.594321533923304113e+00 5.706694540216393218e-25
1.597935103244838118e+00 5.120190069709336149e-25
1.601548672566372122e+00 4.593178102526470960e-25
1.605162241887906127e+00 4.119706031040702151e-25
1.608775811209440132e+00 3.694408375290546690e-25
1.612389380530973693e+00 3.312449735411607416e-25
1.616002949852507697e+00 2.969473200249031678e-25
1.619616519174041702e+00 2.661553698914102747e-25
1.623230088495575707e+00 2.385155829481756517e-25
1.626843657817109712e+00 2.137095742162349939e-25
1.630457227138643717e+00 1.914506693492337746e-25
1.634070796460177277e+00 1.714807923729902918e-25
1.637684365781711282e+00 1.535676542031077321e-25
1.641297935103245287e+00 1.375022133409315779e-25
1.644911504424779292e+00 1.230963828213020239e-25
1.648525073746313296e+00 1.101809599134270168e-25
1.652138643067846857e+00 9.860375728069518319e-26
1.655752212389380862e+00 8.822791630669244804e-26
1.659365781710914867e+00 7.893038511136577236e-26
1.662979351032448871e+00 7.060054542981770455e-26
1.666592920353982876e+00 6.313897402215572685e-26
1.670206489675516881e+00 5.645632563968579285e-26
1.673820058997050442e+00 5.047232580350387159e-26
1.677433628318584447e+00 4.511486276753746432e-26
1.681047197640118451e+00 4.031916904988363698e-26
1.684660766961652456e+00 3.602708383342178984e-26
1.688274336283186461e+00 3.218638836785793572e-26
1.691887905604720022e+00 2.875020725845678131e-26
1.695501474926254026e+00 2.567646920898634408e-26
1.699115044247788031e+00 2.292742140432655885e-26
1.702728613569322036e+00 2.046919227778318069e-26
1.706342182890856041e+00 1.827139791478381921e-26
1.709955752212390045e+00 1.630678780324330976e-26
1.713569321533923606e+00 1.455092605593754141e-26
1.717182890855457611e+00 1.298190460579625035e-26
1.720796460176991616e+00 1.158008521478361886e-26
1.724410029498525621e+00 1.032786744435757032e-26
1.728023598820059625e+00 9.209480013412283138e-27
1.731637168141593186e+00 8.210793220885318108e-27
1.735250737463127191e+00 7.319150337359382508e-27
1.738864306784661196e+00 6.523216075282092311e-27
1.742477876106195200e+00 5.812840432939319948e-27
1.746091445427729205e+00 5.178936374912219941e-27
1.749705014749263210e+00 4.613369963137718782e-27
1.753318584070796771e+00 4.108861689404403682e-27
1.756932153392330775e+00 3.658897883563331860e-27
1.760545722713864780e+00 3.257651183168306199e-27
1.764159292035398785e+00 2.899909150841455980e-27
1.767772861356932790e+00 2.581010216424126880e-27
1.771386430678466350e+00 2.296786202860174399e-27
1.775000000000000355e+00 2.043510768626018804e-27
1.778613569321534360e+00 1.817853166140186893e-27
1.782227138643068365e+00 1.616836775653642576e-27
1.785840707964602370e+00 1.437801928276117198e-27
1.789454277286136374e+00 1.278372580604800017e-27
1.793067846607669935e+00 1.136426447408333903e-27
1.796681415929203940e+00 1.010068238450927770e-27
1.800294985250737945e+00 8.976056812437326541e-28
1.803908554572271949e+00 7.975280436635635499e-28
1.807522123893805954e+00 7.084868993344687089e-28
1.811135693215339515e+00 6.292789047338509504e-28
1.814749262536873520e+00 5.588303804492658133e-28
1.818362831858407525e+00 4.961835101282213012e-28
1.821976401179941529e+00 4.404839896627300589e-28
1.825589970501475534e+00 3.909699762432704372e-28
1.829203539823009539e+00 3.469622022897405344e-28
1.832817109144543100e+00 3.078551330917000571e-28
1.836430678466077104e+00 2.731090594195085074e-28
1.840044247787611109e+00 2.422430275409118749e-28
1.843657817109145114e+00 2.148285191189041546e-28
1.847271386430679119e+00 1.904838024897245358e-28
1.850884955752212679e+00 1.688688849257034932e-28
1.854498525073746684e+00 1.496810027686600043e-28
1.858112094395280689e+00 1.326505928581562024e-28
1.861725663716814694e+00 1.175376945496304836e-28
1.865339233038348699e+00 1.041287368876588643e-28
1.868952802359882703e+00 9.223367022965720314e-29
1.872566371681416264e+00 8.168340585993904169e-29
1.876179941002950269e+00 7.232753094208346904e-29
1.879793510324484274e+00 6.403226957356602304e-29
1.883407079646018278e+00 5.667866377000353858e-29
1.887020648967552283e+00 5.016095095332632497e-29
1.890634218289085844e+00 4.438511698074310152e-29
1.894247787610619849e+00 3.926760595860018218e-29
1.897861356932153853e+00 3.473417006324931961e-29
1.901474926253687858e+00 3.071884436324565329e-29
1.905088495575221863e+00 2.716303322479276309e-29
1.908702064896755868e+00 2.401469630419768222e-29
1.912315634218289429e+00 2.122762340431943295e-29
1.915929203539823433e+00 1.876078861189768868e-29
1.919542772861357438e+00 1.657777515296239962e-29
1.923156342182891443e+00 1.464626331667428171e-29
1.926769911504425448e+00 1.293757461498736924e-29
1.930383480825959008e+00 1.142626607645145630e-29
1.933997050147493013e+00 1.008976922623539245e-29
1.937610619469027018e+00 8.908068889085357685e-30
1.941224188790561023e+00 7.863417474631568530e-30
1.944837758112095027e+00 6.940080871723759167e-30
1.948451327433629032e+00 6.124112496075232238e-30
1.952064896755162593e+00 5.403152408659825787e-30
1.955678466076696598e+00 4.766248755688127324e-30
1.959292035398230603e+00 4.203699078780274600e-30
1.962905604719764607e+00 3.706909309888100870e-30
1.966519174041298612e+00 3.268268502984601468e-30
1.970132743362832173e+00 2.881037566514887776e-30
1.973746312684366178e+00 2.539250449810909244e-30
1.977359882005900182e+00 2.237626405513298268e-30
1.980973451327434187e+00 1.971492100684784061e-30
1.984587020648968192e+00 1.736712483680973549e-30
1.988200589970502197e+00 1.529629433689380937e-30
1.991814159292035757e+00 1.347007326718383383e-30
1.995427728613569762e+00 1.185984747092278779e-30
1.999041297935103767e+00 1.044031658434716554e-30
2.002654867256637772e+00 9.189114238066150262e-31
2.006268436578171777e+00 8.086471321015995497e-31
2.009882005899705337e+00 7.114917478769544371e-31
2.013495575221239342e+00 6.259016553067099245e-31
2.017109144542773347e+00 5.505132145931093273e-31
2.020722713864307352e+00 4.841219915968580501e-31
2.024336283185841356e+00 4.256643592120159229e-31
2.027949852507374917e+00 3.742012026224301479e-31
2.031563421828908922e+00 3.289034904847321298e-31
2.035176991150442927e+00 2.890395006916917533e-31
2.038790560471976931e+00 2.539635130374419611e-31
2.042404129793510936e+00 2.231058021551530503e-31
2.046017699115044941e+00 1.959637828131907788e-31
2.049631268436578502e+00 1.720941762939586546e-31
2.053244837758112507e+00 1.511060813679294077e-31
2.056858407079646511e+00 1.326548465169602682e-31
2.060471976401180516e+00 1.164366517372588534e-31
2.064085545722714521e+00 1.021837186245201074e-31
2.067699115044248082e+00 8.966007665577200786e-32
2.071312684365782086e+00 7.865782176255771737e-32
2.074926253687316091e+00 6.899381055259435932e-32
2.078539823008850096e+00 6.050673998336022334e-32
2.082153392330384101e+00 5.305456801222844242e-32
2.085766961651918106e+00 4.651223582413239092e-32
2.089380530973451666e+00 4.076965674114466258e-32
2.092994100294985671e+00 3.572994091286312414e-32
2.096607669616519676e+00 3.130782842877876312e-32
2.100221238938053236e+00 2.742830663454124978e-32
2.103834808259587685e+00 2.402539021823707767e-32
2.107448377581121246e+00 2.104104510043123049e-32
2.111061946902655695e+00 1.842423934836903466e-32
2.114675516224189256e+00 1.613010627208165677e-32
2.118289085545722816e+00 1.411920657619611913e-32
2.121902654867257265e+00 1.235687796109411065e-32
2.125516224188790826e+00 1.081266191282105873e-32
2.129129793510325275e+00 9.459798612528737820e-33
2.132743362831858835e+00 8.274781950826481698e-33
2.136356932153393284e+00 7.236967565623513779e-33
2.139970501474926845e+00 6.328227647812939811e-33
2.143584070796460406e+00 5.532646989608137514e-33
2.147197640117994855e+00 4.836255396437469728e-33
2.150811209439528415e+00 4.226792154634339381e-33
2.154424778761062864e+00 3.693498752297561391e-33
2.158038348082596425e+00 3.226936497226680353e-33
2.161651917404129986e+00 2.818826070476535311e-33
2.165265486725664434e+00 2.461906402798430110e-33
2.168879056047197995e+00 2.149810569320451202e-33
2.172492625368732444e+00 1.876956669950014952e-33
2.176106194690266005e+00 1.638451903320503420e-33
2.179719764011799565e+00 1.430008254301879783e-33
2.183333333333334014e+00 1.247868402442335037e-33
2.186946902654867575e+00 1.088740624054301898e-33
2.190560471976402024e+00 9.497416065808181718e-34
2.194174041297935585e+00 8.283462226261374469e-34
2.197787610619469145e+00 7.223434246056935500e-34
2.201401179941003594e+00 6.297975211423790129e-34
2.205014749262537155e+00 5.490141846668912449e-34
2.208628318584071604e+00 4.785106175565130005e-34
2.212241887905605164e+00 4.169893727960086265e-34
2.215855457227138725e+00 3.633153856432318804e-34
2.219469026548673174e+00 3.164958260941687762e-34
2.223082595870206735e+00 2.756624289069536022e-34
2.226696165191741184e+00 2.400559993138033819e-34
2.230309734513274744e+00 2.090128289819912771e-34
2.233923303834809193e+00 1.819527888625198115e-34
2.237536873156342754e+00 1.583688938052210395e-34
2.241150442477876314e+00 1.378181586739648955e-34
2.244764011799410763e+00 1.199135875688226694e-34
2.248377581120944324e+00 1.043171570063075635e-34
2.251991150442478773e+00 9.073367083782674403e-35
2.255604719764012334e+00 7.890537957568484125e-35
2.259218289085545894e+00 6.860726988845520649e-35
2.262831858407080343e+00 5.964294153860197556e-35
2.266445427728613904e+00 5.184099915328163577e-35
2.270058997050148353e+00 4.505189511172746329e-35
2.273672566371681913e+00 3.914516764633576928e-35
2.277286135693215474e+00 3.400702511898418585e-35
2.280899705014749923e+00 2.953823346370873316e-35
2.284513274336283484e+00 2.565226908192258104e-35
2.288126843657817933e+00 2.227370412563457021e-35
2.291740412979351493e+00 1.933679518562130856e-35
2.295353982300885054e+00 1.678424998378163950e-35
2.298967551622419503e+00 1.456614981259748780e-35
2.302581120943953064e+00 1.263900822275473665e-35
2.306194690265487512e+00 1.096494887950005819e-35
2.309808259587021073e+00 9.510987630367429639e-36
2.313421828908555522e+00 8.248405687665887336e-36
2.317035398230089083e+00 7.152202460567421021e-36
2.320648967551622643e+00 6.200618001631602690e-36
2.324262536873157092e+00 5.374716285912267064e-36
2.327876106194690653e+00 4.658021638947377526e-36
2.331489675516225102e+00 4.036201592018703796e-36
2.335103244837758663e+00 3.496790285771205726e-36
2.338716814159292223e+00 3.028947281265189598e-36
2.342330383480826672e+00 2.623247283719358137e-36
2.345943952802360233e+00 2.271496849874371300e-36
2.349557522123894682e+00 1.966574645025322980e-36
2.353171091445428242e+00 1.702292249048390066e-36
2.356784660766961803e+00 1.473272889831869717e-36
2.360398230088496252e+00 1.274845814141953565e-36
2.364011799410029813e+00 1.102954295988126893e-36
2.367625368731564262e+00 9.540755361741924803e-37
2.371238938053097822e+00 8.251509284618315435e-37
2.374852507374631383e+00 7.135253615974808170e-37
2.378466076696165832e+00 6.168943958539079441e-37
2.382079646017699393e+00 5.332583007561815956e-37
2.385693215339233841e+00 4.608820699786679957e-37
2.389306784660767402e+00 3.982606423540416666e-37
2.392920353982301851e+00 3.440886565805681744e-37
2.396533923303835412e+00 2.972341533465018204e-37
2.400147492625368972e+00 2.567157137829789675e-37
2.403761061946903421e+00 2.216825887877984717e-37
2.407374631268436982e+00 1.913974310365693599e-37
2.410988200589971431e+00 1.652212914689086042e-37
2.414601769911504991e+00 1.426005856312232150e-37
2.418215339233038552e+00 1.230557732776847474e-37
2.421828908554573001e+00 1.061715277868934281e-37
2.425442477876106562e+00 9.158820085822328548e-38
2.429056047197641011e+00 7.899441314996702032e-38
2.432669616519174571e+00 6.812062348271368614e-38
2.436283185840708132e+00 5.873354836768064908e-38
2.439896755162242581e+00 5.063132029199660566e-38
2.443510324483776142e+00 4.363928771511485050e-38
2.447123893805310590e+00 3.760637237803468006e-38
2.450737463126844151e+00 3.240191053962266192e-38
2.454351032448377712e+00 2.791291434155132776e-38
2.457964601769912161e+00 2.404169784830827873e-38
2.461578171091445721e+00 2.070381957091548424e-38
2.465191740412980170e+00 1.782629960175243172e-38
2.468805309734513731e+00 1.534607498482322542e-38
2.472418879056048180e+00 1.320866172682703336e-38
2.476032448377581741e+00 1.136699601209797505e-38
2.479646017699115301e+00 9.780430799336791506e-39
2.483259587020649750e+00 8.413867120472196744e-39
2.486873156342183311e+00 7.237002133127151864e-39
2.490486725663717760e+00 6.223678351459202457e-39
2.494100294985251320e+00 5.351320542091172523e-39
2.497713864306784881e+00 4.600448562939985356e-39
2.501327433628319330e+00 3.954255978329677752e-39
2.504941002949852891e+00 3.398245634499396303e-39
2.508554572271387340e+00 2.919914552299177994e-39
2.512168141592920900e+00 2.508481511760733286e-39
2.515781710914454461e+00 2.154651586607105361e-39
2.519395280235988910e+00 1.850412653273293898e-39
2.523008849557522471e+00 1.588859563971929541e-39
2.526622418879056919e+00 1.364042250112225784e-39
2.530235988200590480e+00 1.170834522568763679e-39
2.533849557522124041e+00 1.004820768979791381e-39
2.537463126843658490e+00 8.621981242199956096e-40
2.541076696165192050e+00 7.396920160505711323e-40
2.544690265486726499e+00 6.344832703297851884e-40
2.548303834808260060e+00 5.441452048297612695e-40
2.551917404129794509e+00 4.665893526412107719e-40
2.555530973451328070e+00 4.000186397100172420e-40
2.559144542772861630e+00 3.428869999992225700e-40
2.562758112094396079e+00 2.938645493881466440e-40
2.566371681415929640e+00 2.518075585447099103e-40
2.569985250737464089e+00 2.157325681040477191e-40
2.573598820058997649e+00 1.847940786981080243e-40
2.577212389380531210e+00 1.582653255606170511e-40
2.580825958702065659e+00 1.355217141918680609e-40
2.584439528023599220e+00 1.160265513036994479e-40
2.588053097345133668e+00 9.931875518704358037e-41
2.591666666666667229e+00 8.500227280318200040e-41
2.595280235988200790e+00 7.273696820353877116e-41
2.598893805309735239e+00 6.223077912103241494e-41
2.602507374631268799e+00 5.323296643046427029e-41
2.606120943952803248e+00 4.552830523856422667e-41
2.609734513274336809e+00 3.893208714797689587e-41
2.613348082595870370e+00 3.328582118733313237e-41
2.616961651917404819e+00 2.845353639600148313e-41
2.620575221238938379e+00 2.431860242907112166e-41
2.624188790560472828e+00 2.078099609377017124e-41
2.627802359882006389e+00 1.775495169153869731e-41
2.631415929203539950e+00 1.516694163567756982e-41
2.635029498525074398e+00 1.295394122944490657e-41
2.638643067846607959e+00 1.106193788430329868e-41
2.642256637168142408e+00 9.444650572434041218e-42
2.645870206489675969e+00 8.062430061755747119e-42
2.649483775811210418e+00 6.881314579623071223e-42
2.653097345132743978e+00 5.872219083152798676e-42
2.656710914454277539e+00 5.010239357252349650e-42
2.660324483775811988e+00 4.274054783174803082e-42
2.663938053097345549e+00 3.645415878621337623e-42
2.667551622418879997e+00 3.108704655180176032e-42
2.671165191740413558e+00 2.650557513406925911e-42
2.674778761061947119e+00 2.259541837395760264e-42
2.678392330383481568e+00 1.925878691469019461e-42
2.682005899705015128e+00 1.641205089375961749e-42
2.685619469026549577e+00 1.398370225110067000e-42
2.689233038348083138e+00 1.191260844771789627e-42
2.692846607669616699e+00 1.014651618662053553e-42
2.696460176991151148e+00 8.640769573295404081e-43
2.700073746312684708e+00 7.357212178779267081e-43
2.703687315634219157e+00 6.263246788629264258e-43
2.707300884955752718e+00 5.331030334240137677e-43
2.710914454277286278e+00 4.536784693669406910e-43
2.714528023598820727e+00 3.860206790454401053e-43
2.718141592920354288e+00 3.283963773671559647e-43
2.721755162241888737e+00 2.793261084871633384e-43
2.725368731563422298e+00 2.375472954097340324e-43
2.728982300884956747e+00 2.019826358081964718e-43
2.732595870206490307e+00 1.717130753469493683e-43
2.736209439528023868e+00 1.459546996180597590e-43
2.739823008849558317e+00 1.240389800443693960e-43
2.743436578171091877e+00 1.053958899486348395e-43
2.747050147492626326e+00 8.953947633502615509e-44
2.750663716814159887e+00 7.605553240025257670e-44
2.754277286135693448e+00 6.459106678343676940e-44
2.757890855457227897e+00 5.484530927863767113e-44
2.761504424778761457e+00 4.656203020184215576e-44
2.765117994100295906e+00 3.952298271354191165e-44
2.768731563421829467e+00 3.354230490912013606e-44
2.772345132743363028e+00 2.846174205679257014e-44
2.775958702064897476e+00 2.414656954836333771e-44
2.779572271386431037e+00 2.048211441357692291e-44
2.783185840707965486e+00 1.737078804858499126e-44
2.786799410029499047e+00 1.472955547793602699e-44
2.790412979351032607e+00 1.248777731241278093e-44
2.794026548672567056e+00 1.058536984366440213e-44
2.797640117994100617e+00 8.971236654786458554e-45
2.801253687315635066e+00 7.601931916595837069e-45
2.804867256637168627e+00 6.440521346846136155e-45
2.808480825958703075e+00 5.455611775690118394e-45
2.812094395280236636e+00 4.620524506309364647e-45
2.815707964601770197e+00 3.912591288762574660e-45
2.819321533923304646e+00 3.312554826623200859e-45
2.822935103244838206e+00 2.804058386169660656e-45
2.826548672566372655e+00 2.373211341982190846e-45
2.830162241887906216e+00 2.008219426716965074e-45
2.833775811209439777e+00 1.699070104388171960e-45
2.837389380530974226e+00 1.437264896700672592e-45
2.841002949852507786e+00 1.215591695852465499e-45
2.844616519174042235e+00 1.027931124795263472e-45
2.848230088495575796e+00 8.690918828546711561e-46
2.851843657817109357e+00 7.346707628222043119e-46
2.855457227138643805e+00 6.209336639130213064e-46
2.859070796460177366e+00 5.247144693911384738e-46
2.862684365781711815e+00 4.433291219138448897e-46
2.866297935103245376e+00 3.745026254785950458e-46
2.869911504424778936e+00 3.163070402784457725e-46
2.873525073746313385e+00 2.671088243686288860e-46
2.877138643067846946e+00 2.255241211125556753e-46
2.880752212389381395e+00 1.903808001782595712e-46
2.884365781710914955e+00 1.606862377185853187e-46
2.887979351032449404e+00 1.355999728529576484e-46
2.891592920353982965e+00 1.144105065628990525e-46
2.895206489675516526e+00 9.651561893553529918e-47
2.898820058997050975e+00 8.140567417310998403e-47
2.902433628318584535e+00 6.864946234776070687e-47
2.906047197640118984e+00 5.788219458039500851e-47
2.909660766961652545e+00 4.879532591909930425e-47
2.913274336283186106e+00 4.112792918414263902e-47
2.916887905604720554e+00 3.465938471236879122e-47
2.920501474926254115e+00 2.920318636144839561e-47
2.924115044247788564e+00 2.460169425364227366e-47
2.927728613569322125e+00 2.072169033961637571e-47
2.931342182890855685e+00 1.745061461934314239e-47
2.934955752212390134e+00 1.469337834350087558e-47
2.938569321533923695e+00 1.236966622332614328e-47
2.942182890855458144e+00 1.041165301603397391e-47
2.945796460176991705e+00 8.762071180863798601e-48
2.949410029498525265e+00 7.372575918955388264e-48
2.953023598820059714e+00 6.202362075292598431e-48
2.956637168141593275e+00 5.216994311142621713e-48
2.960250737463127724e+00 4.387417836390581859e-48
2.963864306784661284e+00 3.689121980964843192e-48
2.967477876106195733e+00 3.101433117356506320e-48
2.971091445427729294e+00 2.606917036332257934e-48
2.974705014749262855e+00 2.190873922277762831e-48
2.978318584070797304e+00 1.840911655770807478e-48
2.981932153392330864e+00 1.546585358973564932e-48
2.985545722713865313e+00 1.299092953850575537e-48
2.989159292035398874e+00 1.091018074619764424e-48
2.992772861356932435e+00 9.161130071683300217e-49
2.996386430678466883e+00 7.691154559169716529e-49
3.000000000000000000e+00 6.455938937232851070e-49
