1.000000000000000000e+00
9.392494295114711678e-01
8.929248622440157934e-01
8.480991259898824630e-01
8.209869746841195193e-01
8.051442618491467806e-01
7.689728812067899710e-01
7.635917283153306201e-01
7.747465928281386249e-01
7.692663807740416360e-01
7.195635755059355265e-01
6.962329055680744894e-01
7.063435753318160204e-01
7.018585376009597310e-01
6.940257305253331177e-01
6.754469272866215901e-01
6.633299058030914797e-01
6.625300359751576940e-01
6.700031887113321316e-01
6.698511121720597261e-01
6.569891954777720144e-01
6.756184824802436983e-01
6.897934164044846606e-01
6.897934164044846606e-01
6.908565209719961242e-01
6.987008074302202276e-01
6.998632879173961596e-01
6.982929587950310601e-01
6.958203956595377937e-01
6.964909234190100884e-01
6.978869114988869304e-01
6.978869114988869304e-01
6.930348600795180891e-01
6.903956223172400541e-01
6.903956223172400541e-01
6.903956223172400541e-01
6.889996342373633231e-01
6.889996342373633231e-01
6.889996342373633231e-01
6.889996342373633231e-01
6.941502683270885932e-01
6.964909234190100884e-01
6.978869114988869304e-01
6.978869114988869304e-01
6.978869114988869304e-01
6.978869114988869304e-01
6.978869114988869304e-01
6.964909234190100884e-01
6.964909234190100884e-01
6.964909234190100884e-01
6.964909234190100884e-01
6.964909234190100884e-01
6.964909234190100884e-01
6.964909234190100884e-01
6.964909234190100884e-01
6.964909234190100884e-01
6.964909234190100884e-01
6.964909234190100884e-01
6.964909234190100884e-01
6.964909234190100884e-01
6.964909234190100884e-01
6.964909234190100884e-01
6.964909234190100884e-01
6.964909234190100884e-01
6.964909234190100884e-01
6.964909234190100884e-01
6.964909234190100884e-01
6.964909234190100884e-01
6.964909234190100884e-01
6.964909234190100884e-01
6.964909234190100884e-01
6.964909234190100884e-01
6.964909234190100884e-01
6.964909234190100884e-01
6.964909234190100884e-01
6.964909234190100884e-01
6.964909234190100884e-01
6.964909234190100884e-01
6.964909234190100884e-01
6.964909234190100884e-01
6.964909234190100884e-01
6.964909234190100884e-01
6.964909234190100884e-01
6.964909234190100884e-01
6.964909234190100884e-01
6.964909234190100884e-01
6.964909234190100884e-01
6.964909234190100884e-01
6.964909234190100884e-01
6.964909234190100884e-01
6.964909234190100884e-01
6.964909234190100884e-01
6.964909234190100884e-01
6.964909234190100884e-01
6.964909234190100884e-01
6.964909234190100884e-01
6.964909234190100884e-01
6.964909234190100884e-01
6.964909234190100884e-01
6.964909234190100884e-01
6.964909234190100884e-01
6.964909234190100884e-01
6.964909234190100884e-01
6.964909234190100884e-01
6.964909234190100884e-01
6.964909234190100884e-01
6.964909234190100884e-01
6.964909234190100884e-01
6.964909234190100884e-01
6.964909234190100884e-01
6.964909234190100884e-01
6.964909234190100884e-01
6.964909234190100884e-01
6.964909234190100884e-01
6.964909234190100884e-01
6.964909234190100884e-01
6.964909234190100884e-01
6.964909234190100884e-01
6.964909234190100884e-01
6.964909234190100884e-01
6.964909234190100884e-01
6.964909234190100884e-01
6.964909234190100884e-01
6.964909234190100884e-01
6.964909234190100884e-01
6.964909234190100884e-01
6.964909234190100884e-01
6.964909234190100884e-01
6.964909234190100884e-01
6.964909234190100884e-01
6.964909234190100884e-01
6.964909234190100884e-01
6.964909234190100884e-01
6.964909234190100884e-01
6.964909234190100884e-01
6.964909234190100884e-01
6.964909234190100884e-01
6.964909234190100884e-01
6.964909234190100884e-01
6.964909234190100884e-01
6.964909234190100884e-01
6.964909234190100884e-01
6.964909234190100884e-01
6.964909234190100884e-01
6.964909234190100884e-01
6.964909234190100884e-01
6.964909234190100884e-01
6.964909234190100884e-01
6.964909234190100884e-01
6.964909234190100884e-01
6.964909234190100884e-01
6.964909234190100884e-01
6.964909234190100884e-01
6.964909234190100884e-01
6.964909234190100884e-01
6.964909234190100884e-01
6.964909234190100884e-01
6.964909234190100884e-01
6.964909234190100884e-01
6.964909234190100884e-01
6.964909234190100884e-01
6.964909234190100884e-01
6.964909234190100884e-01
6.964909234190100884e-01
6.964909234190100884e-01
6.964909234190100884e-01
6.964909234190100884e-01
6.964909234190100884e-01
6.964909234190100884e-01
6.964909234190100884e-01
6.964909234190100884e-01
6.964909234190100884e-01
6.964909234190100884e-01
6.964909234190100884e-01
6.964909234190100884e-01
6.964909234190100884e-01
6.964909234190100884e-01
6.964909234190100884e-01
6.964909234190100884e-01
6.964909234190100884e-01
6.964909234190100884e-01
6.964909234190100884e-01
6.964909234190100884e-01
6.964909234190100884e-01
6.964909234190100884e-01
6.964909234190100884e-01
6.964909234190100884e-01
6.964909234190100884e-01
6.964909234190100884e-01
6.964909234190100884e-01
6.964909234190100884e-01
6.964909234190100884e-01
6.964909234190100884e-01
6.964909234190100884e-01
6.964909234190100884e-01
6.964909234190100884e-01
6.964909234190100884e-01
6.964909234190100884e-01
6.964909234190100884e-01
6.964909234190100884e-01
6.964909234190100884e-01
6.964909234190100884e-01
6.964909234190100884e-01
6.964909234190100884e-01
6.964909234190100884e-01
6.964909234190100884e-01
6.964909234190100884e-01
6.964909234190100884e-01
6.964909234190100884e-01
6.964909234190100884e-01
6.964909234190100884e-01
6.964909234190100884e-01
6.964909234190100884e-01
6.964909234190100884e-01
6.964909234190100884e-01
6.964909234190100884e-01
6.964909234190100884e-01
6.964909234190100884e-01
6.964909234190100884e-01
6.964909234190100884e-01
6.964909234190100884e-01
6.964909234190100884e-01
6.964909234190100884e-01
6.964909234190100884e-01
6.964909234190100884e-01
6.964909234190100884e-01
6.964909234190100884e-01
6.964909234190100884e-01
6.964909234190100884e-01
6.964909234190100884e-01
6.964909234190100884e-01
6.964909234190100884e-01
6.964909234190100884e-01
6.964909234190100884e-01
6.964909234190100884e-01
6.964909234190100884e-01
6.964909234190100884e-01
6.964909234190100884e-01
6.964909234190100884e-01
6.964909234190100884e-01
6.964909234190100884e-01
6.964909234190100884e-01
6.964909234190100884e-01
6.964909234190100884e-01
6.964909234190100884e-01
6.964909234190100884e-01
6.964909234190100884e-01
6.964909234190100884e-01
6.964909234190100884e-01
6.964909234190100884e-01
