1.000000000000000000e+00
9.999999999999997780e-01
9.999999999999997780e-01
9.999999999999997780e-01
9.999999999999997780e-01
9.999999999999997780e-01
9.999999999999997780e-01
9.999999999999997780e-01
9.999999999999997780e-01
9.999999999999997780e-01
9.999999999999997780e-01
9.999999999999997780e-01
9.999999999999997780e-01
9.999999999999997780e-01
9.853218337242206637e-01
9.782192781709559970e-01
9.718409213846681549e-01
9.540842509491487267e-01
9.255927934047449845e-01
8.883528423029050103e-01
8.478698089118061887e-01
7.947648220572911537e-01
7.761934133053942642e-01
7.411737752808946755e-01
7.243483319069378146e-01
7.001885052717732316e-01
6.768074064451226057e-01
6.620216176307361922e-01
6.371165454149304574e-01
6.232669540346702508e-01
6.064608861527012174e-01
5.806066402543546001e-01
5.555357905743969482e-01
5.281844839921828738e-01
4.928310695142402165e-01
4.756890032829588777e-01
4.618492099350314795e-01
4.429807312083671178e-01
4.324809837861263717e-01
4.120540609172673174e-01
3.921339492163452567e-01
3.751657680852626409e-01
3.585550917012791938e-01
3.373515449502076935e-01
3.305101749609655193e-01
3.197366055615736835e-01
3.111008353851868469e-01
2.984067565358969887e-01
2.859718472949633328e-01
2.695090084389270557e-01
2.635357338599881860e-01
2.479058487787707266e-01
2.389430493708722958e-01
2.271964968275478058e-01
2.164368491939825112e-01
2.044443331237036920e-01
1.795237522409132980e-01
1.793996379333326063e-01
1.651069000313656887e-01
1.507401546067073939e-01
1.475596405032382485e-01
1.377966335910765505e-01
1.325583672344676500e-01
1.219496891524741999e-01
1.168143817988258060e-01
1.107538321864347391e-01
1.014016269906671680e-01
1.088371184526285979e-01
1.004577250979726694e-01
9.586709892543605893e-02
9.634866952333973056e-02
9.203368792420547895e-02
8.213821185580076623e-02
8.287797325822150729e-02
7.886448336250906355e-02
7.905532235382545236e-02
7.541822727137613425e-02
8.038475003154170462e-02
8.342034764920468193e-02
7.238406712950538890e-02
7.146727004899319780e-02
5.909904799985847557e-02
5.807327543027392125e-02
5.350867449607520088e-02
5.562173537336882745e-02
5.775173876627055086e-02
5.157850806271561950e-02
5.341705877937369396e-02
5.508004933798395231e-02
5.673925092295079020e-02
6.036338372091051147e-02
6.324465033446682871e-02
6.109697690945165710e-02
6.548654141252049921e-02
6.925742075392078700e-02
6.665641442185524235e-02
6.999619982680539698e-02
6.694383439614214060e-02
6.612256975940164483e-02
6.270329792305306960e-02
6.270329792305306960e-02
6.028667861943560330e-02
5.699672424490057759e-02
5.507942985297551580e-02
5.942155383794092000e-02
5.660175551655498988e-02
5.133066751607608807e-02
5.331818298017597380e-02
5.356685869301455044e-02
5.068662212131362643e-02
5.349436445140742791e-02
5.063779738156408416e-02
4.773907807271774578e-02
4.727427556058867719e-02
5.207034228571513768e-02
4.965296881913316973e-02
5.147660127812683090e-02
5.232854507202100436e-02
5.214201295212374937e-02
4.752536997865391966e-02
4.471648932759803713e-02
4.390194913853977254e-02
4.516360808307475633e-02
4.436028479203574931e-02
4.356323289232514467e-02
4.376860223663475713e-02
4.141686697476926887e-02
4.362392804391840989e-02
4.285660985039209392e-02
3.603471271888387950e-02
3.313665905655378136e-02
3.313665905655378136e-02
3.483853845653267500e-02
1.918284464772879866e-02
2.105497245209498464e-02
2.404211725886698167e-02
2.477530436473031686e-02
2.455472111534107507e-02
2.383971564743147392e-02
2.248561411733728671e-02
1.488064073938753611e-02
2.057866788644309441e-02
1.689549980693708792e-02
1.689395142602271443e-02
1.836106048038972996e-02
1.226129512194942123e-02
1.112064198019880115e-02
6.772579764714903305e-03
7.695517541848333372e-03
1.476441186052771665e-02
1.279440006840744902e-02
1.769480444751760431e-02
2.696012764520014371e-02
2.864364831769736219e-02
3.235841609439229355e-02
3.006373940973248310e-02
2.828050463950325735e-02
3.532259914426563036e-02
3.951840779228642242e-02
3.815289327568372607e-02
4.074323977808633895e-02
4.013179926719578905e-02
4.488940144430722534e-02
4.386346454496816566e-02
4.342062988937833712e-02
3.766853391530759765e-02
4.041012678348750858e-02
3.273960613238974249e-02
2.997209333200928291e-02
2.832823227229071261e-02
2.379419709223265164e-02
2.508894709459132469e-02
2.978729968917617071e-02
3.434855343183260828e-02
3.551963061607021216e-02
3.876609846583253804e-02
3.449031828391585508e-02
3.405562979899430520e-02
3.350268830074712434e-02
3.611489939004466215e-02
3.769728018185631441e-02
3.522777175600923238e-02
3.200632990414549461e-02
3.579183092897272878e-02
3.525843006162567017e-02
3.033428499338629292e-02
2.980709782498161195e-02
2.821886016269146286e-02
2.943610295797355336e-02
2.891631568758501816e-02
2.939771206865413739e-02
2.623060165832551138e-02
2.285145370505946294e-02
1.600209767277926617e-02
1.600209767277926617e-02
1.751214823494106135e-02
2.044724027306401778e-02
2.044724027306401778e-02
2.044724027306401778e-02
2.044724027306401778e-02
2.448409924994705139e-02
2.448409924994705139e-02
1.706368708744918777e-02
1.788631792130911113e-02
1.615787465248715721e-02
1.690336286594245827e-02
1.713005334368391738e-02
1.391116925026743625e-02
1.485483849138334242e-02
1.485483849138334242e-02
1.020533734325314475e-02
1.292939448067571308e-02
1.292939448067571308e-02
1.087241528392060563e-02
3.110593477927200024e-03
1.735351696931762512e-03
2.568481850078265221e-03
6.201367843152941076e-04
3.435749263220532704e-03
4.691374289796488455e-04
-8.828579106969761852e-04
-1.591911534827065121e-03
-1.591911534827065121e-03
-2.913061146527607097e-03
-2.913061146527607097e-03
2.868664489893319857e-03
5.046046243220738033e-03
7.286654685646072084e-03
8.976633449351630045e-03
1.444676077176300496e-03
1.444676077176300496e-03
2.304233716182743467e-03
5.229920622293511741e-03
1.450933064327853718e-02
3.810511336734402447e-03
2.276218793855679535e-03
-6.213635868198362500e-03
-7.046766021344863691e-03
-6.890411973148594625e-03
-9.502232987039350640e-03
-1.417004877342252847e-02
-1.759763330050749183e-02
-2.593007492963702448e-02
-2.574000008040487272e-02
-2.878281796854981547e-02
-2.686010839426853161e-02
-2.735126732704898020e-02
-1.781372710505069179e-02
-2.610907325128055539e-02
-3.604972865858703523e-02
