-1.899999999999999911e+00 0.000000000000000000e+00
-1.896386430678465906e+00 0.000000000000000000e+00
-1.892772861356932124e+00 0.000000000000000000e+00
-1.889159292035398119e+00 0.000000000000000000e+00
-1.885545722713864114e+00 0.000000000000000000e+00
-1.881932153392330331e+00 0.000000000000000000e+00
-1.878318584070796327e+00 0.000000000000000000e+00
-1.874705014749262544e+00 0.000000000000000000e+00
-1.871091445427728539e+00 0.000000000000000000e+00
-1.867477876106194534e+00 0.000000000000000000e+00
-1.863864306784660752e+00 0.000000000000000000e+00
-1.860250737463126747e+00 0.000000000000000000e+00
-1.856637168141592742e+00 0.000000000000000000e+00
-1.853023598820058959e+00 0.000000000000000000e+00
-1.849410029498524954e+00 0.000000000000000000e+00
-1.845796460176990950e+00 0.000000000000000000e+00
-1.842182890855457167e+00 0.000000000000000000e+00
-1.838569321533923162e+00 0.000000000000000000e+00
-1.834955752212389379e+00 0.000000000000000000e+00
-1.831342182890855375e+00 0.000000000000000000e+00
-1.827728613569321370e+00 0.000000000000000000e+00
-1.824115044247787587e+00 0.000000000000000000e+00
-1.820501474926253582e+00 0.000000000000000000e+00
-1.816887905604719577e+00 0.000000000000000000e+00
-1.813274336283185795e+00 0.000000000000000000e+00
-1.809660766961651790e+00 0.000000000000000000e+00
-1.806047197640118007e+00 0.000000000000000000e+00
-1.802433628318584002e+00 0.000000000000000000e+00
-1.798820058997049998e+00 0.000000000000000000e+00
-1.795206489675516215e+00 0.000000000000000000e+00
-1.791592920353982210e+00 0.000000000000000000e+00
-1.787979351032448205e+00 0.000000000000000000e+00
-1.784365781710914423e+00 0.000000000000000000e+00
-1.780752212389380418e+00 0.000000000000000000e+00
-1.777138643067846413e+00 0.000000000000000000e+00
-1.773525073746312630e+00 0.000000000000000000e+00
-1.769911504424778625e+00 0.000000000000000000e+00
-1.766297935103244843e+00 0.000000000000000000e+00
-1.762684365781710838e+00 0.000000000000000000e+00
-1.759070796460176833e+00 0.000000000000000000e+00
-1.755457227138643050e+00 0.000000000000000000e+00
-1.751843657817109046e+00 0.000000000000000000e+00
-1.748230088495575041e+00 0.000000000000000000e+00
-1.744616519174041258e+00 0.000000000000000000e+00
-1.741002949852507253e+00 0.000000000000000000e+00
-1.737389380530973249e+00 0.000000000000000000e+00
-1.733775811209439466e+00 0.000000000000000000e+00
-1.730162241887905461e+00 0.000000000000000000e+00
-1.726548672566371678e+00 0.000000000000000000e+00
-1.722935103244837673e+00 0.000000000000000000e+00
-1.719321533923303669e+00 0.000000000000000000e+00
-1.715707964601769886e+00 0.000000000000000000e+00
-1.712094395280235881e+00 0.000000000000000000e+00
-1.708480825958701876e+00 0.000000000000000000e+00
-1.704867256637168094e+00 0.000000000000000000e+00
-1.701253687315634089e+00 0.000000000000000000e+00
-1.697640117994100084e+00 0.000000000000000000e+00
-1.694026548672566301e+00 0.000000000000000000e+00
-1.690412979351032297e+00 0.000000000000000000e+00
-1.686799410029498514e+00 0.000000000000000000e+00
-1.683185840707964509e+00 0.000000000000000000e+00
-1.679572271386430504e+00 0.000000000000000000e+00
-1.675958702064896721e+00 0.000000000000000000e+00
-1.672345132743362717e+00 0.000000000000000000e+00
-1.668731563421828712e+00 0.000000000000000000e+00
-1.665117994100294929e+00 0.000000000000000000e+00
-1.661504424778760924e+00 0.000000000000000000e+00
-1.657890855457226920e+00 0.000000000000000000e+00
-1.654277286135693137e+00 0.000000000000000000e+00
-1.650663716814159132e+00 0.000000000000000000e+00
-1.647050147492625349e+00 0.000000000000000000e+00
-1.643436578171091345e+00 0.000000000000000000e+00
-1.639823008849557340e+00 0.000000000000000000e+00
-1.636209439528023557e+00 0.000000000000000000e+00
-1.632595870206489552e+00 0.000000000000000000e+00
-1.628982300884955770e+00 0.000000000000000000e+00
-1.625368731563421765e+00 0.000000000000000000e+00
-1.621755162241887760e+00 0.000000000000000000e+00
-1.618141592920353755e+00 0.000000000000000000e+00
-1.614528023598819972e+00 0.000000000000000000e+00
-1.610914454277285968e+00 0.000000000000000000e+00
-1.607300884955752185e+00 0.000000000000000000e+00
-1.603687315634218180e+00 0.000000000000000000e+00
-1.600073746312684175e+00 0.000000000000000000e+00
-1.596460176991150393e+00 0.000000000000000000e+00
-1.592846607669616388e+00 0.000000000000000000e+00
-1.589233038348082605e+00 0.000000000000000000e+00
-1.585619469026548600e+00 0.000000000000000000e+00
-1.582005899705014595e+00 0.000000000000000000e+00
-1.578392330383480591e+00 0.000000000000000000e+00
-1.574778761061946808e+00 0.000000000000000000e+00
-1.571165191740412803e+00 0.000000000000000000e+00
-1.567551622418879020e+00 0.000000000000000000e+00
-1.563938053097345016e+00 0.000000000000000000e+00
-1.560324483775811011e+00 0.000000000000000000e+00
-1.556710914454277228e+00 0.000000000000000000e+00
-1.553097345132743223e+00 0.000000000000000000e+00
-1.549483775811209441e+00 0.000000000000000000e+00
-1.545870206489675436e+00 0.000000000000000000e+00
-1.542256637168141431e+00 0.000000000000000000e+00
-1.538643067846607426e+00 0.000000000000000000e+00
-1.535029498525073643e+00 0.000000000000000000e+00
-1.531415929203539639e+00 0.000000000000000000e+00
-1.527802359882005856e+00 0.000000000000000000e+00
-1.524188790560471851e+00 0.000000000000000000e+00
-1.520575221238937846e+00 0.000000000000000000e+00
-1.516961651917404064e+00 0.000000000000000000e+00
-1.513348082595870059e+00 0.000000000000000000e+00
-1.509734513274336276e+00 0.000000000000000000e+00
-1.506120943952802271e+00 0.000000000000000000e+00
-1.502507374631268267e+00 0.000000000000000000e+00
-1.498893805309734262e+00 0.000000000000000000e+00
-1.495280235988200479e+00 0.000000000000000000e+00
-1.491666666666666474e+00 0.000000000000000000e+00
-1.488053097345132691e+00 0.000000000000000000e+00
-1.484439528023598687e+00 0.000000000000000000e+00
-1.480825958702064682e+00 0.000000000000000000e+00
-1.477212389380530899e+00 0.000000000000000000e+00
-1.473598820058996894e+00 0.000000000000000000e+00
-1.469985250737463112e+00 0.000000000000000000e+00
-1.466371681415929107e+00 0.000000000000000000e+00
-1.462758112094395102e+00 0.000000000000000000e+00
-1.459144542772861097e+00 0.000000000000000000e+00
-1.455530973451327315e+00 0.000000000000000000e+00
-1.451917404129793310e+00 0.000000000000000000e+00
-1.448303834808259527e+00 0.000000000000000000e+00
-1.444690265486725522e+00 0.000000000000000000e+00
-1.441076696165191517e+00 0.000000000000000000e+00
-1.437463126843657735e+00 0.000000000000000000e+00
-1.433849557522123730e+00 0.000000000000000000e+00
-1.430235988200589947e+00 0.000000000000000000e+00
-1.426622418879055942e+00 0.000000000000000000e+00
-1.423008849557521938e+00 0.000000000000000000e+00
-1.419395280235987933e+00 0.000000000000000000e+00
-1.415781710914454150e+00 0.000000000000000000e+00
-1.412168141592920145e+00 0.000000000000000000e+00
-1.408554572271386363e+00 0.000000000000000000e+00
-1.404941002949852358e+00 0.000000000000000000e+00
-1.401327433628318353e+00 0.000000000000000000e+00
-1.397713864306784570e+00 0.000000000000000000e+00
-1.394100294985250565e+00 0.000000000000000000e+00
-1.390486725663716783e+00 0.000000000000000000e+00
-1.386873156342182778e+00 0.000000000000000000e+00
-1.383259587020648773e+00 0.000000000000000000e+00
-1.379646017699114768e+00 0.000000000000000000e+00
-1.376032448377580986e+00 0.000000000000000000e+00
-1.372418879056047203e+00 0.000000000000000000e+00
-1.368805309734513198e+00 0.000000000000000000e+00
-1.365191740412979193e+00 0.000000000000000000e+00
-1.361578171091445189e+00 0.000000000000000000e+00
-1.357964601769911406e+00 0.000000000000000000e+00
-1.354351032448377401e+00 0.000000000000000000e+00
-1.350737463126843618e+00 0.000000000000000000e+00
-1.347123893805309613e+00 0.000000000000000000e+00
-1.343510324483775609e+00 0.000000000000000000e+00
-1.339896755162241604e+00 0.000000000000000000e+00
-1.336283185840707821e+00 0.000000000000000000e+00
-1.332669616519174038e+00 0.000000000000000000e+00
-1.329056047197640034e+00 0.000000000000000000e+00
-1.325442477876106029e+00 0.000000000000000000e+00
-1.321828908554572024e+00 0.000000000000000000e+00
-1.318215339233038241e+00 0.000000000000000000e+00
-1.314601769911504237e+00 0.000000000000000000e+00
-1.310988200589970454e+00 0.000000000000000000e+00
-1.307374631268436449e+00 0.000000000000000000e+00
-1.303761061946902444e+00 0.000000000000000000e+00
-1.300147492625368439e+00 0.000000000000000000e+00
-1.296533923303834657e+00 0.000000000000000000e+00
-1.292920353982300874e+00 0.000000000000000000e+00
-1.289306784660766869e+00 0.000000000000000000e+00
-1.285693215339232864e+00 0.000000000000000000e+00
-1.282079646017698860e+00 0.000000000000000000e+00
-1.278466076696165077e+00 0.000000000000000000e+00
-1.274852507374631072e+00 0.000000000000000000e+00
-1.271238938053097289e+00 0.000000000000000000e+00
-1.267625368731563285e+00 0.000000000000000000e+00
-1.264011799410029280e+00 0.000000000000000000e+00
-1.260398230088495275e+00 0.000000000000000000e+00
-1.256784660766961492e+00 0.000000000000000000e+00
-1.253171091445427709e+00 0.000000000000000000e+00
-1.249557522123893705e+00 0.000000000000000000e+00
-1.245943952802359700e+00 0.000000000000000000e+00
-1.242330383480825695e+00 0.000000000000000000e+00
-1.238716814159291912e+00 0.000000000000000000e+00
-1.235103244837757908e+00 0.000000000000000000e+00
-1.231489675516224125e+00 0.000000000000000000e+00
-1.227876106194690120e+00 0.000000000000000000e+00
-1.224262536873156115e+00 0.000000000000000000e+00
-1.220648967551622111e+00 0.000000000000000000e+00
-1.217035398230088328e+00 0.000000000000000000e+00
-1.213421828908554545e+00 0.000000000000000000e+00
-1.209808259587020540e+00 0.000000000000000000e+00
-1.206194690265486535e+00 0.000000000000000000e+00
-1.202581120943952531e+00 0.000000000000000000e+00
-1.198967551622418748e+00 0.000000000000000000e+00
-1.195353982300884743e+00 0.000000000000000000e+00
-1.191740412979350960e+00 0.000000000000000000e+00
-1.188126843657816956e+00 0.000000000000000000e+00
-1.184513274336282951e+00 0.000000000000000000e+00
-1.180899705014748946e+00 0.000000000000000000e+00
-1.177286135693215163e+00 0.000000000000000000e+00
-1.173672566371681381e+00 0.000000000000000000e+00
-1.170058997050147376e+00 0.000000000000000000e+00
-1.166445427728613371e+00 0.000000000000000000e+00
-1.162831858407079366e+00 0.000000000000000000e+00
-1.159218289085545583e+00 0.000000000000000000e+00
-1.155604719764011579e+00 0.000000000000000000e+00
-1.151991150442477796e+00 0.000000000000000000e+00
-1.148377581120943791e+00 0.000000000000000000e+00
-1.144764011799409786e+00 0.000000000000000000e+00
-1.141150442477875782e+00 0.000000000000000000e+00
-1.137536873156341999e+00 0.000000000000000000e+00
-1.133923303834808216e+00 0.000000000000000000e+00
-1.130309734513274211e+00 0.000000000000000000e+00
-1.126696165191740207e+00 0.000000000000000000e+00
-1.123082595870206202e+00 0.000000000000000000e+00
-1.119469026548672419e+00 0.000000000000000000e+00
-1.115855457227138636e+00 0.000000000000000000e+00
-1.112241887905604631e+00 0.000000000000000000e+00
-1.108628318584070627e+00 0.000000000000000000e+00
-1.105014749262536622e+00 0.000000000000000000e+00
-1.101401179941002617e+00 0.000000000000000000e+00
-1.097787610619468834e+00 0.000000000000000000e+00
-1.094174041297935052e+00 0.000000000000000000e+00
-1.090560471976401047e+00 0.000000000000000000e+00
-1.086946902654867042e+00 0.000000000000000000e+00
-1.083333333333333037e+00 0.000000000000000000e+00
-1.079719764011799255e+00 0.000000000000000000e+00
-1.076106194690265472e+00 0.000000000000000000e+00
-1.072492625368731467e+00 0.000000000000000000e+00
-1.068879056047197462e+00 0.000000000000000000e+00
-1.065265486725663457e+00 0.000000000000000000e+00
-1.061651917404129453e+00 0.000000000000000000e+00
-1.058038348082595670e+00 0.000000000000000000e+00
-1.054424778761061887e+00 0.000000000000000000e+00
-1.050811209439527882e+00 0.000000000000000000e+00
-1.047197640117993878e+00 0.000000000000000000e+00
-1.043584070796459873e+00 0.000000000000000000e+00
-1.039970501474926090e+00 0.000000000000000000e+00
-1.036356932153392307e+00 0.000000000000000000e+00
-1.032743362831858303e+00 0.000000000000000000e+00
-1.029129793510324298e+00 0.000000000000000000e+00
-1.025516224188790293e+00 0.000000000000000000e+00
-1.021902654867256510e+00 0.000000000000000000e+00
-1.018289085545722505e+00 0.000000000000000000e+00
-1.014675516224188723e+00 0.000000000000000000e+00
-1.011061946902654718e+00 0.000000000000000000e+00
-1.007448377581120713e+00 0.000000000000000000e+00
-1.003834808259586708e+00 0.000000000000000000e+00
-1.000221238938052926e+00 0.000000000000000000e+00
-9.966076696165190318e-01 0.000000000000000000e+00
-9.929941002949850271e-01 0.000000000000000000e+00
-9.893805309734511333e-01 0.000000000000000000e+00
-9.857669616519172395e-01 0.000000000000000000e+00
-9.821533923303833458e-01 0.000000000000000000e+00
-9.785398230088493410e-01 0.000000000000000000e+00
-9.749262536873154472e-01 0.000000000000000000e+00
-9.713126843657815535e-01 0.000000000000000000e+00
-9.676991150442475487e-01 0.000000000000000000e+00
-9.640855457227136549e-01 0.000000000000000000e+00
-9.604719764011797611e-01 0.000000000000000000e+00
-9.568584070796458674e-01 0.000000000000000000e+00
-9.532448377581118626e-01 0.000000000000000000e+00
-9.496312684365779688e-01 0.000000000000000000e+00
-9.460176991150440751e-01 0.000000000000000000e+00
-9.424041297935101813e-01 0.000000000000000000e+00
-9.387905604719761765e-01 0.000000000000000000e+00
-9.351769911504422828e-01 0.000000000000000000e+00
-9.315634218289083890e-01 0.000000000000000000e+00
-9.279498525073743842e-01 0.000000000000000000e+00
-9.243362831858404904e-01 0.000000000000000000e+00
-9.207227138643065967e-01 0.000000000000000000e+00
-9.171091445427727029e-01 0.000000000000000000e+00
-9.134955752212386981e-01 0.000000000000000000e+00
-9.098820058997048044e-01 0.000000000000000000e+00
-9.062684365781709106e-01 0.000000000000000000e+00
-9.026548672566370168e-01 0.000000000000000000e+00
-8.990412979351030121e-01 0.000000000000000000e+00
-8.954277286135692293e-01 0.000000000000000000e+00
-8.918141592920352245e-01 0.000000000000000000e+00
-8.882005899705012197e-01 0.000000000000000000e+00
-8.845870206489674370e-01 0.000000000000000000e+00
-8.809734513274334322e-01 0.000000000000000000e+00
-8.773598820058994274e-01 0.000000000000000000e+00
-8.737463126843656447e-01 0.000000000000000000e+00
-8.701327433628316399e-01 0.000000000000000000e+00
-8.665191740412976351e-01 0.000000000000000000e+00
-8.629056047197638524e-01 0.000000000000000000e+00
-8.592920353982298476e-01 0.000000000000000000e+00
-8.556784660766960648e-01 0.000000000000000000e+00
-8.520648967551620601e-01 0.000000000000000000e+00
-8.484513274336280553e-01 0.000000000000000000e+00
-8.448377581120942725e-01 0.000000000000000000e+00
-8.412241887905602677e-01 0.000000000000000000e+00
-8.376106194690262630e-01 0.000000000000000000e+00
-8.339970501474924802e-01 0.000000000000000000e+00
-8.303834808259584754e-01 0.000000000000000000e+00
-8.267699115044244706e-01 0.000000000000000000e+00
-8.231563421828906879e-01 0.000000000000000000e+00
-8.195427728613566831e-01 0.000000000000000000e+00
-8.159292035398229004e-01 0.000000000000000000e+00
-8.123156342182888956e-01 0.000000000000000000e+00
-8.087020648967548908e-01 0.000000000000000000e+00
-8.050884955752211081e-01 0.000000000000000000e+00
-8.014749262536871033e-01 0.000000000000000000e+00
-7.978613569321530985e-01 0.000000000000000000e+00
-7.942477876106193158e-01 0.000000000000000000e+00
-7.906342182890853110e-01 0.000000000000000000e+00
-7.870206489675513062e-01 0.000000000000000000e+00
-7.834070796460175234e-01 0.000000000000000000e+00
-7.797935103244835187e-01 0.000000000000000000e+00
-7.761799410029497359e-01 0.000000000000000000e+00
-7.725663716814157311e-01 0.000000000000000000e+00
-7.689528023598817263e-01 0.000000000000000000e+00
-7.653392330383479436e-01 0.000000000000000000e+00
-7.617256637168139388e-01 0.000000000000000000e+00
-7.581120943952799340e-01 0.000000000000000000e+00
-7.544985250737461513e-01 0.000000000000000000e+00
-7.508849557522121465e-01 0.000000000000000000e+00
-7.472713864306783638e-01 0.000000000000000000e+00
-7.436578171091443590e-01 0.000000000000000000e+00
-7.400442477876103542e-01 0.000000000000000000e+00
-7.364306784660765715e-01 0.000000000000000000e+00
-7.328171091445425667e-01 0.000000000000000000e+00
-7.292035398230085619e-01 0.000000000000000000e+00
-7.255899705014747791e-01 0.000000000000000000e+00
-7.219764011799407744e-01 0.000000000000000000e+00
-7.183628318584067696e-01 0.000000000000000000e+00
-7.147492625368729868e-01 0.000000000000000000e+00
-7.111356932153389820e-01 0.000000000000000000e+00
-7.075221238938051993e-01 0.000000000000000000e+00
-7.039085545722711945e-01 0.000000000000000000e+00
-7.002949852507371897e-01 0.000000000000000000e+00
-6.966814159292034070e-01 0.000000000000000000e+00
-6.930678466076694022e-01 0.000000000000000000e+00
-6.894542772861353974e-01 0.000000000000000000e+00
-6.858407079646016147e-01 0.000000000000000000e+00
-6.822271386430676099e-01 0.000000000000000000e+00
-6.786135693215336051e-01 0.000000000000000000e+00
-6.749999999999998224e-01 0.000000000000000000e+00
-6.713864306784658176e-01 0.000000000000000000e+00
-6.677728613569320348e-01 0.000000000000000000e+00
-6.641592920353980301e-01 0.000000000000000000e+00
-6.605457227138640253e-01 0.000000000000000000e+00
-6.569321533923302425e-01 0.000000000000000000e+00
-6.533185840707962377e-01 0.000000000000000000e+00
-6.497050147492622330e-01 0.000000000000000000e+00
-6.460914454277284502e-01 0.000000000000000000e+00
-6.424778761061944454e-01 0.000000000000000000e+00
-6.388643067846604406e-01 0.000000000000000000e+00
-6.352507374631266579e-01 0.000000000000000000e+00
-6.316371681415926531e-01 0.000000000000000000e+00
-6.280235988200588704e-01 0.000000000000000000e+00
-6.244100294985248656e-01 0.000000000000000000e+00
-6.207964601769908608e-01 0.000000000000000000e+00
-6.171828908554570781e-01 0.000000000000000000e+00
-6.135693215339230733e-01 0.000000000000000000e+00
-6.099557522123890685e-01 0.000000000000000000e+00
-6.063421828908552857e-01 0.000000000000000000e+00
-6.027286135693212810e-01 0.000000000000000000e+00
-5.991150442477872762e-01 0.000000000000000000e+00
-5.955014749262534934e-01 0.000000000000000000e+00
-5.918879056047194887e-01 0.000000000000000000e+00
-5.882743362831857059e-01 0.000000000000000000e+00
-5.846607669616517011e-01 0.000000000000000000e+00
-5.810471976401176963e-01 0.000000000000000000e+00
-5.774336283185839136e-01 0.000000000000000000e+00
-5.738200589970499088e-01 0.000000000000000000e+00
-5.702064896755159040e-01 0.000000000000000000e+00
-5.665929203539821213e-01 0.000000000000000000e+00
-5.629793510324481165e-01 0.000000000000000000e+00
-5.593657817109143338e-01 0.000000000000000000e+00
-5.557522123893803290e-01 3.097916588645766396e-314
-5.521386430678463242e-01 2.957462918449729653e-296
-5.485250737463125414e-01 2.708066300748546879e-279
-5.449115044247785367e-01 2.714423051713258341e-263
-5.412979351032445319e-01 3.373905297326886840e-248
-5.376843657817107491e-01 5.849742370239573752e-234
-5.340707964601767443e-01 1.580972606398821599e-220
-5.304572271386427396e-01 7.396334358040125923e-208
-5.268436578171089568e-01 6.612601299757146642e-196
-5.232300884955749520e-01 1.240317912308049354e-184
-5.196165191740411693e-01 5.330378079801364635e-174
-5.160029498525071645e-01 5.703655266295943072e-164
-5.123893805309731597e-01 1.643585479770230037e-154
-5.087758112094393770e-01 1.373505760475940126e-145
-5.051622418879053722e-01 3.569545824913652435e-137
-5.015486725663713674e-01 3.081600875856135198e-129
-4.979351032448375847e-01 9.404702216447131979e-122
-4.943215339233035799e-01 1.076022920570401323e-114
-4.907079646017695751e-01 4.878342310060454404e-108
-4.870943952802357924e-01 9.234394215987327069e-102
-4.834808259587017876e-01 7.667644012447170684e-96
-4.798672566371680048e-01 2.925887997695872883e-90
-4.762536873156340000e-01 5.361437487127709377e-85
-4.726401179940999953e-01 4.917484257755619929e-80
-4.690265486725662125e-01 2.347678298488117754e-75
-4.654129793510322077e-01 6.053494438103994885e-71
-4.617994100294982029e-01 8.729311787378078714e-67
-4.581858407079644202e-01 7.275144194595003451e-63
-4.545722713864304154e-01 3.614660280636467689e-59
-4.509587020648964106e-01 1.102489776818378817e-55
-4.473451327433626279e-01 2.122085626791573558e-52
-4.437315634218286231e-01 2.645793807801198583e-49
-4.401179941002948404e-01 2.189973668264174917e-46
-4.365044247787608356e-01 1.231669279193784794e-43
-4.328908554572268308e-01 4.811001978398896426e-41
-4.292772861356930481e-01 1.332417858368978889e-38
-4.256637168141590433e-01 2.667962350472236524e-36
-4.220501474926250385e-01 3.934107674604696519e-34
-4.184365781710912557e-01 4.346923808863282872e-32
-4.148230088495572510e-01 3.658502755396492055e-30
-4.112094395280232462e-01 2.381908075259696730e-28
-4.075958702064894634e-01 1.217257617485917366e-26
-4.039823008849554586e-01 4.950554502010296667e-25
-4.003687315634216759e-01 1.623227631391463110e-23
-3.967551622418876711e-01 4.343912764384554601e-22
-3.931415929203536663e-01 9.597985735915765638e-21
-3.895280235988198836e-01 1.770166104649295027e-19
-3.859144542772858788e-01 2.753294976509737490e-18
-3.823008849557518740e-01 3.646813380142165255e-17
-3.786873156342180913e-01 4.151215751700773670e-16
-3.750737463126840865e-01 4.096302162389192581e-15
-3.714601769911500817e-01 3.532687708716608818e-14
-3.678466076696162990e-01 2.683221048706754863e-13
-3.642330383480822942e-01 1.807997959170603291e-12
-3.606194690265485114e-01 1.088187335556459370e-11
-3.570058997050145067e-01 5.888155912140838388e-11
-3.533923303834805019e-01 2.881851963667248454e-10
-3.497787610619467191e-01 1.283150886467553209e-09
-3.461651917404127143e-01 5.225802876091627332e-09
-3.425516224188787096e-01 1.956679303941274013e-08
-3.389380530973449268e-01 6.768209485794901192e-08
-3.353244837758109220e-01 2.172665217409117813e-07
-3.317109144542771393e-01 6.500428169770453185e-07
-3.280973451327431345e-01 1.820039090770248423e-06
-3.244837758112091297e-01 4.787058329579048041e-06
-3.208702064896753470e-01 1.187056640396064262e-05
-3.172566371681413422e-01 2.784617088101143243e-05
-3.136430678466073374e-01 6.199313453513037857e-05
-3.100294985250735547e-01 1.313770217557595603e-04
-3.064159292035395499e-01 2.657858887911306901e-04
-3.028023598820055451e-01 5.146946704365614128e-04
-2.991887905604717623e-01 9.564775221587816642e-04
-2.955752212389377576e-01 1.709805115966361085e-03
-2.919616519174039748e-01 2.946764631743919050e-03
-2.883480825958699700e-01 4.906770103973483871e-03
-2.847345132743359652e-01 7.909866857049840591e-03
-2.811209439528021825e-01 1.236767123085804471e-02
-2.775073746312681777e-01 1.879001861817411814e-02
-2.738938053097341729e-01 2.778548699713007109e-02
-2.702802359882003902e-01 4.005434423700520580e-02
-2.666666666666663854e-01 5.637310777050543592e-02
-2.630530973451323806e-01 7.757072784668554710e-02
-2.594395280235985979e-01 1.044972985600986920e-01
-2.558259587020645931e-01 1.379870385983769376e-01
-2.522123893805308104e-01 1.788179501289618167e-01
-2.485988200589968056e-01 2.276709727465122679e-01
-2.449852507374628008e-01 2.850915550331655779e-01
-2.413716814159290180e-01 3.514563695613253658e-01
-2.377581120943950133e-01 4.269474392614889813e-01
-2.341445427728610085e-01 5.115352949037255126e-01
-2.305309734513272257e-01 6.049720316346385296e-01
-2.269174041297932209e-01 7.067943652737161964e-01
-2.233038348082592162e-01 8.163360843017964941e-01
-2.196902654867254334e-01 9.327487106092052782e-01
-2.160766961651914286e-01 1.055028758117017018e+00
-2.124631268436576459e-01 1.182049727766153691e+00
-2.088495575221236411e-01 1.312596894729985308e+00
-2.052359882005896363e-01 1.445403008548345358e+00
-2.016224188790558536e-01 1.579183208958752083e+00
-1.980088495575218488e-01 1.712667724754093790e+00
-1.943952802359878440e-01 1.844631235228315180e+00
-1.907817109144540613e-01 1.973918102197705693e+00
-1.871681415929200565e-01 2.099462999184784184e+00
-1.835545722713860517e-01 2.220306753600153726e+00
-1.799410029498522690e-01 2.335607464741072281e+00
-1.763274336283182642e-01 2.444647158292333700e+00
-1.727138643067844814e-01 2.546834385004631329e+00
-1.691002949852504766e-01 2.641703269518997477e+00
-1.654867256637164719e-01 2.728909569822809189e+00
-1.618731563421826891e-01 2.808224325160079360e+00
-1.582595870206486843e-01 2.879525657707329156e+00
-1.546460176991146795e-01 2.942789258338071701e+00
-1.510324483775808968e-01 2.998078036214247177e+00
-1.474188790560468920e-01 3.045531351838132395e+00
-1.438053097345131093e-01 3.085354188655031749e+00
-1.401917404129791045e-01 3.117806553367782119e+00
-1.365781710914450997e-01 3.143193332847790344e+00
-1.329646017699113170e-01 3.161854778042022307e+00
-1.293510324483773122e-01 3.174157733925197178e+00
-1.257374631268433074e-01 3.180487690039308646e+00
-1.221238938053095247e-01 3.181241688691971436e+00
-1.185103244837755199e-01 3.176822097274375256e+00
-1.148967551622415151e-01 3.167631226963014690e+00
-1.112831858407077323e-01 3.154066761675354158e+00
-1.076696165191737276e-01 3.136517947855124611e+00
-1.040560471976399448e-01 3.115362486730723468e+00
-1.004424778761059400e-01 3.090964065396640592e+00
-9.682890855457193524e-02 3.063670460728003420e+00
-9.321533923303815250e-02 3.033812150130814178e+00
-8.960176991150414771e-02 3.001701364903186064e+00
-8.598820058997014293e-02 2.967631525058568531e+00
-8.237463126843636019e-02 2.931876998440889448e+00
-7.876106194690235540e-02 2.894693131510076345e+00
-7.514749262536835062e-02 2.856316504029836167e+00
-7.153392330383456788e-02 2.816965364836744534e+00
-6.792035398230056309e-02 2.776840210752055338e+00
-6.430678466076678035e-02 2.736124475397506917e+00
-6.069321533923277556e-02 2.694985299110775223e+00
-5.707964601769877078e-02 2.653574355272656948e+00
-5.346607669616498804e-02 2.612028712124811136e+00
-4.985250737463098325e-02 2.570471712561258837e+00
-4.623893805309697846e-02 2.529013857419594835e+00
-4.262536873156319572e-02 2.487753680489394714e+00
-3.901179941002919094e-02 2.446778605812843566e+00
-3.539823008849518615e-02 2.406165779898420176e+00
-3.178466076696140341e-02 2.365982873228175354e+00
-2.817109144542739863e-02 2.326288846937206944e+00
-2.455752212389361588e-02 2.287134681808875136e+00
-2.094395280235961110e-02 2.248564067784810661e+00
-1.733038348082560631e-02 2.210614053061419781e+00
-1.371681415929182357e-02 2.173315652555903643e+00
-1.010324483775781879e-02 2.136694416096649896e+00
-6.489675516223814000e-03 2.100770957145885465e+00
-2.876106194690031259e-03 2.065561443211142212e+00
7.374631268439735265e-04 2.031078006641511280e+00
4.351032448377978312e-03 1.997320891032327017e+00
7.964601769911761053e-03 1.964270494814917667e+00
1.157817109144576584e-02 1.931905386594921170e+00
1.519174041297954858e-02 1.900204895460020138e+00
1.880530973451355337e-02 1.869149081354286812e+00
2.241887905604755815e-02 1.838718706805954506e+00
2.603244837758134089e-02 1.808895209939324511e+00
2.964601769911534568e-02 1.779660678705577981e+00
3.325958702064935046e-02 1.750997826270433988e+00
3.687315634218313321e-02 1.722889967500150554e+00
4.048672566371713799e-02 1.695320996490204735e+00
4.410029498525114278e-02 1.668275365084250339e+00
4.771386430678492552e-02 1.641738062333201187e+00
5.132743362831893030e-02 1.615694594847528753e+00
5.494100294985271304e-02 1.590130967997774203e+00
5.855457227138671783e-02 1.565033667920841198e+00
6.216814159292072262e-02 1.540389644291928040e+00
6.578171091445450536e-02 1.516186293823799547e+00
6.939528023598851014e-02 1.492411444457287351e+00
7.300884955752251493e-02 1.469053340208580583e+00
7.662241887905629767e-02 1.446100626640794751e+00
8.023598820059030245e-02 1.423542336928904861e+00
8.384955752212408520e-02 1.401367878488661844e+00
8.746312684365808998e-02 1.379567020141733824e+00
9.107669616519209477e-02 1.358129879790607619e+00
9.469026548672587751e-02 1.337046912578246927e+00
9.830383480825988229e-02 1.316308899508697561e+00
1.019174041297938871e-01 1.295906936506097784e+00
1.055309734513278919e-01 1.275832423890667755e+00
1.091445427728614526e-01 1.256077056251455826e+00
1.127581120943954573e-01 1.236632812696421002e+00
1.163716814159294621e-01 1.217491947461738500e+00
1.199852507374634669e-01 1.198646980862911660e+00
1.235988200589974717e-01 1.180090690571239387e+00
1.272123893805314765e-01 1.161816103200088879e+00
1.308259587020650372e-01 1.143816486186219006e+00
1.344395280235990420e-01 1.126085339952050957e+00
1.380530973451330468e-01 1.108616390335728230e+00
1.416666666666670515e-01 1.091403581276327195e+00
1.452802359882010563e-01 1.074441067742258227e+00
1.488938053097346170e-01 1.057723208891730327e+00
1.525073746312686218e-01 1.041244561454419015e+00
1.561209439528026266e-01 1.024999873324356159e+00
1.597345132743366314e-01 1.008984077354449171e+00
1.633480825958706362e-01 9.931922853435440901e-01
1.669616519174046410e-01 9.776197822075796129e-01
1.705752212389382017e-01 9.622620203266388783e-01
1.741887905604722064e-01 9.471146140603968755e-01
1.778023598820062112e-01 9.321733344246277975e-01
1.814159292035402160e-01 9.174341039221014515e-01
1.850294985250742208e-01 9.028929915213622648e-01
1.886430678466077815e-01 8.885462077773913503e-01
1.922566371681417863e-01 8.743901000884535257e-01
1.958702064896757911e-01 8.604211480837377080e-01
1.994837758112097958e-01 8.466359591367621507e-01
2.030973451327438006e-01 8.330312639997936586e-01
2.067109144542778054e-01 8.196039125547650572e-01
2.103244837758113661e-01 8.063508696765627759e-01
2.139380530973453709e-01 7.932692112046692001e-01
2.175516224188793757e-01 7.803561200194744085e-01
2.211651917404133805e-01 7.676088822198225969e-01
2.247787610619473853e-01 7.550248833984242181e-01
2.283923303834809460e-01 7.426016050121825307e-01
2.320058997050149507e-01 7.303366208445132290e-01
2.356194690265489555e-01 7.182275935569522041e-01
2.392330383480829603e-01 7.062722713275766395e-01
2.428466076696169651e-01 6.944684845738685608e-01
2.464601769911509699e-01 6.828141427577819611e-01
2.500737463126845306e-01 6.713072312710006706e-01
2.536873156342185354e-01 6.599458083984022227e-01
2.573008849557525402e-01 6.487280023579714561e-01
2.609144542772865449e-01 6.376520084154108092e-01
2.645280235988205497e-01 6.267160860719194204e-01
2.681415929203541104e-01 6.159185563236061478e-01
2.717551622418881152e-01 6.052577989911714917e-01
2.753687315634221200e-01 5.947322501185319243e-01
2.789823008849561248e-01 5.843403994392032397e-01
2.825958702064901296e-01 5.740807879091847088e-01
2.862094395280241343e-01 5.639520053054016824e-01
2.898230088495576950e-01 5.539526878885239203e-01
2.934365781710916998e-01 5.440815161293219848e-01
2.970501474926257046e-01 5.343372124975345194e-01
3.006637168141597094e-01 5.247185393124412789e-01
3.042772861356937142e-01 5.152242966542709413e-01
3.078908554572272749e-01 5.058533203356461172e-01
3.115044247787612797e-01 4.966044799323069414e-01
3.151179941002952845e-01 4.874766768723696742e-01
3.187315634218292892e-01 4.784688425834045522e-01
3.223451327433632940e-01 4.695799366966280641e-01
3.259587020648972988e-01 4.608089453075505104e-01
3.295722713864308595e-01 4.521548792924016125e-01
3.331858407079648643e-01 4.436167726796639288e-01
3.367994100294988691e-01 4.351936810761377061e-01
3.404129793510328739e-01 4.268846801467915952e-01
3.440265486725668787e-01 4.186888641478697104e-01
3.476401179941004393e-01 4.106053445125549262e-01
3.512536873156344441e-01 4.026332484885710716e-01
3.548672566371684489e-01 3.947717178271088478e-01
3.584808259587024537e-01 3.870199075224151630e-01
3.620943952802364585e-01 3.793769846013839153e-01
3.657079646017700192e-01 3.718421269625340475e-01
3.693215339233040240e-01 3.644145222636941406e-01
3.729351032448380288e-01 3.570933668577153108e-01
3.765486725663720335e-01 3.498778647755533266e-01
3.801622418879060383e-01 3.427672267559987440e-01
3.837758112094400431e-01 3.357606693213917581e-01
3.873893805309736038e-01 3.288574138985791429e-01
3.910029498525076086e-01 3.220566859843884133e-01
3.946165191740416134e-01 3.153577143548961792e-01
3.982300884955756182e-01 3.087597303177200270e-01
4.018436578171096230e-01 3.022619670065915809e-01
4.054572271386431837e-01 2.958636587173930632e-01
4.090707964601771884e-01 2.895640402849087858e-01
4.126843657817111932e-01 2.833623464994738939e-01
4.162979351032451980e-01 2.772578115626812001e-01
4.199115044247792028e-01 2.712496685813519104e-01
4.235250737463132076e-01 2.653371490989046011e-01
4.271386430678467683e-01 2.595194826632843954e-01
4.307522123893807731e-01 2.537958964305805365e-01
4.343657817109147778e-01 2.481656148034762921e-01
4.379793510324487826e-01 2.426278591036261090e-01
4.415929203539827874e-01 2.371818472770822472e-01
4.452064896755163481e-01 2.318267936318787747e-01
4.488200589970503529e-01 2.265619086068419996e-01
4.524336283185843577e-01 2.213863985707556770e-01
4.560471976401183625e-01 2.162994656509133473e-01
4.596607669616523673e-01 2.113003075901704886e-01
4.632743362831863720e-01 2.063881176315608690e-01
4.668879056047199327e-01 2.015620844295322733e-01
4.705014749262539375e-01 1.968213919868913864e-01
4.741150442477879423e-01 1.921652196165103410e-01
4.777286135693219471e-01 1.875927419268609564e-01
4.813421828908559519e-01 1.831031288304519888e-01
4.849557522123895126e-01 1.786955455742295917e-01
4.885693215339235174e-01 1.743691527910140038e-01
4.921828908554575222e-01 1.701231065710562818e-01
4.957964601769915269e-01 1.659565585527795484e-01
4.994100294985255317e-01 1.618686560317979251e-01
5.030235988200595365e-01 1.578585420873007128e-01
5.066371681415930972e-01 1.539253557249094517e-01
5.102507374631271020e-01 1.500682320350944787e-01
5.138643067846611068e-01 1.462863023662853146e-01
5.174778761061951116e-01 1.425786945117889781e-01
5.210914454277291163e-01 1.389445329096555548e-01
5.247050147492626770e-01 1.353829388546329004e-01
5.283185840707966818e-01 1.318930307213746767e-01
5.319321533923306866e-01 1.284739241980749069e-01
5.355457227138646914e-01 1.251247325297024926e-01
5.391592920353986962e-01 1.218445667700491925e-01
5.427728613569327010e-01 1.186325360417986863e-01
5.463864306784662617e-01 1.154877478038441735e-01
5.500000000000002665e-01 1.124093081251040238e-01
5.536135693215342712e-01 1.093963219641005818e-01
5.572271386430682760e-01 1.064478934535750265e-01
5.608407079646022808e-01 1.035631261894370408e-01
5.644542772861358415e-01 1.007411235233698771e-01
5.680678466076698463e-01 9.798098885842010386e-02
5.716814159292038511e-01 9.528182594692247154e-02
5.752949852507378559e-01 9.264273919013822634e-02
5.789085545722718606e-01 9.006283393899186529e-02
5.825221238938058654e-01 8.754121679531701172e-02
5.861356932153394261e-01 8.507699591305102615e-02
5.897492625368734309e-01 8.266928129881512266e-02
5.933628318584074357e-01 8.031718511136708150e-02
5.969764011799414405e-01 7.801982195940106168e-02
6.005899705014754453e-01 7.577630919722269653e-02
6.042035398230090060e-01 7.358576721782146557e-02
6.078171091445430108e-01 7.144731974289678100e-02
6.114306784660770155e-01 6.936009410941620934e-02
6.150442477876110203e-01 6.732322155228878668e-02
6.186578171091450251e-01 6.533583748278255776e-02
6.222713864306790299e-01 6.339708176230984815e-02
6.258849557522125906e-01 6.150609897124127701e-02
6.294985250737465954e-01 5.966203867242494963e-02
6.331120943952806002e-01 5.786405566910098747e-02
6.367256637168146050e-01 5.611131025693320840e-02
6.403392330383486097e-01 5.440296846988566110e-02
6.439528023598821704e-01 5.273820231970546141e-02
6.475663716814161752e-01 5.111619002877496043e-02
6.511799410029501800e-01 4.953611625613561775e-02
6.547935103244841848e-01 4.799717231648381599e-02
6.584070796460181896e-01 4.649855639197115337e-02
6.620206489675521944e-01 4.503947373665234677e-02
6.656342182890857551e-01 4.361913687344683155e-02
6.692477876106197598e-01 4.223676578348494609e-02
6.728613569321537646e-01 4.089158808774671916e-02
6.764749262536877694e-01 3.958283922089257667e-02
6.800884955752217742e-01 3.830976259722178312e-02
6.837020648967553349e-01 3.707160976869794400e-02
6.873156342182893397e-01 3.586764057499690350e-02
6.909292035398233445e-01 3.469712328555464576e-02
6.945427728613573493e-01 3.355933473359233588e-02
6.981563421828913540e-01 3.245356044212252544e-02
7.017699115044253588e-01 3.137909474194757603e-02
7.053834808259589195e-01 3.033524088167009747e-02
7.089970501474929243e-01 2.932131112975631948e-02
7.126106194690269291e-01 2.833662686869473091e-02
7.162241887905609339e-01 2.738051868131076427e-02
7.198377581120949387e-01 2.645232642930344172e-02
7.234513274336284994e-01 2.555139932408457062e-02
7.270648967551625041e-01 2.467709599000539669e-02
7.306784660766965089e-01 2.382878452006884432e-02
7.342920353982305137e-01 2.300584252423233667e-02
7.379056047197645185e-01 2.220765717041141632e-02
7.415191740412985233e-01 2.143362521830847675e-02
7.451327433628320840e-01 2.068315304619031125e-02
7.487463126843660888e-01 1.995565667074937488e-02
7.523598820059000936e-01 1.925056176019062856e-02
7.559734513274340983e-01 1.856730364068582065e-02
7.595870206489681031e-01 1.790532729634838199e-02
7.632005899705016638e-01 1.726408736288415416e-02
7.668141592920356686e-01 1.664304811507620607e-02
7.704277286135696734e-01 1.604168344826940179e-02
7.740412979351036782e-01 1.545947685401937756e-02
7.776548672566376830e-01 1.489592139007835450e-02
7.812684365781712437e-01 1.435051964488845248e-02
7.848820058997052485e-01 1.382278369675983554e-02
7.884955752212392532e-01 1.331223506790832518e-02
7.921091445427732580e-01 1.281840467353289638e-02
7.957227138643072628e-01 1.234083276611228595e-02
7.993362831858412676e-01 1.187906887510062522e-02
8.029498525073748283e-01 1.143267174220497125e-02
8.065634218289088331e-01 1.100120925242406393e-02
8.101769911504428379e-01 1.058425836103220330e-02
8.137905604719768426e-01 1.018140501668713359e-02
8.174041297935108474e-01 9.792244080843625492e-03
8.210176991150444081e-01 9.416379243651922318e-03
8.246312684365784129e-01 9.053422936519806355e-03
8.282448377581124177e-01 8.702996241514441428e-03
8.318584070796464225e-01 8.364728797781224856e-03
8.354719764011804273e-01 8.038258705150532965e-03
8.390855457227144321e-01 7.723232425106849909e-03
8.426991150442479928e-01 7.419304679287527099e-03
8.463126843657819975e-01 7.126138345678635633e-03
8.499262536873160023e-01 6.843404352673405217e-03
8.535398230088500071e-01 6.570781571152760868e-03
8.571533923303840119e-01 6.307956704748754126e-03
8.607669616519175726e-01 6.054624178444800373e-03
8.643805309734515774e-01 5.810486025667012042e-03
8.679941002949855822e-01 5.575251774014597025e-03
8.716076696165195870e-01 5.348638329775629724e-03
8.752212389380535917e-01 5.130369861370761252e-03
8.788348082595875965e-01 4.920177681864198321e-03
8.824483775811211572e-01 4.717800130676239219e-03
8.860619469026551620e-01 4.522982454629553666e-03
8.896755162241891668e-01 4.335476688457301150e-03
8.932890855457231716e-01 4.155041534896894082e-03
8.969026548672571764e-01 3.981442244488991519e-03
9.005162241887907371e-01 3.814450495199598820e-03
9.041297935103247418e-01 3.653844271975772908e-03
9.077433628318587466e-01 3.499407746345368272e-03
9.113569321533927514e-01 3.350931156164373235e-03
9.149705014749267562e-01 3.208210685612358087e-03
9.185840707964607610e-01 3.071048345534059532e-03
9.221976401179943217e-01 2.939251854218619380e-03
9.258112094395283265e-01 2.812634518706547820e-03
9.294247787610623313e-01 2.691015116708938247e-03
9.330383480825963360e-01 2.574217779220623961e-03
9.366519174041303408e-01 2.462071873904677927e-03
9.402654867256639015e-01 2.354411889322151341e-03
9.438790560471979063e-01 2.251077320076934341e-03
9.474926253687319111e-01 2.151912552942326223e-03
9.511061946902659159e-01 2.056766754032105220e-03
9.547197640117999207e-01 1.965493757075223707e-03
9.583333333333339255e-01 1.877951952849899559e-03
9.619469026548674861e-01 1.794004179829569506e-03
9.655604719764014909e-01 1.713517616089340256e-03
9.691740412979354957e-01 1.636363672518907370e-03
9.727876106194695005e-01 1.562417887384071145e-03
9.764011799410035053e-01 1.491559822276232721e-03
9.800147492625370660e-01 1.423672959486057188e-03
9.836283185840710708e-01 1.358644600834340828e-03
9.872418879056050756e-01 1.296365767990417632e-03
9.908554572271390803e-01 1.236731104305513257e-03
9.944690265486730851e-01 1.179638778185515373e-03
9.980825958702070899e-01 1.124990388025218918e-03
1.001696165191740651e+00 1.072690868723403818e-03
1.005309734513274655e+00 1.022648399795399827e-03
1.008923303834808660e+00 9.747743150977210020e-04
1.012536873156342665e+00 9.289830141765918455e-04
1.016150442477876670e+00 8.851918752502873017e-04
1.019764011799410230e+00 8.433211698327616355e-04
1.023377581120944235e+00 8.032939790040275396e-04
1.026991150442478240e+00 7.650361113308892487e-04
1.030604719764012245e+00 7.284760224393170428e-04
1.034218289085546250e+00 6.935447362383117837e-04
1.037831858407080254e+00 6.601757677930585565e-04
1.041445427728613815e+00 6.283050478436382402e-04
1.045058997050147820e+00 5.978708489637673618e-04
1.048672566371681825e+00 5.688137133527763076e-04
1.052286135693215829e+00 5.410763822522828134e-04
1.055899705014749834e+00 5.146037269778235132e-04
1.059513274336283395e+00 4.893426815543537849e-04
1.063126843657817400e+00 4.652421769432921466e-04
1.066740412979351404e+00 4.422530768475675710e-04
1.070353982300885409e+00 4.203281150801156077e-04
1.073967551622419414e+00 3.994218344802208821e-04
1.077581120943953419e+00 3.794905273610736608e-04
1.081194690265486980e+00 3.604921774711551934e-04
1.084808259587020984e+00 3.423864034510894021e-04
1.088421828908554989e+00 3.251344037669532836e-04
1.092035398230088994e+00 3.086989031001990524e-04
1.095648967551622999e+00 2.930441001738805923e-04
1.099262536873156559e+00 2.781356169940569665e-04
1.102876106194690564e+00 2.639404494848946684e-04
1.106489675516224569e+00 2.504269194954189233e-04
1.110103244837758574e+00 2.375646281554378799e-04
1.113716814159292579e+00 2.253244105577762520e-04
1.117330383480826583e+00 2.136782917436393613e-04
1.120943952802360144e+00 2.025994439676499998e-04
1.124557522123894149e+00 1.920621452187641024e-04
1.128171091445428154e+00 1.820417389732087432e-04
1.131784660766962158e+00 1.725145951552717132e-04
1.135398230088496163e+00 1.634580722817651063e-04
1.139011799410029724e+00 1.548504807658303273e-04
1.142625368731563729e+00 1.466710473557104096e-04
1.146238938053097733e+00 1.388998806841158838e-04
1.149852507374631738e+00 1.315179379037926296e-04
1.153466076696165743e+00 1.245069923849596123e-04
1.157079646017699748e+00 1.178496024503593233e-04
1.160693215339233308e+00 1.115290811237475398e-04
1.164306784660767313e+00 1.055294668677795558e-04
1.167920353982301318e+00 9.983549528740936108e-05
1.171533923303835323e+00 9.443257177505642603e-05
1.175147492625369328e+00 8.930674507403336948e-05
1.178761061946902888e+00 8.444468173689757243e-05
1.182374631268436893e+00 7.983364145564224420e-05
1.185988200589970898e+00 7.546145324089925395e-05
1.189601769911504903e+00 7.131649242755220490e-05
1.193215339233038907e+00 6.738765848449107922e-05
1.196828908554572468e+00 6.366435360648230342e-05
1.200442477876106473e+00 6.013646206646780566e-05
1.204056047197640478e+00 5.679433030691067371e-05
1.207669616519174483e+00 5.362874774912607475e-05
1.211283185840708487e+00 5.063092829988643807e-05
1.214896755162242492e+00 4.779249253492384237e-05
1.218510324483776053e+00 4.510545053931341300e-05
1.222123893805310058e+00 4.256218538507059292e-05
1.225737463126844062e+00 4.015543722667164742e-05
1.229351032448378067e+00 3.787828799556138476e-05
1.232964601769912072e+00 3.572414667510471857e-05
1.236578171091445633e+00 3.368673513779559729e-05
1.240191740412979637e+00 3.176007452692695509e-05
1.243805309734513642e+00 2.993847216530898098e-05
1.247418879056047647e+00 2.821650897399338267e-05
1.251032448377581652e+00 2.658902738435860082e-05
1.254646017699115657e+00 2.505111972727994761e-05
1.258259587020649217e+00 2.359811708350168712e-05
1.261873156342183222e+00 2.222557857970357159e-05
1.265486725663717227e+00 2.092928111513636964e-05
1.269100294985251232e+00 1.970520950407391844e-05
1.272713864306785236e+00 1.854954701971152166e-05
1.276327433628318797e+00 1.745866632550649092e-05
1.279941002949852802e+00 1.642912078032935643e-05
1.283554572271386807e+00 1.545763610415687783e-05
1.287168141592920811e+00 1.454110239140054779e-05
1.290781710914454816e+00 1.367656645932218342e-05
1.294395280235988821e+00 1.286122451933936322e-05
1.298008849557522382e+00 1.209241515937296309e-05
1.301622418879056386e+00 1.136761262572880384e-05
1.305235988200590391e+00 1.068442039334906345e-05
1.308849557522124396e+00 1.004056501359321623e-05
1.312463126843658401e+00 9.433890229043303318e-06
1.316076696165191962e+00 8.862351345143516240e-06
1.319690265486725966e+00 8.324009848801231746e-06
1.323303834808259971e+00 7.817028264387954544e-06
1.326917404129793976e+00 7.339665237877544138e-06
1.330530973451327981e+00 6.890270840160496663e-06
1.334144542772861985e+00 6.467282080861117524e-06
1.337758112094395546e+00 6.069218624270222209e-06
1.341371681415929551e+00 5.694678699284658764e-06
1.344985250737463556e+00 5.342335195516096704e-06
1.348598820058997561e+00 5.010931937997931738e-06
1.352212389380531565e+00 4.699280133178315559e-06
1.355825958702065126e+00 4.406254979140349033e-06
1.359439528023599131e+00 4.130792433237400767e-06
1.363053097345133136e+00 3.871886130572028899e-06
1.366666666666667140e+00 3.628584446980294509e-06
1.370280235988201145e+00 3.399987700412946682e-06
1.373893805309735150e+00 3.185245484825044654e-06
1.377507374631268711e+00 2.983554130902312810e-06
1.381120943952802715e+00 2.794154288161925230e-06
1.384734513274336720e+00 2.616328623169246087e-06
1.388348082595870725e+00 2.449399628809500206e-06
1.391961651917404730e+00 2.292727539745580989e-06
1.395575221238938290e+00 2.145708349379560712e-06
1.399188790560472295e+00 2.007771923815667713e-06
1.402802359882006300e+00 1.878380208498034491e-06
1.406415929203540305e+00 1.757025523365553390e-06
1.410029498525074310e+00 1.643228942530589013e-06
1.413643067846608314e+00 1.536538754647648379e-06
1.417256637168141875e+00 1.436529000290894922e-06
1.420870206489675880e+00 1.342798082809279958e-06
1.424483775811209885e+00 1.254967449270839663e-06
1.428097345132743889e+00 1.172680338247274379e-06
1.431710914454277894e+00 1.095600591323660041e-06
1.435324483775811455e+00 1.023411525348056006e-06
1.438938053097345460e+00 9.558148625604528377e-07
1.442551622418879465e+00 8.925297158616011040e-07
1.446165191740413469e+00 8.332916265978845996e-07
1.449778761061947474e+00 7.778516523513067603e-07
1.453392330383481479e+00 7.259755023311491010e-07
1.457005899705015040e+00 6.774427180682347734e-07
1.460619469026549044e+00 6.320458972127936196e-07
1.464233038348083049e+00 5.895899583336171948e-07
1.467846607669617054e+00 5.498914447086555103e-07
1.471460176991151059e+00 5.127778651868570043e-07
1.475073746312684619e+00 4.780870702866929394e-07
1.478687315634218624e+00 4.456666617792754507e-07
1.482300884955752629e+00 4.153734340834339191e-07
1.485914454277286634e+00 3.870728458760442837e-07
1.489528023598820639e+00 3.606385203941401105e-07
1.493141592920354643e+00 3.359517729754312932e-07
1.496755162241888204e+00 3.129011644512391108e-07
1.500368731563422209e+00 2.913820790702751773e-07
1.503982300884956214e+00 2.712963256938711897e-07
1.507595870206490218e+00 2.525517610622245264e-07
1.511209439528024223e+00 2.350619339884798651e-07
1.514823008849557784e+00 2.187457493916133828e-07
1.518436578171091789e+00 2.035271511314174911e-07
1.522050147492625793e+00 1.893348226587325043e-07
1.525663716814159798e+00 1.761019045418428670e-07
1.529277286135693803e+00 1.637657279756609630e-07
1.532890855457227808e+00 1.522675634240359169e-07
1.536504424778761368e+00 1.415523835872745268e-07
1.540117994100295373e+00 1.315686399268896179e-07
1.543731563421829378e+00 1.222680520177800389e-07
1.547345132743363383e+00 1.136054090344288504e-07
1.550958702064897388e+00 1.055383827125201161e-07
1.554572271386430948e+00 9.802735116059305046e-08
1.558185840707964953e+00 9.103523292800776382e-08
1.561799410029498958e+00 8.452733076576581946e-08
1.565412979351032963e+00 7.847118454552134650e-08
1.569026548672566967e+00 7.283643282961559067e-08
1.572640117994100972e+00 6.759468261117498394e-08
1.576253687315634533e+00 6.271938676824961009e-08
1.579867256637168538e+00 5.818572879975438884e-08
1.583480825958702543e+00 5.397051443361898060e-08
1.587094395280236547e+00 5.005206971909013856e-08
1.590707964601770552e+00 4.641014523565008478e-08
1.594321533923304113e+00 4.302582607052828610e-08
1.597935103244838118e+00 3.988144723534437062e-08
1.601548672566372122e+00 3.696051421006209948e-08
1.605162241887906127e+00 3.424762831922428192e-08
1.608775811209440132e+00 3.172841666137020559e-08
1.612389380530973693e+00 2.938946632769698880e-08
1.616002949852507697e+00 2.721826266039987164e-08
1.619616519174041702e+00 2.520313131480618018e-08
1.623230088495575707e+00 2.333318390236944756e-08
1.626843657817109712e+00 2.159826700390555806e-08
1.630457227138643717e+00 1.998891435413373206e-08
1.634070796460177277e+00 1.849630200964834978e-08
1.637684365781711282e+00 1.711220632296303265e-08
1.641297935103245287e+00 1.582896455521465588e-08
1.644911504424779292e+00 1.463943796955152823e-08
1.648525073746313296e+00 1.353697725617402406e-08
1.652138643067846857e+00 1.251539014845706598e-08
1.655752212389380862e+00 1.156891109760610028e-08
1.659365781710914867e+00 1.069217288088817020e-08
1.662979351032448871e+00 9.880180025660336323e-09
1.666592920353982876e+00 9.128283938224079220e-09
1.670206489675516881e+00 8.432159632952978303e-09
1.673820058997050442e+00 7.787783963231941504e-09
1.677433628318584447e+00 7.191415261490135627e-09
1.681047197640118451e+00 6.639574301046439911e-09
1.684660766961652456e+00 6.129026497619087166e-09
1.688274336283186461e+00 5.656765273205655664e-09
1.691887905604720022e+00 5.219996509618088365e-09
1.695501474926254026e+00 4.816124023286193598e-09
1.699115044247788031e+00 4.442735997025129166e-09
1.702728613569322036e+00 4.097592308318093934e-09
1.706342182890856041e+00 3.778612697300392752e-09
1.709955752212390045e+00 3.483865721062008344e-09
1.713569321533923606e+00 3.211558444120171433e-09
1.717182890855457611e+00 2.960026817962697643e-09
1.720796460176991616e+00 2.727726705437104728e-09
1.724410029498525621e+00 2.513225508469428081e-09
1.728023598820059625e+00 2.315194360147459967e-09
1.731637168141593186e+00 2.132400844607146014e-09
1.735250737463127191e+00 1.963702210422352913e-09
1.738864306784661196e+00 1.808039045330053832e-09
1.742477876106195200e+00 1.664429382125866933e-09
1.746091445427729205e+00 1.531963207452056219e-09
1.749705014749263210e+00 1.409797346974824119e-09
1.753318584070796771e+00 1.297150702114789836e-09
1.756932153392330775e+00 1.193299815065069033e-09
1.760545722713864780e+00 1.097574740304862778e-09
1.764159292035398785e+00 1.009355202202777253e-09
1.767772861356932790e+00 9.280670196059332683e-10
1.771386430678466350e+00 8.531787795337335796e-10
1.775000000000000355e+00 7.841987432439145165e-10
1.778613569321534360e+00 7.206719690162344506e-10
1.782227138643068365e+00 6.621776370113608935e-10
1.785840707964602370e+00 6.083265625121105937e-10
1.789454277286136374e+00 5.587588847449933881e-10
1.793067846607669935e+00 5.131419193157022446e-10
1.796681415929203940e+00 4.711681630755793303e-10
1.800294985250737945e+00 4.325534409708245490e-10
1.803908554572271949e+00 3.970351851144922519e-10
1.807522123893805954e+00 3.643708369665713982e-10
1.811135693215339515e+00 3.343363641117168943e-10
1.814749262536873520e+00 3.067248836903145423e-10
1.818362831858407525e+00 2.813453850685389785e-10
1.821976401179941529e+00 2.580215448292264538e-10
1.825589970501475534e+00 2.365906276298602324e-10
1.829203539823009539e+00 2.169024669084146444e-10
1.832817109144543100e+00 1.988185198244090109e-10
1.836430678466077104e+00 1.822109912026547461e-10
1.840044247787611109e+00 1.669620216027460732e-10
1.843657817109145114e+00 1.529629349696584227e-10
1.847271386430679119e+00 1.401135416314737543e-10
1.850884955752212679e+00 1.283214927004657559e-10
1.854498525073746684e+00 1.175016822049838955e-10
1.858112094395280689e+00 1.075756935327796591e-10
1.861725663716814694e+00 9.847128700289772681e-11
1.865339233038348699e+00 9.012192560405591995e-11
1.868952802359882703e+00 8.246633614343568245e-11
1.872566371681416264e+00 7.544810324211226805e-11
1.876179941002950269e+00 6.901529379268798372e-11
1.879793510324484274e+00 6.312010966202542363e-11
1.883407079646018278e+00 5.771856657792493583e-11
1.887020648967552283e+00 5.277019728409734600e-11
1.890634218289085844e+00 4.823777718326887873e-11
1.894247787610619849e+00 4.408707081461720749e-11
1.897861356932153853e+00 4.028659762941297651e-11
1.901474926253687858e+00 3.680741563833264917e-11
1.905088495575221863e+00 3.362292160601016104e-11
1.908702064896755868e+00 3.070866656341278279e-11
1.912315634218289429e+00 2.804218549708545407e-11
1.915929203539823433e+00 2.560284015661941316e-11
1.919542772861357438e+00 2.337167399830776881e-11
1.923156342182891443e+00 2.133127835415581539e-11
1.926769911504425448e+00 1.946566898169901914e-11
1.930383480825959008e+00 1.776017221165479823e-11
1.933997050147493013e+00 1.620131996770479354e-11
1.937610619469027018e+00 1.477675298590995664e-11
1.941224188790561023e+00 1.347513161070829476e-11
1.944837758112095027e+00 1.228605359036949337e-11
1.948451327433629032e+00 1.119997833744047041e-11
1.952064896755162593e+00 1.020815715932130482e-11
1.955678466076696598e+00 9.302569000875135521e-12
1.959292035398230603e+00 8.475861275109870147e-12
1.962905604719764607e+00 7.721295389624421542e-12
1.966519174041298612e+00 7.032696605896597153e-12
1.970132743362832173e+00 6.404407895731389551e-12
1.973746312684366178e+00 5.831247484457523867e-12
1.977359882005900182e+00 5.308469793882321816e-12
1.980973451327434187e+00 4.831729519727622851e-12
1.984587020648968192e+00 4.397048598390141465e-12
1.988200589970502197e+00 4.000785836509815511e-12
1.991814159292035757e+00 3.639608994099410000e-12
1.995427728613569762e+00 3.310469127976840896e-12
1.999041297935103767e+00 3.010577017051309464e-12
2.002654867256637772e+00 2.737381504717068379e-12
2.006268436578171777e+00 2.488549606295839365e-12
2.009882005899705337e+00 2.261948241205126001e-12
2.013495575221239342e+00 2.055627460387173058e-12
2.017109144542773347e+00 1.867805049576742692e-12
2.020722713864307352e+00 1.696852398271145220e-12
2.024336283185841356e+00 1.541281532851371933e-12
2.027949852507374917e+00 1.399733220238707982e-12
2.031563421828908922e+00 1.270966055802792285e-12
2.035176991150442927e+00 1.153846456013524643e-12
2.038790560471976931e+00 1.047339482585707021e-12
2.042404129793510936e+00 9.505004306452355370e-13
2.046017699115044941e+00 8.624671187815579827e-13
2.049631268436578502e+00 7.824528237766089397e-13
2.053244837758112507e+00 7.097398073466882661e-13
2.056858407079646511e+00 6.436733864282403560e-13
2.060471976401180516e+00 5.836565024083209630e-13
2.064085545722714521e+00 5.291447482695443388e-13
2.067699115044248082e+00 4.796418159106046062e-13
2.071312684365782086e+00 4.346953289375981057e-13
2.074926253687316091e+00 3.938930290183985632e-13
2.078539823008850096e+00 3.568592864693986897e-13
2.082153392330384101e+00 3.232519081189791528e-13
2.085766961651918106e+00 2.927592176791914325e-13
2.089380530973451666e+00 2.650973858719119656e-13
2.092994100294985671e+00 2.400079894105602287e-13
2.096607669616519676e+00 2.172557796461638778e-13
2.100221238938053236e+00 1.966266432581135172e-13
2.103834808259587685e+00 1.779257388162271616e-13
2.107448377581121246e+00 1.609757943713359871e-13
2.111061946902655695e+00 1.456155524552060210e-13
2.114675516224189256e+00 1.316983499963075917e-13
2.118289085545722816e+00 1.190908216924228972e-13
2.121902654867257265e+00 1.076717163324729422e-13
2.125516224188790826e+00 9.733081643394670899e-14
2.129129793510325275e+00 8.796795236553953186e-14
2.132743362831858835e+00 7.949210286257341648e-14
2.136356932153393284e+00 7.182057452033127840e-14
2.139970501474926845e+00 6.487825347287788847e-14
2.143584070796460406e+00 5.859692303616817704e-14
2.147197640117994855e+00 5.291464161874271271e-14
2.150811209439528415e+00 4.777517568452465076e-14
2.154424778761062864e+00 4.312748299378614294e-14
2.158038348082596425e+00 3.892524175344459378e-14
2.161651917404129986e+00 3.512642167927083836e-14
2.165265486725664434e+00 3.169289331327612666e-14
2.168879056047197995e+00 2.859007225177309972e-14
2.172492625368732444e+00 2.578659522583163279e-14
2.176106194690266005e+00 2.325402523814283505e-14
2.179719764011799565e+00 2.096658320057409294e-14
2.183333333333334014e+00 1.890090373682887544e-14
2.186946902654867575e+00 1.703581301618896137e-14
2.190560471976402024e+00 1.535212666888548415e-14
2.194174041297935585e+00 1.383246600261543249e-14
2.197787610619469145e+00 1.246109089434035111e-14
2.201401179941003594e+00 1.122374787302326898e-14
2.205014749262537155e+00 1.010753203840780733e-14
2.208628318584071604e+00 9.100761579352460869e-15
2.212241887905605164e+00 8.192863763530156974e-15
2.215855457227138725e+00 7.374271369295758988e-15
2.219469026548673174e+00 6.636328621042525196e-15
2.223082595870206735e+00 5.971205772073474568e-15
2.226696165191741184e+00 5.371821554597562910e-15
2.230309734513274744e+00 4.831772785513512469e-15
2.233923303834809193e+00 4.345270479699396284e-15
2.237536873156342754e+00 3.907081880130973820e-15
2.241150442477876314e+00 3.512477866722407009e-15
2.244764011799410763e+00 3.157185253787178028e-15
2.248377581120944324e+00 2.837343529820241307e-15
2.251991150442478773e+00 2.549465633267302113e-15
2.255604719764012334e+00 2.290402394417861935e-15
2.259218289085545894e+00 2.057310306805634218e-15
2.262831858407080343e+00 1.847622321835619975e-15
2.266445427728613904e+00 1.659021388000038845e-15
2.270058997050148353e+00 1.489416481251141969e-15
2.273672566371681913e+00 1.336920896067642057e-15
2.277286135693215474e+00 1.199832587678273435e-15
2.280899705014749923e+00 1.076616374972236426e-15
2.284513274336283484e+00 9.658878309898186838e-16
2.288126843657817933e+00 8.663987036987349609e-16
2.291740412979351493e+00 7.770237241579181720e-16
2.295353982300885054e+00 6.967486722730750631e-16
2.298967551622419503e+00 6.246595822748167495e-16
2.302581120943953064e+00 5.599329808992462757e-16
2.306194690265487512e+00 5.018270611222079335e-16
2.309808259587021073e+00 4.496737032757316881e-16
2.313421828908555522e+00 4.028712635381677196e-16
2.317035398230089083e+00 3.608780572120485266e-16
2.320648967551622643e+00 3.232064709490304095e-16
2.324262536873157092e+00 2.894176442126660902e-16
2.327876106194690653e+00 2.591166658401376203e-16
2.331489675516225102e+00 2.319482366239929147e-16
2.335103244837758663e+00 2.075927534317017827e-16
2.338716814159292223e+00 1.857627745534745324e-16
2.342330383480826672e+00 1.661998297584753932e-16
2.345943952802360233e+00 1.486715419783988352e-16
2.349557522123894682e+00 1.329690306586903719e-16
2.353171091445428242e+00 1.189045696497891306e-16
2.356784660766961803e+00 1.063094750795930989e-16
2.360398230088496252e+00 9.503220097861136146e-17
2.364011799410029813e+00 8.493662254205968198e-17
2.367625368731564262e+00 7.590048882871312932e-17
2.371238938053097822e+00 6.781402843280738784e-17
2.374852507374631383e+00 6.057869323871880231e-17
2.378466076696165832e+00 5.410602679405885271e-17
2.382079646017699393e+00 4.831664512837210111e-17
2.385693215339233841e+00 4.313931901448550273e-17
2.389306784660767402e+00 3.851014772891311235e-17
2.392920353982301851e+00 3.437181532678081472e-17
2.396533923303835412e+00 3.067292131491014881e-17
2.400147492625368972e+00 2.736737839234171805e-17
2.403761061946903421e+00 2.441387063849852390e-17
2.407374631268436982e+00 2.177536617230453362e-17
2.410988200589971431e+00 1.941867888721694695e-17
2.414601769911504991e+00 1.731407439317146428e-17
2.418215339233038552e+00 1.543491577196219943e-17
2.421828908554573001e+00 1.375734518249146372e-17
2.425442477876106562e+00 1.225999774080087901e-17
2.429056047197641011e+00 1.092374445085103716e-17
2.432669616519174571e+00 9.731461279152358057e-18
2.436283185840708132e+00 8.667821752781447275e-18
2.439896755162242581e+00 7.719110718996057509e-18
2.443510324483776142e+00 6.873057138203958821e-18
2.447123893805310590e+00 6.118683992853328254e-18
2.450737463126844151e+00 5.446173585092199653e-18
2.454351032448377712e+00 4.846746667716782917e-18
2.457964601769912161e+00 4.312554007824175712e-18
2.461578171091445721e+00 3.836579122288159335e-18
2.465191740412980170e+00 3.412551050163803908e-18
2.468805309734513731e+00 3.034866140725802034e-18
2.472418879056048180e+00 2.698517938239817037e-18
2.476032448377581741e+00 2.399034336864472504e-18
2.479646017699115301e+00 2.132421262239837481e-18
2.483259587020649750e+00 1.895112211248817167e-18
2.486873156342183311e+00 1.683923048921604518e-18
2.490486725663717760e+00 1.496011522236088934e-18
2.494100294985251320e+00 1.328841005290453891e-18
2.497713864306784881e+00 1.180148039589538280e-18
2.501327433628319330e+00 1.047913277528349290e-18
2.504941002949852891e+00 9.303354770566652149e-19
2.508554572271387340e+00 8.258082314080265058e-19
2.512168141592920900e+00 7.328991500699740588e-19
2.515781710914454461e+00 6.503312362124000090e-19
2.519395280235988910e+00 5.769662319067050574e-19
2.523008849557522471e+00 5.117897259441010017e-19
2.526622418879056919e+00 4.538978401621779720e-19
2.530235988200590480e+00 4.024853291530056381e-19
2.533849557522124041e+00 3.568349452618354246e-19
2.537463126843658490e+00 3.163079360918131131e-19
2.541076696165192050e+00 2.803355554751910719e-19
2.544690265486726499e+00 2.484114812146219215e-19
2.548303834808260060e+00 2.200850439800023348e-19
2.551917404129794509e+00 1.949551816925798703e-19
2.555530973451328070e+00 1.726650426550360123e-19
2.559144542772861630e+00 1.528971686954845225e-19
2.562758112094396079e+00 1.353691967786576935e-19
2.566371681415929640e+00 1.198300239820556052e-19
2.569985250737464089e+00 1.060563865137970125e-19
2.573598820058997649e+00 9.384980863045974256e-20
2.577212389380531210e+00 8.303388195744418102e-20
2.580825958702065659e+00 7.345183987714907328e-20
2.584439528023599220e+00 6.496439537994935390e-20
2.588053097345133668e+00 5.744781411445284737e-20
2.591666666666667229e+00 5.079219736654223421e-20
2.595280235988200790e+00 4.489995237690071874e-20
2.598893805309735239e+00 3.968442980668518732e-20
2.602507374631268799e+00 3.506871030919399545e-20
2.606120943952803248e+00 3.098452408820465990e-20
2.609734513274336809e+00 2.737128904422261793e-20
2.613348082595870370e+00 2.417525464920288178e-20
2.616961651917404819e+00 2.134874006728268694e-20
2.620575221238938379e+00 1.884945627048931856e-20
2.624188790560472828e+00 1.663990299947597177e-20
2.627802359882006389e+00 1.468683240374344969e-20
2.631415929203539950e+00 1.296077207559516249e-20
2.635029498525074398e+00 1.143560097838922304e-20
2.638643067846607959e+00 1.008817247210929326e-20
2.642256637168142408e+00 8.897979266848207509e-21
2.645870206489675969e+00 7.846855695272069870e-21
2.649483775811210418e+00 6.918713195606591323e-21
2.653097345132743978e+00 6.099305343528606936e-21
2.656710914454277539e+00 5.376019170174933173e-21
2.660324483775811988e+00 4.737689859437472221e-21
2.663938053097345549e+00 4.174436235309490106e-21
2.667551622418879997e+00 3.677514733382154137e-21
2.671165191740413558e+00 3.239189803310333912e-21
2.674778761061947119e+00 2.852618914421848025e-21
2.678392330383481568e+00 2.511750537582182908e-21
2.682005899705015128e+00 2.211233655538010321e-21
2.685619469026549577e+00 1.946337513599582885e-21
2.689233038348083138e+00 1.712880464775270878e-21
2.692846607669616699e+00 1.507166890198504685e-21
2.696460176991151148e+00 1.325931288578531996e-21
2.700073746312684708e+00 1.166288728935826930e-21
2.703687315634219157e+00 1.025690950399999958e-21
2.707300884955752718e+00 9.018874725379403081e-22
2.710914454277286278e+00 7.928911506077489366e-22
2.714528023598820727e+00 6.969476732549311141e-22
2.718141592920354288e+00 6.125085563253690063e-22
2.721755162241888737e+00 5.382072364265975471e-22
2.725368731563422298e+00 4.728379123008676494e-22
2.728982300884956747e+00 4.153368215808297798e-22
2.732595870206490307e+00 3.647656756258593875e-22
2.736209439528023868e+00 3.202970063581413064e-22
2.739823008849558317e+00 2.812012067663138345e-22
2.743436578171091877e+00 2.468350713993640229e-22
2.747050147492626326e+00 2.166316650762526767e-22
2.750663716814159887e+00 1.900913674919774482e-22
2.754277286135693448e+00 1.667739586763914729e-22
2.757890855457227897e+00 1.462916256018880482e-22
2.761504424778761457e+00 1.283027838523350792e-22
2.765117994100295906e+00 1.125066203511705156e-22
2.768731563421829467e+00 9.863827387054533300e-23
2.772345132743363028e+00 8.646457955776195278e-23
2.775958702064897476e+00 7.578031215492073945e-23
2.779572271386431037e+00 6.640487007238880251e-23
2.783185840707965486e+00 5.817934911334408561e-23
2.786799410029499047e+00 5.096396053042371434e-23
2.790412979351032607e+00 4.463575331034850019e-23
2.794026548672567056e+00 3.908660520404044052e-23
2.797640117994100617e+00 3.422145111446779876e-23
2.801253687315635066e+00 2.995672108184382178e-23
2.804867256637168627e+00 2.621896331863066688e-23
2.808480825958703075e+00 2.294363059168585332e-23
2.812094395280236636e+00 2.007401076779996989e-23
2.815707964601770197e+00 1.756028456843487303e-23
2.819321533923304646e+00 1.535869555282389660e-23
2.822935103244838206e+00 1.343081909461568485e-23
2.826548672566372655e+00 1.174291866200564601e-23
2.830162241887906216e+00 1.026537907765926832e-23
2.833775811209439777e+00 8.972207643049651534e-24
2.837389380530974226e+00 7.840595080269388435e-24
2.841002949852507786e+00 6.850529188860772982e-24
2.844616519174042235e+00 5.984454950011270210e-24
2.848230088495575796e+00 5.226975548176845344e-24
2.851843657817109357e+00 4.564589431973559929e-24
2.855457227138643805e+00 3.985459111944431200e-24
2.859070796460177366e+00 3.479207901309129611e-24
2.862684365781711815e+00 3.036741254836719337e-24
2.866297935103245376e+00 2.650089757407794710e-24
2.869911504424778936e+00 2.312271163755116677e-24
2.873525073746313385e+00 2.017169199698282475e-24
2.877138643067846946e+00 1.759427107673229467e-24
2.880752212389381395e+00 1.534354159753343052e-24
2.884365781710914955e+00 1.337843573393000242e-24
2.887979351032449404e+00 1.166300452107540275e-24
2.891592920353982965e+00 1.016578538173903744e-24
2.895206489675516526e+00 8.859247097675068668e-25
2.898820058997050975e+00 7.719302830498840556e-25
2.902433628318584535e+00 6.724882925969679549e-25
2.906047197640118984e+00 5.857560230094927200e-25
2.909660766961652545e+00 5.101221521511141361e-25
2.913274336283186106e+00 4.441779436121783478e-25
2.916887905604720554e+00 3.866919939361756881e-25
2.920501474926254115e+00 3.365880999555570029e-25
2.924115044247788564e+00 2.929258642310613766e-25
2.927728613569322125e+00 2.548837029206242277e-25
2.931342182890855685e+00 2.217439611706594087e-25
2.934955752212390134e+00 1.928798769865154180e-25
2.938569321533923695e+00 1.677441660831209793e-25
2.942182890855458144e+00 1.458590279567385259e-25
2.945796460176991705e+00 1.268073978087751428e-25
2.949410029498525265e+00 1.102252903926977491e-25
2.953023598820059714e+00 9.579510069930693868e-26
2.956637168141593275e+00 8.323974295444757963e-26
2.960250737463127724e+00 7.231752395150690911e-26
2.963864306784661284e+00 6.281765952060338070e-26
2.967477876106195733e+00 5.455635415962035656e-26
2.971091445427729294e+00 4.737337370759710447e-26
2.974705014749262855e+00 4.112904959287907104e-26
2.978318584070797304e+00 3.570166078292741653e-26
2.981932153392330864e+00 3.098514622738329053e-26
2.985545722713865313e+00 2.688710643393923231e-26
2.989159292035398874e+00 2.332705794666343827e-26
2.992772861356932435e+00 2.023490899612275643e-26
2.996386430678466883e+00 1.754962853658222013e-26
3.000000000000000000e+00 1.521808434526704215e-26
