0.000000000000000000e+00
7.978482549091868437e-02
6.610715014056509076e-02
7.358642873169056464e-02
8.877990251880603367e-02
9.064948500881259141e-02
8.656408973583755440e-02
9.205545279537415138e-02
9.252255826557542751e-02
8.495261234459450250e-02
8.445468703143239886e-02
8.228736653838635007e-02
8.669937316171888453e-02
8.555238288378623490e-02
8.125525977654389498e-02
8.588389396671626541e-02
8.807484038637042323e-02
9.192502521787133951e-02
9.273963072270273444e-02
9.185147479373256818e-02
8.791785314965938625e-02
8.793498842603171550e-02
8.610018693962635805e-02
8.774274479241726821e-02
8.747855511982834120e-02
8.747855511982834120e-02
8.747855511982834120e-02
8.747855511982834120e-02
8.740940580612467647e-02
8.740940580612467647e-02
8.740940580612467647e-02
8.740940580612467647e-02
8.767328943118272988e-02
8.794753876104371981e-02
8.894182702050545952e-02
8.894182702050545952e-02
8.894182702050545952e-02
8.894182702050545952e-02
8.822123378058301102e-02
8.822123378058301102e-02
8.822123378058301102e-02
8.822123378058301102e-02
8.822123378058301102e-02
8.822123378058301102e-02
8.822123378058301102e-02
8.822123378058301102e-02
8.822123378058301102e-02
8.822123378058301102e-02
8.822123378058301102e-02
8.822123378058301102e-02
8.822123378058301102e-02
8.822123378058301102e-02
8.822123378058301102e-02
8.822123378058301102e-02
8.822123378058301102e-02
8.822123378058301102e-02
8.822123378058301102e-02
8.822123378058301102e-02
8.822123378058301102e-02
8.822123378058301102e-02
8.822123378058301102e-02
8.822123378058301102e-02
8.822123378058301102e-02
8.822123378058301102e-02
8.822123378058301102e-02
8.822123378058301102e-02
8.822123378058301102e-02
8.822123378058301102e-02
8.822123378058301102e-02
8.822123378058301102e-02
8.822123378058301102e-02
8.822123378058301102e-02
8.822123378058301102e-02
8.822123378058301102e-02
8.822123378058301102e-02
8.822123378058301102e-02
8.822123378058301102e-02
8.822123378058301102e-02
8.822123378058301102e-02
8.822123378058301102e-02
8.822123378058301102e-02
8.822123378058301102e-02
8.822123378058301102e-02
8.822123378058301102e-02
8.822123378058301102e-02
8.822123378058301102e-02
8.822123378058301102e-02
8.822123378058301102e-02
8.822123378058301102e-02
8.822123378058301102e-02
8.822123378058301102e-02
8.822123378058301102e-02
8.822123378058301102e-02
8.822123378058301102e-02
8.822123378058301102e-02
8.822123378058301102e-02
8.822123378058301102e-02
8.822123378058301102e-02
8.822123378058301102e-02
8.822123378058301102e-02
8.822123378058301102e-02
8.822123378058301102e-02
8.822123378058301102e-02
8.822123378058301102e-02
8.822123378058301102e-02
8.822123378058301102e-02
8.822123378058301102e-02
8.822123378058301102e-02
8.822123378058301102e-02
8.822123378058301102e-02
8.822123378058301102e-02
8.822123378058301102e-02
8.822123378058301102e-02
8.822123378058301102e-02
8.822123378058301102e-02
8.822123378058301102e-02
8.822123378058301102e-02
8.822123378058301102e-02
8.822123378058301102e-02
8.822123378058301102e-02
8.822123378058301102e-02
8.822123378058301102e-02
8.822123378058301102e-02
8.822123378058301102e-02
8.822123378058301102e-02
8.822123378058301102e-02
8.822123378058301102e-02
8.822123378058301102e-02
8.822123378058301102e-02
8.822123378058301102e-02
8.822123378058301102e-02
8.822123378058301102e-02
8.822123378058301102e-02
8.822123378058301102e-02
8.822123378058301102e-02
8.822123378058301102e-02
8.822123378058301102e-02
8.822123378058301102e-02
8.822123378058301102e-02
8.822123378058301102e-02
8.822123378058301102e-02
8.822123378058301102e-02
8.822123378058301102e-02
8.822123378058301102e-02
8.822123378058301102e-02
8.822123378058301102e-02
8.822123378058301102e-02
8.822123378058301102e-02
8.822123378058301102e-02
8.822123378058301102e-02
8.822123378058301102e-02
8.822123378058301102e-02
8.822123378058301102e-02
8.822123378058301102e-02
8.822123378058301102e-02
8.822123378058301102e-02
8.822123378058301102e-02
8.822123378058301102e-02
8.822123378058301102e-02
8.822123378058301102e-02
8.822123378058301102e-02
8.822123378058301102e-02
8.822123378058301102e-02
8.822123378058301102e-02
8.822123378058301102e-02
8.822123378058301102e-02
8.822123378058301102e-02
8.822123378058301102e-02
8.822123378058301102e-02
8.822123378058301102e-02
8.822123378058301102e-02
8.822123378058301102e-02
8.822123378058301102e-02
8.822123378058301102e-02
8.822123378058301102e-02
8.822123378058301102e-02
8.822123378058301102e-02
8.822123378058301102e-02
8.822123378058301102e-02
8.822123378058301102e-02
8.822123378058301102e-02
8.822123378058301102e-02
8.822123378058301102e-02
8.822123378058301102e-02
8.822123378058301102e-02
8.822123378058301102e-02
8.822123378058301102e-02
8.822123378058301102e-02
8.822123378058301102e-02
8.822123378058301102e-02
8.822123378058301102e-02
8.822123378058301102e-02
8.822123378058301102e-02
8.822123378058301102e-02
8.822123378058301102e-02
8.822123378058301102e-02
8.822123378058301102e-02
8.822123378058301102e-02
8.822123378058301102e-02
8.822123378058301102e-02
8.822123378058301102e-02
8.822123378058301102e-02
8.822123378058301102e-02
8.822123378058301102e-02
8.822123378058301102e-02
8.822123378058301102e-02
8.822123378058301102e-02
8.822123378058301102e-02
8.822123378058301102e-02
8.822123378058301102e-02
8.822123378058301102e-02
8.822123378058301102e-02
8.822123378058301102e-02
8.822123378058301102e-02
8.822123378058301102e-02
8.822123378058301102e-02
8.822123378058301102e-02
8.822123378058301102e-02
8.822123378058301102e-02
8.822123378058301102e-02
8.822123378058301102e-02
8.822123378058301102e-02
8.822123378058301102e-02
8.822123378058301102e-02
8.822123378058301102e-02
8.822123378058301102e-02
8.822123378058301102e-02
8.822123378058301102e-02
8.822123378058301102e-02
8.822123378058301102e-02
8.822123378058301102e-02
8.822123378058301102e-02
8.822123378058301102e-02
8.822123378058301102e-02
8.822123378058301102e-02
8.822123378058301102e-02
8.822123378058301102e-02
8.822123378058301102e-02
8.822123378058301102e-02
8.822123378058301102e-02
8.822123378058301102e-02
8.822123378058301102e-02
8.822123378058301102e-02
8.822123378058301102e-02
8.822123378058301102e-02
8.822123378058301102e-02
8.822123378058301102e-02
8.822123378058301102e-02
8.822123378058301102e-02
8.822123378058301102e-02
