0.000000000000000000e+00
6.202692578014382119e-02
6.181855080835447352e-02
6.207724711566358494e-02
6.148594315033007601e-02
6.005811422105206826e-02
5.801087982082947514e-02
5.896607270290037811e-02
5.234199476911006316e-02
5.095949841771652694e-02
5.270905734934916431e-02
5.725326014957719117e-02
5.764087405733719222e-02
5.773740212025319646e-02
5.644177488079404198e-02
6.045299091893460014e-02
6.153383508807874769e-02
6.160323081451409694e-02
6.095753774107525585e-02
6.224456734103861466e-02
6.919084657773701130e-02
7.277815833702790116e-02
7.759097964089473054e-02
7.242826862939850951e-02
6.963484377794383617e-02
6.506990895348958859e-02
6.550895815499412078e-02
6.880791366970777367e-02
6.690729045233172190e-02
6.974883267831205602e-02
7.014533842906990613e-02
7.025368953108618308e-02
7.213867814162573666e-02
7.374981692507501241e-02
7.132912370637979615e-02
6.869659780935803706e-02
6.735410186954335354e-02
6.288623576551942429e-02
6.430097431742867742e-02
6.288763402614960807e-02
6.319943571030080254e-02
5.737999300247000750e-02
5.839017858642087111e-02
6.240385563707102207e-02
6.583230361725310453e-02
6.625913964427616876e-02
6.628154623513692056e-02
6.656855857878461735e-02
6.930496727866600204e-02
7.196766330335087336e-02
7.017033128475444470e-02
6.818631038597787464e-02
6.657186691656204192e-02
6.645235885814379517e-02
6.791394186011662226e-02
6.665869805828546213e-02
6.536886234342924318e-02
6.002443938947498586e-02
5.991593778615700305e-02
5.987259589450313196e-02
6.205106587393580814e-02
6.200506858153348455e-02
6.188310293720666877e-02
6.328447913623011511e-02
6.476304062528666361e-02
7.244204010523871973e-02
6.958987354063893294e-02
6.813848228514457483e-02
6.813848228514457483e-02
6.813848228514457483e-02
6.789649711889697570e-02
6.751171233858800635e-02
6.609874315587448146e-02
5.604221828659242122e-02
5.965543122269193616e-02
5.945901936356463163e-02
5.969779907057860130e-02
5.969779907057860130e-02
5.969623270489631678e-02
6.007034321889626050e-02
6.092854204679148261e-02
6.174421445148272486e-02
6.589352164022020675e-02
6.410270025466674459e-02
6.424043211911788231e-02
6.424043211911788231e-02
6.424043211911788231e-02
6.434683807407440281e-02
6.354220487388333172e-02
6.340154298849527692e-02
5.985833678209463021e-02
5.980321024980725375e-02
5.980321024980725375e-02
5.980321024980725375e-02
6.294467269269682363e-02
6.293949404781815082e-02
6.383715149370837449e-02
6.361654194079867375e-02
6.597181510535823912e-02
6.590859146101528399e-02
6.607720265931169012e-02
6.607720265931169012e-02
6.607720265931169012e-02
6.609040880109363914e-02
6.521547744506303590e-02
6.518380065215785557e-02
6.178074023202117376e-02
6.183834212700476535e-02
6.173559588140762472e-02
6.271360863847157130e-02
6.271360863847157130e-02
6.271360863847157130e-02
6.270802184868849716e-02
6.337879743452072556e-02
6.641805550847625084e-02
6.673244235231658161e-02
6.625067725349444159e-02
6.625067725349444159e-02
6.625067725349444159e-02
6.626304696936156924e-02
6.626304696936156924e-02
6.510465387563542372e-02
6.190226397075839632e-02
6.168679720906181801e-02
6.168679720906181801e-02
6.168679720906181801e-02
6.168679720906181801e-02
6.168679720906181801e-02
6.168679720906181801e-02
6.250091083878532572e-02
6.577115816475269383e-02
6.550971402294632207e-02
6.570192278264068431e-02
6.570192278264068431e-02
6.571417590613236326e-02
6.571417590613236326e-02
6.571417590613236326e-02
6.478840697266063930e-02
6.082640854562324645e-02
6.060374994941009064e-02
6.066635525784769972e-02
6.066635525784769972e-02
6.066635525784769972e-02
6.066635525784769972e-02
6.066635525784769972e-02
6.140077157902756877e-02
6.578731815289481921e-02
6.531273646328489280e-02
6.570192278264068431e-02
6.570192278264068431e-02
6.570192278264068431e-02
6.638790785124280835e-02
6.638790785124280835e-02
6.541622796920408545e-02
6.365373785605345225e-02
6.163888806990161506e-02
6.204164949300872839e-02
6.204164949300872839e-02
6.204164949300872839e-02
6.168028979008813306e-02
6.089181141342209225e-02
6.167463594197231114e-02
6.182499817022673455e-02
6.545900246170226200e-02
6.572344359508024147e-02
6.572344359508024147e-02
6.572344359508024147e-02
6.572344359508024147e-02
6.572344359508024147e-02
6.471421603208264706e-02
6.487700080931689539e-02
6.230667393048056057e-02
6.235747735677512477e-02
6.235747735677512477e-02
6.235747735677512477e-02
6.235747735677512477e-02
6.235747735677512477e-02
6.235747735677512477e-02
6.323276195542103240e-02
6.511573257313049701e-02
6.525324454594223778e-02
6.525324454594223778e-02
6.525324454594223778e-02
6.525324454594223778e-02
6.525324454594223778e-02
6.525324454594223778e-02
6.525324454594223778e-02
6.335875345368108258e-02
6.309062842718334008e-02
6.309062842718334008e-02
6.309062842718334008e-02
6.309062842718334008e-02
6.309062842718334008e-02
6.309062842718334008e-02
6.323276195542103240e-02
6.497889274853617392e-02
6.525324454594223778e-02
6.525324454594223778e-02
6.525324454594223778e-02
6.525324454594223778e-02
6.525324454594223778e-02
6.525324454594223778e-02
6.525324454594223778e-02
6.347651931803648118e-02
6.303812208286863061e-02
6.309062842718334008e-02
6.309062842718334008e-02
6.309062842718334008e-02
6.309062842718334008e-02
6.309062842718334008e-02
6.323276195542103240e-02
6.457987935674776303e-02
6.525324454594223778e-02
6.525324454594223778e-02
6.525324454594223778e-02
6.525324454594223778e-02
6.525324454594223778e-02
6.525324454594223778e-02
6.525324454594223778e-02
6.443515767773497216e-02
6.321250309440204496e-02
6.303812208286863061e-02
6.309062842718334008e-02
6.309062842718334008e-02
6.309062842718334008e-02
6.309062842718334008e-02
6.323276195542103240e-02
6.297451050618216306e-02
6.499386315621935584e-02
6.525324454594223778e-02
6.525324454594223778e-02
6.525324454594223778e-02
6.525324454594223778e-02
6.525324454594223778e-02
6.525324454594223778e-02
6.511778308543723914e-02
6.321250309440204496e-02
6.303812208286863061e-02
6.309062842718334008e-02
6.309062842718334008e-02
6.309062842718334008e-02
6.309062842718334008e-02
6.309062842718334008e-02
6.323276195542103240e-02
6.499386315621935584e-02
6.511778308543723914e-02
6.525324454594223778e-02
6.525324454594223778e-02
6.525324454594223778e-02
6.525324454594223778e-02
6.525324454594223778e-02
6.511778308543723914e-02
6.321250309440204496e-02
6.303812208286863061e-02
6.309062842718334008e-02
6.309062842718334008e-02
6.309062842718334008e-02
6.309062842718334008e-02
6.309062842718334008e-02
6.323276195542103240e-02
6.497889274853617392e-02
6.511778308543723914e-02
6.525324454594223778e-02
6.525324454594223778e-02
6.525324454594223778e-02
6.525324454594223778e-02
6.525324454594223778e-02
6.525324454594223778e-02
6.323611791528083170e-02
6.303812208286863061e-02
6.309062842718334008e-02
6.309062842718334008e-02
6.309062842718334008e-02
6.309062842718334008e-02
6.309062842718334008e-02
6.309062842718334008e-02
6.487146138547093821e-02
6.502518792107273016e-02
6.516157809767961218e-02
6.516157809767961218e-02
6.516157809767961218e-02
6.516157809767961218e-02
6.516157809767961218e-02
6.516157809767961218e-02
6.306047433207727371e-02
6.303812208286863061e-02
6.309062842718334008e-02
6.309062842718334008e-02
6.309062842718334008e-02
6.309062842718334008e-02
6.309062842718334008e-02
6.309062842718334008e-02
6.323276195542103240e-02
6.508181236013391158e-02
6.516157809767961218e-02
6.516157809767961218e-02
6.516157809767961218e-02
6.516157809767961218e-02
6.516157809767961218e-02
6.516157809767961218e-02
6.360424682628436355e-02
6.303812208286863061e-02
6.309062842718334008e-02
6.309062842718334008e-02
6.309062842718334008e-02
6.309062842718334008e-02
6.309062842718334008e-02
6.309062842718334008e-02
6.323276195542103240e-02
6.495928546978071982e-02
6.516157809767961218e-02
6.516157809767961218e-02
6.516157809767961218e-02
6.516157809767961218e-02
6.516157809767961218e-02
6.516157809767961218e-02
6.516670025634922758e-02
6.303812208286863061e-02
6.309062842718334008e-02
6.309062842718334008e-02
6.309062842718334008e-02
6.309062842718334008e-02
6.309062842718334008e-02
6.309062842718334008e-02
6.309062842718334008e-02
6.456030745463386955e-02
6.490270174483873944e-02
6.490270174483873944e-02
6.490270174483873944e-02
6.490270174483873944e-02
6.490270174483873944e-02
6.490270174483873944e-02
6.490270174483873944e-02
6.303812208286863061e-02
6.303812208286863061e-02
6.309062842718334008e-02
6.309062842718334008e-02
6.309062842718334008e-02
6.309062842718334008e-02
6.309062842718334008e-02
6.309062842718334008e-02
6.466819051560701581e-02
6.495928546978071982e-02
6.490270174483873944e-02
6.490270174483873944e-02
6.490270174483873944e-02
6.490270174483873944e-02
6.490270174483873944e-02
6.490270174483873944e-02
6.294451348872828755e-02
6.303812208286863061e-02
6.309062842718334008e-02
6.309062842718334008e-02
6.309062842718334008e-02
6.309062842718334008e-02
6.309062842718334008e-02
6.309062842718334008e-02
6.482773793898234660e-02
6.495928546978071982e-02
6.490270174483873944e-02
6.490270174483873944e-02
6.490270174483873944e-02
6.490270174483873944e-02
6.490270174483873944e-02
6.490270174483873944e-02
6.376270422715826780e-02
6.303812208286863061e-02
6.309062842718334008e-02
6.309062842718334008e-02
6.309062842718334008e-02
6.309062842718334008e-02
6.309062842718334008e-02
6.309062842718334008e-02
6.309062842718334008e-02
6.506826871579800275e-02
6.490270174483873944e-02
6.490270174483873944e-02
6.490270174483873944e-02
6.490270174483873944e-02
6.490270174483873944e-02
6.490270174483873944e-02
6.490597732632055750e-02
6.303812208286863061e-02
6.309062842718334008e-02
6.309062842718334008e-02
6.309062842718334008e-02
6.309062842718334008e-02
6.309062842718334008e-02
6.309062842718334008e-02
6.309062842718334008e-02
6.393019449175836588e-02
6.376860917455785815e-02
6.376860917455785815e-02
6.376860917455785815e-02
6.376860917455785815e-02
6.376860917455785815e-02
6.376860917455785815e-02
6.360302198728602641e-02
6.303812208286863061e-02
6.303812208286863061e-02
6.309062842718334008e-02
6.309062842718334008e-02
6.309062842718334008e-02
6.309062842718334008e-02
6.309062842718334008e-02
6.309062842718334008e-02
6.393019449175836588e-02
6.376860917455785815e-02
6.376860917455785815e-02
6.376860917455785815e-02
6.376860917455785815e-02
6.376860917455785815e-02
6.376860917455785815e-02
6.360302198728602641e-02
6.303812208286863061e-02
6.303812208286863061e-02
6.309062842718334008e-02
6.309062842718334008e-02
6.309062842718334008e-02
6.309062842718334008e-02
6.309062842718334008e-02
6.309062842718334008e-02
6.351800645847184568e-02
6.376860917455785815e-02
6.376860917455785815e-02
6.376860917455785815e-02
6.376860917455785815e-02
6.376860917455785815e-02
6.376860917455785815e-02
6.376860917455785815e-02
6.317735412949872231e-02
6.303812208286863061e-02
6.303812208286863061e-02
6.309062842718334008e-02
6.309062842718334008e-02
6.309062842718334008e-02
6.309062842718334008e-02
6.309062842718334008e-02
6.308384883752045369e-02
6.376860917455785815e-02
6.376860917455785815e-02
6.376860917455785815e-02
6.376860917455785815e-02
6.376860917455785815e-02
6.376860917455785815e-02
6.376860917455785815e-02
6.376270422715826780e-02
6.303812208286863061e-02
6.303812208286863061e-02
6.309062842718334008e-02
6.309062842718334008e-02
6.309062842718334008e-02
6.309062842718334008e-02
6.309062842718334008e-02
6.323276195542103240e-02
6.376860917455785815e-02
6.376860917455785815e-02
6.376860917455785815e-02
6.376860917455785815e-02
6.376860917455785815e-02
6.376860917455785815e-02
6.376860917455785815e-02
6.360302198728602641e-02
6.345026178608391410e-02
6.345026178608391410e-02
6.350473147736475366e-02
6.350473147736475366e-02
6.350473147736475366e-02
6.350473147736475366e-02
6.350473147736475366e-02
6.350473147736475366e-02
6.376337056024235228e-02
6.360302198728602641e-02
6.360302198728602641e-02
6.360302198728602641e-02
6.360302198728602641e-02
6.360302198728602641e-02
6.360302198728602641e-02
6.360302198728602641e-02
6.376270422715826780e-02
6.345026178608391410e-02
6.350473147736475366e-02
6.350473147736475366e-02
6.350473147736475366e-02
6.350473147736475366e-02
6.350473147736475366e-02
6.350473147736475366e-02
6.376337056024235228e-02
6.360302198728602641e-02
6.360302198728602641e-02
6.360302198728602641e-02
6.360302198728602641e-02
6.360302198728602641e-02
6.360302198728602641e-02
6.360302198728602641e-02
6.376270422715826780e-02
6.345026178608391410e-02
6.350473147736475366e-02
6.350473147736475366e-02
6.350473147736475366e-02
6.350473147736475366e-02
6.350473147736475366e-02
6.350473147736475366e-02
6.376337056024235228e-02
6.365893832430684351e-02
6.360302198728602641e-02
6.360302198728602641e-02
6.360302198728602641e-02
6.360302198728602641e-02
6.360302198728602641e-02
6.360302198728602641e-02
6.360302198728602641e-02
6.345026178608391410e-02
6.350473147736475366e-02
6.350473147736475366e-02
6.350473147736475366e-02
6.350473147736475366e-02
6.350473147736475366e-02
6.350473147736475366e-02
6.334891377199880491e-02
6.365893832430684351e-02
6.365893832430684351e-02
6.360302198728602641e-02
6.360302198728602641e-02
6.360302198728602641e-02
6.360302198728602641e-02
6.360302198728602641e-02
6.360302198728602641e-02
6.345026178608391410e-02
6.350473147736475366e-02
6.350473147736475366e-02
6.350473147736475366e-02
6.350473147736475366e-02
6.350473147736475366e-02
6.350473147736475366e-02
6.350473147736475366e-02
6.365893832430684351e-02
6.365893832430684351e-02
6.360302198728602641e-02
6.360302198728602641e-02
6.360302198728602641e-02
6.360302198728602641e-02
6.360302198728602641e-02
6.360302198728602641e-02
6.334866450782533631e-02
6.350473147736475366e-02
6.350473147736475366e-02
6.350473147736475366e-02
6.350473147736475366e-02
6.350473147736475366e-02
6.350473147736475366e-02
6.350473147736475366e-02
6.376337056024235228e-02
6.365893832430684351e-02
6.365893832430684351e-02
6.360302198728602641e-02
6.360302198728602641e-02
6.360302198728602641e-02
6.360302198728602641e-02
6.360302198728602641e-02
6.334866450782533631e-02
6.350473147736475366e-02
6.350473147736475366e-02
6.350473147736475366e-02
6.350473147736475366e-02
6.350473147736475366e-02
6.350473147736475366e-02
6.350473147736475366e-02
6.334891377199880491e-02
6.365893832430684351e-02
6.365893832430684351e-02
6.360302198728602641e-02
6.360302198728602641e-02
6.360302198728602641e-02
6.360302198728602641e-02
6.360302198728602641e-02
6.376270422715826780e-02
6.350473147736475366e-02
6.350473147736475366e-02
6.350473147736475366e-02
6.350473147736475366e-02
6.350473147736475366e-02
6.350473147736475366e-02
6.350473147736475366e-02
6.334891377199880491e-02
6.365893832430684351e-02
6.365893832430684351e-02
6.365893832430684351e-02
6.360302198728602641e-02
6.360302198728602641e-02
6.360302198728602641e-02
6.360302198728602641e-02
6.360302198728602641e-02
6.350473147736475366e-02
6.350473147736475366e-02
6.350473147736475366e-02
6.350473147736475366e-02
6.350473147736475366e-02
6.350473147736475366e-02
6.350473147736475366e-02
6.350473147736475366e-02
6.365893832430684351e-02
6.365893832430684351e-02
6.365893832430684351e-02
6.360302198728602641e-02
6.360302198728602641e-02
6.360302198728602641e-02
6.360302198728602641e-02
6.360302198728602641e-02
6.350473147736475366e-02
6.350473147736475366e-02
6.350473147736475366e-02
6.350473147736475366e-02
6.350473147736475366e-02
6.350473147736475366e-02
6.350473147736475366e-02
6.350473147736475366e-02
6.334891377199880491e-02
6.365893832430684351e-02
6.365893832430684351e-02
6.360302198728602641e-02
6.360302198728602641e-02
6.360302198728602641e-02
6.360302198728602641e-02
6.360302198728602641e-02
6.340376085535469330e-02
6.350473147736475366e-02
6.350473147736475366e-02
6.350473147736475366e-02
6.350473147736475366e-02
6.350473147736475366e-02
6.350473147736475366e-02
6.350473147736475366e-02
6.334891377199880491e-02
6.365893832430684351e-02
6.365893832430684351e-02
6.360302198728602641e-02
6.360302198728602641e-02
6.360302198728602641e-02
6.360302198728602641e-02
6.360302198728602641e-02
6.334866450782533631e-02
6.350473147736475366e-02
6.350473147736475366e-02
6.350473147736475366e-02
6.350473147736475366e-02
6.350473147736475366e-02
6.350473147736475366e-02
6.350473147736475366e-02
6.334891377199880491e-02
6.365893832430684351e-02
6.365893832430684351e-02
6.360302198728602641e-02
6.360302198728602641e-02
6.360302198728602641e-02
6.360302198728602641e-02
6.360302198728602641e-02
6.318981486133332104e-02
6.350473147736475366e-02
6.350473147736475366e-02
6.350473147736475366e-02
6.350473147736475366e-02
6.350473147736475366e-02
6.350473147736475366e-02
6.350473147736475366e-02
6.334891377199880491e-02
6.365893832430684351e-02
6.365893832430684351e-02
6.360302198728602641e-02
6.360302198728602641e-02
6.360302198728602641e-02
6.360302198728602641e-02
6.360302198728602641e-02
6.360302198728602641e-02
6.350473147736475366e-02
6.350473147736475366e-02
6.350473147736475366e-02
6.350473147736475366e-02
6.350473147736475366e-02
6.350473147736475366e-02
6.350473147736475366e-02
6.350473147736475366e-02
6.365893832430684351e-02
6.365893832430684351e-02
6.365893832430684351e-02
6.360302198728602641e-02
6.360302198728602641e-02
6.360302198728602641e-02
6.360302198728602641e-02
6.360302198728602641e-02
6.340376085535469330e-02
6.350473147736475366e-02
6.350473147736475366e-02
6.350473147736475366e-02
6.350473147736475366e-02
6.350473147736475366e-02
6.350473147736475366e-02
6.350473147736475366e-02
6.376337056024235228e-02
6.365893832430684351e-02
6.365893832430684351e-02
6.360302198728602641e-02
6.360302198728602641e-02
6.360302198728602641e-02
6.360302198728602641e-02
6.360302198728602641e-02
6.360302198728602641e-02
6.350473147736475366e-02
6.350473147736475366e-02
6.350473147736475366e-02
6.350473147736475366e-02
6.350473147736475366e-02
6.350473147736475366e-02
6.350473147736475366e-02
6.334891377199880491e-02
6.365893832430684351e-02
6.365893832430684351e-02
6.360302198728602641e-02
6.360302198728602641e-02
6.360302198728602641e-02
6.360302198728602641e-02
6.360302198728602641e-02
6.360302198728602641e-02
6.350473147736475366e-02
6.350473147736475366e-02
6.350473147736475366e-02
6.350473147736475366e-02
6.350473147736475366e-02
6.350473147736475366e-02
6.350473147736475366e-02
6.334891377199880491e-02
6.365893832430684351e-02
6.365893832430684351e-02
6.360302198728602641e-02
6.360302198728602641e-02
6.360302198728602641e-02
6.360302198728602641e-02
6.360302198728602641e-02
6.360302198728602641e-02
6.334866450782533631e-02
6.350473147736475366e-02
6.350473147736475366e-02
6.350473147736475366e-02
6.350473147736475366e-02
6.350473147736475366e-02
6.350473147736475366e-02
6.334891377199880491e-02
6.324560963788791734e-02
6.324560963788791734e-02
6.318981486133332104e-02
6.318981486133332104e-02
6.318981486133332104e-02
6.318981486133332104e-02
6.318981486133332104e-02
6.318981486133332104e-02
6.334866450782533631e-02
6.350473147736475366e-02
6.350473147736475366e-02
6.350473147736475366e-02
6.350473147736475366e-02
6.350473147736475366e-02
6.350473147736475366e-02
6.350473147736475366e-02
6.324560963788791734e-02
6.324560963788791734e-02
6.318981486133332104e-02
6.318981486133332104e-02
6.318981486133332104e-02
6.318981486133332104e-02
6.318981486133332104e-02
6.318981486133332104e-02
6.334866450782533631e-02
6.350473147736475366e-02
6.350473147736475366e-02
6.350473147736475366e-02
6.350473147736475366e-02
6.350473147736475366e-02
6.350473147736475366e-02
6.350473147736475366e-02
6.334891377199880491e-02
6.324560963788791734e-02
6.318981486133332104e-02
6.318981486133332104e-02
6.318981486133332104e-02
6.318981486133332104e-02
6.318981486133332104e-02
6.318981486133332104e-02
6.334866450782533631e-02
6.345026178608391410e-02
6.350473147736475366e-02
6.350473147736475366e-02
6.350473147736475366e-02
6.350473147736475366e-02
6.350473147736475366e-02
6.350473147736475366e-02
6.350473147736475366e-02
6.324560963788791734e-02
6.318981486133332104e-02
6.318981486133332104e-02
6.318981486133332104e-02
6.318981486133332104e-02
6.318981486133332104e-02
6.318981486133332104e-02
6.334866450782533631e-02
6.345026178608391410e-02
6.350473147736475366e-02
6.350473147736475366e-02
6.350473147736475366e-02
6.350473147736475366e-02
6.350473147736475366e-02
6.350473147736475366e-02
6.350473147736475366e-02
6.334891377199880491e-02
6.324560963788791734e-02
6.318981486133332104e-02
6.318981486133332104e-02
6.318981486133332104e-02
6.318981486133332104e-02
6.318981486133332104e-02
6.318981486133332104e-02
6.345026178608391410e-02
6.350473147736475366e-02
6.350473147736475366e-02
6.350473147736475366e-02
6.350473147736475366e-02
6.350473147736475366e-02
6.350473147736475366e-02
6.350473147736475366e-02
6.334891377199880491e-02
6.324560963788791734e-02
6.318981486133332104e-02
6.318981486133332104e-02
6.318981486133332104e-02
6.318981486133332104e-02
6.318981486133332104e-02
6.318981486133332104e-02
6.345026178608391410e-02
6.345026178608391410e-02
6.350473147736475366e-02
6.350473147736475366e-02
6.350473147736475366e-02
6.350473147736475366e-02
6.350473147736475366e-02
6.350473147736475366e-02
6.334891377199880491e-02
6.324560963788791734e-02
6.318981486133332104e-02
6.318981486133332104e-02
6.318981486133332104e-02
6.318981486133332104e-02
6.318981486133332104e-02
6.318981486133332104e-02
6.334866450782533631e-02
6.345026178608391410e-02
6.350473147736475366e-02
6.350473147736475366e-02
6.350473147736475366e-02
6.350473147736475366e-02
6.350473147736475366e-02
6.350473147736475366e-02
6.334891377199880491e-02
6.324560963788791734e-02
6.318981486133332104e-02
6.318981486133332104e-02
6.318981486133332104e-02
6.318981486133332104e-02
6.318981486133332104e-02
6.318981486133332104e-02
6.318981486133332104e-02
6.345026178608391410e-02
6.350473147736475366e-02
6.350473147736475366e-02
6.350473147736475366e-02
6.350473147736475366e-02
6.350473147736475366e-02
6.350473147736475366e-02
6.350473147736475366e-02
6.334891377199880491e-02
6.318981486133332104e-02
6.318981486133332104e-02
6.318981486133332104e-02
6.318981486133332104e-02
6.318981486133332104e-02
6.318981486133332104e-02
6.318981486133332104e-02
6.345026178608391410e-02
6.345026178608391410e-02
6.350473147736475366e-02
6.350473147736475366e-02
6.350473147736475366e-02
6.350473147736475366e-02
6.350473147736475366e-02
6.350473147736475366e-02
6.334891377199880491e-02
6.318981486133332104e-02
6.318981486133332104e-02
6.318981486133332104e-02
6.318981486133332104e-02
6.318981486133332104e-02
6.318981486133332104e-02
6.318981486133332104e-02
6.345026178608391410e-02
6.345026178608391410e-02
6.350473147736475366e-02
6.350473147736475366e-02
6.350473147736475366e-02
6.350473147736475366e-02
6.350473147736475366e-02
6.350473147736475366e-02
6.334891377199880491e-02
6.324560963788791734e-02
6.318981486133332104e-02
6.318981486133332104e-02
6.318981486133332104e-02
6.318981486133332104e-02
6.318981486133332104e-02
6.318981486133332104e-02
6.334866450782533631e-02
6.345026178608391410e-02
6.350473147736475366e-02
6.350473147736475366e-02
6.350473147736475366e-02
6.350473147736475366e-02
6.350473147736475366e-02
6.350473147736475366e-02
6.334891377199880491e-02
6.324560963788791734e-02
6.318981486133332104e-02
6.318981486133332104e-02
6.318981486133332104e-02
6.318981486133332104e-02
6.318981486133332104e-02
6.318981486133332104e-02
6.318981486133332104e-02
6.345026178608391410e-02
6.350473147736475366e-02
6.350473147736475366e-02
6.350473147736475366e-02
6.350473147736475366e-02
6.350473147736475366e-02
6.350473147736475366e-02
6.334891377199880491e-02
6.324560963788791734e-02
6.318981486133332104e-02
6.318981486133332104e-02
6.318981486133332104e-02
6.318981486133332104e-02
6.318981486133332104e-02
6.318981486133332104e-02
6.318981486133332104e-02
6.345026178608391410e-02
6.350473147736475366e-02
6.350473147736475366e-02
6.350473147736475366e-02
6.350473147736475366e-02
6.350473147736475366e-02
6.350473147736475366e-02
6.350473147736475366e-02
6.324560963788791734e-02
6.318981486133332104e-02
6.318981486133332104e-02
6.318981486133332104e-02
6.318981486133332104e-02
6.318981486133332104e-02
6.318981486133332104e-02
6.318981486133332104e-02
6.334866450782533631e-02
6.345026178608391410e-02
6.350473147736475366e-02
6.350473147736475366e-02
6.350473147736475366e-02
6.350473147736475366e-02
6.350473147736475366e-02
6.350473147736475366e-02
6.334891377199880491e-02
6.324560963788791734e-02
6.318981486133332104e-02
6.318981486133332104e-02
6.318981486133332104e-02
6.318981486133332104e-02
6.318981486133332104e-02
6.318981486133332104e-02
6.334866450782533631e-02
6.345026178608391410e-02
6.350473147736475366e-02
6.350473147736475366e-02
6.350473147736475366e-02
6.350473147736475366e-02
6.350473147736475366e-02
6.350473147736475366e-02
6.334891377199880491e-02
6.324560963788791734e-02
6.318981486133332104e-02
6.318981486133332104e-02
6.318981486133332104e-02
6.318981486133332104e-02
6.318981486133332104e-02
6.318981486133332104e-02
6.334866450782533631e-02
6.345026178608391410e-02
6.350473147736475366e-02
6.350473147736475366e-02
6.350473147736475366e-02
6.350473147736475366e-02
6.350473147736475366e-02
6.350473147736475366e-02
6.334891377199880491e-02
6.324560963788791734e-02
6.318981486133332104e-02
6.318981486133332104e-02
6.318981486133332104e-02
6.318981486133332104e-02
6.318981486133332104e-02
6.318981486133332104e-02
6.318981486133332104e-02
6.345026178608391410e-02
6.350473147736475366e-02
6.350473147736475366e-02
6.350473147736475366e-02
6.350473147736475366e-02
6.350473147736475366e-02
6.350473147736475366e-02
6.350473147736475366e-02
6.324560963788791734e-02
6.318981486133332104e-02
6.318981486133332104e-02
6.318981486133332104e-02
6.318981486133332104e-02
6.318981486133332104e-02
6.318981486133332104e-02
6.318981486133332104e-02
6.345026178608391410e-02
6.345026178608391410e-02
6.350473147736475366e-02
6.350473147736475366e-02
6.350473147736475366e-02
6.350473147736475366e-02
6.350473147736475366e-02
6.350473147736475366e-02
6.324560963788791734e-02
6.318981486133332104e-02
6.318981486133332104e-02
6.318981486133332104e-02
6.318981486133332104e-02
6.318981486133332104e-02
6.318981486133332104e-02
6.318981486133332104e-02
6.334866450782533631e-02
6.345026178608391410e-02
6.350473147736475366e-02
6.350473147736475366e-02
6.350473147736475366e-02
6.350473147736475366e-02
6.350473147736475366e-02
6.350473147736475366e-02
6.334891377199880491e-02
6.318981486133332104e-02
6.318981486133332104e-02
6.318981486133332104e-02
6.318981486133332104e-02
6.318981486133332104e-02
6.318981486133332104e-02
6.318981486133332104e-02
6.334866450782533631e-02
6.345026178608391410e-02
6.345026178608391410e-02
6.350473147736475366e-02
6.350473147736475366e-02
6.350473147736475366e-02
6.350473147736475366e-02
6.350473147736475366e-02
6.334891377199880491e-02
6.318981486133332104e-02
6.318981486133332104e-02
6.318981486133332104e-02
6.318981486133332104e-02
6.318981486133332104e-02
6.318981486133332104e-02
6.318981486133332104e-02
6.334866450782533631e-02
6.345026178608391410e-02
6.345026178608391410e-02
6.350473147736475366e-02
6.350473147736475366e-02
6.350473147736475366e-02
6.350473147736475366e-02
6.350473147736475366e-02
6.350473147736475366e-02
6.324560963788791734e-02
6.318981486133332104e-02
6.318981486133332104e-02
6.318981486133332104e-02
6.318981486133332104e-02
6.318981486133332104e-02
6.318981486133332104e-02
6.334866450782533631e-02
6.334866450782533631e-02
6.345026178608391410e-02
6.350473147736475366e-02
6.350473147736475366e-02
6.350473147736475366e-02
6.350473147736475366e-02
6.350473147736475366e-02
6.350473147736475366e-02
6.324560963788791734e-02
6.324560963788791734e-02
6.318981486133332104e-02
6.318981486133332104e-02
6.318981486133332104e-02
6.318981486133332104e-02
6.318981486133332104e-02
6.318981486133332104e-02
6.334866450782533631e-02
6.350473147736475366e-02
6.350473147736475366e-02
6.350473147736475366e-02
6.350473147736475366e-02
6.350473147736475366e-02
6.350473147736475366e-02
6.350473147736475366e-02
6.350473147736475366e-02
6.324560963788791734e-02
6.318981486133332104e-02
6.318981486133332104e-02
6.318981486133332104e-02
6.318981486133332104e-02
6.318981486133332104e-02
6.318981486133332104e-02
6.334866450782533631e-02
6.350473147736475366e-02
6.350473147736475366e-02
6.350473147736475366e-02
6.350473147736475366e-02
6.350473147736475366e-02
6.350473147736475366e-02
6.350473147736475366e-02
6.350473147736475366e-02
6.324560963788791734e-02
6.324560963788791734e-02
6.318981486133332104e-02
6.318981486133332104e-02
6.318981486133332104e-02
6.318981486133332104e-02
6.318981486133332104e-02
6.340376085535469330e-02
6.350473147736475366e-02
6.350473147736475366e-02
6.350473147736475366e-02
6.350473147736475366e-02
6.350473147736475366e-02
6.350473147736475366e-02
6.350473147736475366e-02
6.350473147736475366e-02
6.324560963788791734e-02
6.324560963788791734e-02
6.324560963788791734e-02
6.318981486133332104e-02
6.318981486133332104e-02
6.318981486133332104e-02
6.318981486133332104e-02
6.324560963788791734e-02
6.350473147736475366e-02
6.350473147736475366e-02
6.350473147736475366e-02
6.350473147736475366e-02
6.350473147736475366e-02
6.350473147736475366e-02
6.350473147736475366e-02
6.350473147736475366e-02
6.324560963788791734e-02
6.324560963788791734e-02
6.324560963788791734e-02
6.324560963788791734e-02
6.318981486133332104e-02
6.318981486133332104e-02
6.318981486133332104e-02
6.324560963788791734e-02
6.334891377199880491e-02
6.334891377199880491e-02
6.334891377199880491e-02
6.334891377199880491e-02
6.334891377199880491e-02
6.334891377199880491e-02
6.334891377199880491e-02
6.334891377199880491e-02
6.334891377199880491e-02
6.324560963788791734e-02
6.324560963788791734e-02
6.324560963788791734e-02
6.318981486133332104e-02
6.318981486133332104e-02
6.318981486133332104e-02
6.324560963788791734e-02
6.324560963788791734e-02
6.334891377199880491e-02
6.334891377199880491e-02
6.334891377199880491e-02
6.334891377199880491e-02
6.334891377199880491e-02
6.334891377199880491e-02
6.334891377199880491e-02
6.334891377199880491e-02
6.324560963788791734e-02
6.324560963788791734e-02
6.324560963788791734e-02
6.318981486133332104e-02
6.318981486133332104e-02
6.318981486133332104e-02
6.318981486133332104e-02
6.324560963788791734e-02
6.334891377199880491e-02
6.334891377199880491e-02
6.334891377199880491e-02
6.334891377199880491e-02
6.334891377199880491e-02
6.334891377199880491e-02
6.334891377199880491e-02
6.334891377199880491e-02
6.324560963788791734e-02
6.324560963788791734e-02
6.324560963788791734e-02
6.318981486133332104e-02
6.318981486133332104e-02
6.318981486133332104e-02
6.318981486133332104e-02
6.324560963788791734e-02
6.334891377199880491e-02
6.334891377199880491e-02
6.334891377199880491e-02
6.334891377199880491e-02
6.334891377199880491e-02
6.334891377199880491e-02
6.334891377199880491e-02
6.334891377199880491e-02
6.324560963788791734e-02
6.324560963788791734e-02
6.324560963788791734e-02
6.318981486133332104e-02
6.318981486133332104e-02
6.318981486133332104e-02
6.318981486133332104e-02
6.318981486133332104e-02
6.334891377199880491e-02
6.334891377199880491e-02
6.334891377199880491e-02
6.334891377199880491e-02
6.334891377199880491e-02
6.334891377199880491e-02
6.334891377199880491e-02
6.334891377199880491e-02
