1.000000000000000000e+00
9.995509570162470769e-01
9.986379447266364728e-01
9.980263845117814947e-01
9.958241349458391012e-01
9.909559555993862068e-01
9.877810030205690373e-01
9.829186345693321503e-01
9.738198120426359017e-01
9.629718716984136950e-01
9.594717857774776038e-01
9.553582756935932174e-01
9.513746770449326151e-01
9.374755342329514907e-01
9.301017731203015115e-01
9.242809996714900223e-01
9.237407567001485464e-01
9.207315935858210176e-01
9.136650015550775716e-01
9.134413128900074064e-01
9.052474939468252435e-01
8.964966946685400950e-01
8.956903305634381640e-01
8.909669830164834714e-01
8.819520911240923411e-01
8.734850262100700702e-01
8.734850262100700702e-01
8.734850262100700702e-01
8.704497227035723483e-01
8.518609882257994759e-01
8.514456165796966403e-01
8.514456165796966403e-01
8.486376742901571291e-01
8.483675583162287870e-01
8.456767220400107643e-01
8.323732284822911165e-01
8.318279310134556459e-01
8.313656354621167255e-01
8.313656354621167255e-01
8.313656354621167255e-01
8.309579803270891185e-01
8.344696530130595313e-01
8.336475530042308790e-01
8.334410296521702621e-01
8.334410296521702621e-01
8.334410296521702621e-01
8.334658068279683363e-01
8.362366787735463491e-01
8.351707745585258413e-01
8.343417468894270828e-01
8.343417468894270828e-01
8.334020803717991921e-01
8.334020803717991921e-01
8.334020803717991921e-01
8.334020803717991921e-01
8.334020803717991921e-01
8.334020803717991921e-01
8.334020803717991921e-01
8.333465046165603463e-01
8.327278259686912154e-01
8.287547254042031408e-01
8.287547254042031408e-01
8.280275989106230528e-01
8.280275989106230528e-01
8.280275989106230528e-01
8.280275989106230528e-01
8.280275989106230528e-01
8.280275989106230528e-01
8.280275989106230528e-01
8.280275989106230528e-01
8.280275989106230528e-01
8.280275989106230528e-01
8.280275989106230528e-01
8.280275989106230528e-01
8.280275989106230528e-01
8.280275989106230528e-01
8.280275989106230528e-01
8.280275989106230528e-01
8.280275989106230528e-01
8.280275989106230528e-01
8.280275989106230528e-01
8.280275989106230528e-01
8.280275989106230528e-01
8.320006994751111273e-01
8.320006994751111273e-01
8.320006994751111273e-01
8.320006994751111273e-01
8.320006994751111273e-01
8.320006994751111273e-01
8.320006994751111273e-01
8.320006994751111273e-01
8.320006994751111273e-01
8.320006994751111273e-01
8.320006994751111273e-01
8.320006994751111273e-01
8.320006994751111273e-01
8.320006994751111273e-01
8.320006994751111273e-01
8.320006994751111273e-01
8.320006994751111273e-01
8.315254491875152532e-01
8.315254491875152532e-01
8.315254491875152532e-01
8.315254491875152532e-01
8.315254491875152532e-01
8.315254491875152532e-01
8.275523486230272896e-01
8.275523486230272896e-01
8.275523486230272896e-01
8.276005426082315708e-01
8.276005426082315708e-01
8.276005426082315708e-01
8.276005426082315708e-01
8.276005426082315708e-01
8.276005426082315708e-01
8.276005426082315708e-01
8.276005426082315708e-01
8.276005426082315708e-01
8.276005426082315708e-01
8.276005426082315708e-01
8.276005426082315708e-01
8.276005426082315708e-01
8.276005426082315708e-01
8.276005426082315708e-01
8.276005426082315708e-01
8.276005426082315708e-01
8.276005426082315708e-01
8.276005426082315708e-01
8.276005426082315708e-01
8.276005426082315708e-01
8.276005426082315708e-01
8.276005426082315708e-01
8.276005426082315708e-01
8.276005426082315708e-01
8.276005426082315708e-01
8.276005426082315708e-01
8.276005426082315708e-01
8.276005426082315708e-01
8.276005426082315708e-01
8.276005426082315708e-01
8.276005426082315708e-01
8.276005426082315708e-01
8.276005426082315708e-01
8.276005426082315708e-01
8.276005426082315708e-01
8.276005426082315708e-01
8.276005426082315708e-01
8.276005426082315708e-01
8.276005426082315708e-01
8.315736431727194233e-01
8.315736431727194233e-01
8.315736431727194233e-01
8.315736431727194233e-01
8.315736431727194233e-01
8.315736431727194233e-01
8.315736431727194233e-01
8.315736431727194233e-01
8.315736431727194233e-01
8.315736431727194233e-01
8.315736431727194233e-01
8.315736431727194233e-01
8.315736431727194233e-01
8.315736431727194233e-01
8.315736431727194233e-01
8.315736431727194233e-01
8.315736431727194233e-01
8.315736431727194233e-01
8.315736431727194233e-01
8.315736431727194233e-01
8.315736431727194233e-01
8.315736431727194233e-01
8.315736431727194233e-01
8.315736431727194233e-01
8.315736431727194233e-01
8.315736431727194233e-01
8.315736431727194233e-01
8.315736431727194233e-01
8.315736431727194233e-01
8.315736431727194233e-01
8.315736431727194233e-01
8.315736431727194233e-01
8.315736431727194233e-01
8.315736431727194233e-01
8.315736431727194233e-01
8.315736431727194233e-01
8.315736431727194233e-01
8.315736431727194233e-01
8.315736431727194233e-01
8.315736431727194233e-01
8.315736431727194233e-01
8.315736431727194233e-01
8.315736431727194233e-01
8.315736431727194233e-01
8.315736431727194233e-01
8.315736431727194233e-01
8.315736431727194233e-01
8.315736431727194233e-01
8.315736431727194233e-01
8.315736431727194233e-01
8.315736431727194233e-01
8.315736431727194233e-01
8.315736431727194233e-01
8.315736431727194233e-01
8.315736431727194233e-01
8.315736431727194233e-01
8.315736431727194233e-01
8.315736431727194233e-01
8.315736431727194233e-01
8.315736431727194233e-01
8.315736431727194233e-01
8.315736431727194233e-01
8.315736431727194233e-01
8.315736431727194233e-01
8.315736431727194233e-01
8.315736431727194233e-01
8.315736431727194233e-01
8.315736431727194233e-01
8.315736431727194233e-01
8.315736431727194233e-01
8.315736431727194233e-01
8.315736431727194233e-01
8.315736431727194233e-01
8.315736431727194233e-01
8.315736431727194233e-01
8.315736431727194233e-01
8.315736431727194233e-01
8.315736431727194233e-01
8.315736431727194233e-01
8.315736431727194233e-01
8.315736431727194233e-01
8.315736431727194233e-01
8.315736431727194233e-01
8.315736431727194233e-01
8.315736431727194233e-01
8.315736431727194233e-01
8.315736431727194233e-01
8.315736431727194233e-01
8.315736431727194233e-01
8.315736431727194233e-01
8.315736431727194233e-01
8.315736431727194233e-01
8.315736431727194233e-01
8.315736431727194233e-01
8.315736431727194233e-01
8.315736431727194233e-01
8.315736431727194233e-01
8.315736431727194233e-01
8.315736431727194233e-01
8.315736431727194233e-01
8.315736431727194233e-01
8.315736431727194233e-01
8.315736431727194233e-01
8.315736431727194233e-01
8.315736431727194233e-01
8.315736431727194233e-01
8.315736431727194233e-01
8.315736431727194233e-01
8.315736431727194233e-01
8.315736431727194233e-01
8.315736431727194233e-01
8.315736431727194233e-01
8.315736431727194233e-01
8.315736431727194233e-01
8.315736431727194233e-01
8.315736431727194233e-01
8.315736431727194233e-01
8.315736431727194233e-01
8.315736431727194233e-01
8.315736431727194233e-01
8.315736431727194233e-01
8.315736431727194233e-01
8.315736431727194233e-01
8.315736431727194233e-01
8.315736431727194233e-01
8.315736431727194233e-01
8.315736431727194233e-01
8.315736431727194233e-01
8.315736431727194233e-01
8.315736431727194233e-01
8.315736431727194233e-01
8.315736431727194233e-01
8.315736431727194233e-01
8.315736431727194233e-01
8.315736431727194233e-01
8.315736431727194233e-01
8.315736431727194233e-01
8.315736431727194233e-01
8.315736431727194233e-01
8.315736431727194233e-01
8.315736431727194233e-01
8.315736431727194233e-01
8.315736431727194233e-01
8.315736431727194233e-01
8.315736431727194233e-01
8.315736431727194233e-01
8.315736431727194233e-01
8.315736431727194233e-01
8.315736431727194233e-01
8.315736431727194233e-01
8.315736431727194233e-01
8.315736431727194233e-01
8.315736431727194233e-01
8.315736431727194233e-01
8.315736431727194233e-01
8.315736431727194233e-01
8.315736431727194233e-01
8.315736431727194233e-01
8.315736431727194233e-01
8.315736431727194233e-01
8.315736431727194233e-01
8.315736431727194233e-01
8.315736431727194233e-01
8.315736431727194233e-01
8.315736431727194233e-01
8.315736431727194233e-01
8.315736431727194233e-01
8.315736431727194233e-01
8.315736431727194233e-01
8.315736431727194233e-01
8.315736431727194233e-01
8.315736431727194233e-01
8.315736431727194233e-01
8.315736431727194233e-01
8.315736431727194233e-01
8.315736431727194233e-01
8.315736431727194233e-01
8.315736431727194233e-01
8.315736431727194233e-01
8.315736431727194233e-01
8.315736431727194233e-01
8.315736431727194233e-01
8.315736431727194233e-01
8.315736431727194233e-01
8.315736431727194233e-01
8.315736431727194233e-01
8.315736431727194233e-01
8.315736431727194233e-01
8.315736431727194233e-01
8.315736431727194233e-01
8.315736431727194233e-01
8.315736431727194233e-01
8.315736431727194233e-01
8.315736431727194233e-01
8.315736431727194233e-01
8.315736431727194233e-01
8.315736431727194233e-01
8.315736431727194233e-01
8.315736431727194233e-01
8.315736431727194233e-01
8.315736431727194233e-01
8.315736431727194233e-01
8.315736431727194233e-01
8.315736431727194233e-01
8.315736431727194233e-01
8.315736431727194233e-01
8.315736431727194233e-01
8.315736431727194233e-01
8.315736431727194233e-01
8.315736431727194233e-01
8.315736431727194233e-01
8.315736431727194233e-01
8.315736431727194233e-01
8.315736431727194233e-01
8.315736431727194233e-01
8.315736431727194233e-01
8.315736431727194233e-01
8.315736431727194233e-01
8.315736431727194233e-01
8.315736431727194233e-01
8.315736431727194233e-01
8.315736431727194233e-01
8.315736431727194233e-01
8.315736431727194233e-01
8.315736431727194233e-01
8.315736431727194233e-01
8.315736431727194233e-01
8.315736431727194233e-01
8.315736431727194233e-01
8.315736431727194233e-01
8.315736431727194233e-01
8.315736431727194233e-01
8.315736431727194233e-01
8.315736431727194233e-01
8.315736431727194233e-01
8.315736431727194233e-01
8.315736431727194233e-01
8.315736431727194233e-01
8.315736431727194233e-01
8.315736431727194233e-01
8.315736431727194233e-01
8.315736431727194233e-01
8.315736431727194233e-01
8.315736431727194233e-01
8.315736431727194233e-01
8.315736431727194233e-01
8.315736431727194233e-01
8.315736431727194233e-01
8.315736431727194233e-01
8.315736431727194233e-01
8.315736431727194233e-01
8.315736431727194233e-01
8.315736431727194233e-01
8.315736431727194233e-01
8.315736431727194233e-01
8.315736431727194233e-01
8.315736431727194233e-01
8.315736431727194233e-01
8.315736431727194233e-01
8.315736431727194233e-01
8.315736431727194233e-01
8.315736431727194233e-01
8.315736431727194233e-01
8.315736431727194233e-01
8.315736431727194233e-01
8.315736431727194233e-01
8.315736431727194233e-01
8.315736431727194233e-01
8.315736431727194233e-01
8.315736431727194233e-01
8.315736431727194233e-01
8.315736431727194233e-01
8.315736431727194233e-01
8.315736431727194233e-01
8.315736431727194233e-01
8.315736431727194233e-01
8.315736431727194233e-01
8.315736431727194233e-01
8.315736431727194233e-01
8.315736431727194233e-01
8.315736431727194233e-01
8.315736431727194233e-01
8.315736431727194233e-01
8.315736431727194233e-01
8.315736431727194233e-01
8.315736431727194233e-01
8.315736431727194233e-01
8.315736431727194233e-01
8.315736431727194233e-01
8.315736431727194233e-01
8.315736431727194233e-01
8.315736431727194233e-01
8.315736431727194233e-01
8.315736431727194233e-01
8.315736431727194233e-01
8.315736431727194233e-01
8.315736431727194233e-01
8.315736431727194233e-01
8.315736431727194233e-01
8.315736431727194233e-01
8.315736431727194233e-01
8.315736431727194233e-01
8.315736431727194233e-01
8.315736431727194233e-01
8.315736431727194233e-01
8.315736431727194233e-01
8.315736431727194233e-01
8.315736431727194233e-01
8.315736431727194233e-01
8.315736431727194233e-01
8.315736431727194233e-01
8.315736431727194233e-01
8.315736431727194233e-01
8.315736431727194233e-01
8.315736431727194233e-01
8.315736431727194233e-01
8.315736431727194233e-01
8.315736431727194233e-01
8.315736431727194233e-01
8.315736431727194233e-01
8.315736431727194233e-01
8.315736431727194233e-01
8.315736431727194233e-01
8.315736431727194233e-01
8.315736431727194233e-01
8.315736431727194233e-01
8.315736431727194233e-01
8.315736431727194233e-01
8.315736431727194233e-01
8.315736431727194233e-01
8.315736431727194233e-01
8.315736431727194233e-01
8.315736431727194233e-01
8.315736431727194233e-01
8.315736431727194233e-01
8.315736431727194233e-01
8.315736431727194233e-01
8.315736431727194233e-01
8.315736431727194233e-01
8.315736431727194233e-01
8.315736431727194233e-01
8.315736431727194233e-01
8.315736431727194233e-01
8.315736431727194233e-01
8.315736431727194233e-01
8.315736431727194233e-01
8.315736431727194233e-01
8.315736431727194233e-01
8.315736431727194233e-01
8.315736431727194233e-01
8.315736431727194233e-01
8.315736431727194233e-01
8.315736431727194233e-01
8.315736431727194233e-01
8.315736431727194233e-01
8.315736431727194233e-01
8.315736431727194233e-01
8.315736431727194233e-01
8.315736431727194233e-01
8.315736431727194233e-01
8.315736431727194233e-01
8.315736431727194233e-01
8.315736431727194233e-01
8.315736431727194233e-01
8.315736431727194233e-01
8.315736431727194233e-01
8.315736431727194233e-01
8.315736431727194233e-01
8.315736431727194233e-01
8.315736431727194233e-01
8.315736431727194233e-01
8.315736431727194233e-01
8.315736431727194233e-01
8.315736431727194233e-01
8.315736431727194233e-01
8.315736431727194233e-01
8.315736431727194233e-01
8.315736431727194233e-01
8.315736431727194233e-01
8.315736431727194233e-01
8.315736431727194233e-01
8.315736431727194233e-01
8.315736431727194233e-01
8.315736431727194233e-01
8.315736431727194233e-01
8.315736431727194233e-01
8.315736431727194233e-01
8.315736431727194233e-01
8.315736431727194233e-01
8.315736431727194233e-01
8.315736431727194233e-01
8.315736431727194233e-01
8.315736431727194233e-01
8.315736431727194233e-01
8.315736431727194233e-01
8.315736431727194233e-01
8.315736431727194233e-01
8.315736431727194233e-01
8.315736431727194233e-01
8.315736431727194233e-01
8.315736431727194233e-01
8.315736431727194233e-01
8.315736431727194233e-01
8.315736431727194233e-01
8.315736431727194233e-01
8.315736431727194233e-01
8.315736431727194233e-01
8.315736431727194233e-01
8.315736431727194233e-01
8.315736431727194233e-01
8.315736431727194233e-01
8.315736431727194233e-01
8.315736431727194233e-01
8.315736431727194233e-01
8.315736431727194233e-01
8.315736431727194233e-01
8.315736431727194233e-01
8.315736431727194233e-01
8.315736431727194233e-01
8.315736431727194233e-01
8.315736431727194233e-01
8.315736431727194233e-01
8.315736431727194233e-01
8.315736431727194233e-01
8.315736431727194233e-01
8.315736431727194233e-01
8.315736431727194233e-01
8.315736431727194233e-01
8.315736431727194233e-01
8.315736431727194233e-01
8.315736431727194233e-01
8.315736431727194233e-01
8.315736431727194233e-01
8.315736431727194233e-01
8.315736431727194233e-01
8.315736431727194233e-01
8.315736431727194233e-01
8.315736431727194233e-01
8.315736431727194233e-01
8.315736431727194233e-01
8.315736431727194233e-01
8.315736431727194233e-01
8.315736431727194233e-01
8.315736431727194233e-01
8.315736431727194233e-01
8.315736431727194233e-01
8.315736431727194233e-01
8.315736431727194233e-01
8.315736431727194233e-01
8.315736431727194233e-01
8.315736431727194233e-01
8.315736431727194233e-01
8.315736431727194233e-01
8.315736431727194233e-01
8.315736431727194233e-01
8.315736431727194233e-01
8.315736431727194233e-01
8.315736431727194233e-01
8.315736431727194233e-01
8.315736431727194233e-01
8.315736431727194233e-01
8.315736431727194233e-01
8.315736431727194233e-01
8.315736431727194233e-01
8.315736431727194233e-01
8.315736431727194233e-01
8.315736431727194233e-01
8.315736431727194233e-01
8.315736431727194233e-01
8.315736431727194233e-01
8.315736431727194233e-01
8.315736431727194233e-01
8.315736431727194233e-01
8.315736431727194233e-01
8.315736431727194233e-01
8.315736431727194233e-01
8.315736431727194233e-01
8.315736431727194233e-01
8.315736431727194233e-01
8.315736431727194233e-01
8.315736431727194233e-01
8.315736431727194233e-01
8.315736431727194233e-01
8.315736431727194233e-01
8.315736431727194233e-01
8.315736431727194233e-01
8.315736431727194233e-01
8.315736431727194233e-01
8.315736431727194233e-01
8.315736431727194233e-01
8.315736431727194233e-01
8.315736431727194233e-01
8.315736431727194233e-01
8.315736431727194233e-01
8.315736431727194233e-01
8.315736431727194233e-01
8.315736431727194233e-01
8.315736431727194233e-01
8.315736431727194233e-01
8.315736431727194233e-01
8.315736431727194233e-01
8.315736431727194233e-01
8.315736431727194233e-01
8.315736431727194233e-01
8.315736431727194233e-01
8.315736431727194233e-01
8.315736431727194233e-01
8.315736431727194233e-01
8.315736431727194233e-01
8.315736431727194233e-01
8.315736431727194233e-01
8.315736431727194233e-01
8.315736431727194233e-01
8.315736431727194233e-01
8.315736431727194233e-01
8.315736431727194233e-01
8.315736431727194233e-01
8.315736431727194233e-01
8.315736431727194233e-01
8.315736431727194233e-01
8.315736431727194233e-01
8.315736431727194233e-01
8.315736431727194233e-01
8.315736431727194233e-01
8.315736431727194233e-01
8.315736431727194233e-01
8.315736431727194233e-01
8.315736431727194233e-01
8.315736431727194233e-01
8.315736431727194233e-01
8.315736431727194233e-01
8.315736431727194233e-01
8.315736431727194233e-01
8.315736431727194233e-01
8.315736431727194233e-01
8.315736431727194233e-01
8.315736431727194233e-01
8.315736431727194233e-01
8.315736431727194233e-01
8.315736431727194233e-01
8.315736431727194233e-01
8.315736431727194233e-01
8.315736431727194233e-01
8.315736431727194233e-01
8.315736431727194233e-01
8.315736431727194233e-01
8.315736431727194233e-01
8.315736431727194233e-01
8.315736431727194233e-01
8.315736431727194233e-01
8.315736431727194233e-01
8.315736431727194233e-01
8.315736431727194233e-01
8.315736431727194233e-01
8.315736431727194233e-01
8.315736431727194233e-01
8.315736431727194233e-01
8.315736431727194233e-01
8.315736431727194233e-01
8.315736431727194233e-01
8.315736431727194233e-01
8.315736431727194233e-01
8.315736431727194233e-01
8.315736431727194233e-01
8.315736431727194233e-01
8.315736431727194233e-01
8.315736431727194233e-01
8.315736431727194233e-01
8.315736431727194233e-01
8.315736431727194233e-01
8.315736431727194233e-01
8.315736431727194233e-01
8.315736431727194233e-01
8.315736431727194233e-01
8.315736431727194233e-01
8.315736431727194233e-01
8.315736431727194233e-01
8.315736431727194233e-01
8.315736431727194233e-01
8.315736431727194233e-01
8.315736431727194233e-01
8.315736431727194233e-01
8.315736431727194233e-01
8.315736431727194233e-01
8.315736431727194233e-01
8.315736431727194233e-01
8.315736431727194233e-01
8.315736431727194233e-01
8.315736431727194233e-01
8.315736431727194233e-01
8.315736431727194233e-01
8.315736431727194233e-01
8.315736431727194233e-01
8.315736431727194233e-01
8.315736431727194233e-01
8.315736431727194233e-01
8.315736431727194233e-01
8.315736431727194233e-01
8.315736431727194233e-01
8.315736431727194233e-01
8.315736431727194233e-01
8.315736431727194233e-01
8.315736431727194233e-01
8.315736431727194233e-01
8.315736431727194233e-01
8.315736431727194233e-01
8.315736431727194233e-01
8.315736431727194233e-01
8.315736431727194233e-01
8.315736431727194233e-01
8.315736431727194233e-01
8.315736431727194233e-01
8.315736431727194233e-01
8.315736431727194233e-01
8.315736431727194233e-01
8.315736431727194233e-01
8.315736431727194233e-01
8.315736431727194233e-01
8.315736431727194233e-01
8.315736431727194233e-01
8.315736431727194233e-01
8.315736431727194233e-01
8.315736431727194233e-01
8.315736431727194233e-01
8.315736431727194233e-01
8.315736431727194233e-01
8.315736431727194233e-01
8.315736431727194233e-01
8.315736431727194233e-01
8.315736431727194233e-01
8.315736431727194233e-01
8.315736431727194233e-01
8.315736431727194233e-01
8.315736431727194233e-01
8.315736431727194233e-01
8.315736431727194233e-01
8.315736431727194233e-01
8.315736431727194233e-01
8.315736431727194233e-01
8.315736431727194233e-01
8.315736431727194233e-01
8.315736431727194233e-01
8.315736431727194233e-01
8.315736431727194233e-01
8.315736431727194233e-01
8.315736431727194233e-01
8.315736431727194233e-01
8.315736431727194233e-01
8.315736431727194233e-01
8.315736431727194233e-01
8.315736431727194233e-01
8.315736431727194233e-01
8.315736431727194233e-01
8.315736431727194233e-01
8.315736431727194233e-01
8.315736431727194233e-01
8.315736431727194233e-01
8.315736431727194233e-01
8.315736431727194233e-01
8.315736431727194233e-01
8.315736431727194233e-01
8.315736431727194233e-01
8.315736431727194233e-01
8.315736431727194233e-01
8.315736431727194233e-01
8.315736431727194233e-01
8.315736431727194233e-01
8.315736431727194233e-01
8.315736431727194233e-01
8.315736431727194233e-01
8.315736431727194233e-01
8.315736431727194233e-01
8.315736431727194233e-01
8.315736431727194233e-01
8.315736431727194233e-01
8.315736431727194233e-01
8.315736431727194233e-01
8.315736431727194233e-01
8.315736431727194233e-01
8.315736431727194233e-01
8.315736431727194233e-01
8.315736431727194233e-01
8.315736431727194233e-01
8.315736431727194233e-01
8.315736431727194233e-01
8.315736431727194233e-01
8.315736431727194233e-01
8.315736431727194233e-01
8.315736431727194233e-01
8.315736431727194233e-01
8.315736431727194233e-01
8.315736431727194233e-01
8.315736431727194233e-01
8.315736431727194233e-01
8.315736431727194233e-01
8.315736431727194233e-01
8.315736431727194233e-01
8.315736431727194233e-01
8.315736431727194233e-01
8.315736431727194233e-01
8.315736431727194233e-01
8.315736431727194233e-01
8.315736431727194233e-01
8.315736431727194233e-01
8.315736431727194233e-01
8.315736431727194233e-01
8.315736431727194233e-01
8.315736431727194233e-01
8.315736431727194233e-01
8.315736431727194233e-01
8.315736431727194233e-01
8.315736431727194233e-01
8.315736431727194233e-01
8.315736431727194233e-01
8.315736431727194233e-01
8.315736431727194233e-01
8.315736431727194233e-01
8.315736431727194233e-01
8.315736431727194233e-01
8.315736431727194233e-01
8.315736431727194233e-01
8.315736431727194233e-01
8.315736431727194233e-01
8.315736431727194233e-01
8.315736431727194233e-01
8.315736431727194233e-01
8.315736431727194233e-01
8.315736431727194233e-01
8.315736431727194233e-01
8.315736431727194233e-01
8.315736431727194233e-01
8.315736431727194233e-01
8.315736431727194233e-01
8.315736431727194233e-01
8.315736431727194233e-01
8.315736431727194233e-01
8.315736431727194233e-01
8.315736431727194233e-01
8.315736431727194233e-01
8.315736431727194233e-01
8.315736431727194233e-01
8.315736431727194233e-01
8.315736431727194233e-01
8.315736431727194233e-01
8.315736431727194233e-01
8.315736431727194233e-01
8.315736431727194233e-01
8.315736431727194233e-01
8.315736431727194233e-01
8.315736431727194233e-01
8.315736431727194233e-01
8.315736431727194233e-01
8.315736431727194233e-01
8.315736431727194233e-01
8.315736431727194233e-01
8.315736431727194233e-01
8.315736431727194233e-01
8.315736431727194233e-01
8.315736431727194233e-01
8.315736431727194233e-01
8.315736431727194233e-01
8.315736431727194233e-01
8.315736431727194233e-01
8.315736431727194233e-01
8.315736431727194233e-01
8.315736431727194233e-01
8.315736431727194233e-01
8.315736431727194233e-01
8.315736431727194233e-01
8.315736431727194233e-01
8.315736431727194233e-01
8.315736431727194233e-01
8.315736431727194233e-01
8.315736431727194233e-01
8.315736431727194233e-01
8.315736431727194233e-01
8.315736431727194233e-01
8.315736431727194233e-01
8.315736431727194233e-01
8.315736431727194233e-01
8.315736431727194233e-01
8.315736431727194233e-01
8.315736431727194233e-01
8.315736431727194233e-01
8.315736431727194233e-01
8.315736431727194233e-01
8.315736431727194233e-01
8.315736431727194233e-01
8.315736431727194233e-01
8.315736431727194233e-01
8.315736431727194233e-01
8.315736431727194233e-01
8.315736431727194233e-01
8.315736431727194233e-01
8.315736431727194233e-01
8.315736431727194233e-01
8.315736431727194233e-01
8.315736431727194233e-01
8.315736431727194233e-01
8.315736431727194233e-01
8.315736431727194233e-01
8.315736431727194233e-01
8.315736431727194233e-01
8.315736431727194233e-01
8.315736431727194233e-01
8.315736431727194233e-01
8.315736431727194233e-01
8.315736431727194233e-01
8.315736431727194233e-01
8.315736431727194233e-01
8.315736431727194233e-01
8.315736431727194233e-01
8.315736431727194233e-01
8.315736431727194233e-01
8.315736431727194233e-01
8.315736431727194233e-01
8.315736431727194233e-01
8.315736431727194233e-01
8.315736431727194233e-01
8.315736431727194233e-01
8.315736431727194233e-01
8.315736431727194233e-01
8.315736431727194233e-01
8.315736431727194233e-01
8.315736431727194233e-01
8.315736431727194233e-01
8.315736431727194233e-01
8.315736431727194233e-01
8.315736431727194233e-01
8.315736431727194233e-01
8.315736431727194233e-01
8.315736431727194233e-01
8.315736431727194233e-01
8.315736431727194233e-01
8.315736431727194233e-01
8.315736431727194233e-01
8.315736431727194233e-01
8.315736431727194233e-01
8.315736431727194233e-01
8.315736431727194233e-01
8.315736431727194233e-01
8.315736431727194233e-01
8.315736431727194233e-01
8.315736431727194233e-01
8.315736431727194233e-01
8.315736431727194233e-01
8.315736431727194233e-01
8.315736431727194233e-01
8.315736431727194233e-01
8.315736431727194233e-01
8.315736431727194233e-01
8.315736431727194233e-01
8.315736431727194233e-01
8.315736431727194233e-01
8.315736431727194233e-01
8.315736431727194233e-01
8.315736431727194233e-01
8.315736431727194233e-01
8.315736431727194233e-01
8.315736431727194233e-01
8.315736431727194233e-01
8.315736431727194233e-01
8.315736431727194233e-01
8.315736431727194233e-01
8.315736431727194233e-01
8.315736431727194233e-01
8.315736431727194233e-01
8.315736431727194233e-01
8.315736431727194233e-01
8.315736431727194233e-01
8.315736431727194233e-01
8.315736431727194233e-01
8.315736431727194233e-01
8.315736431727194233e-01
8.315736431727194233e-01
8.315736431727194233e-01
8.315736431727194233e-01
8.315736431727194233e-01
8.315736431727194233e-01
8.315736431727194233e-01
8.315736431727194233e-01
8.315736431727194233e-01
8.315736431727194233e-01
8.315736431727194233e-01
8.315736431727194233e-01
8.315736431727194233e-01
8.315736431727194233e-01
8.315736431727194233e-01
8.315736431727194233e-01
8.315736431727194233e-01
8.315736431727194233e-01
8.315736431727194233e-01
8.315736431727194233e-01
8.315736431727194233e-01
8.315736431727194233e-01
8.315736431727194233e-01
8.315736431727194233e-01
8.315736431727194233e-01
8.315736431727194233e-01
8.315736431727194233e-01
8.315736431727194233e-01
8.315736431727194233e-01
8.315736431727194233e-01
8.315736431727194233e-01
8.315736431727194233e-01
8.315736431727194233e-01
8.315736431727194233e-01
8.315736431727194233e-01
8.315736431727194233e-01
8.315736431727194233e-01
8.315736431727194233e-01
8.315736431727194233e-01
8.315736431727194233e-01
8.315736431727194233e-01
8.315736431727194233e-01
8.315736431727194233e-01
8.315736431727194233e-01
8.315736431727194233e-01
8.315736431727194233e-01
8.315736431727194233e-01
8.315736431727194233e-01
8.315736431727194233e-01
8.315736431727194233e-01
8.315736431727194233e-01
8.315736431727194233e-01
8.315736431727194233e-01
8.315736431727194233e-01
8.315736431727194233e-01
8.315736431727194233e-01
8.315736431727194233e-01
8.315736431727194233e-01
8.315736431727194233e-01
8.315736431727194233e-01
8.315736431727194233e-01
8.315736431727194233e-01
8.315736431727194233e-01
8.315736431727194233e-01
8.315736431727194233e-01
8.315736431727194233e-01
8.315736431727194233e-01
8.315736431727194233e-01
8.315736431727194233e-01
8.315736431727194233e-01
8.315736431727194233e-01
8.315736431727194233e-01
8.315736431727194233e-01
8.315736431727194233e-01
8.315736431727194233e-01
8.315736431727194233e-01
8.315736431727194233e-01
8.315736431727194233e-01
8.315736431727194233e-01
8.315736431727194233e-01
8.315736431727194233e-01
8.315736431727194233e-01
8.315736431727194233e-01
8.315736431727194233e-01
8.315736431727194233e-01
8.315736431727194233e-01
8.315736431727194233e-01
8.315736431727194233e-01
8.315736431727194233e-01
8.315736431727194233e-01
8.315736431727194233e-01
8.315736431727194233e-01
8.315736431727194233e-01
8.315736431727194233e-01
8.315736431727194233e-01
8.315736431727194233e-01
8.315736431727194233e-01
8.315736431727194233e-01
8.315736431727194233e-01
8.315736431727194233e-01
8.315736431727194233e-01
8.315736431727194233e-01
8.315736431727194233e-01
8.315736431727194233e-01
8.315736431727194233e-01
8.315736431727194233e-01
8.315736431727194233e-01
8.315736431727194233e-01
8.315736431727194233e-01
8.315736431727194233e-01
8.315736431727194233e-01
8.315736431727194233e-01
8.315736431727194233e-01
8.315736431727194233e-01
8.315736431727194233e-01
8.315736431727194233e-01
8.315736431727194233e-01
8.315736431727194233e-01
8.315736431727194233e-01
8.315736431727194233e-01
8.315736431727194233e-01
8.315736431727194233e-01
8.315736431727194233e-01
8.315736431727194233e-01
8.315736431727194233e-01
8.315736431727194233e-01
8.315736431727194233e-01
8.315736431727194233e-01
8.315736431727194233e-01
8.315736431727194233e-01
8.315736431727194233e-01
8.315736431727194233e-01
8.315736431727194233e-01
8.315736431727194233e-01
8.315736431727194233e-01
8.315736431727194233e-01
8.315736431727194233e-01
8.315736431727194233e-01
8.315736431727194233e-01
8.315736431727194233e-01
8.315736431727194233e-01
8.315736431727194233e-01
8.315736431727194233e-01
8.315736431727194233e-01
8.315736431727194233e-01
8.315736431727194233e-01
8.315736431727194233e-01
8.315736431727194233e-01
8.315736431727194233e-01
8.315736431727194233e-01
8.315736431727194233e-01
8.315736431727194233e-01
8.315736431727194233e-01
8.315736431727194233e-01
8.315736431727194233e-01
8.315736431727194233e-01
8.315736431727194233e-01
8.315736431727194233e-01
8.315736431727194233e-01
8.315736431727194233e-01
8.315736431727194233e-01
8.315736431727194233e-01
8.315736431727194233e-01
8.315736431727194233e-01
8.315736431727194233e-01
8.315736431727194233e-01
8.315736431727194233e-01
8.315736431727194233e-01
8.315736431727194233e-01
8.315736431727194233e-01
8.315736431727194233e-01
8.315736431727194233e-01
8.315736431727194233e-01
8.315736431727194233e-01
8.315736431727194233e-01
8.315736431727194233e-01
8.315736431727194233e-01
8.315736431727194233e-01
8.315736431727194233e-01
8.315736431727194233e-01
8.315736431727194233e-01
8.315736431727194233e-01
8.315736431727194233e-01
8.315736431727194233e-01
8.315736431727194233e-01
8.315736431727194233e-01
8.315736431727194233e-01
8.315736431727194233e-01
8.315736431727194233e-01
8.315736431727194233e-01
8.315736431727194233e-01
8.315736431727194233e-01
8.315736431727194233e-01
8.315736431727194233e-01
8.315736431727194233e-01
8.315736431727194233e-01
8.315736431727194233e-01
8.315736431727194233e-01
8.315736431727194233e-01
8.315736431727194233e-01
8.315736431727194233e-01
8.315736431727194233e-01
8.315736431727194233e-01
8.315736431727194233e-01
8.315736431727194233e-01
8.315736431727194233e-01
8.315736431727194233e-01
8.315736431727194233e-01
8.315736431727194233e-01
8.315736431727194233e-01
8.315736431727194233e-01
8.315736431727194233e-01
8.315736431727194233e-01
8.315736431727194233e-01
8.315736431727194233e-01
8.315736431727194233e-01
8.315736431727194233e-01
8.315736431727194233e-01
8.315736431727194233e-01
8.315736431727194233e-01
8.315736431727194233e-01
8.315736431727194233e-01
8.315736431727194233e-01
8.315736431727194233e-01
8.315736431727194233e-01
8.315736431727194233e-01
8.315736431727194233e-01
8.315736431727194233e-01
