0.000000000000000000e+00
6.376341962673928720e-02
6.328356713011067114e-02
6.381968411750109371e-02
6.417877993410435467e-02
6.437304744131076839e-02
6.426470088996737162e-02
6.489593893724650286e-02
6.522632817498782987e-02
6.211915619287420448e-02
6.414028026091861401e-02
5.996189487918540673e-02
6.123596435607638749e-02
6.221617428794697785e-02
6.830001261991529293e-02
6.144041778653917124e-02
5.996432371395837846e-02
5.510781002187020022e-02
5.670258269980430615e-02
5.434676210413230679e-02
5.157566339587448673e-02
5.051323678204912987e-02
4.456019878137507106e-02
4.142024427966250338e-02
3.422001432502107254e-02
3.633986407974461319e-02
3.903818916258727095e-02
3.653371686478745078e-02
3.970862169566456018e-02
3.991581825419480284e-02
3.949115657357311210e-02
3.949115657357311210e-02
3.949115657357311210e-02
3.923858157982217099e-02
3.712106522307984102e-02
4.334692714090362942e-02
4.334692714090362942e-02
4.520730336991324316e-02
-4.472633306889117755e-02
-4.472633306889117755e-02
-4.472633306889117755e-02
-4.297257580300397478e-02
-4.297257580300397478e-02
-4.143313334223400202e-02
-4.143313334223400202e-02
-4.143313334223400202e-02
-4.143313334223400202e-02
-4.143313334223400202e-02
-4.143313334223400202e-02
-4.143313334223400202e-02
-4.143313334223400202e-02
-4.143313334223400202e-02
-4.143313334223400202e-02
-4.143313334223400202e-02
-4.143313334223400202e-02
-4.143313334223400202e-02
-4.143313334223400202e-02
-4.143313334223400202e-02
-4.143313334223400202e-02
-4.143313334223400202e-02
-4.143313334223400202e-02
-4.143313334223400202e-02
-4.143313334223400202e-02
-4.143313334223400202e-02
-4.143313334223400202e-02
-4.143313334223400202e-02
-4.143313334223400202e-02
-4.143313334223400202e-02
-4.143313334223400202e-02
-4.143313334223400202e-02
-4.143313334223400202e-02
-4.143313334223400202e-02
-4.143313334223400202e-02
-4.143313334223400202e-02
-4.143313334223400202e-02
-4.143313334223400202e-02
-4.143313334223400202e-02
-4.143313334223400202e-02
-4.143313334223400202e-02
-4.143313334223400202e-02
-4.143313334223400202e-02
-4.143313334223400202e-02
-4.143313334223400202e-02
-4.143313334223400202e-02
-4.143313334223400202e-02
-4.143313334223400202e-02
-4.143313334223400202e-02
-4.143313334223400202e-02
-4.143313334223400202e-02
-4.143313334223400202e-02
-4.143313334223400202e-02
-4.143313334223400202e-02
-4.143313334223400202e-02
-4.143313334223400202e-02
-4.143313334223400202e-02
-4.143313334223400202e-02
-4.143313334223400202e-02
-4.143313334223400202e-02
-4.143313334223400202e-02
-4.143313334223400202e-02
-4.143313334223400202e-02
-4.143313334223400202e-02
-4.143313334223400202e-02
-4.143313334223400202e-02
-4.143313334223400202e-02
-4.143313334223400202e-02
-4.143313334223400202e-02
-4.143313334223400202e-02
-4.143313334223400202e-02
-4.143313334223400202e-02
-4.143313334223400202e-02
-4.143313334223400202e-02
-4.143313334223400202e-02
-4.143313334223400202e-02
-4.143313334223400202e-02
-4.143313334223400202e-02
-4.143313334223400202e-02
-4.143313334223400202e-02
-4.143313334223400202e-02
-4.143313334223400202e-02
-4.143313334223400202e-02
-4.143313334223400202e-02
-4.143313334223400202e-02
-4.143313334223400202e-02
-4.143313334223400202e-02
-4.143313334223400202e-02
-4.143313334223400202e-02
-4.143313334223400202e-02
-4.143313334223400202e-02
-4.143313334223400202e-02
-4.143313334223400202e-02
-4.143313334223400202e-02
-4.143313334223400202e-02
-4.143313334223400202e-02
-4.143313334223400202e-02
-4.143313334223400202e-02
-4.143313334223400202e-02
-4.143313334223400202e-02
-4.143313334223400202e-02
-4.143313334223400202e-02
-4.143313334223400202e-02
-4.143313334223400202e-02
-4.143313334223400202e-02
-4.143313334223400202e-02
-4.143313334223400202e-02
-4.143313334223400202e-02
-4.143313334223400202e-02
-4.143313334223400202e-02
-4.143313334223400202e-02
-4.143313334223400202e-02
-4.143313334223400202e-02
-4.143313334223400202e-02
-4.143313334223400202e-02
-4.143313334223400202e-02
-4.143313334223400202e-02
-4.143313334223400202e-02
-4.143313334223400202e-02
-4.143313334223400202e-02
-4.143313334223400202e-02
-4.143313334223400202e-02
-4.143313334223400202e-02
-4.143313334223400202e-02
-4.143313334223400202e-02
-4.143313334223400202e-02
-4.143313334223400202e-02
-4.143313334223400202e-02
-4.143313334223400202e-02
-4.143313334223400202e-02
-4.143313334223400202e-02
-4.143313334223400202e-02
-4.143313334223400202e-02
-4.143313334223400202e-02
-4.143313334223400202e-02
-4.143313334223400202e-02
-4.143313334223400202e-02
-4.143313334223400202e-02
-4.143313334223400202e-02
-4.143313334223400202e-02
-4.143313334223400202e-02
-4.143313334223400202e-02
-4.143313334223400202e-02
-4.143313334223400202e-02
-4.143313334223400202e-02
-4.143313334223400202e-02
-4.143313334223400202e-02
-4.143313334223400202e-02
-4.143313334223400202e-02
-4.143313334223400202e-02
-4.143313334223400202e-02
-4.143313334223400202e-02
-4.143313334223400202e-02
-4.143313334223400202e-02
-4.143313334223400202e-02
-4.143313334223400202e-02
-4.143313334223400202e-02
-4.143313334223400202e-02
-4.143313334223400202e-02
-4.143313334223400202e-02
-4.143313334223400202e-02
-4.143313334223400202e-02
-4.143313334223400202e-02
-4.143313334223400202e-02
-4.143313334223400202e-02
-4.143313334223400202e-02
-4.143313334223400202e-02
-4.143313334223400202e-02
-4.143313334223400202e-02
-4.143313334223400202e-02
-4.143313334223400202e-02
-4.143313334223400202e-02
-4.143313334223400202e-02
-4.143313334223400202e-02
-4.143313334223400202e-02
-4.143313334223400202e-02
-4.143313334223400202e-02
-4.143313334223400202e-02
-4.143313334223400202e-02
-4.143313334223400202e-02
-4.143313334223400202e-02
-4.143313334223400202e-02
-4.143313334223400202e-02
-4.143313334223400202e-02
-4.143313334223400202e-02
-4.143313334223400202e-02
-4.143313334223400202e-02
-4.143313334223400202e-02
-4.143313334223400202e-02
-4.143313334223400202e-02
-4.143313334223400202e-02
-4.143313334223400202e-02
-4.143313334223400202e-02
-4.143313334223400202e-02
-4.143313334223400202e-02
-4.143313334223400202e-02
-4.143313334223400202e-02
-4.143313334223400202e-02
-4.143313334223400202e-02
-4.143313334223400202e-02
-4.143313334223400202e-02
-4.143313334223400202e-02
-4.143313334223400202e-02
-4.143313334223400202e-02
-4.143313334223400202e-02
-4.143313334223400202e-02
-4.143313334223400202e-02
-4.143313334223400202e-02
-4.143313334223400202e-02
-4.143313334223400202e-02
-4.143313334223400202e-02
-4.143313334223400202e-02
-4.143313334223400202e-02
-4.143313334223400202e-02
-4.143313334223400202e-02
-4.143313334223400202e-02
-4.143313334223400202e-02
-4.143313334223400202e-02
-4.143313334223400202e-02
-4.143313334223400202e-02
-4.143313334223400202e-02
-4.143313334223400202e-02
-4.143313334223400202e-02
-4.143313334223400202e-02
-4.143313334223400202e-02
-4.143313334223400202e-02
-4.143313334223400202e-02
-4.143313334223400202e-02
-4.143313334223400202e-02
-4.143313334223400202e-02
-4.143313334223400202e-02
-4.143313334223400202e-02
-4.143313334223400202e-02
-4.143313334223400202e-02
-4.143313334223400202e-02
-4.143313334223400202e-02
-4.143313334223400202e-02
-4.143313334223400202e-02
-4.143313334223400202e-02
-4.143313334223400202e-02
-4.143313334223400202e-02
-4.143313334223400202e-02
-4.143313334223400202e-02
-4.143313334223400202e-02
-4.143313334223400202e-02
-4.143313334223400202e-02
-4.143313334223400202e-02
-4.143313334223400202e-02
-4.143313334223400202e-02
-4.143313334223400202e-02
-4.143313334223400202e-02
-4.143313334223400202e-02
-4.143313334223400202e-02
-4.143313334223400202e-02
-4.143313334223400202e-02
-4.143313334223400202e-02
-4.143313334223400202e-02
-4.143313334223400202e-02
-4.143313334223400202e-02
-4.143313334223400202e-02
-4.143313334223400202e-02
-4.143313334223400202e-02
-4.143313334223400202e-02
-4.143313334223400202e-02
-4.143313334223400202e-02
-4.143313334223400202e-02
-4.143313334223400202e-02
-4.143313334223400202e-02
-4.143313334223400202e-02
-4.143313334223400202e-02
-4.143313334223400202e-02
-4.143313334223400202e-02
-4.143313334223400202e-02
-4.143313334223400202e-02
-4.143313334223400202e-02
-4.143313334223400202e-02
-4.143313334223400202e-02
-4.143313334223400202e-02
-4.143313334223400202e-02
-4.143313334223400202e-02
-4.143313334223400202e-02
-4.143313334223400202e-02
-4.143313334223400202e-02
-4.143313334223400202e-02
-4.143313334223400202e-02
-4.143313334223400202e-02
-4.143313334223400202e-02
-4.143313334223400202e-02
-4.143313334223400202e-02
-4.143313334223400202e-02
-4.143313334223400202e-02
-4.143313334223400202e-02
-4.143313334223400202e-02
-4.143313334223400202e-02
-4.143313334223400202e-02
-4.143313334223400202e-02
-4.143313334223400202e-02
-4.143313334223400202e-02
-4.143313334223400202e-02
-4.143313334223400202e-02
-4.143313334223400202e-02
-4.143313334223400202e-02
-4.143313334223400202e-02
-4.143313334223400202e-02
-4.143313334223400202e-02
-4.143313334223400202e-02
-4.143313334223400202e-02
-4.143313334223400202e-02
-4.143313334223400202e-02
-4.143313334223400202e-02
-4.143313334223400202e-02
-4.143313334223400202e-02
-4.143313334223400202e-02
-4.143313334223400202e-02
-4.143313334223400202e-02
-4.143313334223400202e-02
-4.143313334223400202e-02
-4.143313334223400202e-02
-4.143313334223400202e-02
-4.143313334223400202e-02
-4.143313334223400202e-02
-4.143313334223400202e-02
-4.143313334223400202e-02
-4.143313334223400202e-02
-4.143313334223400202e-02
-4.143313334223400202e-02
-4.143313334223400202e-02
-4.143313334223400202e-02
-4.143313334223400202e-02
-4.143313334223400202e-02
-4.143313334223400202e-02
-4.143313334223400202e-02
-4.143313334223400202e-02
-4.143313334223400202e-02
-4.143313334223400202e-02
-4.143313334223400202e-02
-4.143313334223400202e-02
-4.143313334223400202e-02
-4.143313334223400202e-02
-4.143313334223400202e-02
-4.143313334223400202e-02
-4.143313334223400202e-02
-4.143313334223400202e-02
-4.143313334223400202e-02
-4.143313334223400202e-02
-4.143313334223400202e-02
-4.143313334223400202e-02
-4.143313334223400202e-02
-4.143313334223400202e-02
-4.143313334223400202e-02
-4.143313334223400202e-02
-4.143313334223400202e-02
-4.143313334223400202e-02
-4.143313334223400202e-02
-4.143313334223400202e-02
-4.143313334223400202e-02
-4.143313334223400202e-02
-4.143313334223400202e-02
-4.143313334223400202e-02
-4.143313334223400202e-02
-4.143313334223400202e-02
-4.143313334223400202e-02
-4.143313334223400202e-02
-4.143313334223400202e-02
-4.143313334223400202e-02
-4.143313334223400202e-02
-4.143313334223400202e-02
-4.143313334223400202e-02
-4.143313334223400202e-02
-4.143313334223400202e-02
-4.143313334223400202e-02
-4.143313334223400202e-02
-4.143313334223400202e-02
-4.143313334223400202e-02
-4.143313334223400202e-02
-4.143313334223400202e-02
-4.143313334223400202e-02
-4.143313334223400202e-02
-4.143313334223400202e-02
-4.143313334223400202e-02
-4.143313334223400202e-02
-4.143313334223400202e-02
-4.143313334223400202e-02
-4.143313334223400202e-02
-4.143313334223400202e-02
-4.143313334223400202e-02
-4.143313334223400202e-02
-4.143313334223400202e-02
-4.143313334223400202e-02
-4.143313334223400202e-02
-4.143313334223400202e-02
-4.143313334223400202e-02
-4.143313334223400202e-02
-4.143313334223400202e-02
-4.143313334223400202e-02
-4.143313334223400202e-02
-4.143313334223400202e-02
-4.143313334223400202e-02
-4.143313334223400202e-02
-4.143313334223400202e-02
-4.143313334223400202e-02
-4.143313334223400202e-02
-4.143313334223400202e-02
-4.143313334223400202e-02
-4.143313334223400202e-02
-4.143313334223400202e-02
-4.143313334223400202e-02
-4.143313334223400202e-02
-4.143313334223400202e-02
-4.143313334223400202e-02
-4.143313334223400202e-02
-4.143313334223400202e-02
-4.143313334223400202e-02
-4.143313334223400202e-02
-4.143313334223400202e-02
-4.143313334223400202e-02
-4.143313334223400202e-02
-4.143313334223400202e-02
-4.143313334223400202e-02
-4.143313334223400202e-02
-4.143313334223400202e-02
-4.143313334223400202e-02
-4.143313334223400202e-02
-4.143313334223400202e-02
-4.143313334223400202e-02
-4.143313334223400202e-02
-4.143313334223400202e-02
-4.143313334223400202e-02
-4.143313334223400202e-02
-4.143313334223400202e-02
-4.143313334223400202e-02
-4.143313334223400202e-02
-4.143313334223400202e-02
-4.143313334223400202e-02
-4.143313334223400202e-02
-4.143313334223400202e-02
-4.143313334223400202e-02
-4.143313334223400202e-02
-4.143313334223400202e-02
-4.143313334223400202e-02
-4.143313334223400202e-02
-4.143313334223400202e-02
-4.143313334223400202e-02
-4.143313334223400202e-02
-4.143313334223400202e-02
-4.143313334223400202e-02
-4.143313334223400202e-02
-4.143313334223400202e-02
-4.143313334223400202e-02
-4.143313334223400202e-02
-4.143313334223400202e-02
-4.143313334223400202e-02
-4.143313334223400202e-02
-4.143313334223400202e-02
-4.143313334223400202e-02
-4.143313334223400202e-02
-4.143313334223400202e-02
-4.143313334223400202e-02
-4.143313334223400202e-02
-4.143313334223400202e-02
-4.143313334223400202e-02
-4.143313334223400202e-02
-4.143313334223400202e-02
-4.143313334223400202e-02
-4.143313334223400202e-02
-4.143313334223400202e-02
-4.143313334223400202e-02
-4.143313334223400202e-02
-4.143313334223400202e-02
-4.143313334223400202e-02
-4.143313334223400202e-02
-4.143313334223400202e-02
-4.143313334223400202e-02
-4.143313334223400202e-02
-4.143313334223400202e-02
-4.143313334223400202e-02
-4.143313334223400202e-02
-4.143313334223400202e-02
-4.143313334223400202e-02
-4.143313334223400202e-02
-4.143313334223400202e-02
-4.143313334223400202e-02
-4.143313334223400202e-02
-4.143313334223400202e-02
-4.143313334223400202e-02
-4.143313334223400202e-02
-4.143313334223400202e-02
-4.143313334223400202e-02
-4.143313334223400202e-02
-4.143313334223400202e-02
-4.143313334223400202e-02
-4.143313334223400202e-02
-4.143313334223400202e-02
-4.143313334223400202e-02
-4.143313334223400202e-02
-4.143313334223400202e-02
-4.143313334223400202e-02
-4.143313334223400202e-02
-4.143313334223400202e-02
-4.143313334223400202e-02
-4.143313334223400202e-02
-4.143313334223400202e-02
-4.143313334223400202e-02
-4.143313334223400202e-02
-4.143313334223400202e-02
-4.143313334223400202e-02
-4.143313334223400202e-02
-4.143313334223400202e-02
-4.143313334223400202e-02
-4.143313334223400202e-02
-4.143313334223400202e-02
-4.143313334223400202e-02
-4.143313334223400202e-02
-4.143313334223400202e-02
-4.143313334223400202e-02
-4.143313334223400202e-02
-4.143313334223400202e-02
-4.143313334223400202e-02
-4.143313334223400202e-02
-4.143313334223400202e-02
-4.143313334223400202e-02
-4.143313334223400202e-02
-4.143313334223400202e-02
-4.143313334223400202e-02
-4.143313334223400202e-02
-4.143313334223400202e-02
-4.143313334223400202e-02
-4.143313334223400202e-02
-4.143313334223400202e-02
-4.143313334223400202e-02
-4.143313334223400202e-02
-4.143313334223400202e-02
-4.143313334223400202e-02
-4.143313334223400202e-02
-4.143313334223400202e-02
-4.143313334223400202e-02
-4.143313334223400202e-02
-4.143313334223400202e-02
-4.143313334223400202e-02
-4.143313334223400202e-02
-4.143313334223400202e-02
-4.143313334223400202e-02
-4.143313334223400202e-02
-4.143313334223400202e-02
-4.143313334223400202e-02
-4.143313334223400202e-02
-4.143313334223400202e-02
-4.143313334223400202e-02
-4.143313334223400202e-02
-4.143313334223400202e-02
-4.143313334223400202e-02
-4.143313334223400202e-02
-4.143313334223400202e-02
-4.143313334223400202e-02
-4.143313334223400202e-02
-4.143313334223400202e-02
-4.143313334223400202e-02
-4.143313334223400202e-02
-4.143313334223400202e-02
-4.143313334223400202e-02
-4.143313334223400202e-02
-4.143313334223400202e-02
-4.143313334223400202e-02
-4.143313334223400202e-02
-4.143313334223400202e-02
-4.143313334223400202e-02
-4.143313334223400202e-02
-4.143313334223400202e-02
-4.143313334223400202e-02
-4.143313334223400202e-02
-4.143313334223400202e-02
-4.143313334223400202e-02
-4.143313334223400202e-02
-4.143313334223400202e-02
-4.143313334223400202e-02
-4.143313334223400202e-02
-4.143313334223400202e-02
-4.143313334223400202e-02
-4.143313334223400202e-02
-4.143313334223400202e-02
-4.143313334223400202e-02
-4.143313334223400202e-02
-4.143313334223400202e-02
-4.143313334223400202e-02
-4.143313334223400202e-02
-4.143313334223400202e-02
-4.143313334223400202e-02
-4.143313334223400202e-02
-4.143313334223400202e-02
-4.143313334223400202e-02
-4.143313334223400202e-02
-4.143313334223400202e-02
-4.143313334223400202e-02
-4.143313334223400202e-02
-4.143313334223400202e-02
-4.143313334223400202e-02
-4.143313334223400202e-02
-4.143313334223400202e-02
-4.143313334223400202e-02
-4.143313334223400202e-02
-4.143313334223400202e-02
-4.143313334223400202e-02
-4.143313334223400202e-02
-4.143313334223400202e-02
-4.143313334223400202e-02
-4.143313334223400202e-02
-4.143313334223400202e-02
-4.143313334223400202e-02
-4.143313334223400202e-02
-4.143313334223400202e-02
-4.143313334223400202e-02
-4.143313334223400202e-02
-4.143313334223400202e-02
-4.143313334223400202e-02
-4.143313334223400202e-02
-4.143313334223400202e-02
-4.143313334223400202e-02
-4.143313334223400202e-02
-4.143313334223400202e-02
-4.143313334223400202e-02
-4.143313334223400202e-02
-4.143313334223400202e-02
-4.143313334223400202e-02
-4.143313334223400202e-02
-4.143313334223400202e-02
-4.143313334223400202e-02
-4.143313334223400202e-02
-4.143313334223400202e-02
-4.143313334223400202e-02
-4.143313334223400202e-02
-4.143313334223400202e-02
-4.143313334223400202e-02
-4.143313334223400202e-02
-4.143313334223400202e-02
-4.143313334223400202e-02
-4.143313334223400202e-02
-4.143313334223400202e-02
-4.143313334223400202e-02
-4.143313334223400202e-02
-4.143313334223400202e-02
-4.143313334223400202e-02
-4.143313334223400202e-02
-4.143313334223400202e-02
-4.143313334223400202e-02
-4.143313334223400202e-02
-4.143313334223400202e-02
-4.143313334223400202e-02
-4.143313334223400202e-02
-4.143313334223400202e-02
-4.143313334223400202e-02
-4.143313334223400202e-02
-4.143313334223400202e-02
-4.143313334223400202e-02
-4.143313334223400202e-02
-4.143313334223400202e-02
-4.143313334223400202e-02
-4.143313334223400202e-02
-4.143313334223400202e-02
-4.143313334223400202e-02
-4.143313334223400202e-02
-4.143313334223400202e-02
-4.143313334223400202e-02
-4.143313334223400202e-02
-4.143313334223400202e-02
-4.143313334223400202e-02
-4.143313334223400202e-02
-4.143313334223400202e-02
-4.143313334223400202e-02
-4.143313334223400202e-02
-4.143313334223400202e-02
-4.143313334223400202e-02
-4.143313334223400202e-02
-4.143313334223400202e-02
-4.143313334223400202e-02
-4.143313334223400202e-02
-4.143313334223400202e-02
-4.143313334223400202e-02
-4.143313334223400202e-02
-4.143313334223400202e-02
-4.143313334223400202e-02
-4.143313334223400202e-02
-4.143313334223400202e-02
-4.143313334223400202e-02
-4.143313334223400202e-02
-4.143313334223400202e-02
-4.143313334223400202e-02
-4.143313334223400202e-02
-4.143313334223400202e-02
-4.143313334223400202e-02
-4.143313334223400202e-02
-4.143313334223400202e-02
-4.143313334223400202e-02
-4.143313334223400202e-02
-4.143313334223400202e-02
-4.143313334223400202e-02
-4.143313334223400202e-02
-4.143313334223400202e-02
-4.143313334223400202e-02
-4.143313334223400202e-02
-4.143313334223400202e-02
-4.143313334223400202e-02
-4.143313334223400202e-02
-4.143313334223400202e-02
-4.143313334223400202e-02
-4.143313334223400202e-02
-4.143313334223400202e-02
-4.143313334223400202e-02
-4.143313334223400202e-02
-4.143313334223400202e-02
-4.143313334223400202e-02
-4.143313334223400202e-02
-4.143313334223400202e-02
-4.143313334223400202e-02
-4.143313334223400202e-02
-4.143313334223400202e-02
-4.143313334223400202e-02
-4.143313334223400202e-02
-4.143313334223400202e-02
-4.143313334223400202e-02
-4.143313334223400202e-02
-4.143313334223400202e-02
-4.143313334223400202e-02
-4.143313334223400202e-02
-4.143313334223400202e-02
-4.143313334223400202e-02
-4.143313334223400202e-02
-4.143313334223400202e-02
-4.143313334223400202e-02
-4.143313334223400202e-02
-4.143313334223400202e-02
-4.143313334223400202e-02
-4.143313334223400202e-02
-4.143313334223400202e-02
-4.143313334223400202e-02
-4.143313334223400202e-02
-4.143313334223400202e-02
-4.143313334223400202e-02
-4.143313334223400202e-02
-4.143313334223400202e-02
-4.143313334223400202e-02
-4.143313334223400202e-02
-4.143313334223400202e-02
-4.143313334223400202e-02
-4.143313334223400202e-02
-4.143313334223400202e-02
-4.143313334223400202e-02
-4.143313334223400202e-02
-4.143313334223400202e-02
-4.143313334223400202e-02
-4.143313334223400202e-02
-4.143313334223400202e-02
-4.143313334223400202e-02
-4.143313334223400202e-02
-4.143313334223400202e-02
-4.143313334223400202e-02
-4.143313334223400202e-02
-4.143313334223400202e-02
-4.143313334223400202e-02
-4.143313334223400202e-02
-4.143313334223400202e-02
-4.143313334223400202e-02
-4.143313334223400202e-02
-4.143313334223400202e-02
-4.143313334223400202e-02
-4.143313334223400202e-02
-4.143313334223400202e-02
-4.143313334223400202e-02
-4.143313334223400202e-02
-4.143313334223400202e-02
-4.143313334223400202e-02
-4.143313334223400202e-02
-4.143313334223400202e-02
-4.143313334223400202e-02
-4.143313334223400202e-02
-4.143313334223400202e-02
-4.143313334223400202e-02
-4.143313334223400202e-02
-4.143313334223400202e-02
-4.143313334223400202e-02
-4.143313334223400202e-02
-4.143313334223400202e-02
-4.143313334223400202e-02
-4.143313334223400202e-02
-4.143313334223400202e-02
-4.143313334223400202e-02
-4.143313334223400202e-02
-4.143313334223400202e-02
-4.143313334223400202e-02
-4.143313334223400202e-02
-4.143313334223400202e-02
-4.143313334223400202e-02
-4.143313334223400202e-02
-4.143313334223400202e-02
-4.143313334223400202e-02
-4.143313334223400202e-02
-4.143313334223400202e-02
-4.143313334223400202e-02
-4.143313334223400202e-02
-4.143313334223400202e-02
-4.143313334223400202e-02
-4.143313334223400202e-02
-4.143313334223400202e-02
-4.143313334223400202e-02
-4.143313334223400202e-02
-4.143313334223400202e-02
-4.143313334223400202e-02
-4.143313334223400202e-02
-4.143313334223400202e-02
-4.143313334223400202e-02
-4.143313334223400202e-02
-4.143313334223400202e-02
-4.143313334223400202e-02
-4.143313334223400202e-02
-4.143313334223400202e-02
-4.143313334223400202e-02
-4.143313334223400202e-02
-4.143313334223400202e-02
-4.143313334223400202e-02
-4.143313334223400202e-02
-4.143313334223400202e-02
-4.143313334223400202e-02
-4.143313334223400202e-02
-4.143313334223400202e-02
-4.143313334223400202e-02
-4.143313334223400202e-02
-4.143313334223400202e-02
-4.143313334223400202e-02
-4.143313334223400202e-02
-4.143313334223400202e-02
-4.143313334223400202e-02
-4.143313334223400202e-02
-4.143313334223400202e-02
-4.143313334223400202e-02
-4.143313334223400202e-02
-4.143313334223400202e-02
-4.143313334223400202e-02
-4.143313334223400202e-02
-4.143313334223400202e-02
-4.143313334223400202e-02
-4.143313334223400202e-02
-4.143313334223400202e-02
-4.143313334223400202e-02
-4.143313334223400202e-02
-4.143313334223400202e-02
-4.143313334223400202e-02
-4.143313334223400202e-02
-4.143313334223400202e-02
-4.143313334223400202e-02
-4.143313334223400202e-02
-4.143313334223400202e-02
-4.143313334223400202e-02
-4.143313334223400202e-02
-4.143313334223400202e-02
-4.143313334223400202e-02
-4.143313334223400202e-02
-4.143313334223400202e-02
-4.143313334223400202e-02
-4.143313334223400202e-02
-4.143313334223400202e-02
-4.143313334223400202e-02
-4.143313334223400202e-02
-4.143313334223400202e-02
-4.143313334223400202e-02
-4.143313334223400202e-02
-4.143313334223400202e-02
-4.143313334223400202e-02
-4.143313334223400202e-02
-4.143313334223400202e-02
-4.143313334223400202e-02
-4.143313334223400202e-02
-4.143313334223400202e-02
-4.143313334223400202e-02
-4.143313334223400202e-02
-4.143313334223400202e-02
-4.143313334223400202e-02
-4.143313334223400202e-02
-4.143313334223400202e-02
-4.143313334223400202e-02
-4.143313334223400202e-02
-4.143313334223400202e-02
-4.143313334223400202e-02
-4.143313334223400202e-02
-4.143313334223400202e-02
-4.143313334223400202e-02
-4.143313334223400202e-02
-4.143313334223400202e-02
-4.143313334223400202e-02
-4.143313334223400202e-02
-4.143313334223400202e-02
-4.143313334223400202e-02
-4.143313334223400202e-02
-4.143313334223400202e-02
-4.143313334223400202e-02
-4.143313334223400202e-02
-4.143313334223400202e-02
-4.143313334223400202e-02
-4.143313334223400202e-02
-4.143313334223400202e-02
-4.143313334223400202e-02
-4.143313334223400202e-02
-4.143313334223400202e-02
-4.143313334223400202e-02
-4.143313334223400202e-02
-4.143313334223400202e-02
-4.143313334223400202e-02
-4.143313334223400202e-02
-4.143313334223400202e-02
-4.143313334223400202e-02
-4.143313334223400202e-02
-4.143313334223400202e-02
-4.143313334223400202e-02
-4.143313334223400202e-02
-4.143313334223400202e-02
-4.143313334223400202e-02
-4.143313334223400202e-02
-4.143313334223400202e-02
-4.143313334223400202e-02
-4.143313334223400202e-02
-4.143313334223400202e-02
-4.143313334223400202e-02
-4.143313334223400202e-02
-4.143313334223400202e-02
-4.143313334223400202e-02
-4.143313334223400202e-02
-4.143313334223400202e-02
-4.143313334223400202e-02
-4.143313334223400202e-02
-4.143313334223400202e-02
-4.143313334223400202e-02
-4.143313334223400202e-02
-4.143313334223400202e-02
-4.143313334223400202e-02
-4.143313334223400202e-02
-4.143313334223400202e-02
-4.143313334223400202e-02
-4.143313334223400202e-02
-4.143313334223400202e-02
-4.143313334223400202e-02
-4.143313334223400202e-02
-4.143313334223400202e-02
-4.143313334223400202e-02
-4.143313334223400202e-02
-4.143313334223400202e-02
-4.143313334223400202e-02
-4.143313334223400202e-02
-4.143313334223400202e-02
-4.143313334223400202e-02
-4.143313334223400202e-02
-4.143313334223400202e-02
-4.143313334223400202e-02
-4.143313334223400202e-02
-4.143313334223400202e-02
-4.143313334223400202e-02
-4.143313334223400202e-02
-4.143313334223400202e-02
-4.143313334223400202e-02
-4.143313334223400202e-02
-4.143313334223400202e-02
-4.143313334223400202e-02
-4.143313334223400202e-02
-4.143313334223400202e-02
-4.143313334223400202e-02
-4.143313334223400202e-02
-4.143313334223400202e-02
-4.143313334223400202e-02
-4.143313334223400202e-02
-4.143313334223400202e-02
-4.143313334223400202e-02
-4.143313334223400202e-02
-4.143313334223400202e-02
-4.143313334223400202e-02
-4.143313334223400202e-02
-4.143313334223400202e-02
-4.143313334223400202e-02
-4.143313334223400202e-02
-4.143313334223400202e-02
-4.143313334223400202e-02
-4.143313334223400202e-02
-4.143313334223400202e-02
-4.143313334223400202e-02
-4.143313334223400202e-02
-4.143313334223400202e-02
-4.143313334223400202e-02
-4.143313334223400202e-02
-4.143313334223400202e-02
-4.143313334223400202e-02
-4.143313334223400202e-02
-4.143313334223400202e-02
-4.143313334223400202e-02
-4.143313334223400202e-02
-4.143313334223400202e-02
-4.143313334223400202e-02
-4.143313334223400202e-02
-4.143313334223400202e-02
-4.143313334223400202e-02
-4.143313334223400202e-02
-4.143313334223400202e-02
-4.143313334223400202e-02
-4.143313334223400202e-02
-4.143313334223400202e-02
-4.143313334223400202e-02
-4.143313334223400202e-02
-4.143313334223400202e-02
-4.143313334223400202e-02
-4.143313334223400202e-02
-4.143313334223400202e-02
-4.143313334223400202e-02
-4.143313334223400202e-02
-4.143313334223400202e-02
-4.143313334223400202e-02
-4.143313334223400202e-02
-4.143313334223400202e-02
-4.143313334223400202e-02
-4.143313334223400202e-02
-4.143313334223400202e-02
-4.143313334223400202e-02
-4.143313334223400202e-02
-4.143313334223400202e-02
-4.143313334223400202e-02
-4.143313334223400202e-02
-4.143313334223400202e-02
-4.143313334223400202e-02
-4.143313334223400202e-02
-4.143313334223400202e-02
-4.143313334223400202e-02
-4.143313334223400202e-02
-4.143313334223400202e-02
-4.143313334223400202e-02
-4.143313334223400202e-02
-4.143313334223400202e-02
-4.143313334223400202e-02
-4.143313334223400202e-02
-4.143313334223400202e-02
-4.143313334223400202e-02
-4.143313334223400202e-02
-4.143313334223400202e-02
-4.143313334223400202e-02
-4.143313334223400202e-02
-4.143313334223400202e-02
-4.143313334223400202e-02
-4.143313334223400202e-02
-4.143313334223400202e-02
-4.143313334223400202e-02
-4.143313334223400202e-02
-4.143313334223400202e-02
-4.143313334223400202e-02
-4.143313334223400202e-02
-4.143313334223400202e-02
-4.143313334223400202e-02
-4.143313334223400202e-02
-4.143313334223400202e-02
-4.143313334223400202e-02
-4.143313334223400202e-02
-4.143313334223400202e-02
-4.143313334223400202e-02
-4.143313334223400202e-02
-4.143313334223400202e-02
-4.143313334223400202e-02
-4.143313334223400202e-02
-4.143313334223400202e-02
-4.143313334223400202e-02
-4.143313334223400202e-02
-4.143313334223400202e-02
-4.143313334223400202e-02
-4.143313334223400202e-02
-4.143313334223400202e-02
-4.143313334223400202e-02
-4.143313334223400202e-02
-4.143313334223400202e-02
-4.143313334223400202e-02
-4.143313334223400202e-02
-4.143313334223400202e-02
-4.143313334223400202e-02
-4.143313334223400202e-02
-4.143313334223400202e-02
-4.143313334223400202e-02
-4.143313334223400202e-02
-4.143313334223400202e-02
-4.143313334223400202e-02
-4.143313334223400202e-02
-4.143313334223400202e-02
-4.143313334223400202e-02
-4.143313334223400202e-02
-4.143313334223400202e-02
-4.143313334223400202e-02
-4.143313334223400202e-02
-4.143313334223400202e-02
-4.143313334223400202e-02
-4.143313334223400202e-02
-4.143313334223400202e-02
-4.143313334223400202e-02
-4.143313334223400202e-02
-4.143313334223400202e-02
-4.143313334223400202e-02
-4.143313334223400202e-02
-4.143313334223400202e-02
-4.143313334223400202e-02
-4.143313334223400202e-02
-4.143313334223400202e-02
-4.143313334223400202e-02
-4.143313334223400202e-02
-4.143313334223400202e-02
-4.143313334223400202e-02
-4.143313334223400202e-02
-4.143313334223400202e-02
-4.143313334223400202e-02
-4.143313334223400202e-02
-4.143313334223400202e-02
-4.143313334223400202e-02
-4.143313334223400202e-02
-4.143313334223400202e-02
-4.143313334223400202e-02
-4.143313334223400202e-02
-4.143313334223400202e-02
-4.143313334223400202e-02
-4.143313334223400202e-02
-4.143313334223400202e-02
-4.143313334223400202e-02
-4.143313334223400202e-02
-4.143313334223400202e-02
-4.143313334223400202e-02
-4.143313334223400202e-02
-4.143313334223400202e-02
-4.143313334223400202e-02
-4.143313334223400202e-02
-4.143313334223400202e-02
-4.143313334223400202e-02
-4.143313334223400202e-02
-4.143313334223400202e-02
-4.143313334223400202e-02
-4.143313334223400202e-02
-4.143313334223400202e-02
-4.143313334223400202e-02
-4.143313334223400202e-02
-4.143313334223400202e-02
-4.143313334223400202e-02
-4.143313334223400202e-02
-4.143313334223400202e-02
-4.143313334223400202e-02
-4.143313334223400202e-02
-4.143313334223400202e-02
-4.143313334223400202e-02
-4.143313334223400202e-02
-4.143313334223400202e-02
-4.143313334223400202e-02
-4.143313334223400202e-02
-4.143313334223400202e-02
-4.143313334223400202e-02
-4.143313334223400202e-02
-4.143313334223400202e-02
-4.143313334223400202e-02
-4.143313334223400202e-02
-4.143313334223400202e-02
-4.143313334223400202e-02
-4.143313334223400202e-02
-4.143313334223400202e-02
-4.143313334223400202e-02
-4.143313334223400202e-02
-4.143313334223400202e-02
-4.143313334223400202e-02
-4.143313334223400202e-02
-4.143313334223400202e-02
-4.143313334223400202e-02
-4.143313334223400202e-02
-4.143313334223400202e-02
-4.143313334223400202e-02
-4.143313334223400202e-02
-4.143313334223400202e-02
-4.143313334223400202e-02
-4.143313334223400202e-02
-4.143313334223400202e-02
-4.143313334223400202e-02
-4.143313334223400202e-02
-4.143313334223400202e-02
-4.143313334223400202e-02
-4.143313334223400202e-02
-4.143313334223400202e-02
-4.143313334223400202e-02
-4.143313334223400202e-02
-4.143313334223400202e-02
-4.143313334223400202e-02
-4.143313334223400202e-02
-4.143313334223400202e-02
-4.143313334223400202e-02
-4.143313334223400202e-02
-4.143313334223400202e-02
-4.143313334223400202e-02
-4.143313334223400202e-02
-4.143313334223400202e-02
-4.143313334223400202e-02
-4.143313334223400202e-02
-4.143313334223400202e-02
-4.143313334223400202e-02
-4.143313334223400202e-02
-4.143313334223400202e-02
-4.143313334223400202e-02
-4.143313334223400202e-02
-4.143313334223400202e-02
-4.143313334223400202e-02
-4.143313334223400202e-02
-4.143313334223400202e-02
-4.143313334223400202e-02
-4.143313334223400202e-02
-4.143313334223400202e-02
-4.143313334223400202e-02
-4.143313334223400202e-02
-4.143313334223400202e-02
-4.143313334223400202e-02
-4.143313334223400202e-02
-4.143313334223400202e-02
-4.143313334223400202e-02
-4.143313334223400202e-02
