1.000000000000000000e+00
1.000000000000000000e+00
1.000000000000000000e+00
1.000000000000000000e+00
1.000000000000000000e+00
1.000000000000000000e+00
1.000000000000000000e+00
1.000000000000000000e+00
1.000000000000000000e+00
1.000000000000000000e+00
1.000000000000000000e+00
1.000000000000000000e+00
1.000000000000000000e+00
1.000000000000000000e+00
1.000000000000000000e+00
1.000000000000000000e+00
1.000000000000000000e+00
1.000000000000000000e+00
1.000000000000000000e+00
1.000000000000000000e+00
1.000000000000000000e+00
1.000000000000000000e+00
1.000000000000000000e+00
1.000000000000000000e+00
1.000000000000000000e+00
1.000000000000000000e+00
1.000000000000000000e+00
1.000000000000000000e+00
1.000000000000000000e+00
1.000000000000000000e+00
9.922161022920296114e-01
9.922161022920296114e-01
9.922161022920296114e-01
9.922161022920296114e-01
9.922161022920296114e-01
9.922161022920296114e-01
9.922161022920296114e-01
9.797420539908632264e-01
9.797420539908632264e-01
9.620743865881457024e-01
9.563073878578656206e-01
9.506016632323865956e-01
9.396487521239390572e-01
9.342388792060128955e-01
9.236892194490559094e-01
9.083716435639842546e-01
9.083716435639842546e-01
8.886290616745302628e-01
8.789879898054335783e-01
8.695474397991147519e-01
8.649249861450414301e-01
8.378169561676749311e-01
8.244896033095475696e-01
8.158682705448222494e-01
8.074280621062657204e-01
8.074280621062657204e-01
8.032596772960146625e-01
7.873537990440566681e-01
7.555743887328999486e-01
7.362405514483350011e-01
7.323736504896549704e-01
7.248635962403371380e-01
7.175294673359674524e-01
7.102702671146812197e-01
6.995541325921525999e-01
6.890310296764656783e-01
6.717832398431603513e-01
6.649343111560583885e-01
6.481006308559650320e-01
6.447723698220586552e-01
6.447723698220586552e-01
6.350681761465173381e-01
6.350681761465173381e-01
6.100097248238499636e-01
6.037974999671147369e-01
5.946444657129916767e-01
5.916180533722087409e-01
5.826431704935377542e-01
5.649379859216212552e-01
5.620438037688917365e-01
5.506016715229269387e-01
5.418658117775840832e-01
5.279336975448284397e-01
5.197816046224073006e-01
5.062557571594606953e-01
5.089852403756773835e-01
4.983790810553418993e-01
4.931341267505801595e-01
4.749382437010027380e-01
4.723987475533231728e-01
4.749418970846030486e-01
4.674009443441856093e-01
4.599705835564502632e-01
4.476801853017802757e-01
4.576268417739640659e-01
4.552579773911818450e-01
4.528899175047115255e-01
4.434833709429604198e-01
4.457673530860865596e-01
4.409833122524560167e-01
4.341699189460820896e-01
4.229433465792583058e-01
4.207911855017320013e-01
4.186447602002162371e-01
4.033190376570274238e-01
4.098538428896039698e-01
4.055663610543247533e-01
4.012806657906684005e-01
4.013144784107280927e-01
3.907963763706595040e-01
3.907963763706595040e-01
3.949647611809107284e-01
3.888661242317797417e-01
3.888734709501415199e-01
3.907910306281514035e-01
3.967424529721696458e-01
3.948154423946997893e-01
3.989126507754131024e-01
4.066297021533518685e-01
4.028061426584074178e-01
4.009094590744796682e-01
4.010190877967670375e-01
4.029185031298517794e-01
3.992197340402204864e-01
3.973652159731307365e-01
3.972892121745073557e-01
3.972892121745073557e-01
4.049012501747590309e-01
3.995029173120312471e-01
4.029539612839340146e-01
3.977413981865678960e-01
4.047052818461013279e-01
3.977957882569334580e-01
3.944332950092022116e-01
3.962916487346320182e-01
3.963266373161797307e-01
3.946300460724717074e-01
3.913102241912787549e-01
3.896986049691582576e-01
3.896986049691582576e-01
3.819503897319898589e-01
3.819522009016002029e-01
3.769823769960208293e-01
3.737934330851006015e-01
3.722161829346685713e-01
3.847635706249447063e-01
3.846817520047768335e-01
3.863139039309064771e-01
3.831842984587865986e-01
3.893226140438937888e-01
3.893311899153905076e-01
3.908353202672886773e-01
3.832550544578822160e-01
3.817841053205423552e-01
3.773417553293808568e-01
3.847309756443775264e-01
3.862524840114225366e-01
3.833361950393374129e-01
3.904560119523285411e-01
3.921945908563892469e-01
3.921945908563892469e-01
3.950258209955875288e-01
3.922201545528812838e-01
3.963642200697508056e-01
4.004204245812273966e-01
4.004210813372216515e-01
3.935126127713280964e-01
3.935126127713280964e-01
3.971472868674849610e-01
3.971472868674849610e-01
3.931991501199006978e-01
3.960365080598388099e-01
3.907586368218879946e-01
3.881041963663289240e-01
3.854348731512792225e-01
3.892392373668433492e-01
3.839745165396239446e-01
3.852656638023857494e-01
3.968115722447971838e-01
3.968051958373896571e-01
3.942860289221654657e-01
3.993226178124510972e-01
3.904832342354169761e-01
3.854525195941202464e-01
3.866913560340557998e-01
3.977554583988616721e-01
3.941716935316725290e-01
3.977920000476780071e-01
3.977920000476780071e-01
4.039526025495298600e-01
4.003938980162427552e-01
3.955312958107959354e-01
3.955319289171838060e-01
3.939280352093374460e-01
3.927874175938953494e-01
3.939604721608276905e-01
3.870254345047005606e-01
3.847328148780547186e-01
3.824976174788501382e-01
3.848617322576792787e-01
3.814166087773481206e-01
3.915860265226192571e-01
3.881672147180286747e-01
3.870499574947351418e-01
3.914426463492901576e-01
3.947807514540891960e-01
3.936730552755423052e-01
3.980618054102681991e-01
3.969182483421848651e-01
4.012799086194978604e-01
4.034577210409822090e-01
3.993118926855341866e-01
4.003872701953837265e-01
4.046452670355701331e-01
4.088986534014167340e-01
4.036767575529686680e-01
4.036978713383685968e-01
3.974563325070435971e-01
4.006074166169999451e-01
3.985333303172930997e-01
3.953586030817134445e-01
3.943344342820144233e-01
3.871217575886565787e-01
3.850750011971924014e-01
3.840481989622305803e-01
3.819437523212093066e-01
3.858330929712952551e-01
3.898839441880804779e-01
3.947099783897957126e-01
3.956852017528930676e-01
4.021735650888115798e-01
4.071358174963616294e-01
4.071358174963616294e-01
4.041704070807892180e-01
4.052721766833341510e-01
4.033576665418499574e-01
4.062692587269365330e-01
3.976609918583431380e-01
3.986178807551248315e-01
3.948086196403602366e-01
3.967053032242879862e-01
3.919920273260902310e-01
3.910546728253921911e-01
3.978592513654403695e-01
3.969314132922924787e-01
3.923572578515440168e-01
3.931651198924863144e-01
3.968503217608627676e-01
3.959301206119420491e-01
3.974433690597207192e-01
3.965337862929694812e-01
3.884307107130959280e-01
3.848289680437782523e-01
3.857093189059547789e-01
3.831518924154354577e-01
3.831518924154354577e-01
3.813126298350804633e-01
3.804301156585223054e-01
3.808765758782465261e-01
3.782511847603839961e-01
3.799975243907133815e-01
3.860933286560777611e-01
3.818005173712502032e-01
3.816865874702133898e-01
3.782269466827032356e-01
3.756435497764996079e-01
3.773962710437558377e-01
3.740008041562296048e-01
3.773859115309417533e-01
3.765441557667715267e-01
3.765441557667715267e-01
3.816189634888952353e-01
3.807947830730887828e-01
3.800028120675424392e-01
3.825594613177337733e-01
3.817355349089330829e-01
3.817355349089330829e-01
3.759872367555663897e-01
3.744056145406615133e-01
3.760407876132964011e-01
3.712074236749912659e-01
3.715899798388614950e-01
3.699843782308576134e-01
3.643709504924412257e-01
3.643709504924412257e-01
3.643709504924412257e-01
3.643709504924412257e-01
3.596025550177280872e-01
3.596025550177280872e-01
3.619459510587747508e-01
3.588154601918663311e-01
3.579557593878584520e-01
3.540706814119383705e-01
3.509295736507895280e-01
3.461512490313933821e-01
3.492010091809071293e-01
3.460803009823124055e-01
3.477199255213745954e-01
3.500231877912813316e-01
3.515393943072615546e-01
3.538242776705133874e-01
3.546144470057799314e-01
3.463211600934745227e-01
3.463917044693550773e-01
3.455383060875366064e-01
3.440534372374013383e-01
3.440534372374013383e-01
3.432427540354794915e-01
3.425071463468887245e-01
3.432388641676871188e-01
3.476247569643302060e-01
3.454316156005113880e-01
3.425218797838561202e-01
3.396074980339672811e-01
3.381133828402091979e-01
3.402766240428884426e-01
3.402766240428884426e-01
3.387480107111864869e-01
3.373446052534515016e-01
3.373446052534515016e-01
3.352203730713577134e-01
3.330879496818964780e-01
3.357430985140971158e-01
3.385191599123772987e-01
3.317522576456604089e-01
3.254572630864622229e-01
3.296287192679538958e-01
3.310178763380484668e-01
3.263439666241926274e-01
3.312051890442127000e-01
3.318993220413797851e-01
3.312153057818870150e-01
3.312153057818870150e-01
3.312153057818870150e-01
3.366099716829902833e-01
3.359286295056335692e-01
3.386318656247884196e-01
3.386318656247884196e-01
3.379611986539347579e-01
3.386354992663317409e-01
3.345668064447290813e-01
3.372355885852753588e-01
3.385643757206370230e-01
3.398860277109170824e-01
3.418674576762049666e-01
3.418674576762049666e-01
3.431769588395886528e-01
3.397526188952424975e-01
3.391023890538508168e-01
3.384534405792885559e-01
3.384534405792885559e-01
3.395130107483370074e-01
3.433384883766940066e-01
3.433384883766940066e-01
3.407652128133354941e-01
3.453931297416767965e-01
3.479403335485722337e-01
3.511915984816652569e-01
3.537568164360762601e-01
3.556604442965092261e-01
3.550232874783482151e-01
3.550232874783482151e-01
3.550232874783482151e-01
3.544126279101215693e-01
3.528993794623429547e-01
3.528993794623429547e-01
3.578623052802251681e-01
3.578623052802251681e-01
3.578623052802251681e-01
3.598399997345650414e-01
3.641425100806983117e-01
3.665963760893980461e-01
3.690050474032935957e-01
3.708003014820039911e-01
3.702053267943692938e-01
3.671646007936333889e-01
3.641381884528506196e-01
3.641381884528506196e-01
3.665474459293919240e-01
3.702228812834891247e-01
3.726251251639525752e-01
3.726251251639525752e-01
3.749970661398996929e-01
3.714157788338481869e-01
3.701984683196018477e-01
3.701984683196018477e-01
3.725528345244946693e-01
3.766376963405660416e-01
3.736942628338331684e-01
3.742863947144510761e-01
3.765905293815564603e-01
3.788625962837862127e-01
3.828427089779155579e-01
3.828427089779155579e-01
3.828427089779155579e-01
3.833341473828157375e-01
3.844788272309104249e-01
3.816186467651168646e-01
3.845537870583807805e-01
3.845537870583807805e-01
3.873765188360334677e-01
3.868091168371640132e-01
3.890651727957927242e-01
3.901899643837177800e-01
3.930460676325671088e-01
3.952896721629022836e-01
3.929792969874291719e-01
3.979925459461328141e-01
3.979925459461328141e-01
3.975152897423266940e-01
3.969628196247047547e-01
3.964144217260194281e-01
3.953223965387840377e-01
3.953223965387840377e-01
3.958319431595521687e-01
3.986140325648798166e-01
3.991588068817417123e-01
3.968132713193555650e-01
3.951780982467207326e-01
3.918495023325479498e-01
3.902251933666309180e-01
3.907685627412808560e-01
3.913010380556797285e-01
3.907671838132809050e-01
3.907671838132809050e-01
3.928842342774987451e-01
3.928842342774987451e-01
3.912873337466409307e-01
3.912873337466409307e-01
3.923796497807974792e-01
3.923796497807974792e-01
3.923796497807974792e-01
3.906995820195756086e-01
3.902051029627905399e-01
3.923001856733319137e-01
3.954155399981441610e-01
3.962980541747024299e-01
3.973350568422800433e-01
3.968174921206183980e-01
3.968174921206183980e-01
3.906042317350909010e-01
3.906042317350909010e-01
3.936539918846046482e-01
3.936539918846046482e-01
3.936539918846046482e-01
3.905999147912462832e-01
3.946741714246418398e-01
3.946741714246418398e-01
3.941626209103299971e-01
3.911301192227400469e-01
3.951762051067146952e-01
3.982026174474975200e-01
3.982026174474975200e-01
3.992294196824593966e-01
3.958386345036359333e-01
3.958386345036359333e-01
3.943163525147512227e-01
3.943163525147512227e-01
3.898602970283418512e-01
3.883755920350594470e-01
3.878763831809165508e-01
3.840139254547423331e-01
3.775991807264936218e-01
3.727366434038983378e-01
3.746494446231731223e-01
3.731844644473721329e-01
3.717416438220061958e-01
3.717416438220061958e-01
3.717416438220061958e-01
3.775313731676462892e-01
3.784958784997068948e-01
3.784958784997068948e-01
3.790216207087531708e-01
3.790216207087531708e-01
3.790216207087531708e-01
3.752277100942282839e-01
3.766527079904413156e-01
3.766527079904413156e-01
3.766527079904413156e-01
3.821721099183183479e-01
3.821721099183183479e-01
3.837023312200190106e-01
3.846422463588580198e-01
3.874291149882281293e-01
3.860886243524181416e-01
3.860886243524181416e-01
3.856228769457644701e-01
3.902813641594140570e-01
3.902813641594140570e-01
3.902813641594140570e-01
3.888922070893195415e-01
3.916681099155663315e-01
3.916681099155663315e-01
3.916681099155663315e-01
3.959576634464477829e-01
3.959576634464477829e-01
3.959576634464477829e-01
3.959576634464477829e-01
3.959576634464477829e-01
3.945938006330059755e-01
3.977479155013437517e-01
3.986544864031620894e-01
3.962864265166918254e-01
3.949288771082260507e-01
3.926822855384403121e-01
3.926822855384403121e-01
3.904141155843394162e-01
3.872987612595271134e-01
3.850703868943464170e-01
3.850703868943464170e-01
3.859338083097886840e-01
3.857582207803294527e-01
3.857582207803294527e-01
3.857582207803294527e-01
3.844365687900493378e-01
3.843330560474829127e-01
3.856412070180135765e-01
3.865180205546673298e-01
3.865180205546673298e-01
3.878123811539925248e-01
3.856414709062163659e-01
3.856414709062163659e-01
3.865023778082497530e-01
3.865023778082497530e-01
3.844453552476833624e-01
3.814046292469474575e-01
3.809728019475955851e-01
3.809728019475955851e-01
3.822465201496560994e-01
3.822465201496560994e-01
3.830295597197476143e-01
3.863681584068058283e-01
3.850904271600564810e-01
3.829661949779626373e-01
3.829661949779626373e-01
3.846660048740683790e-01
3.846660048740683790e-01
3.846660048740683790e-01
3.871998760102026149e-01
3.859127812120403123e-01
3.863129867032134013e-01
3.810287100668661719e-01
3.771441225602726877e-01
3.746065993745527067e-01
3.741902583727516052e-01
3.741902583727516052e-01
3.741902583727516052e-01
3.676228298208928380e-01
3.676228298208928380e-01
3.692789238981251665e-01
3.701028503069256903e-01
3.734311113408321781e-01
3.743136255173904470e-01
3.730750924499030563e-01
3.746886016423714438e-01
3.759680331597401448e-01
3.784218991684398237e-01
3.742363382153360285e-01
3.742363382153360285e-01
3.750463687510636746e-01
3.750463687510636746e-01
3.738200728611995594e-01
3.738200728611995594e-01
3.738200728611995594e-01
3.738200728611995594e-01
3.746219992426110812e-01
3.742223658312613388e-01
3.742223658312613388e-01
3.742223658312613388e-01
3.742223658312613388e-01
3.742223658312613388e-01
3.730375917066638958e-01
3.718504248553142766e-01
3.698651624318107234e-01
3.698651624318107234e-01
3.694715221542411721e-01
3.702476468162569367e-01
3.692112278423262950e-01
3.692112278423262950e-01
3.692112278423262950e-01
3.711524273502740945e-01
3.711524273502740945e-01
3.726240589700347550e-01
3.699297686967394916e-01
3.699297686967394916e-01
3.687643517527245951e-01
3.672175166020829606e-01
3.668321711869092505e-01
3.676043423262068677e-01
3.676043423262068677e-01
3.676043423262068677e-01
3.679923144150861747e-01
3.653119247133765901e-01
3.653119247133765901e-01
3.630317711454638663e-01
3.637910569794305937e-01
3.622778085316519237e-01
3.637940150476321466e-01
3.637940150476321466e-01
3.660658012983749598e-01
3.656886982788499219e-01
3.687294242795858268e-01
3.714816038889430239e-01
3.718568294680471564e-01
3.788616338276310502e-01
3.762577720649221691e-01
3.793723137934471579e-01
3.782686688628799088e-01
3.835120835647161108e-01
3.823979004616930299e-01
3.815153862851347055e-01
3.837527666444429109e-01
3.818978209461865725e-01
3.803902551155022294e-01
3.792822593254939201e-01
3.792822593254939201e-01
3.804076782019347180e-01
3.773760044639194455e-01
3.781092668189220407e-01
3.781092668189220407e-01
3.788446804674323598e-01
3.826336020037985342e-01
3.826336020037985342e-01
3.848045122515746375e-01
3.848045122515746375e-01
3.848045122515746375e-01
3.865610715770815831e-01
3.865610715770815831e-01
3.840272004409472362e-01
3.869165968982579140e-01
3.858376697450200399e-01
3.833327334487534044e-01
3.833327334487534044e-01
3.833327334487534044e-01
3.858367822710068173e-01
3.858367822710068173e-01
3.865566913755315581e-01
3.879918739451120868e-01
3.879918739451120868e-01
3.935068913060293383e-01
3.931542203500323907e-01
3.928012291473415019e-01
3.924490509812764150e-01
3.913992877332256315e-01
3.913992877332256315e-01
3.913992877332256315e-01
3.913992877332256315e-01
3.889432704931140017e-01
3.885943836314038058e-01
3.875460011756187151e-01
3.875460011756187151e-01
3.864850009254799934e-01
3.864850009254799934e-01
3.864850009254799934e-01
3.840564163344313275e-01
3.868323191606781730e-01
3.868323191606781730e-01
3.868323191606781730e-01
3.868323191606781730e-01
3.868323191606781730e-01
3.868323191606781730e-01
3.829477316540846887e-01
3.836317479135774589e-01
3.836317479135774589e-01
3.836317479135774589e-01
3.832917211578794059e-01
3.819798579510761960e-01
3.819798579510761960e-01
3.819798579510761960e-01
3.812854371772830264e-01
3.819654141972821937e-01
3.782442814843306467e-01
3.779674244098890079e-01
3.779674244098890079e-01
3.768751083757324594e-01
3.765260398819779697e-01
3.792064295836874988e-01
3.778484461818349405e-01
3.791803459188780034e-01
3.791803459188780034e-01
3.798528810950333456e-01
3.798528810950333456e-01
3.831885577613372562e-01
3.831885577613372562e-01
3.793996362249710819e-01
3.793996362249710819e-01
3.793996362249710819e-01
3.800586411929868791e-01
3.784451320005184916e-01
3.764368076516521056e-01
3.790406694143608757e-01
3.790406694143608757e-01
3.803501705777445618e-01
3.803501705777445618e-01
3.803501705777445618e-01
3.780285605032928098e-01
3.780285605032928098e-01
3.763933874306579774e-01
3.760832718421244225e-01
3.760832718421244225e-01
3.704207004125582015e-01
3.704207004125582015e-01
3.704207004125582015e-01
3.704207004125582015e-01
3.694617614396991101e-01
3.694617614396991101e-01
3.684972561076386710e-01
3.684972561076386710e-01
3.684972561076386710e-01
3.671877423368845039e-01
3.648196824504141289e-01
3.648196824504141289e-01
3.654530050239145900e-01
3.625928245581209741e-01
3.625928245581209741e-01
3.625928245581209741e-01
3.625928245581209741e-01
3.625928245581209741e-01
3.651266956942552655e-01
3.651266956942552655e-01
3.715579047647778466e-01
3.715579047647778466e-01
3.715579047647778466e-01
3.706179896259389484e-01
3.718711904332805407e-01
3.731226843825246609e-01
3.762380387073369636e-01
3.815223153436841375e-01
3.815223153436841375e-01
3.815223153436841375e-01
3.805801847235236735e-01
3.805801847235236735e-01
3.805801847235236735e-01
3.805801847235236735e-01
3.805801847235236735e-01
3.811944621508880360e-01
3.784185593246411905e-01
3.784185593246411905e-01
3.796570923921285812e-01
3.821131096322402110e-01
3.821131096322402110e-01
3.839541325378230119e-01
3.839541325378230119e-01
3.839541325378230119e-01
3.839541325378230119e-01
3.818299003557292792e-01
3.815270925040650241e-01
3.803116205956539320e-01
3.841005421320201063e-01
3.841005421320201063e-01
3.814062518587248429e-01
3.780705751924209324e-01
3.771640042906025947e-01
3.777706349003537856e-01
3.765724183886471899e-01
3.765724183886471899e-01
3.765724183886471899e-01
3.777987142785114161e-01
3.777987142785114161e-01
3.777987142785114161e-01
3.777987142785114161e-01
3.789858811298610908e-01
3.796962766069749140e-01
3.796962766069749140e-01
3.782155456389273973e-01
3.782155456389273973e-01
3.779239110765473253e-01
3.779239110765473253e-01
3.779239110765473253e-01
3.779239110765473253e-01
3.796702507068766552e-01
3.796702507068766552e-01
3.802609195254251784e-01
3.802609195254251784e-01
3.802609195254251784e-01
3.802609195254251784e-01
3.793841059887714806e-01
3.793841059887714806e-01
3.805438861856940136e-01
3.766592986791005293e-01
3.778247156231154258e-01
3.789848184515131058e-01
3.789848184515131058e-01
3.789848184515131058e-01
3.789848184515131058e-01
3.789848184515131058e-01
3.789848184515131058e-01
3.789848184515131058e-01
3.755517426944453008e-01
3.747597716888989572e-01
3.747597716888989572e-01
3.747597716888989572e-01
3.787646320027872049e-01
3.793425270765519719e-01
3.793425270765519719e-01
3.793425270765519719e-01
3.790586307163066881e-01
3.790586307163066881e-01
3.759432763914944409e-01
3.759432763914944409e-01
3.722221436785428939e-01
3.707869611089622541e-01
3.719193690061985413e-01
3.719193690061985413e-01
3.736191789023042276e-01
3.736191789023042276e-01
3.736191789023042276e-01
3.736191789023042276e-01
3.736191789023042276e-01
3.753116890763332769e-01
3.753116890763332769e-01
3.787080693847670321e-01
3.754768017566176841e-01
3.754768017566176841e-01
3.770097086956448740e-01
3.744758375595105826e-01
3.744758375595105826e-01
3.750185445809499085e-01
3.761265403709582178e-01
3.800146871548840677e-01
3.800146871548840677e-01
3.797394801764423788e-01
3.797394801764423788e-01
3.797394801764423788e-01
3.763486949976190266e-01
3.768980131634151465e-01
3.780886639958476736e-01
3.778148800484678049e-01
3.789225762270147513e-01
3.794687478555936466e-01
3.800137100521319700e-01
3.775576928120202291e-01
3.775576928120202291e-01
3.762268203443106529e-01
3.791880716110218597e-01
3.808716663540725467e-01
3.800616358183449561e-01
3.839462233249383849e-01
3.855813963975733283e-01
3.864027402370616149e-01
3.874738981865228360e-01
3.907223261246498547e-01
3.907223261246498547e-01
3.907223261246498547e-01
3.907223261246498547e-01
3.907223261246498547e-01
3.893828421541106199e-01
3.872490160356560351e-01
3.872490160356560351e-01
3.872490160356560351e-01
3.912551695157545084e-01
3.933794016978481856e-01
3.933794016978481856e-01
3.933794016978481856e-01
3.933794016978481856e-01
3.933794016978481856e-01
3.933794016978481856e-01
3.933794016978481856e-01
3.930930646026569719e-01
3.930930646026569719e-01
3.923952826771470725e-01
3.923952826771470725e-01
3.927164326301666453e-01
3.925456491898735578e-01
3.925456491898735578e-01
3.973151643586102510e-01
3.973151643586102510e-01
3.973151643586102510e-01
3.973151643586102510e-01
3.973151643586102510e-01
4.004305186834224983e-01
3.975703382176289935e-01
3.975703382176289935e-01
3.975703382176289935e-01
3.975703382176289935e-01
3.980879029392905832e-01
4.018768244756567021e-01
4.018768244756567021e-01
4.018768244756567021e-01
4.011037766009781236e-01
3.998161240040514208e-01
3.990439528647539147e-01
3.990439528647539147e-01
3.990439528647539147e-01
3.990439528647539147e-01
4.021810370364044540e-01
3.988453603701007100e-01
3.988453603701007100e-01
3.988453603701007100e-01
3.988453603701007100e-01
3.998717837371604800e-01
3.998717837371604800e-01
4.008764397388288048e-01
4.013750702902845191e-01
3.974904827836910348e-01
3.974904827836910348e-01
3.974904827836910348e-01
3.974904827836910348e-01
3.974904827836910348e-01
3.984958426669299447e-01
3.972363159011632616e-01
3.972363159011632616e-01
3.972363159011632616e-01
3.972363159011632616e-01
3.972363159011632616e-01
3.972363159011632616e-01
3.957349962614136185e-01
3.949885144193590047e-01
3.949885144193590047e-01
3.949885144193590047e-01
3.949885144193590047e-01
3.947406516872448146e-01
3.894563750508976407e-01
3.892090689122262304e-01
3.892090689122262304e-01
3.892090689122262304e-01
3.892090689122262304e-01
3.892090689122262304e-01
3.878225311396604202e-01
3.878225311396604202e-01
3.878225311396604202e-01
3.903564022757948226e-01
3.888724616183751870e-01
3.913284788584868723e-01
3.913284788584868723e-01
3.913284788584868723e-01
3.915580129133354181e-01
3.915580129133354181e-01
3.915580129133354181e-01
3.925170769764312340e-01
3.887959442634796869e-01
3.878996458417843796e-01
3.876571121819477050e-01
3.876571121819477050e-01
3.876571121819477050e-01
3.876571121819477050e-01
3.876571121819477050e-01
3.876571121819477050e-01
3.876571121819477050e-01
3.859573022858420743e-01
3.819295793266526129e-01
3.819295793266526129e-01
3.819295793266526129e-01
3.824094642295812196e-01
3.816895685571596308e-01
3.816895685571596308e-01
3.816895685571596308e-01
3.782987833783361675e-01
3.758909609389110562e-01
3.758909609389110562e-01
3.758909609389110562e-01
3.758909609389110562e-01
3.746646650490469410e-01
3.746646650490469410e-01
3.746646650490469410e-01
3.739447559445221447e-01
3.729813973119671111e-01
3.708571651298733229e-01
3.708571651298733229e-01
3.708571651298733229e-01
3.708571651298733229e-01
3.708571651298733229e-01
3.708571651298733229e-01
3.713150418643826889e-01
3.722549570032215316e-01
3.722549570032215316e-01
3.722549570032215316e-01
3.722549570032215316e-01
3.722549570032215316e-01
3.720218857066657780e-01
3.720218857066657780e-01
3.720218857066657780e-01
3.720218857066657780e-01
3.720218857066657780e-01
3.720218857066657780e-01
3.720218857066657780e-01
3.701203187553779861e-01
3.701203187553779861e-01
3.701203187553779861e-01
3.684851456827431537e-01
3.670479313088444995e-01
3.670479313088444995e-01
3.670479313088444995e-01
3.670479313088444995e-01
3.679852858095425394e-01
3.679852858095425394e-01
3.679852858095425394e-01
3.679852858095425394e-01
3.679852858095425394e-01
3.679852858095425394e-01
3.679852858095425394e-01
3.677556922492684066e-01
3.677556922492684066e-01
3.670716759897756920e-01
3.679842072487000126e-01
3.679842072487000126e-01
3.679842072487000126e-01
3.679842072487000126e-01
3.679842072487000126e-01
3.673045060153456443e-01
3.673045060153456443e-01
3.673045060153456443e-01
3.675230355455093578e-01
3.675230355455093578e-01
3.713119570818754767e-01
3.713119570818754767e-01
3.713119570818754767e-01
3.713119570818754767e-01
3.713119570818754767e-01
3.713119570818754767e-01
3.740464508712145197e-01
3.729223340102099660e-01
3.729223340102099660e-01
3.729223340102099660e-01
3.729223340102099660e-01
3.735835667763992562e-01
3.711275495362875709e-01
3.711275495362875709e-01
3.699993391819547672e-01
3.699993391819547672e-01
3.699993391819547672e-01
3.732513817080141960e-01
3.721433859180058312e-01
3.721433859180058312e-01
3.721433859180058312e-01
3.721433859180058312e-01
3.721433859180058312e-01
3.721433859180058312e-01
3.696095147818715398e-01
3.696095147818715398e-01
3.693866393083864996e-01
3.687276343403706469e-01
3.687276343403706469e-01
3.687276343403706469e-01
3.696044478770243447e-01
3.697232982079756147e-01
3.697232982079756147e-01
3.697232982079756147e-01
3.697232982079756147e-01
3.697232982079756147e-01
3.695112570263826002e-01
3.695112570263826002e-01
3.695112570263826002e-01
3.695112570263826002e-01
3.695112570263826002e-01
3.688623085518202838e-01
3.700864004557039566e-01
3.700864004557039566e-01
3.690152425062427355e-01
3.690152425062427355e-01
3.690152425062427355e-01
3.694470698055946634e-01
3.694470698055946634e-01
3.683573332921944443e-01
3.683402107452987129e-01
3.683402107452987129e-01
3.694140292762271294e-01
3.694140292762271294e-01
3.694140292762271294e-01
3.694140292762271294e-01
3.694140292762271294e-01
3.694140292762271294e-01
3.694140292762271294e-01
3.694140292762271294e-01
3.694140292762271294e-01
3.694140292762271294e-01
3.694140292762271294e-01
3.656251077398608995e-01
3.656251077398608995e-01
3.647800984736943031e-01
3.647800984736943031e-01
3.647800984736943031e-01
3.647800984736943031e-01
3.664799083697999893e-01
3.628777116125100899e-01
3.628777116125100899e-01
3.628777116125100899e-01
3.628777116125100899e-01
3.628777116125100899e-01
3.628777116125100899e-01
3.641372383782767730e-01
3.639240088699348119e-01
3.639240088699348119e-01
3.639240088699348119e-01
3.639240088699348119e-01
3.639240088699348119e-01
3.637161557132708722e-01
3.637161557132708722e-01
3.637161557132708722e-01
3.637161557132708722e-01
3.637161557132708722e-01
3.637161557132708722e-01
3.637161557132708722e-01
3.637161557132708722e-01
3.637161557132708722e-01
3.637161557132708722e-01
3.637161557132708722e-01
3.637161557132708722e-01
3.637161557132708722e-01
3.637161557132708722e-01
3.637161557132708722e-01
3.637161557132708722e-01
3.637161557132708722e-01
3.637161557132708722e-01
3.637161557132708722e-01
3.637161557132708722e-01
3.637161557132708722e-01
3.649546887807582074e-01
3.674107060208698372e-01
3.674107060208698372e-01
3.674107060208698372e-01
3.674107060208698372e-01
3.674107060208698372e-01
3.662719882977793495e-01
3.662719882977793495e-01
3.662719882977793495e-01
3.662719882977793495e-01
3.679555830408299255e-01
3.679555830408299255e-01
3.679555830408299255e-01
3.679555830408299255e-01
3.679555830408299255e-01
3.679555830408299255e-01
3.679555830408299255e-01
3.645821632711207516e-01
3.645821632711207516e-01
3.645821632711207516e-01
3.645821632711207516e-01
3.645821632711207516e-01
3.645821632711207516e-01
3.683710848074869815e-01
3.683710848074869815e-01
3.683710848074869815e-01
3.681722176617160391e-01
3.681722176617160391e-01
3.707060887978503305e-01
3.707060887978503305e-01
3.740968739766737938e-01
3.740968739766737938e-01
3.747946559021836932e-01
3.747946559021836932e-01
3.747946559021836932e-01
3.741880252924323358e-01
3.754395192416765670e-01
3.754395192416765670e-01
3.754395192416765670e-01
3.744579971277718911e-01
3.744579971277718911e-01
3.748516374053414424e-01
3.748516374053414424e-01
3.748516374053414424e-01
3.748516374053414424e-01
3.748516374053414424e-01
3.748516374053414424e-01
3.748516374053414424e-01
3.748516374053414424e-01
3.748516374053414424e-01
3.738888409954903569e-01
3.738888409954903569e-01
3.738888409954903569e-01
3.729297769323945411e-01
3.707602761475055075e-01
3.707602761475055075e-01
3.701696073289569844e-01
3.714228081362985767e-01
3.717754790922954133e-01
3.717754790922954133e-01
3.717754790922954133e-01
3.717754790922954133e-01
3.717754790922954133e-01
3.719561788897648436e-01
3.719561788897648436e-01
3.735016271333361781e-01
3.735016271333361781e-01
3.735016271333361781e-01
3.738805710212797506e-01
3.738805710212797506e-01
3.736804567320402004e-01
3.734884487908157191e-01
3.734884487908157191e-01
3.734884487908157191e-01
3.734884487908157191e-01
3.734884487908157191e-01
3.734884487908157191e-01
3.734884487908157191e-01
3.734884487908157191e-01
3.723961327566591706e-01
3.723961327566591706e-01
3.723961327566591706e-01
3.723961327566591706e-01
3.723961327566591706e-01
3.718182376828942370e-01
3.680293161465280627e-01
3.680293161465280627e-01
3.678403126076369434e-01
3.678403126076369434e-01
3.675191626546174262e-01
3.675191626546174262e-01
3.675191626546174262e-01
3.675191626546174262e-01
3.645054804953190564e-01
3.620494632552073155e-01
3.620494632552073155e-01
3.620494632552073155e-01
3.620494632552073155e-01
3.624246823162382003e-01
3.624246823162382003e-01
3.594153712567488279e-01
3.594153712567488279e-01
3.601618530988034972e-01
3.601618530988034972e-01
3.612859699598080510e-01
3.612859699598080510e-01
3.612859699598080510e-01
3.612859699598080510e-01
3.612859699598080510e-01
3.612859699598080510e-01
3.612859699598080510e-01
3.612859699598080510e-01
3.612859699598080510e-01
3.612859699598080510e-01
3.612859699598080510e-01
3.612859699598080510e-01
3.603438393396475314e-01
3.614518351296557852e-01
3.614518351296557852e-01
3.618206832372496407e-01
3.618206832372496407e-01
3.618206832372496407e-01
3.618206832372496407e-01
3.618206832372496407e-01
3.612522899242252006e-01
3.618261100366340632e-01
3.608887555359359678e-01
3.603500729008735637e-01
3.603500729008735637e-01
3.603500729008735637e-01
3.598007547350774438e-01
3.598007547350774438e-01
3.598007547350774438e-01
3.598007547350774438e-01
3.598007547350774438e-01
3.580022972474534160e-01
3.580022972474534160e-01
3.590246782009458570e-01
3.590246782009458570e-01
3.581261716507830872e-01
3.581261716507830872e-01
3.581261716507830872e-01
3.581261716507830872e-01
